6.075585120116569306e+04 9.940871693243127361e-01
6.075585146121949219e+04 1.006229908170268805e+00
6.075585172127328406e+04 1.001214323775385662e+00
6.075585198132708319e+04 9.948205932551642539e-01
6.075585224138088233e+04 9.987946934626835693e-01
6.075585250143468147e+04 1.005404498761195198e+00
6.075585276148847333e+04 1.002497332022374676e+00
6.075585302154227247e+04 9.947988867896229159e-01
6.075585328159607161e+04 9.981949183672242931e-01
6.075585354164987803e+04 9.979730315743987612e-01
6.075585380170368444e+04 1.008141915997910143e+00
6.075585406175747630e+04 9.980027823334092218e-01
6.075585432181127544e+04 1.010931153451586795e+00
6.075585458186507458e+04 9.977604175939609465e-01
6.075585484191887372e+04 9.967070919776542803e-01
6.075585510197266558e+04 9.969254708954982114e-01
6.075585536202646472e+04 9.999364165934079285e-01
6.075585562208026386e+04 1.001847743667291901e+00
6.075585588213406299e+04 9.998715140701696091e-01
6.075585614218786213e+04 9.973876432839106077e-01
6.075585640224165400e+04 1.001875371189885566e+00
6.075585666229546041e+04 1.007625511426641030e+00
6.075585692234926682e+04 9.936106239157680431e-01
6.075585718240306596e+04 1.000841632779949864e+00
6.075585744245685783e+04 1.003803408307389899e+00
6.075585770251065696e+04 1.009494088387848931e+00
6.075585796256445610e+04 9.945972316333078211e-01
6.075585822261825524e+04 1.001435493430360424e+00
6.075585848267205438e+04 9.985389048325661321e-01
6.075585874272584624e+04 9.997248346867531055e-01
6.075585900277964538e+04 9.956225520612116409e-01
6.075585926283344452e+04 9.928836093638085947e-01
6.075585952288725093e+04 1.008846398662450961e+00
6.075585978294105735e+04 1.007193106889241019e+00
6.075586004299484921e+04 9.956436721371840770e-01
6.075586030304864835e+04 9.941001449832391756e-01
6.075586056310244749e+04 1.003249400521811108e+00
6.075586082315624662e+04 9.993452013646788590e-01
6.075586108321004576e+04 1.000145038122901120e+00
6.075586134326383763e+04 1.011942762462372247e+00
6.075586160331763676e+04 9.967802049203179360e-01
6.075586186337143590e+04 9.990750412321036666e-01
6.075586212342523504e+04 9.999282059064029671e-01
6.075586238347903418e+04 9.997391235044255087e-01
6.075586264353283332e+04 9.953921009270844111e-01
6.075586290358663973e+04 9.923052576582492845e-01
6.075586316364043887e+04 9.924249881348532476e-01
6.075586342369423801e+04 9.991463502487097914e-01
6.075586368374803715e+04 9.927808128465086535e-01
6.075586394380182901e+04 1.001413618042124032e+00
6.075586420385562815e+04 9.918689532567335210e-01
6.075586446390942729e+04 9.949881332097618714e-01
6.075586472396322642e+04 1.006397735932666127e+00
6.075586498401702556e+04 9.978347672312564143e-01
6.075586524407081743e+04 1.006371457025998062e+00
6.075586550412462384e+04 9.970408072674533662e-01
6.075586576417843025e+04 9.985924128029531888e-01
6.075586602423222939e+04 9.911890137404444356e-01
6.075586628428602853e+04 1.006177097799694664e+00
6.075586654433982039e+04 9.939684149810006364e-01
6.075586680439361953e+04 9.987294278446449125e-01
6.075586706444741867e+04 9.980470465613759945e-01
6.075586732450121781e+04 1.005430934655484165e+00
6.075586758455501695e+04 1.062962045688357948e+00
6.075586784460881609e+04 1.007773791575504063e+00
6.075586810466260795e+04 9.955424152964729156e-01
6.075586836471640709e+04 1.006737880819169151e+00
6.075586862477021350e+04 9.990093114417090137e-01
6.075586888482401991e+04 9.998668290833280237e-01
6.075586914487781905e+04 9.927991399505855519e-01
6.075586940493161092e+04 9.919641264043533857e-01
6.075586966498541005e+04 1.012564874894619882e+00
6.075586992503920919e+04 1.000692560235479922e+00
6.075587018509300833e+04 9.951683358748482089e-01
6.075587044514680747e+04 1.000492232906740053e+00
6.075587070520060661e+04 9.976235252601766135e-01
6.075587096525439847e+04 9.951010567326066258e-01
6.075587122530819761e+04 9.924386458054832438e-01
6.075587148536199675e+04 9.942513836849038444e-01
6.075587174541581044e+04 1.000935906510537432e+00
6.075587200546960958e+04 9.976195232460467466e-01
6.075587226552340871e+04 1.002447643952528722e+00
6.075587252557720058e+04 9.983654328845978920e-01
6.075587278563099972e+04 9.987039917973136172e-01
6.075587304568479885e+04 9.909557837512193990e-01
6.075587330573859799e+04 1.008620653375758014e+00
6.075587356579239713e+04 9.960164770855456373e-01
6.075587382584619627e+04 9.969880943587908773e-01
6.075587408589998813e+04 1.008361007023084621e+00
6.075587434595378727e+04 9.975405892732043256e-01
6.075587460600759368e+04 9.967515076521372697e-01
6.075587486606140010e+04 1.002072150624387259e+00
6.075587512611519924e+04 1.002898545127448138e+00
6.075587538616899838e+04 9.951186147676086557e-01
6.075587564622279751e+04 9.950849281810593139e-01
6.075587590627658938e+04 1.006822223395814175e+00
6.075587616633038851e+04 1.000450436519117359e+00
6.075587642638418765e+04 9.919646032224329613e-01
6.075587668643798679e+04 1.000439695783027272e+00
6.075587694649178593e+04 9.933461462752735116e-01
6.075587720654558507e+04 1.002892621990198130e+00
6.075587746659937693e+04 1.008619609291310448e+00
6.075587772665318334e+04 9.992946788102800015e-01
6.075587798670698976e+04 9.955151757314755212e-01
6.075587824676078890e+04 1.002642853791257727e+00
6.075587850681458804e+04 1.005591352475051714e+00
6.075587876686838717e+04 1.000304906699295504e+00
6.075587902692218631e+04 9.941584603623550009e-01
6.075587928697597818e+04 9.987097691564910118e-01
6.075587954702977731e+04 1.004414672293526101e+00
6.075588115586427011e+04 9.925076519537371356e-01
6.075588141592496686e+04 9.992243893837990942e-01
6.075588167598567088e+04 9.995048085535728211e-01
6.075588193604636763e+04 9.953945736993700111e-01
6.075588219610707165e+04 9.986699751755904186e-01
6.075588245616777567e+04 1.002586239924722733e+00
6.075588271622847242e+04 9.943913816266990446e-01
6.075588297628917644e+04 9.974507132361081219e-01
6.075588323634988046e+04 1.005971085799350018e+00
6.075588349641056993e+04 1.004942064605059526e+00
6.075588375647127395e+04 1.001793968418381642e+00
6.075588401653197798e+04 9.876672460597906156e-01
6.075588427659268200e+04 1.006393138801969567e+00
6.075588453665338602e+04 9.970397423963722749e-01
6.075588479671408277e+04 9.925307697391974049e-01
6.075588505677478679e+04 1.000283865218918988e+00
6.075588531683548354e+04 9.987493024791848084e-01
6.075588557689618756e+04 9.964707167277248034e-01
6.075588583695689158e+04 9.971905989910841983e-01
6.075588609701758833e+04 1.002610373216057171e+00
6.075588635707829235e+04 1.001604028823865011e+00
6.075588661713899637e+04 1.002163021731158121e+00
6.075588687719969312e+04 9.977451983206304664e-01
6.075588713726038986e+04 9.899280082936907643e-01
6.075588739732109389e+04 1.001898723863861473e+00
6.075588765738179791e+04 1.006923348619130021e+00
6.075588791744250193e+04 1.001749089034564610e+00
6.075588817750319868e+04 9.993487912298940623e-01
6.075588843756390270e+04 1.004753395345516331e+00
6.075588869762460672e+04 1.003192555539817343e+00
6.075588895768530347e+04 1.004667947372380743e+00
6.075588921774600749e+04 9.893079954483120497e-01
6.075588947780670424e+04 9.908100325926150198e-01
6.075588973786740826e+04 1.011605100896579179e+00
6.075588999792811228e+04 9.988549094627987568e-01
6.075589025798880903e+04 9.904508020614112285e-01
6.075589051804952032e+04 9.927489769249260299e-01
6.075589077811021707e+04 1.000546692764964218e+00
6.075589103817091382e+04 9.923331894388333074e-01
6.075589129823161784e+04 9.915429515732466781e-01
6.075589155829231458e+04 9.940300336626206601e-01
6.075589181835301861e+04 9.933927629058988407e-01
6.075589207841372263e+04 9.968491603446421045e-01
6.075589233847442665e+04 9.963051471511795709e-01
6.075589259853513067e+04 1.001484081479999233e+00
6.075589285859582742e+04 9.986771305770906215e-01
6.075589311865652417e+04 1.000962092927729641e+00
6.075589337871722819e+04 1.000985498100409377e+00
6.075589363877793221e+04 1.003162004387027739e+00
6.075589389883863623e+04 9.921220149474816452e-01
6.075589415889933298e+04 9.921318493863590104e-01
6.075589441896003700e+04 1.002873977346480094e+00
6.075589467902074102e+04 1.003160254858550315e+00
6.075589493908143777e+04 9.987477963387606517e-01
6.075589519914213452e+04 9.970664147648424791e-01
6.075589545920283854e+04 1.000195509596791821e+00
6.075589571926354256e+04 1.001795464572569516e+00
6.075589597932424658e+04 1.000627157520660226e+00
6.075589623938494333e+04 1.001347921105806504e+00
6.075589649944564735e+04 1.001163517900520494e+00
6.075589675950635137e+04 9.981138651164517261e-01
6.075589701956705539e+04 1.003056066933679435e+00
6.075589727962775942e+04 1.001589551278730061e+00
6.075589753968844889e+04 9.956075807489032092e-01
6.075589779974915291e+04 9.994437546360450675e-01
6.075589805980985693e+04 1.004929270317589163e+00
6.075589831987055368e+04 9.915122105568071609e-01
6.075589857993125770e+04 1.005779084258429990e+00
6.075589883999196172e+04 9.980775508487704784e-01
6.075589910005266574e+04 1.010309924495661482e+00
6.075589936011336977e+04 1.010334738867466386e+00
6.075589962017406651e+04 1.003844398100677715e+00
6.075589988023477054e+04 1.001058864958689343e+00
6.075590014029546728e+04 1.004391330317123909e+00
6.075590040035617130e+04 9.951766252594215212e-01
6.075590066041687533e+04 1.002749523702221035e+00
6.075590092047757207e+04 9.988546692405578797e-01
6.075590118053827609e+04 1.004868401519956711e+00
6.075590144059898012e+04 9.983150590725049511e-01
6.075590170065967686e+04 1.002424520438714106e+00
6.075590196072038816e+04 1.001015814356203570e+00
6.075590222078108491e+04 9.961778613073536404e-01
6.075590248084178893e+04 1.001251732819012696e+00
6.075590274090249295e+04 9.965505463866392022e-01
6.075590300096318242e+04 1.000592429417523022e+00
6.075590326102388644e+04 1.002519829785125660e+00
6.075590352108459047e+04 1.002456664210326087e+00
6.075590378114529449e+04 9.974637459366921810e-01
6.075590404120599851e+04 9.986585476510386750e-01
6.075590430126669526e+04 9.978013804612145821e-01
6.075590456132739928e+04 1.001203258503357452e+00
6.075590482138810330e+04 1.000884922130490740e+00
6.075590508144880732e+04 1.000167906173135668e+00
6.075590534150951135e+04 1.002192027957585774e+00
6.075590560157020809e+04 9.970678890793894800e-01
6.075590586163091211e+04 1.003074110061247248e+00
6.075590612169160886e+04 1.001918039863576526e+00
6.075590638175230561e+04 9.891144601674902725e-01
6.075590664181300963e+04 9.987221178091955087e-01
6.075590690187371365e+04 1.006145701810594151e+00
6.075590716193441767e+04 9.974984134263428226e-01
6.075590742199512169e+04 1.007586857715218720e+00
6.075590768205581844e+04 9.992364852256439001e-01
6.075590794211652246e+04 9.989773862703700269e-01
6.075590820217722649e+04 1.001364278783660966e+00
6.075590846223793051e+04 9.898575810657425089e-01
6.075590872229863453e+04 9.973724722355029604e-01
6.075590898235933128e+04 9.956394320361393602e-01
6.075590924242003530e+04 1.000139899493960760e+00
6.075590950248073932e+04 1.001689883282809834e+00
6.075591106051386305e+04 1.001793348940810402e+00
6.075591132057445793e+04 9.961217085479898703e-01
6.075591158063505281e+04 1.008980581380762187e+00
6.075591184069564770e+04 9.990907992685129635e-01
6.075591210075624258e+04 9.981651491454009983e-01
6.075591236081683746e+04 1.011259019649445534e+00
6.075591262087743235e+04 1.011192999619587196e+00
6.075591288093802723e+04 9.991841227763120781e-01
6.075591314099862211e+04 1.001337109015527860e+00
6.075591340105922427e+04 1.004282575262175570e+00
6.075591366111981915e+04 1.002793985047520930e+00
6.075591392118041404e+04 1.001885475504433298e+00
6.075591418124100892e+04 1.004075686052948058e+00
6.075591444130160380e+04 9.901126071816133134e-01
6.075591470136219868e+04 9.994300864011789187e-01
6.075591496142279357e+04 9.933842806278491144e-01
6.075591522148338845e+04 9.978638367425733957e-01
6.075591548154399061e+04 1.001323750523950729e+00
6.075591574160458549e+04 9.886753956592674308e-01
6.075591600166518037e+04 1.004005316995660868e+00
6.075591626172577526e+04 1.003052079630622373e+00
6.075591652178637742e+04 1.004169827732343645e+00
6.075591678184697230e+04 9.927552834453622355e-01
6.075591704190756718e+04 9.972035002233292644e-01
6.075591730196816206e+04 1.000012780946087032e+00
6.075591756202875695e+04 1.000166793860670200e+00
6.075591782208935183e+04 1.002307524548100348e+00
6.075591808214994671e+04 9.928279539177354840e-01
6.075591834221054160e+04 9.894823930354043062e-01
6.075591860227113648e+04 1.008279901702446413e+00
6.075591886233173136e+04 1.003013014687247351e+00
6.075591912239232624e+04 9.990926462639012628e-01
6.075591938245292840e+04 1.002026349226017299e+00
6.075591964251352329e+04 1.007234726153312554e+00
6.075591990257411817e+04 9.980428343600976637e-01
6.075592016263471305e+04 1.001647195760642095e+00
6.075592042269530793e+04 9.985931645747672114e-01
6.075592068275590282e+04 1.003420288835732199e+00
6.075592094281649770e+04 9.927387147699504588e-01
6.075592120287709986e+04 9.969293402459241671e-01
6.075592146293769474e+04 1.005128474413503836e+00
6.075592172299828962e+04 1.004381727545656133e+00
6.075592198305888451e+04 9.996230150410695403e-01
6.075592224311948667e+04 9.932306285878326202e-01
6.075592250318008155e+04 1.005351456347013395e+00
6.075592276324067643e+04 1.006415981149834993e+00
6.075592302330127131e+04 1.001804222954717050e+00
6.075592328336186620e+04 9.937413360136873042e-01
6.075592354342246108e+04 1.011226640476071692e+00
6.075592380348305596e+04 1.006451109662532817e+00
6.075592406354365812e+04 9.994715610529210092e-01
6.075592432360425300e+04 9.991075044595594257e-01
6.075592458366484789e+04 1.000103211058719799e+00
6.075592484372544277e+04 9.977391250787606136e-01
6.075592510378604493e+04 9.974997370429175003e-01
6.075592536384663981e+04 1.005338395654796546e+00
6.075592562390723469e+04 9.927043009683623742e-01
6.075592588396782958e+04 1.005439051992935262e+00
6.075592614402842446e+04 1.002050882487552474e+00
6.075592640408901934e+04 1.007261487573425818e+00
6.075592666414961423e+04 1.002084460359398799e+00
6.075592692421020911e+04 9.930259607643532327e-01
6.075592718427081127e+04 9.979099130243993532e-01
6.075592744433140615e+04 1.004443053956515453e+00
6.075592770439200103e+04 9.997210151455057092e-01
6.075592796445260319e+04 1.007721569061946321e+00
6.075592822451319807e+04 1.000883926286851855e+00
6.075592848457379296e+04 1.009862707024393069e+00
6.075592874463438784e+04 9.988324408894614370e-01
6.075592900469498272e+04 1.002903559675201173e+00
6.075592926475557761e+04 1.000305106721639747e+00
6.075592952481617249e+04 9.946174981217678068e-01
6.075592978487676737e+04 1.002859414345292022e+00
6.075593004493736953e+04 9.964116717561105618e-01
6.075593030499796441e+04 9.929059284587784528e-01
6.075593056505855930e+04 1.007009690527687518e+00
6.075593082511916145e+04 1.000747983335182223e+00
6.075593108517975634e+04 9.920509132680270792e-01
6.075593134524035122e+04 9.988425558487206146e-01
6.075593160530094610e+04 9.999281448360765046e-01
6.075593186536154099e+04 9.965883959284004279e-01
6.075593212542213587e+04 9.944166724237727406e-01
6.075593238548273075e+04 9.988228544589331515e-01
6.075593264554332563e+04 1.003393872203631298e+00
6.075593290560392779e+04 1.000753929206745552e+00
6.075593316566452268e+04 1.007928350979683474e+00
6.075593342572511756e+04 1.004787184799766919e+00
6.075593368578571244e+04 1.002421150346903156e+00
6.075593394584631460e+04 1.001010892349733616e+00
6.075593420590690948e+04 1.002507727308703744e+00
6.075593446596750437e+04 1.007140027159238116e+00
6.075593472602809925e+04 9.954981570013349268e-01
6.075593498608869413e+04 9.910204280034110580e-01
6.075593524614928901e+04 1.007783463550442793e+00
6.075593550620988390e+04 1.010172098106317362e+00
6.075593576627048606e+04 9.995837951758476114e-01
6.075593602633108094e+04 9.967166854795013187e-01
6.075593628639167582e+04 9.973778664565489116e-01
6.075593654645227070e+04 9.956377855651217246e-01
6.075593680651287286e+04 9.955209450174746788e-01
6.075593706657346775e+04 1.005150830091786185e+00
6.075593732663406263e+04 9.981452597801192539e-01
6.075593758669465751e+04 9.884901480785763805e-01
6.075593784675525239e+04 1.003016415500122882e+00
6.075593810681584728e+04 1.005306006542056041e+00
6.075593836687644216e+04 1.003127053091354970e+00
6.075593862693704432e+04 9.980947014645031867e-01
6.075593888699763920e+04 9.965767037725683508e-01
6.075593914705823408e+04 1.003002010128543064e+00
6.075593940711883624e+04 9.967853313377826874e-01
6.075594106598430517e+04 9.985982400103911028e-01
6.075594132604500919e+04 1.004902754541603160e+00
6.075594158610571321e+04 1.000439889380022374e+00
6.075594184616640996e+04 9.961826838591265609e-01
6.075594210622711398e+04 1.001975510931996993e+00
6.075594236628781800e+04 9.954040268335911934e-01
6.075594262634852203e+04 1.009263842694314572e+00
6.075594288640922605e+04 9.946738291511919572e-01
6.075594314646992279e+04 1.010484313777595844e+00
6.075594340653063409e+04 9.970266437294397210e-01
6.075594366659133811e+04 9.933854614381052439e-01
6.075594392665203486e+04 1.004165290491028317e+00
6.075594418671273888e+04 1.000719947805193799e+00
6.075594444677344291e+04 9.999416819354073338e-01
6.075594470683414693e+04 1.007350321170195073e+00
6.075594496689485095e+04 9.974302478612164791e-01
6.075594522695554770e+04 9.938623964004689171e-01
6.075594548701625172e+04 9.964340239553285405e-01
6.075594574707695574e+04 1.000882515593576549e+00
6.075594600713765976e+04 9.921570146083233954e-01
6.075594626719836378e+04 1.012018991308412996e+00
6.075594652725906053e+04 1.011529302066515035e+00
6.075594678731976455e+04 9.965087605251412572e-01
6.075594704738046858e+04 1.003871337151419407e+00
6.075594730744116532e+04 9.878725071090985743e-01
6.075594756750187662e+04 1.001588726190031364e+00
6.075594782756257337e+04 1.006283983819900696e+00
6.075594808762328466e+04 9.948342234228053638e-01
6.075594834768398869e+04 9.988918612090028626e-01
6.075594860774468543e+04 9.963753687097254286e-01
6.075594886780538945e+04 9.976400500904142321e-01
6.075594912786609348e+04 1.002779677428935257e+00
6.075594938792679750e+04 1.000706038344480131e+00
6.075594964798750152e+04 1.001389651062833730e+00
6.075594990804819827e+04 1.000362557206096348e+00
6.075595016810890229e+04 9.954669026953533173e-01
6.075595042816960631e+04 1.000034813880359641e+00
6.075595068823031033e+04 1.001149510401202924e+00
6.075595094829101436e+04 1.001889268542083267e+00
6.075595120835171110e+04 1.002839684292104794e+00
6.075595146841241512e+04 9.957517935740430870e-01
6.075595172847312642e+04 9.936997905719714419e-01
6.075595198853382317e+04 1.007138374851875851e+00
6.075595224859452719e+04 1.004494052613696953e+00
6.075595250865523121e+04 9.940340919309986756e-01
6.075595276871593524e+04 1.007719799968527896e+00
6.075595302877663926e+04 1.000338478647251339e+00
6.075595328883733600e+04 1.008721201696375580e+00
6.075595354889804003e+04 1.006495413864546773e+00
6.075595380895874405e+04 1.015252424494583305e+00
6.075595406901944807e+04 9.943193887491597049e-01
6.075595432908015209e+04 1.000539009530930334e+00
6.075595458914084884e+04 9.967425881842071345e-01
6.075595484920156014e+04 9.991063913886010228e-01
6.075595510926226416e+04 9.909744289278472618e-01
6.075595536932296091e+04 1.008562413543387937e+00
6.075595562938366493e+04 1.003764511618181920e+00
6.075595588944436895e+04 9.947690460018795422e-01
6.075595614950507297e+04 9.949715412087223321e-01
6.075595640956577699e+04 1.002459872333135715e+00
6.075595666962647374e+04 1.002358140274364207e+00
6.075595692968717776e+04 1.002607624414911580e+00
6.075595718974788178e+04 1.001854041536926809e+00
6.075595744980858581e+04 1.005006490220498927e+00
6.075595770986929710e+04 1.001621890675401971e+00
6.075595796992999385e+04 9.958823579808667725e-01
6.075595822999069787e+04 1.004552948825035541e+00
6.075595849005140190e+04 9.998226735867281612e-01
6.075595875011209864e+04 9.993505295374580655e-01
6.075595901017280994e+04 1.005592036779394016e+00
6.075595927023350669e+04 1.005738142116376022e+00
6.075595953029421071e+04 1.003076898748042511e+00
6.075595979035491473e+04 1.008449702200722164e+00
6.075596005041561148e+04 1.001506901707319042e+00
6.075596031047632277e+04 9.997208775837558292e-01
6.075596057053702680e+04 1.001859176746891844e+00
6.075596083059773082e+04 1.010625190807159290e+00
6.075596109065843484e+04 9.984330742948932524e-01
6.075596135071913159e+04 1.006028917138875878e+00
6.075596161077983561e+04 9.962047926441570667e-01
6.075596187084053963e+04 9.997129110496347781e-01
6.075596213090124365e+04 9.963249243341563144e-01
6.075596239096194768e+04 1.000072389749116830e+00
6.075596265102265170e+04 9.953174108152988975e-01
6.075596291108335572e+04 1.000714944095866255e+00
6.075596317114405974e+04 9.943076141121581779e-01
6.075596343120475649e+04 9.898388029920388576e-01
6.075596369126546051e+04 1.002007242523028863e+00
6.075596395132616453e+04 9.953821345737784432e-01
6.075596421138686856e+04 9.886809209398152998e-01
6.075596447144757258e+04 9.938133763119894049e-01
6.075596473150827660e+04 9.943170574376199999e-01
6.075596499156898062e+04 9.938795981170948091e-01
6.075596525162968464e+04 9.956284353978570589e-01
6.075596551169038867e+04 1.004017538368126017e+00
6.075596577175109269e+04 9.966340275589603559e-01
6.075596603181178943e+04 9.953715479220583973e-01
6.075596629187249346e+04 9.981316760358583950e-01
6.075596655193319748e+04 9.988055008113603250e-01
6.075596681199390150e+04 1.003139194083049635e+00
6.075596707205460552e+04 9.983518782374221079e-01
6.075596733211530955e+04 9.972561226500700204e-01
6.075596759217601357e+04 1.003488830577791147e+00
6.075596785223671759e+04 1.008185684490313649e+00
6.075596811229741434e+04 1.001733164389702946e+00
6.075596837235811836e+04 1.006972758832986203e+00
6.075596863241882238e+04 1.001263990967522499e+00
6.075596889247953368e+04 1.001574488944252384e+00
6.075596915254023770e+04 1.007164594653373380e+00
6.075596941260093445e+04 1.002874731083986726e+00
6.075597102105359954e+04 1.004051200141815814e+00
6.075597128111420170e+04 1.000086376047925718e+00
6.075597154117479658e+04 9.945846148352611715e-01
6.075597180123539147e+04 9.975849286954660000e-01
6.075597206129598635e+04 1.004140007664261258e+00
6.075597232135658123e+04 9.959765403606219980e-01
6.075597258141718339e+04 9.977171924671625058e-01
6.075597284147777827e+04 9.912535930437315068e-01
6.075597310153837316e+04 9.945811355485583150e-01
6.075597336159897532e+04 9.982142050887339302e-01
6.075597362165957020e+04 9.969326549384178726e-01
6.075597388172016508e+04 9.998308462244663852e-01
6.075597414178077452e+04 9.980800055672148785e-01
6.075597440184136940e+04 9.983592237597476160e-01
6.075597466190196428e+04 9.999705706476450517e-01
6.075597492196255916e+04 9.977544779491444027e-01
6.075597518202315405e+04 1.003467299260266010e+00
6.075597544208374893e+04 9.933378122691904899e-01
6.075597570214434381e+04 9.958316478522195592e-01
6.075597596220494597e+04 1.003333475546536846e+00
6.075597622226554813e+04 9.928202046618351817e-01
6.075597648232614301e+04 9.941524249210694775e-01
6.075597674238673790e+04 9.965538287776373183e-01
6.075597700244734006e+04 1.002867596605923728e+00
6.075597726250793494e+04 9.993995944734102022e-01
6.075597752256853710e+04 1.003264546124730483e+00
6.075597778262913198e+04 1.009314788584039224e+00
6.075597804268972686e+04 1.001450288804534239e+00
6.075597830275032175e+04 1.005253452607395070e+00
6.075597856281091663e+04 9.857272555739455822e-01
6.075597882287151151e+04 1.008055437793271780e+00
6.075597908293212095e+04 9.992968853926231798e-01
6.075597934299271583e+04 1.006213108265845868e+00
6.075597960305331071e+04 9.929513498404430871e-01
6.075597986311390559e+04 9.984418201348592703e-01
6.075598012317450775e+04 1.001727968164765725e+00
6.075598038323510264e+04 9.918273746133986490e-01
6.075598064329570479e+04 9.946513883890528707e-01
6.075598090335629968e+04 9.956201791390896227e-01
6.075598116341689456e+04 9.953302998477654429e-01
6.075598142347748944e+04 1.006626217325146122e+00
6.075598168353808433e+04 9.940434600583830660e-01
6.075598194359869376e+04 9.942935373833352575e-01
6.075598220365928864e+04 1.001729728905919936e+00
6.075598246371988353e+04 9.902394942928095523e-01
6.075598272378047841e+04 9.928126782057897781e-01
6.075598298384108057e+04 9.973360270326211419e-01
6.075598324390167545e+04 1.001150899789924997e+00
6.075598350396227761e+04 1.002671739669453110e+00
6.075598376402287249e+04 9.998449530933836149e-01
6.075598402408346738e+04 9.955043443566652384e-01
6.075598428414406226e+04 1.010448151735179545e+00
6.075598454420465714e+04 9.903716038870667981e-01
6.075598480426526658e+04 9.982857724536439159e-01
6.075598506432586146e+04 9.992822070750707608e-01
6.075598532438645634e+04 1.001724888753254383e+00
6.075598558444705122e+04 1.005346495150077901e+00
6.075598584450765338e+04 1.009465254257950750e+00
6.075598610456825554e+04 9.970672040916325196e-01
6.075598636462885042e+04 9.937006470461687835e-01
6.075598662468944531e+04 9.993965074093901224e-01
6.075598688475004019e+04 9.933411619301137918e-01
6.075598714481063507e+04 9.990141787672485174e-01
6.075598740487123723e+04 1.000265395836035243e+00
6.075598766493183211e+04 1.000189271709108541e+00
6.075598792499243427e+04 9.983745626483531144e-01
6.075598818505302916e+04 9.975276080936484879e-01
6.075598844511362404e+04 1.001236863266429911e+00
6.075598870517423347e+04 1.007070766150218732e+00
6.075598896523482836e+04 9.984130995521102170e-01
6.075598922529542324e+04 9.891740636887154103e-01
6.075598948535601812e+04 9.980350658411539788e-01
6.075598974541661300e+04 1.004176753506082376e+00
6.075599000547721516e+04 1.001658952743647468e+00
6.075599026553781005e+04 9.976215586129799640e-01
6.075599052559840493e+04 9.982969158699912526e-01
6.075599078565900709e+04 9.970846495568350676e-01
6.075599104571960197e+04 1.004066857403238089e+00
6.075599130578020413e+04 1.003274341666494207e+00
6.075599156584080629e+04 9.940055631964639371e-01
6.075599182590140117e+04 9.998276088843173204e-01
6.075599208596199605e+04 1.001817875227984933e+00
6.075599234602259094e+04 1.000807346373231876e+00
6.075599260608319310e+04 1.000659166673490086e+00
6.075599286614378798e+04 9.950389537284142216e-01
6.075599312620438286e+04 1.003592837675249649e+00
6.075599338626497774e+04 1.000394390144208501e+00
6.075599364632558718e+04 9.978537479717185521e-01
6.075599390638618206e+04 1.000891067467826856e+00
6.075599416644677694e+04 9.945489439160768441e-01
6.075599442650737910e+04 9.911472163536216851e-01
6.075599468656797399e+04 1.004007982036662749e+00
6.075599494662857614e+04 1.001400577730551689e+00
6.075599520668917103e+04 1.002425956170104548e+00
6.075599546674976591e+04 9.917161181052864816e-01
6.075599572681036079e+04 9.984463262321324750e-01
6.075599598687096295e+04 9.921965186247186930e-01
6.075599624693155783e+04 9.905076475138844261e-01
6.075599650699215999e+04 9.978393792506685678e-01
6.075599676705275488e+04 9.925108507018199910e-01
6.075599702711334976e+04 1.002886960722150000e+00
6.075599728717395192e+04 1.004111347467848470e+00
6.075599754723455408e+04 9.973313357210854546e-01
6.075599780729514896e+04 9.992610244716501056e-01
6.075599806735574384e+04 1.001696249905532632e+00
6.075599832741634600e+04 1.004090088712413120e+00
6.075599858747694088e+04 9.965291847626688293e-01
6.075599884753753577e+04 9.951316168616686220e-01
6.075599910759813065e+04 9.967534768684735980e-01
6.075599936765874008e+04 9.935021757935572628e-01
6.075600091310295102e+04 1.001118660697774443e+00
6.075600117316365504e+04 9.953635459425714815e-01
6.075600143322435179e+04 9.958662175925194759e-01
6.075600169328505581e+04 9.990874559856391945e-01
6.075600195334576711e+04 9.978334518563219957e-01
6.075600221340647113e+04 1.006437056262683871e+00
6.075600247346717515e+04 9.965975593443845426e-01
6.075600273352787190e+04 1.003395877069141129e+00
6.075600299358858319e+04 9.890191867304987117e-01
6.075600325364928722e+04 1.007129953814074552e+00
6.075600351370998396e+04 9.993659698812690229e-01
6.075600377377069526e+04 1.003495691549230573e+00
6.075600403383139928e+04 1.010767254472979548e+00
6.075600429389210331e+04 1.005318107888514501e+00
6.075600455395280733e+04 1.001000755065380110e+00
6.075600481401350407e+04 1.002406009826072975e+00
6.075600507407421537e+04 1.004463097922615233e+00
6.075600533413491939e+04 1.000291457897672265e+00
6.075600559419562342e+04 1.001060019206646112e+00
6.075600585425632744e+04 1.000220190080269855e+00
6.075600611431703146e+04 1.003172829827884360e+00
6.075600637437773548e+04 9.963874976469420108e-01
6.075600663443843951e+04 1.004425677488824720e+00
6.075600689449914353e+04 9.971706788803719190e-01
6.075600715455985483e+04 9.906486687345305020e-01
6.075600741462055157e+04 9.936043515445698304e-01
6.075600767468125559e+04 1.003459093641169586e+00
6.075600793474195962e+04 9.984896761063729587e-01
6.075600819480266364e+04 9.920581949446642955e-01
6.075600845486336766e+04 9.974903689781143834e-01
6.075600871492407168e+04 1.001826660818844195e+00
6.075600897498478298e+04 1.005740838200966270e+00
6.075600923504548700e+04 9.990691309191159775e-01
6.075600949510618375e+04 1.004314585064271625e+00
6.075600975516688777e+04 9.985780922382769820e-01
6.075601001522759907e+04 1.003013501109452754e+00
6.075601027528830309e+04 1.005219589174790151e+00
6.075601053534900711e+04 9.880305923210537244e-01
6.075601079540970386e+04 9.971647597841584165e-01
6.075601105547041516e+04 1.002170302743406793e+00
6.075601131553111918e+04 9.942977833744706118e-01
6.075601157559181593e+04 1.009125381439097247e+00
6.075601183565252722e+04 9.972200103454135212e-01
6.075601209571323125e+04 9.982976809076908875e-01
6.075601235577393527e+04 9.999072469189284051e-01
6.075601261583463929e+04 9.977434723215649059e-01
6.075601287589534331e+04 9.982068648845616732e-01
6.075601313595604734e+04 9.884773006802403117e-01
6.075601339601675136e+04 9.927861732917342419e-01
6.075601365607746266e+04 1.002659815179762104e+00
6.075601391613816668e+04 1.002411026030883834e+00
6.075601417619886342e+04 9.995268225060622846e-01
6.075601443625956745e+04 1.005832081259405486e+00
6.075601469632027874e+04 9.944998174433180571e-01
6.075601495638097549e+04 1.000919858315340472e+00
6.075601521644168679e+04 1.010580250306393202e+00
6.075601547650239081e+04 1.001864677827520422e+00
6.075601573656309483e+04 9.987038989125971433e-01
6.075601599662379886e+04 1.001525297448979002e+00
6.075601625668450288e+04 1.012040525983234351e+00
6.075601651674520690e+04 9.950403657488451348e-01
6.075601677680591092e+04 9.994342895444436881e-01
6.075601703686661494e+04 9.899824676900905729e-01
6.075601729692732624e+04 9.978152918442161345e-01
6.075601755698802299e+04 9.987271819092548020e-01
6.075601781704872701e+04 1.006301436775665081e+00
6.075601807710943831e+04 9.973588912355023650e-01
6.075601833717014233e+04 1.020934807878841610e+00
6.075601859723084635e+04 1.008375272437194381e+00
6.075601885729155038e+04 1.012590660862459968e+00
6.075601911735225440e+04 1.005480567108113954e+00
6.075601937741295842e+04 1.004206935842295811e+00
6.075601963747365517e+04 9.961754052872928700e-01
6.075601989753436646e+04 1.000118927620474496e+00
6.075602015759507049e+04 9.960381049904857287e-01
6.075602041765577451e+04 9.927197351351835231e-01
6.075602067771648581e+04 9.919377271993389256e-01
6.075602093777718255e+04 9.950816637893055150e-01
6.075602119783788658e+04 9.927216791909374560e-01
6.075602145789859787e+04 9.984577301670850558e-01
6.075602171795930190e+04 1.000523943789811021e+00
6.075602197802000592e+04 1.004691410608498980e+00
6.075602223808070994e+04 9.984070258508412898e-01
6.075602249814141396e+04 1.007948401166010477e+00
6.075602275820211798e+04 9.964462918947069037e-01
6.075602301826282201e+04 1.001062799696646133e+00
6.075602327832352603e+04 1.003200706392977981e+00
6.075602353838423005e+04 1.001030505675332583e+00
6.075602379844494135e+04 1.001152307850474488e+00
6.075602405850564537e+04 9.992767501565498200e-01
6.075602431856634212e+04 1.002364401763751633e+00
6.075602457862704614e+04 9.980241602826982472e-01
6.075602483868775744e+04 9.988738527735652184e-01
6.075602509874846146e+04 9.988902640189926130e-01
6.075602535880916548e+04 9.910305893755592122e-01
6.075602561886986950e+04 1.007901873817699245e+00
6.075602587893057353e+04 9.932451513914866137e-01
6.075602613899127755e+04 9.951039254917295462e-01
6.075602639905198885e+04 9.967660693740150180e-01
6.075602665911269287e+04 9.959330943739088671e-01
6.075602691917338962e+04 9.963668291508223085e-01
6.075602717923410091e+04 9.975600181895347696e-01
6.075602743929480494e+04 1.009677395279871881e+00
6.075602769935550168e+04 1.004855165315457599e+00
6.075602795941621298e+04 9.876734399452460345e-01
6.075602821947691700e+04 1.005185174813732596e+00
6.075602847953762102e+04 9.860569690625844430e-01
6.075602873959833232e+04 1.001157937209400606e+00
6.075602899965902907e+04 1.006666467183771063e+00
6.075602925971973309e+04 9.936041175384957569e-01
6.075603093119423283e+04 9.979008205728562286e-01
6.075603119125482772e+04 9.934214867531360182e-01
6.075603145131542988e+04 9.981644656454576880e-01
6.075603171137602476e+04 9.954579162452447116e-01
6.075603197143662692e+04 1.000998706857157750e+00
6.075603223149722908e+04 9.993346329314379828e-01
6.075603249155782396e+04 9.967054218501747442e-01
6.075603275161842612e+04 1.004256317151980493e+00
6.075603301167902100e+04 9.930369569575211441e-01
6.075603327173962316e+04 9.947884774893833715e-01
6.075603353180022532e+04 9.940986667229700924e-01
6.075603379186082020e+04 9.986540383817833488e-01
6.075603405192141508e+04 1.000585644176394950e+00
6.075603431198201724e+04 9.917442473904554134e-01
6.075603457204261213e+04 9.951718463907974765e-01
6.075603483210320701e+04 1.002972801621239807e+00
6.075603509216381644e+04 1.002235302250774396e+00
6.075603535222441133e+04 9.951973452440304735e-01
6.075603561228501349e+04 1.004767495899262952e+00
6.075603587234560837e+04 9.936789864164975450e-01
6.075603613240621053e+04 9.987766896376772952e-01
6.075603639246681269e+04 9.975992446161054961e-01
6.075603665252740757e+04 9.972840030372126519e-01
6.075603691258800245e+04 9.980428329530675047e-01
6.075603717264860461e+04 9.936336284151616738e-01
6.075603743270919949e+04 9.963534719382449723e-01
6.075603769276979438e+04 1.001085260135093247e+00
6.075603795283040381e+04 1.001468262338422122e+00
6.075603821289099869e+04 1.002033438615331562e+00
6.075603847295160085e+04 1.004709325546597976e+00
6.075603873301219573e+04 9.973307353643029449e-01
6.075603899307279789e+04 9.972896021750425888e-01
6.075603925313340005e+04 9.986445925198251805e-01
6.075603951319399494e+04 9.990231777998951346e-01
6.075603977325458982e+04 1.002258387164688180e+00
6.075604003331519198e+04 9.999622103312613142e-01
6.075604029337578686e+04 9.953434812254520203e-01
6.075604055343638902e+04 9.998554638774547199e-01
6.075604081349698390e+04 1.003231947688203674e+00
6.075604107355758606e+04 9.949622105937773187e-01
6.075604133361818822e+04 9.908099536674060959e-01
6.075604159367878310e+04 1.003018036670510593e+00
6.075604185373938526e+04 9.919341915784227748e-01
6.075604211379998742e+04 1.001203021440699281e+00
6.075604237386058230e+04 9.939359619040277760e-01
6.075604263392118446e+04 9.989153553932007545e-01
6.075604289398177934e+04 9.941099032427980209e-01
6.075604315404237423e+04 1.001374912922423865e+00
6.075604341410297639e+04 1.045666869753521411e+00
6.075604367416357127e+04 1.001774636218470071e+00
6.075604393422418070e+04 9.948323217758737735e-01
6.075604419428477559e+04 9.986577873357043167e-01
6.075604445434537047e+04 1.000707736130635794e+00
6.075604471440597990e+04 1.001758866506238244e+00
6.075604497446657479e+04 1.005186390073468550e+00
6.075604523452717694e+04 9.953906840633840458e-01
6.075604549458777183e+04 9.982623273362271066e-01
6.075604575464836671e+04 9.922509362666728228e-01
6.075604601470896887e+04 1.003898329784410848e+00
6.075604627476956375e+04 1.005154369130097258e+00
6.075604653483016591e+04 9.956648131744088026e-01
6.075604679489076807e+04 1.000876700766431426e+00
6.075604705495136295e+04 1.003656885953746469e+00
6.075604731501196511e+04 9.889743917098284820e-01
6.075604757507256727e+04 9.953943807492965368e-01
6.075604783513316943e+04 9.996174112646418752e-01
6.075604809519376431e+04 1.000383375266175268e+00
6.075604835525435919e+04 1.004926983398422013e+00
6.075604861531496135e+04 9.966035703211164609e-01
6.075604887537555624e+04 1.000756406081526606e+00
6.075604913543615839e+04 9.929399197972096358e-01
6.075604939549675328e+04 1.002236823987088243e+00
6.075604965555735544e+04 9.971678286812191150e-01
6.075604991561795759e+04 1.000070568565020412e+00
6.075605017567855248e+04 9.958146479066878332e-01
6.075605043573915464e+04 9.948112997358203868e-01
6.075605069579975680e+04 1.006154678665668101e+00
6.075605095586035168e+04 9.889871298787047404e-01
6.075605121592095384e+04 9.934335419876789697e-01
6.075605147598154872e+04 9.988217912180813451e-01
6.075605173604215088e+04 1.001337355333065782e+00
6.075605199610274576e+04 9.995207032527113622e-01
6.075605225616334792e+04 1.010702472324746415e+00
6.075605251622395008e+04 1.001460212266419791e+00
6.075605277628454496e+04 9.973542309989483767e-01
6.075605303634514712e+04 9.942032005339935807e-01
6.075605329640574200e+04 9.991909003693619784e-01
6.075605355646635144e+04 1.009431354485285759e+00
6.075605381652694632e+04 9.972962905648582455e-01
6.075605407658754848e+04 9.969012385335452864e-01
6.075605433664814336e+04 1.005080539159378228e+00
6.075605459670873825e+04 9.981732404683838489e-01
6.075605485676934040e+04 9.980163840947576803e-01
6.075605511682993529e+04 9.974861800893634056e-01
6.075605537689054472e+04 1.002878061227542084e+00
6.075605563695113960e+04 9.969852301133438344e-01
6.075605589701174176e+04 9.962516765585334166e-01
6.075605615707233665e+04 1.009538133348200972e+00
6.075605641713293880e+04 9.976844147234427140e-01
6.075605667719354096e+04 1.008959285147483564e+00
6.075605693725413585e+04 1.003417264165967548e+00
6.075605719731473800e+04 1.001516805711928804e+00
6.075605745737533289e+04 9.977444129060081268e-01
6.075605771743593505e+04 1.001391105998467701e+00
6.075605797749652993e+04 9.962656262016131858e-01
6.075605823755713209e+04 1.004021234595417811e+00
6.075605849761773425e+04 9.985039545375612446e-01
6.075605875767832913e+04 1.001639399256177398e+00
6.075605901773893129e+04 1.001769957267564237e+00
6.075605927779953345e+04 1.001444609148354203e+00
6.075606082322710427e+04 9.982219492818094064e-01
6.075606108328780829e+04 9.944962133808059601e-01
6.075606134334851231e+04 1.003336251949139113e+00
6.075606160340922361e+04 1.005152803754621571e+00
6.075606186346992035e+04 9.965368849703790666e-01
6.075606212353063165e+04 9.986310525951074268e-01
6.075606238359133567e+04 9.972558789324957873e-01
6.075606264365204697e+04 1.006891001904064886e+00
6.075606290371275099e+04 9.976217364554013090e-01
6.075606316377345502e+04 1.002114163723501150e+00
6.075606342383415904e+04 9.959607564662127377e-01
6.075606368389486306e+04 9.933563621588793469e-01
6.075606394395557436e+04 1.003994171875439267e+00
6.075606420401627838e+04 9.986458590944863323e-01
6.075606446407698240e+04 9.993681537151325456e-01
6.075606472413768643e+04 9.975098831664962473e-01
6.075606498419839772e+04 9.918745198299965260e-01
6.075606524425910175e+04 1.000772738766231962e+00
6.075606550431981304e+04 9.922553316132597390e-01
6.075606576438050979e+04 9.920602637880576724e-01
6.075606602444122109e+04 9.968220569589008040e-01
6.075606628450192511e+04 1.001070823779506069e+00
6.075606654456262913e+04 9.934614864526403188e-01
6.075606680462333316e+04 1.002279310413840996e+00
6.075606706468404445e+04 1.011252941715892861e+00
6.075606732474474848e+04 1.001763515546810757e+00
6.075606758480545250e+04 1.000011161960352446e+00
6.075606784486615652e+04 9.980345043679640371e-01
6.075606810492686054e+04 9.966926830585003394e-01
6.075606836498757184e+04 1.008703929897615481e+00
6.075606862504827586e+04 1.001071193865851416e+00
6.075606888510898716e+04 1.000618862950349852e+00
6.075606914516968391e+04 1.004907340962465367e+00
6.075606940523039520e+04 1.004125747954960790e+00
6.075606966529109923e+04 9.964415339201032618e-01
6.075606992535180325e+04 9.960122891533272904e-01
6.075607018541250727e+04 9.971977921591789196e-01
6.075607044547321857e+04 9.963101363224236007e-01
6.075607070553392259e+04 1.001935412639827438e+00
6.075607096559463389e+04 1.005774722747350358e+00
6.075607122565533064e+04 1.002821158528611090e+00
6.075607148571604193e+04 1.003087430664555413e+00
6.075607174577674596e+04 9.984320600799660994e-01
6.075607200583745725e+04 1.006458413184778911e+00
6.075607226589816128e+04 1.006753459669860851e+00
6.075607252595886530e+04 1.000973906067146757e+00
6.075607278601956932e+04 1.000971065996231868e+00
6.075607304608028062e+04 9.885323020043449427e-01
6.075607330614097737e+04 1.000401938425869997e+00
6.075607356620169594e+04 1.000030795092994307e+00
6.075607382626239269e+04 9.956716228821906878e-01
6.075607408632310398e+04 1.010374334196001866e+00
6.075607434638380801e+04 9.925937676599727588e-01
6.075607460644451203e+04 9.874299154662481426e-01
6.075607486650521605e+04 9.900976363950658721e-01
6.075607512656592735e+04 1.004625790021490772e+00
6.075607538662663137e+04 9.974085238961835076e-01
6.075607564668734267e+04 9.979605928845298735e-01
6.075607590674803942e+04 9.961831916425022415e-01
6.075607616680875071e+04 9.993599734433136206e-01
6.075607642686945474e+04 1.003559430341571357e+00
6.075607668693016603e+04 1.000331015557140324e+00
6.075607694699087006e+04 1.001217296308780647e+00
6.075607720705157408e+04 1.000346940125532713e+00
6.075607746711227810e+04 9.969429120893175122e-01
6.075607772717298940e+04 1.007873410733055586e+00
6.075607798723368614e+04 1.002202517696155315e+00
6.075607824729439744e+04 1.000413993751372965e+00
6.075607850735510146e+04 9.973389554691495240e-01
6.075607876741581276e+04 1.004921644783136614e+00
6.075607902747651679e+04 9.997802421335419965e-01
6.075607928753722081e+04 9.959967482625053936e-01
6.075607954759792483e+04 9.992117192686714722e-01
6.075607980765863613e+04 1.005435049103189149e+00
6.075608006771934015e+04 1.003786190545517432e+00
6.075608032778005145e+04 1.005406891608394693e+00
6.075608058784074819e+04 9.982452391981100348e-01
6.075608084790145949e+04 1.005263182142443590e+00
6.075608110796216351e+04 9.928320650646134116e-01
6.075608136802286754e+04 1.004763813230019842e+00
6.075608162808357156e+04 9.993610800615382317e-01
6.075608188814428286e+04 9.898369510645403935e-01
6.075608214820498688e+04 1.003211664198149444e+00
6.075608240826569818e+04 9.934927863838671769e-01
6.075608266832639492e+04 9.935805685095399076e-01
6.075608292838710622e+04 9.955350669267631902e-01
6.075608318844781024e+04 1.006309775996762079e+00
6.075608344850852154e+04 1.004833868229166871e+00
6.075608370856922556e+04 1.000064907143486614e+00
6.075608396862992959e+04 9.966384808822539298e-01
6.075608422869064088e+04 1.002340826055681866e+00
6.075608448875134491e+04 1.008235755403064315e+00
6.075608474881204893e+04 1.004785508802954253e+00
6.075608500887276023e+04 9.953101583031322974e-01
6.075608526893346425e+04 1.000865896651220721e+00
6.075608552899416827e+04 1.005205344344731522e+00
6.075608578905487957e+04 1.004919331694063889e+00
6.075608604911557632e+04 1.000074632823543919e+00
6.075608630917628761e+04 9.951868044465989049e-01
6.075608656923699164e+04 9.983952965574253158e-01
6.075608682929770293e+04 9.937921212397964332e-01
6.075608708935840696e+04 1.000679168737356406e+00
6.075608734941911098e+04 1.002320392803550009e+00
6.075608760947981500e+04 1.000178030974223864e+00
6.075608786954052630e+04 1.000355702414011949e+00
6.075608812960123760e+04 1.005107617727708513e+00
6.075608838966194162e+04 1.002729405663925766e+00
6.075608864972264564e+04 1.001253284744225036e+00
6.075608890978334966e+04 9.933794078375917103e-01
6.075608916984406096e+04 9.957998538572138125e-01
6.075609076569380704e+04 1.002073114287566957e+00
6.075609102575441648e+04 1.005535097225746632e+00
6.075609128581501136e+04 1.004461808866803807e+00
6.075609154587561352e+04 9.988654262672891360e-01
6.075609180593621568e+04 1.001637217067849139e+00
6.075609206599681784e+04 1.006795281658753094e+00
6.075609232605741272e+04 1.003955721258569467e+00
6.075609258611801488e+04 9.971062895834602591e-01
6.075609284617860976e+04 9.966578136247714603e-01
6.075609310623921192e+04 9.957181662990824966e-01
6.075609336629981408e+04 1.010030667988137232e+00
6.075609362636040896e+04 9.981804663092663787e-01
6.075609388642101840e+04 1.000752701692694924e+00
6.075609414648161328e+04 9.976891680809651941e-01
6.075609440654221544e+04 9.996487352420266870e-01
6.075609466660281760e+04 1.003743206615436367e+00
6.075609492666341976e+04 9.939452032147833016e-01
6.075609518672402191e+04 1.009360642054680124e+00
6.075609544678461680e+04 1.005908593160384168e+00
6.075609570684521896e+04 9.977319350152396016e-01
6.075609596690581384e+04 1.004786442194979923e+00
6.075609622696641600e+04 1.007470543925380602e+00
6.075609648702701088e+04 9.975288023942139315e-01
6.075609674708762032e+04 9.969335862777156665e-01
6.075609700714822247e+04 1.001013111764469832e+00
6.075609726720881736e+04 1.003270334754119641e+00
6.075609752726942679e+04 1.001004204581868340e+00
6.075609778733002167e+04 9.965586552474565707e-01
6.075609804739062383e+04 1.005239495335604749e+00
6.075609830745121872e+04 9.918549480444864841e-01
6.075609856751182087e+04 9.997534006956586561e-01
6.075609882757242303e+04 1.003123360425614230e+00
6.075609908763301792e+04 1.005554863084411554e+00
6.075609934769362008e+04 9.922441073276998535e-01
6.075609960775422223e+04 1.002189799266125725e+00
6.075609986781482439e+04 1.003245984152688619e+00
6.075610012787541928e+04 1.011074986379020713e+00
6.075610038793602143e+04 9.889922606475481937e-01
6.075610064799663087e+04 1.002558472277777613e+00
6.075610090805722575e+04 1.007890056794446654e+00
6.075610116811782791e+04 9.982604772720899966e-01
6.075610142817842279e+04 9.942600920049888824e-01
6.075610168823902495e+04 9.940125511110207146e-01
6.075610194829962711e+04 1.012940592753859059e+00
6.075610220836022199e+04 1.012784299458258985e+00
6.075610246842083143e+04 9.971453295042371767e-01
6.075610272848142631e+04 1.000661179168917947e+00
6.075610298854202847e+04 1.004309730554816316e+00
6.075610324860263063e+04 1.011855118100524420e+00
6.075610350866323279e+04 1.004654070068361937e+00
6.075610376872383495e+04 1.003612083934476651e+00
6.075610402878442983e+04 1.000629339704442566e+00
6.075610428884503199e+04 1.000434398189029572e+00
6.075610454890563415e+04 9.968053031554907628e-01
6.075610480896622903e+04 1.002560304689129156e+00
6.075610506902683119e+04 9.973083727835259094e-01
6.075610532908743335e+04 1.005334464879628520e+00
6.075610558914803551e+04 9.997102870609114733e-01
6.075610584920863766e+04 1.006689631018598430e+00
6.075610610926923255e+04 1.002510833241357036e+00
6.075610636932984198e+04 1.004210202660816620e+00
6.075610662939043686e+04 9.991271460548056815e-01
6.075610688945103902e+04 9.994133372789532066e-01
6.075610714951164118e+04 9.945071284669523282e-01
6.075610740957223607e+04 1.006778818519290075e+00
6.075610766963283822e+04 1.001975325316958765e+00
6.075610792969343311e+04 1.001261690838884943e+00
6.075610818975403527e+04 9.995501194055612659e-01
6.075610844981464470e+04 1.005567596664080465e+00
6.075610870987523958e+04 9.978032874270805763e-01
6.075610896993584174e+04 1.005775437417776086e+00
6.075610922999644390e+04 1.004846407477917758e+00
6.075610949005704606e+04 9.922186543357294219e-01
6.075610975011764822e+04 9.948204238122808629e-01
6.075611001017824310e+04 1.002600877900925003e+00
6.075611027023884526e+04 9.987095082122717793e-01
6.075611053029944742e+04 9.980116602652651103e-01
6.075611079036004230e+04 1.001711333545245664e+00
6.075611105042064446e+04 9.991638225926530170e-01
6.075611131048124662e+04 1.002360768766317634e+00
6.075611157054184878e+04 1.000721059977359495e+00
6.075611183060245094e+04 9.960934738953547418e-01
6.075611209066305310e+04 9.970130639524977800e-01
6.075611235072365525e+04 1.003115994109611053e+00
6.075611261078425741e+04 1.003636328126600530e+00
6.075611287084485230e+04 9.925028869983402169e-01
6.075611313090545445e+04 1.001226528941057792e+00
6.075611339096604934e+04 1.004869958866176471e+00
6.075611365102665150e+04 9.947651981114348230e-01
6.075611391108725365e+04 1.004204503860565811e+00
6.075611417114785581e+04 1.000504814282766164e+00
6.075611443120845797e+04 1.000502546846339547e+00
6.075611469126906013e+04 9.949395372344329580e-01
6.075611495132966229e+04 9.911281912299632069e-01
6.075611521139026445e+04 9.978031239486873094e-01
6.075611547145085933e+04 9.977183341183879506e-01
6.075611573151146149e+04 1.009575215552956706e+00
6.075611599157206365e+04 1.003992072503589794e+00
6.075611625163265853e+04 1.001999764958032113e+00
6.075611651169326069e+04 1.005758781845055294e+00
6.075611677175386285e+04 1.007126188972501168e+00
6.075611703181446501e+04 9.991920303164718575e-01
6.075611729187506717e+04 9.996780679798265012e-01
6.075611755193566933e+04 1.002121126193621370e+00
6.075611781199626421e+04 1.002156166555396410e+00
6.075611807205687364e+04 9.959900031323201119e-01
6.075611833211747580e+04 1.003341534740657570e+00
6.075611859217807068e+04 1.006985738784930362e+00
6.075611885223867284e+04 9.984681390335233830e-01
6.075611911229926773e+04 9.990083466579159355e-01
6.075612077117233275e+04 9.989892746634133625e-01
6.075612103123303677e+04 1.003726319887629392e+00
6.075612129129374080e+04 9.989977801010562208e-01
6.075612155135445209e+04 9.997832918919953293e-01
6.075612181141516339e+04 1.004169817622615923e+00
6.075612207147586741e+04 1.000821323832293830e+00
6.075612233153657144e+04 1.012075889174913312e+00
6.075612259159728274e+04 9.900003670010900647e-01
6.075612285165798676e+04 1.003140424859744639e+00
6.075612311171869806e+04 1.001149486228624541e+00
6.075612337177940935e+04 9.963042668685470060e-01
6.075612363184010610e+04 1.003296826546079989e+00
6.075612389190081740e+04 9.892411651866660494e-01
6.075612415196152870e+04 9.975681543009051744e-01
6.075612441202222544e+04 1.002183893950776783e+00
6.075612467208293674e+04 1.003748033320555288e+00
6.075612493214364804e+04 9.993375722590245314e-01
6.075612519220435206e+04 1.003369647683418853e+00
6.075612545226506336e+04 1.002894173926870414e+00
6.075612571232576738e+04 1.002778650562452523e+00
6.075612597238647140e+04 9.957890953855161875e-01
6.075612623244718270e+04 1.006349665199691934e+00
6.075612649250789400e+04 9.940402576369499199e-01
6.075612675256859802e+04 9.945525915896624713e-01
6.075612701262930204e+04 1.006227101575948968e+00
6.075612727269001334e+04 1.005745749152149093e+00
6.075612753275071736e+04 9.999314794607312429e-01
6.075612779281142139e+04 1.001648138412316813e+00
6.075612805287213268e+04 1.006411132245779161e+00
6.075612831293283671e+04 9.906942244837636524e-01
6.075612857299354800e+04 1.011335993063862571e+00
6.075612883305425930e+04 9.947960352812128537e-01
6.075612909311495605e+04 1.000858924242397752e+00
6.075612935317566735e+04 9.988257584548538848e-01
6.075612961323637865e+04 1.003892595534841226e+00
6.075612987329708267e+04 1.004480543474781662e+00
6.075613013335779397e+04 9.993439623556947815e-01
6.075613039341849799e+04 9.994072981133531597e-01
6.075613065347920201e+04 9.974644226096307520e-01
6.075613091353991331e+04 1.004028616573036992e+00
6.075613117360061733e+04 9.968640463311165822e-01
6.075613143366133590e+04 9.986180241343638464e-01
6.075613169372203265e+04 1.003516598250305369e+00
6.075613195378274395e+04 1.004115928319456064e+00
6.075613221384345525e+04 9.874779377810282144e-01
6.075613247390415199e+04 9.965984192066401626e-01
6.075613273396486329e+04 9.967519051436433131e-01
6.075613299402557459e+04 1.004338723490620477e+00
6.075613325408627861e+04 1.001788499974741953e+00
6.075613351414698991e+04 9.851487747374292336e-01
6.075613377420769393e+04 9.979553821975353234e-01
6.075613403426840523e+04 1.003026862214623449e+00
6.075613429432910925e+04 1.002450306798619684e+00
6.075613455438982055e+04 9.931035971746275948e-01
6.075613481445053185e+04 1.003142745488367460e+00
6.075613507451122859e+04 1.006693555469160950e+00
6.075613533457193989e+04 9.973023566469166878e-01
6.075613559463265119e+04 1.002353811905432712e+00
6.075613585469334794e+04 9.989800136348242487e-01
6.075613611475405924e+04 1.007264225786579814e+00
6.075613637481477053e+04 1.006444933258413998e+00
6.075613663487548183e+04 1.001665635883487893e+00
6.075613689493618585e+04 9.991627432983873902e-01
6.075613715499688988e+04 9.985777498399589502e-01
6.075613741505760117e+04 9.989310224803347182e-01
6.075613767511830520e+04 9.943212732480263272e-01
6.075613793517901649e+04 1.006210142361507298e+00
6.075613819523972779e+04 9.941788036103221815e-01
6.075613845530043181e+04 9.976989146731298774e-01
6.075613871536113584e+04 1.001747094922553316e+00
6.075613897542184714e+04 1.007424060706977764e+00
6.075613923548255116e+04 1.002679592646139817e+00
6.075613949554325518e+04 9.984074913042195742e-01
6.075613975560396648e+04 1.001583441200338154e+00
6.075614001566467778e+04 1.004440877357901885e+00
6.075614027572538907e+04 1.001353063129565069e+00
6.075614053578608582e+04 9.944385619156473899e-01
6.075614079584679712e+04 9.965295835160953297e-01
6.075614105590750842e+04 9.998764450898836031e-01
6.075614131596821244e+04 9.970547233801283493e-01
6.075614157602892374e+04 1.005041993596416328e+00
6.075614183608962776e+04 1.008184175254123405e+00
6.075614209615033906e+04 1.006877108775685814e+00
6.075614235621104308e+04 9.984221411891380793e-01
6.075614261627174710e+04 1.003324888499763645e+00
6.075614287633246568e+04 9.913653724220389263e-01
6.075614313639316970e+04 9.974109939510481526e-01
6.075614339645387372e+04 9.903743671897338174e-01
6.075614365651458502e+04 9.961069235300585856e-01
6.075614391657528904e+04 9.970209104916796239e-01
6.075614417663600034e+04 9.941956588341976930e-01
6.075614443669670436e+04 1.004494958759561296e+00
6.075614469675741566e+04 1.006403947071871086e+00
6.075614495681812696e+04 1.007711388607515079e+00
6.075614521687882370e+04 1.000630088047854027e+00
6.075614547693953500e+04 1.000190320000261535e+00
6.075614573700024630e+04 1.004421353614554091e+00
6.075614599706095760e+04 1.000920188699174096e+00
6.075614625712166162e+04 1.005056748225644725e+00
6.075614651718236564e+04 1.004527549006409837e+00
6.075614677724307694e+04 1.005469073673457947e+00
6.075614703730378824e+04 9.965967467457860218e-01
6.075614729736448498e+04 9.960369095726668842e-01
6.075614755742519628e+04 1.002009847394619069e+00
6.075614781748590758e+04 1.003581650790661195e+00
6.075614807754661888e+04 1.000978253172273069e+00
6.075614833760732290e+04 1.000731442425361939e+00
6.075614859766802692e+04 1.019935117191540730e+00
6.075614885772873822e+04 9.957938658004232835e-01
6.075614911778944952e+04 9.959257864772834701e-01
