6.075547523418369383e+04 1.005295236223551436e+00
6.075547549424438330e+04 1.001889570816840047e+00
6.075547575430508005e+04 1.008233310320046705e+00
6.075547601436576224e+04 1.010904606050206933e+00
6.075547627442645899e+04 9.976667703125514652e-01
6.075547653448714846e+04 9.815443454285153191e-01
6.075547679454784520e+04 1.001641424652562229e+00
6.075547705460853467e+04 9.988934637433548591e-01
6.075547731466922414e+04 1.007693500861117641e+00
6.075547757472991361e+04 1.002914231425169556e+00
6.075547783479061036e+04 1.010457262156714497e+00
6.075547809485129255e+04 9.947610481854280984e-01
6.075547835491198930e+04 9.968277860978748128e-01
6.075547861497267877e+04 1.004668373021913919e+00
6.075547887503337552e+04 1.000825870342457513e+00
6.075547913509406499e+04 1.009132130517238934e+00
6.075547939515475446e+04 1.002335786429653153e+00
6.075547965521544393e+04 1.010320831490645999e+00
6.075547991527614067e+04 9.946638854125116058e-01
6.075548017533683014e+04 1.006613494647410345e+00
6.075548043539752689e+04 9.984506380260567138e-01
6.075548069545820908e+04 1.011739739996627252e+00
6.075548095551890583e+04 9.987623609325508856e-01
6.075548121557959530e+04 9.993619544513372421e-01
6.075548147564028477e+04 1.001058239926049032e+00
6.075548173570098152e+04 9.972762469380933581e-01
6.075548199576167099e+04 9.913387686242626229e-01
6.075548225582236773e+04 1.001511224310848824e+00
6.075548251588305720e+04 9.996817476011822245e-01
6.075548277594374667e+04 9.996684054076129256e-01
6.075548303600443614e+04 1.003138710404234413e+00
6.075548329606513289e+04 9.981107477721422594e-01
6.075548355612582236e+04 9.980862053191186245e-01
6.075548381618651911e+04 9.981606560459158617e-01
6.075548407624720130e+04 9.924202956815120213e-01
6.075548433630789805e+04 9.967217147494807916e-01
6.075548459636858752e+04 9.960778298802859254e-01
6.075548485642928426e+04 9.991647475384990429e-01
6.075548511648997373e+04 9.990603580819646945e-01
6.075548537655066320e+04 9.929969236539412103e-01
6.075548563661135267e+04 1.004731408395392211e+00
6.075548589667204942e+04 9.941308752028448215e-01
6.075548615673273162e+04 1.001858179286500672e+00
6.075548641679342836e+04 1.010793326486668420e+00
6.075548667685411783e+04 9.980227082457882037e-01
6.075548693691481458e+04 9.958342506172640496e-01
6.075548719697551132e+04 9.887322111200600450e-01
6.075548745703619352e+04 1.000084801667614931e+00
6.075548771709689026e+04 1.000795097997856375e+00
6.075548797715757973e+04 1.001977114013686387e+00
6.075548823721827648e+04 9.998321588476370980e-01
6.075548849727896595e+04 9.972985608498377008e-01
6.075548875733965542e+04 9.927961812253444096e-01
6.075548901740034489e+04 1.006185652389927077e+00
6.075548927746104164e+04 9.971246084589926451e-01
6.075548953752172383e+04 1.015960519509737425e+00
6.075548979758242058e+04 9.955707154176232088e-01
6.075549005764311732e+04 9.936661057810620701e-01
6.075549031770380680e+04 9.972430439242021549e-01
6.075549057776450354e+04 9.967870023499728616e-01
6.075549083782518574e+04 1.001952532044273481e+00
6.075549109788588248e+04 9.943405155199053214e-01
6.075549135794657195e+04 1.000019653682846066e+00
6.075549161800726870e+04 1.000440527098667820e+00
6.075549187806795817e+04 1.002813056178411433e+00
6.075549213812864764e+04 9.889209554575342231e-01
6.075549239818933711e+04 9.933142943584939433e-01
6.075549265825003386e+04 1.009036214695576250e+00
6.075549291831072333e+04 1.002320388396406248e+00
6.075549317837142007e+04 9.972700059764243452e-01
6.075549343843210954e+04 9.938828616851529407e-01
6.075549369849279901e+04 1.015884436011421199e+00
6.075549395855349576e+04 1.007723298140719592e+00
6.075549421861417795e+04 9.968915701340920199e-01
6.075549447867487470e+04 9.988771021422571117e-01
6.075549473873556417e+04 9.954631766391162095e-01
6.075549499879626092e+04 1.010703568332328217e+00
6.075549525885695766e+04 9.888490637064293320e-01
6.075549551891763986e+04 9.934143019321608481e-01
6.075549577897833660e+04 9.997837934134217175e-01
6.075549603903902607e+04 9.940217189277094079e-01
6.075549629909972282e+04 1.002796817779919136e+00
6.075549655916041229e+04 9.943217395924738300e-01
6.075549681922110176e+04 9.995483493561135857e-01
6.075549707928179851e+04 9.940910242685595533e-01
6.075549733934248798e+04 1.001410978122750706e+00
6.075549759940317745e+04 9.911378551015052052e-01
6.075549785946386692e+04 1.008190195960937174e+00
6.075549811952456366e+04 1.000332224697882744e+00
6.075549837958525313e+04 9.878116618398067317e-01
6.075549863964594988e+04 9.990031004972361739e-01
6.075549889970663935e+04 1.002561846442722171e+00
6.075549915976732882e+04 9.965880262555767422e-01
6.075549941982802557e+04 1.001663464622978950e+00
6.075549967988871504e+04 1.000546239738564269e+00
6.075549993994941178e+04 1.005441215435022517e+00
6.075550020001009398e+04 9.983143113877186448e-01
6.075550046007079072e+04 9.923917864907861874e-01
6.075550072013148747e+04 1.000281457860198620e+00
6.075550098019216966e+04 1.000390354090315403e+00
6.075550124025286641e+04 9.945283997215774718e-01
6.075550150031355588e+04 9.940532895224086785e-01
6.075550176037425263e+04 9.925342820396926280e-01
6.075550202043494210e+04 9.961718031569898324e-01
6.075550228049563157e+04 9.846296282348749873e-01
6.075550254055632831e+04 9.917797462526591890e-01
6.075550280061701778e+04 9.900929944304507346e-01
6.075550306067771453e+04 9.936820411940097131e-01
6.075550332073840400e+04 9.906439894983890548e-01
6.075550358079909347e+04 9.967936431503685579e-01
6.075550513883041276e+04 9.952852842154097379e-01
6.075550539889110951e+04 9.983761366121334246e-01
6.075550565895179898e+04 9.940977997978496239e-01
6.075550591901248845e+04 9.951449915204373387e-01
6.075550617907318519e+04 9.901619256796831969e-01
6.075550643913387466e+04 9.984999446384338340e-01
6.075550669919457141e+04 1.002649553961995954e+00
6.075550695925526088e+04 9.888341238880528072e-01
6.075550721931595035e+04 1.003851609773945830e+00
6.075550747937664710e+04 9.910165073163537119e-01
6.075550773943733657e+04 1.003677546306822599e+00
6.075550799949803331e+04 9.950946538571712185e-01
6.075550825955872278e+04 1.002426429704754707e+00
6.075550851961941225e+04 9.971208326221707718e-01
6.075550877968010900e+04 1.002230260963886677e+00
6.075550903974079847e+04 9.948769831501317329e-01
6.075550929980148794e+04 9.936678743611042641e-01
6.075550955986217741e+04 1.010977771408451353e+00
6.075550981992287416e+04 9.925586944880396834e-01
6.075551007998357090e+04 9.965441345602638057e-01
6.075551034004426037e+04 9.892322938092378282e-01
6.075551060010494984e+04 9.928863060809789420e-01
6.075551086016564659e+04 9.873532399362431322e-01
6.075551112022633606e+04 1.006474203022705183e+00
6.075551138028703281e+04 1.000337968742666783e+00
6.075551164034772228e+04 1.002236296389469317e+00
6.075551190040841175e+04 9.990583576900755602e-01
6.075551216046910849e+04 9.826928185972507723e-01
6.075551242052979796e+04 9.950730544907712138e-01
6.075551268059049471e+04 9.969638173907693357e-01
6.075551294065118418e+04 1.003959380826047632e+00
6.075551320071187365e+04 9.922614479633011797e-01
6.075551346077257040e+04 1.008618031355528633e+00
6.075551372083325987e+04 1.006408361489250947e+00
6.075551398089394934e+04 9.972354881429681406e-01
6.075551424095464608e+04 1.011274511786846464e+00
6.075551450101533555e+04 1.005084701569921579e+00
6.075551476107603230e+04 9.888447938670100745e-01
6.075551502113672177e+04 9.916580198710348570e-01
6.075551528119741124e+04 1.006760325435023251e+00
6.075551554125810799e+04 1.000291047357473095e+00
6.075551580131879746e+04 9.935516636790637790e-01
6.075551606137949420e+04 9.955856461292640347e-01
6.075551632144019095e+04 9.924623409254406114e-01
6.075551658150087314e+04 9.938503347126675935e-01
6.075551684156156989e+04 9.895574373030833204e-01
6.075551710162226664e+04 1.002224731753952769e+00
6.075551736168294883e+04 1.005440204696662621e+00
6.075551762174364558e+04 9.931804322023985998e-01
6.075551788180433505e+04 1.003869175490304855e+00
6.075551814186503179e+04 1.000595110706219204e+00
6.075551840192572854e+04 9.927264602713018471e-01
6.075551866198641073e+04 9.947695693292724073e-01
6.075551892204710748e+04 9.976113872946020811e-01
6.075551918210780423e+04 9.967360783607064345e-01
6.075551944216849370e+04 9.995791445376775997e-01
6.075551970222919044e+04 1.001681551330647846e+00
6.075551996228987991e+04 9.860493193843726800e-01
6.075552022235056938e+04 9.874193153263634004e-01
6.075552048241126613e+04 9.948206188726790300e-01
6.075552074247194832e+04 9.871935195970670263e-01
6.075552100253265235e+04 9.986303574142018080e-01
6.075552126259334182e+04 1.000931268454644973e+00
6.075552152265403129e+04 9.926438694771628768e-01
6.075552178271472803e+04 1.000223773317315157e+00
6.075552204277541750e+04 9.846428662358736039e-01
6.075552230283610697e+04 9.948853534635148099e-01
6.075552256289680372e+04 1.002726261427619558e+00
6.075552282295750047e+04 9.951841365239676440e-01
6.075552308301818994e+04 9.940215575760451561e-01
6.075552334307887941e+04 9.969853042138585586e-01
6.075552360313957615e+04 9.943717623441392650e-01
6.075552386320026562e+04 1.005044690496347926e+00
6.075552412326096237e+04 1.000866618086428295e+00
6.075552438332165912e+04 9.905866263655511705e-01
6.075552464338234131e+04 9.965881430391148044e-01
6.075552490344303806e+04 1.001738982279622991e+00
6.075552516350373480e+04 9.994653058265167145e-01
6.075552542356441700e+04 9.988765994022447137e-01
6.075552568362511374e+04 1.005532666118705176e+00
6.075552594368581049e+04 9.983154666841186353e-01
6.075552620374649996e+04 9.993745121181014657e-01
6.075552646380719671e+04 1.001030885345121968e+00
6.075552672386788618e+04 1.002034281010137029e+00
6.075552698392857565e+04 9.917517713572112648e-01
6.075552724398927239e+04 9.957060663932651989e-01
6.075552750404996914e+04 1.004749681862050048e+00
6.075552776411065861e+04 1.011848901335400841e+00
6.075552802417134808e+04 9.887647479055364785e-01
6.075552828423204483e+04 9.941537385623423484e-01
6.075552854429273430e+04 9.971382070041561185e-01
6.075552880435342377e+04 9.997145918669319009e-01
6.075552906441412051e+04 9.982494043944585282e-01
6.075552932447480998e+04 9.927485215804853214e-01
6.075552958453550673e+04 9.760627885152297623e-01
6.075552984459620347e+04 1.001233485337760021e+00
6.075553010465688567e+04 1.006289142832495820e+00
6.075553036471758242e+04 9.955043381459509622e-01
6.075553062477827916e+04 9.871147613490095507e-01
6.075553088483896863e+04 1.000340108463309674e+00
6.075553114489966538e+04 9.974893121180010702e-01
6.075553140496035485e+04 9.944417612487912450e-01
6.075553166502104432e+04 9.951220431462809435e-01
6.075553192508174106e+04 1.013794805571010649e+00
6.075553218514243054e+04 1.001976117214399720e+00
6.075553244520312728e+04 1.001611266970275693e+00
6.075553270526381675e+04 9.923914261292512418e-01
6.075553296532451350e+04 9.950179045585565429e-01
6.075553322538520297e+04 1.004522674246536074e+00
6.075553348544589244e+04 9.924510930304569767e-01
6.075553503087646095e+04 9.924378557356745567e-01
6.075553529093715770e+04 9.979893422449724882e-01
6.075553555099784717e+04 1.002560165735346454e+00
6.075553581105853664e+04 1.001855992169143450e+00
6.075553607111923338e+04 9.924586007968831947e-01
6.075553633117992285e+04 1.000936961586883500e+00
6.075553659124061960e+04 9.987445611490023412e-01
6.075553685130131635e+04 1.000854452886294599e+00
6.075553711136199854e+04 1.011982461066161632e+00
6.075553737142269529e+04 1.005193936116925979e+00
6.075553763148339203e+04 9.976308090328157574e-01
6.075553789154408878e+04 1.002725890239138717e+00
6.075553815160477825e+04 1.008616314622017063e+00
6.075553841166546772e+04 9.980724941708558617e-01
6.075553867172616447e+04 9.947605459055717247e-01
6.075553893178685394e+04 1.003674439727885392e+00
6.075553919184754341e+04 9.969890310765731067e-01
6.075553945190824015e+04 9.948034744127113305e-01
6.075553971196892962e+04 1.000930599515625907e+00
6.075553997202962637e+04 1.010289664039090152e+00
6.075554023209032312e+04 9.989968778886475498e-01
6.075554049215101259e+04 1.003158759501625363e+00
6.075554075221170206e+04 9.942707211342813878e-01
6.075554101227239880e+04 9.995279464199744446e-01
6.075554127233309555e+04 1.002010952645435271e+00
6.075554153239378502e+04 9.913746598991260983e-01
6.075554179245447449e+04 9.956899189730946675e-01
6.075554205251517124e+04 1.004329993748201755e+00
6.075554231257586798e+04 9.977210786274959275e-01
6.075554257263655018e+04 1.014400120313015963e+00
6.075554283269725420e+04 1.007190433488264425e+00
6.075554309275794367e+04 1.008438104678139657e+00
6.075554335281863314e+04 1.001628615575943959e+00
6.075554361287932988e+04 1.000559284953036476e+00
6.075554387294001936e+04 1.005810949316486624e+00
6.075554413300071610e+04 9.977109130845841500e-01
6.075554439306140557e+04 9.978604192291423702e-01
6.075554465312210232e+04 9.988959963389417718e-01
6.075554491318279906e+04 9.991367585441054411e-01
6.075554517324348853e+04 1.012372124701186538e+00
6.075554543330417800e+04 1.001179678347309920e+00
6.075554569336487475e+04 9.971977242159635324e-01
6.075554595342557150e+04 9.931788099898257727e-01
6.075554621348626097e+04 1.005443631636491642e+00
6.075554647354695044e+04 1.001494744932190484e+00
6.075554673360764718e+04 1.011697926283562810e+00
6.075554699366834393e+04 1.000594419242616162e+00
6.075554725372902612e+04 9.949323871318548340e-01
6.075554751378972287e+04 1.008401370775596106e+00
6.075554777385041962e+04 1.002938531294575109e+00
6.075554803391111636e+04 1.003633019047542208e+00
6.075554829397180583e+04 1.008521143684619981e+00
6.075554855403249530e+04 1.002552876550436567e+00
6.075554881409319205e+04 1.010924447720135122e+00
6.075554907415388152e+04 1.006414237526555011e+00
6.075554933421457827e+04 1.005557431789761091e+00
6.075554959427527501e+04 9.955427349096439560e-01
6.075554985433596448e+04 1.005921120458326490e+00
6.075555011439665395e+04 1.001924950121702018e+00
6.075555037445735070e+04 1.008660985623560213e+00
6.075555063451804017e+04 1.007867699705281783e+00
6.075555089457873692e+04 1.005904921712648559e+00
6.075555115463942639e+04 9.968360547450142439e-01
6.075555141470012313e+04 1.004664457019650570e+00
6.075555167476081988e+04 1.003037201720219818e+00
6.075555193482150935e+04 9.989575752151413912e-01
6.075555219488219882e+04 1.001360151855545499e+00
6.075555245494289557e+04 9.980114924425838030e-01
6.075555271500359231e+04 9.962737839710072985e-01
6.075555297506428906e+04 9.973420443484920517e-01
6.075555323512497125e+04 1.004456571758794547e+00
6.075555349518566800e+04 1.005135426771624152e+00
6.075555375524636474e+04 1.002104918469948203e+00
6.075555401530705421e+04 1.005367004735351566e+00
6.075555427536775096e+04 9.979630590582732053e-01
6.075555453542844043e+04 9.999062324855750861e-01
6.075555479548913718e+04 1.003197819340912345e+00
6.075555505554983392e+04 1.005634884330630419e+00
6.075555531561051612e+04 9.946763756661255451e-01
6.075555557567121286e+04 9.962724553857813525e-01
6.075555583573190961e+04 1.009209515420034897e+00
6.075555609579260636e+04 1.010750882885638857e+00
6.075555635585329583e+04 9.897503574637110946e-01
6.075555661591398530e+04 1.004353669201362820e+00
6.075555687597468204e+04 9.978845465767686163e-01
6.075555713603537879e+04 1.004236127262945644e+00
6.075555739609607554e+04 1.001452682704072172e+00
6.075555765615676501e+04 1.000538979005124895e+00
6.075555791621745448e+04 1.005475309719499055e+00
6.075555817627815122e+04 1.004472569190389075e+00
6.075555843633884797e+04 9.925697477652002387e-01
6.075555869639953016e+04 1.011783848048519507e+00
6.075555895646022691e+04 1.002617412849980294e+00
6.075555921652092366e+04 1.001078203987607163e+00
6.075555947658162040e+04 9.977247413120521324e-01
6.075555973664230987e+04 9.942360821980702479e-01
6.075555999670299934e+04 1.005570665887987936e+00
6.075556025676369609e+04 1.004404188822196620e+00
6.075556051682439283e+04 9.996916915789317848e-01
6.075556077688508958e+04 1.001110590578987436e+00
6.075556103694577905e+04 9.996856606003536871e-01
6.075556129700646852e+04 1.005077408662066629e+00
6.075556155706716527e+04 1.002322985399380695e+00
6.075556181712786201e+04 1.003479374906619981e+00
6.075556207718854421e+04 9.984879655258351860e-01
6.075556233724924095e+04 1.009763171531966819e+00
6.075556259730993770e+04 1.003269313902316107e+00
6.075556285737063445e+04 1.007299528019109935e+00
6.075556311743133119e+04 1.001374877427244181e+00
6.075556337749201339e+04 1.005673338991189159e+00
6.075556504896522529e+04 1.010038963447102534e+00
6.075556530902591476e+04 1.009526575339361854e+00
6.075556556908661150e+04 9.927599905582131790e-01
6.075556582914730097e+04 1.002651243167278050e+00
6.075556608920799772e+04 1.003034820714149289e+00
6.075556634926869447e+04 1.000420403338345254e+00
6.075556660932938394e+04 1.007432088441165829e+00
6.075556686939008068e+04 1.002353939794411675e+00
6.075556712945077015e+04 1.012040284506131371e+00
6.075556738951146690e+04 9.928096862302642212e-01
6.075556764957216365e+04 1.005907065879154016e+00
6.075556790963285312e+04 1.019524161064819356e+00
6.075556816969354986e+04 9.869373100569653889e-01
6.075556842975423933e+04 1.012036936151027300e+00
6.075556868981492880e+04 9.984690694897089269e-01
6.075556894987563282e+04 1.000963025743033530e+00
6.075556920993632230e+04 1.012098486007388942e+00
6.075556946999701904e+04 1.003180436827161071e+00
6.075556973005770851e+04 9.993430586567002560e-01
6.075556999011839798e+04 9.995802199395538157e-01
6.075557025017909473e+04 1.019165097355261729e+00
6.075557051023979147e+04 1.002866820262073855e+00
6.075557077030048822e+04 1.007501003751361202e+00
6.075557103036117769e+04 1.001740357213711130e+00
6.075557129042186716e+04 1.006260209915262216e+00
6.075557155048256391e+04 1.004657960169328623e+00
6.075557181054326065e+04 9.987407148356173270e-01
6.075557207060395740e+04 1.007918743700117803e+00
6.075557233066464687e+04 9.924378871650990641e-01
6.075557259072533634e+04 9.982759779654060139e-01
6.075557285078603309e+04 9.974958364649909592e-01
6.075557311084672983e+04 9.985428957560110730e-01
6.075557337090741930e+04 1.005929263547553631e+00
6.075557363096811605e+04 1.005923335991080192e+00
6.075557389102880552e+04 9.969656430344540077e-01
6.075557415108950227e+04 9.953420111817345983e-01
6.075557441115019901e+04 1.001771581977396686e+00
6.075557467121088848e+04 1.005996352372992231e+00
6.075557493127158523e+04 1.005672607729388268e+00
6.075557519133227470e+04 9.965927308366732129e-01
6.075557545139297144e+04 9.934745353528515732e-01
6.075557571145366819e+04 1.005224165771546607e+00
6.075557597151435766e+04 9.993716041683984308e-01
6.075557623157505441e+04 1.001160876066451433e+00
6.075557649163575115e+04 1.008007476658274282e+00
6.075557675169643335e+04 1.005284783413975758e+00
6.075557701175713009e+04 1.000543882522379135e+00
6.075557727181782684e+04 1.003214493032263066e+00
6.075557753187852359e+04 1.013654706098338298e+00
6.075557779193922033e+04 9.972934086919554852e-01
6.075557805199990980e+04 1.008471140145264844e+00
6.075557831206059927e+04 1.005816451455294080e+00
6.075557857212129602e+04 1.005336969500173483e+00
6.075557883218199277e+04 1.007250389183293571e+00
6.075557909224268951e+04 1.007368029127946096e+00
6.075557935230337898e+04 1.002860786151680506e+00
6.075557961236407573e+04 1.001842686654368819e+00
6.075557987242476520e+04 1.007978187385440316e+00
6.075558013248546195e+04 9.925410111964330095e-01
6.075558039254615869e+04 1.001351420201716413e+00
6.075558065260684816e+04 1.004287211232011146e+00
6.075558091266754491e+04 9.997299469497455959e-01
6.075558117272824165e+04 9.910373928651519115e-01
6.075558143278892385e+04 1.002132187632939653e+00
6.075558169284962059e+04 1.011827038905888987e+00
6.075558195291031734e+04 1.007446543626824065e+00
6.075558221297101409e+04 9.991609842007035391e-01
6.075558247303171083e+04 1.006248094482452338e+00
6.075558273309240030e+04 1.007889691129298271e+00
6.075558299315309705e+04 1.007495045994180050e+00
6.075558325321378652e+04 1.001474977747951467e+00
6.075558351327448327e+04 9.940394340761319336e-01
6.075558377333518001e+04 9.960303465428171910e-01
6.075558403339586948e+04 1.003568410797172517e+00
6.075558429345656623e+04 9.932178824045713172e-01
6.075558455351726298e+04 1.019445030732026636e+00
6.075558481357794517e+04 1.010623776965107190e+00
6.075558507363864192e+04 9.980521931911914280e-01
6.075558533369933866e+04 1.006651110371892921e+00
6.075558559376003541e+04 9.893530263405623248e-01
6.075558585382073215e+04 9.967078801728929127e-01
6.075558611388142162e+04 1.009983312607458439e+00
6.075558637394211837e+04 1.003370691247424951e+00
6.075558663400280784e+04 1.000284788968617944e+00
6.075558689406350459e+04 1.000827848663987663e+00
6.075558715412420133e+04 1.008584396864331545e+00
6.075558741418489080e+04 1.009207051366858732e+00
6.075558767424558755e+04 9.915275301726461654e-01
6.075558793430628430e+04 1.001695801775032146e+00
6.075558819436697377e+04 1.000880854776688089e+00
6.075558845442767051e+04 1.002310605758282014e+00
6.075558871448835998e+04 9.972752902034466294e-01
6.075558897454905673e+04 1.006649234049466379e+00
6.075558923460975348e+04 1.002140525260138526e+00
6.075558949467044295e+04 9.989593963564824541e-01
6.075558975473113969e+04 1.008907705581711944e+00
6.075559001479183644e+04 9.955684998440761380e-01
6.075559027485253318e+04 9.964954739058314859e-01
6.075559053491322265e+04 1.000365895475585853e+00
6.075559079497391212e+04 1.002651885258198261e+00
6.075559105503460887e+04 1.003626301108389907e+00
6.075559131509530562e+04 9.975033550852560049e-01
6.075559157515600236e+04 1.000698848411405661e+00
6.075559183521669911e+04 9.948872792483025584e-01
6.075559209527738858e+04 1.001308331268057739e+00
6.075559235533808533e+04 9.959993590415650022e-01
6.075559261539877480e+04 1.007409541490192906e+00
6.075559287545946427e+04 1.000086437149819041e+00
6.075559313552016101e+04 1.006317920643514885e+00
6.075559339558085776e+04 1.011587875249711610e+00
6.075559494101491873e+04 9.964757073464205472e-01
6.075559520107561548e+04 1.003941389155108777e+00
6.075559546113631222e+04 1.009397448752463067e+00
6.075559572119700897e+04 1.004984441642518433e+00
6.075559598125769844e+04 9.937017467951697602e-01
6.075559624131839519e+04 1.007826368858798949e+00
6.075559650137908466e+04 9.870699098200521604e-01
6.075559676143977413e+04 9.940295856812960684e-01
6.075559702150047087e+04 1.001198009966562275e+00
6.075559728156116762e+04 9.983324771528850894e-01
6.075559754162186437e+04 9.996978500546239710e-01
6.075559780168256111e+04 1.003297810042272475e+00
6.075559806174325058e+04 9.940631444496602631e-01
6.075559832180394733e+04 9.988496658273515738e-01
6.075559858186464407e+04 1.002223198068858068e+00
6.075559884192533355e+04 9.956859884178040909e-01
6.075559910198603029e+04 1.009640075236936996e+00
6.075559936204671976e+04 9.860039828443070142e-01
6.075559962210741651e+04 1.009956638191728429e+00
6.075559988216811325e+04 1.003378793307838190e+00
6.075560014222880272e+04 9.976489495006486408e-01
6.075560040228950675e+04 9.908005576135665571e-01
6.075560066235019622e+04 1.006855546887103658e+00
6.075560092241089296e+04 1.010580751660132615e+00
6.075560118247158971e+04 1.003576564652622460e+00
6.075560144253227918e+04 1.004022728054789981e+00
6.075560170259296865e+04 1.003726425743155737e+00
6.075560196265366540e+04 1.002152339216004995e+00
6.075560222271436214e+04 1.003213672006179280e+00
6.075560248277505889e+04 1.011051678924311581e+00
6.075560274283574836e+04 1.001430781244838419e+00
6.075560300289644510e+04 1.001330713349301682e+00
6.075560326295714185e+04 9.980950401527441951e-01
6.075560352301783860e+04 1.003873134201321182e+00
6.075560378307853534e+04 1.001842019877800194e+00
6.075560404313922481e+04 1.005172252318453419e+00
6.075560430319992156e+04 1.003165348651988475e+00
6.075560456326061831e+04 1.003149828582048375e+00
6.075560482332130050e+04 1.001299522480293414e+00
6.075560508338199725e+04 9.959333261272921289e-01
6.075560534344269399e+04 9.950256599527037560e-01
6.075560560350339074e+04 9.942963884935304142e-01
6.075560586356408749e+04 1.003723757456100651e+00
6.075560612362477696e+04 9.961513748108486999e-01
6.075560638368547370e+04 1.004298316083586107e+00
6.075560664374617045e+04 1.006630789035617202e+00
6.075560690380686719e+04 9.913228474236809307e-01
6.075560716386756394e+04 9.991180805984283264e-01
6.075560742392825341e+04 9.969788014788090180e-01
6.075560768398895016e+04 1.005443914284724016e+00
6.075560794404964690e+04 9.953155434945613056e-01
6.075560820411032910e+04 9.981211196829924415e-01
6.075560846417102584e+04 9.998240175347141712e-01
6.075560872423172259e+04 1.002485294637021740e+00
6.075560898429241934e+04 1.001846057854516747e+00
6.075560924435311608e+04 9.920209541597887482e-01
6.075560950441380555e+04 1.008504570553004909e+00
6.075560976447450230e+04 1.005957095107057997e+00
6.075561002453519905e+04 1.004874658867397352e+00
6.075561028459589579e+04 1.000445417679288740e+00
6.075561054465659254e+04 1.004579365120124690e+00
6.075561080471728201e+04 1.002659610961532222e+00
6.075561106477797875e+04 1.003223222484726396e+00
6.075561132483867550e+04 1.003898874416029097e+00
6.075561158489937225e+04 1.009212333968683373e+00
6.075561184496006899e+04 1.000987406771566501e+00
6.075561210502075846e+04 1.000691945519425863e+00
6.075561236508144793e+04 1.008263860317545557e+00
6.075561262514214468e+04 9.999313858599354621e-01
6.075561288520283415e+04 1.005410565536296152e+00
6.075561314526353090e+04 1.002083797192424797e+00
6.075561340532422764e+04 1.000077975959355436e+00
6.075561366538492439e+04 9.990832891126173454e-01
6.075561392544562113e+04 9.937419333069511529e-01
6.075561418550631060e+04 9.979375362516804682e-01
6.075561444556700735e+04 9.979860881334607914e-01
6.075561470562770410e+04 1.001433748908130417e+00
6.075561496568840084e+04 9.984381281800122077e-01
6.075561522574909759e+04 9.966604984411087109e-01
6.075561548580978706e+04 1.001565254971038765e+00
6.075561574587048381e+04 1.012067674994373556e+00
6.075561600593118055e+04 9.973991202247864951e-01
6.075561626599187002e+04 9.936321913326576771e-01
6.075561652605256677e+04 9.955102225093018786e-01
6.075561678611326352e+04 1.007358288584606854e+00
6.075561704617396026e+04 9.983873876121965862e-01
6.075561730623465701e+04 1.000964432587268416e+00
6.075561756629534648e+04 1.007538036131979453e+00
6.075561782635604322e+04 1.002756328793318330e+00
6.075561808641673269e+04 1.008964086136281191e+00
6.075561834647742944e+04 1.002220393173944624e+00
6.075561860653812619e+04 9.976683122701245354e-01
6.075561886659881566e+04 9.997027273257753643e-01
6.075561912665951240e+04 1.001168738428537042e+00
6.075561938672020915e+04 1.007306058588564923e+00
6.075561964678089862e+04 9.928598906434351612e-01
6.075561990684160264e+04 1.006568398201114878e+00
6.075562016690229211e+04 1.001365016913817962e+00
6.075562042696298886e+04 9.978989679734985296e-01
6.075562068702368560e+04 9.943428742128423981e-01
6.075562094708437508e+04 1.001631591716607872e+00
6.075562120714507182e+04 1.005157632602853734e+00
6.075562146720576857e+04 9.981587021678117733e-01
6.075562172726646531e+04 1.008128709511477705e+00
6.075562198732716206e+04 1.004131557155529597e+00
6.075562224738785153e+04 9.923901390322965588e-01
6.075562250744854828e+04 9.920493555321310275e-01
6.075562276750924502e+04 1.003777090141453776e+00
6.075562302756994177e+04 9.994205941419712635e-01
6.075562328763063852e+04 1.009152866540620863e+00
6.075562490904599690e+04 9.975548657188393342e-01
6.075562516909990518e+04 1.005855778411845147e+00
6.075562542915379890e+04 1.001436475887051092e+00
6.075562568920769263e+04 1.011910510598390989e+00
6.075562594926160091e+04 1.001355446666053695e+00
6.075562620931549463e+04 1.007639523179487906e+00
6.075562646936939564e+04 1.007743501058455005e+00
6.075562672942329664e+04 1.003776707909976418e+00
6.075562698947719036e+04 1.002123289401751549e+00
6.075562724953109864e+04 1.009777368534876762e+00
6.075562750958499237e+04 9.931513565318085268e-01
6.075562776963889337e+04 1.006571972275901672e+00
6.075562802969280165e+04 9.976886577539114676e-01
6.075562828974669537e+04 9.996688587842516016e-01
6.075562854980059637e+04 1.001063243212411802e+00
6.075562880985449738e+04 9.925257119366442948e-01
6.075562906990839110e+04 1.009803100701783585e+00
6.075562932996229938e+04 1.007653198403976047e+00
6.075562959001619311e+04 1.000982751879900157e+00
6.075562985007009411e+04 1.007559016269901297e+00
6.075563011012399511e+04 9.990188924255094527e-01
6.075563037017788884e+04 1.015443583115442472e+00
6.075563063023179711e+04 1.008531340597185633e+00
6.075563089028569084e+04 9.982729483932748504e-01
6.075563115033958456e+04 9.873049619502359819e-01
6.075563141039349284e+04 9.955035815436399371e-01
6.075563167044738657e+04 1.001046250129332904e+00
6.075563193050128757e+04 9.938125242849817909e-01
6.075563219055518857e+04 1.003941452567237658e+00
6.075563245060908230e+04 1.006645737613552694e+00
6.075563271066299058e+04 1.007478569060505036e+00
6.075563297071688430e+04 9.977159942133043691e-01
6.075563323077078530e+04 9.990493226105991997e-01
6.075563349082468631e+04 1.022917726196934440e+00
6.075563375087858003e+04 1.006096133862303121e+00
6.075563401093248831e+04 9.989056641715967633e-01
6.075563427098638203e+04 9.984970127950800745e-01
6.075563453104027576e+04 9.998077772268646468e-01
6.075563479109418404e+04 1.007001757156509747e+00
6.075563505114807776e+04 9.916729107074662153e-01
6.075563531120197877e+04 9.876955890397949300e-01
6.075563557125588704e+04 9.996227229302462325e-01
6.075563583130978077e+04 1.001325556122717231e+00
6.075563609136368905e+04 9.966352777157044818e-01
6.075563635141758277e+04 1.005600039969194670e+00
6.075563661147148377e+04 1.004172341892843434e+00
6.075563687152538478e+04 1.006793248325258849e+00
6.075563713157927850e+04 1.006184024399777499e+00
6.075563739163318678e+04 1.005179777272900976e+00
6.075563765168708051e+04 1.013839971351782054e+00
6.075563791174097423e+04 1.001433856062438510e+00
6.075563817179488251e+04 1.000648003563012090e+00
6.075563843184877624e+04 1.003498138273602791e+00
6.075563869190267724e+04 9.921357600301164981e-01
6.075563895195657824e+04 1.007255171619454215e+00
6.075563921201047197e+04 1.004592227170788110e+00
6.075563947206438024e+04 1.004187044425030484e+00
6.075563973211827397e+04 1.005684962332856314e+00
6.075563999217217497e+04 9.935634787895588627e-01
6.075564025222608325e+04 1.002797893526447659e+00
6.075564051227997697e+04 1.003064815076613936e+00
6.075564077233388525e+04 1.000866779665173789e+00
6.075564103238777898e+04 9.969044225092666967e-01
6.075564129244167270e+04 1.018365213754262477e+00
6.075564155249558098e+04 9.983735361317270796e-01
6.075564181254947471e+04 1.012261112343124214e+00
6.075564207260337571e+04 9.995559545297562076e-01
6.075564233265727671e+04 9.955526698431165222e-01
6.075564259271117044e+04 1.009069995324392677e+00
6.075564285276507871e+04 1.007586539084094790e+00
6.075564311281897244e+04 9.960072742567368520e-01
6.075564337287286617e+04 9.939712825934783336e-01
6.075564363292677444e+04 1.002924028717371074e+00
6.075564389298066817e+04 9.962042505979581408e-01
6.075564415303458372e+04 1.018168000715049315e+00
6.075564441308847745e+04 9.973904206007643269e-01
6.075564467314237118e+04 1.000853841334407690e+00
6.075564493319627945e+04 1.013366058488754939e+00
6.075564519325017318e+04 1.002846926661956184e+00
6.075564545330407418e+04 1.008045489627477087e+00
6.075564571335797518e+04 9.987362231608378771e-01
6.075564597341186891e+04 1.009751450578209253e+00
6.075564623346577719e+04 9.994212849136169252e-01
6.075564649351967091e+04 9.983078220386260027e-01
6.075564675357356464e+04 1.006785967622700229e+00
6.075564701362747292e+04 9.839426607780680234e-01
6.075564727368136664e+04 1.003341603752061717e+00
6.075564753373527492e+04 9.980991120434445918e-01
6.075564779378917592e+04 9.956043172970888699e-01
6.075564805384306965e+04 1.008176280689606408e+00
6.075564831389697792e+04 9.962980340982938721e-01
6.075564857395087165e+04 9.945503977839570409e-01
6.075564883400477265e+04 1.009490993758611177e+00
6.075564909405867365e+04 9.973967260766419818e-01
6.075564935411256738e+04 9.996006568304082185e-01
6.075564961416647566e+04 1.007596257071753376e+00
6.075564987422036938e+04 1.007220749330061782e+00
6.075565013427426311e+04 1.004549575521519911e+00
6.075565039432817866e+04 9.871593054512530774e-01
6.075565065438207239e+04 9.995169570845806595e-01
6.075565091443597339e+04 9.970796915983679565e-01
6.075565117448987439e+04 1.004335423338616140e+00
6.075565143454376812e+04 1.008607588553239509e+00
6.075565169459767640e+04 9.971221572602592120e-01
6.075565195465157012e+04 1.009208548013876827e+00
6.075565221470547112e+04 1.005390389229552817e+00
6.075565247475937213e+04 9.980585444414757923e-01
6.075565273481326585e+04 9.920196297065834168e-01
6.075565299486718141e+04 1.003559224202990929e+00
6.075565325492107513e+04 9.980259071237923552e-01
6.075565492676799477e+04 1.009412426502836801e+00
6.075565518682868424e+04 1.000288593191301256e+00
6.075565544688938098e+04 1.006075369634253036e+00
6.075565570695007773e+04 1.008413107461201719e+00
6.075565596701077448e+04 1.003021529190040395e+00
6.075565622707147122e+04 9.983393703993470591e-01
6.075565648713216069e+04 1.006206457111551433e+00
6.075565674719285744e+04 1.003736794219473261e+00
6.075565700725356146e+04 1.000133982177717984e+00
6.075565726731425821e+04 1.012221731935036173e+00
6.075565752737495495e+04 1.000268552658421184e+00
6.075565778743564442e+04 1.000687424105513257e+00
6.075565804749634117e+04 1.011085525276272490e+00
6.075565830755703792e+04 1.009699866966200732e+00
6.075565856761772739e+04 9.932601104657544644e-01
6.075565882767842413e+04 1.004272940094103950e+00
6.075565908773912088e+04 9.996564223383492820e-01
6.075565934779981762e+04 1.002604368385849654e+00
6.075565960786051437e+04 1.007011906373726839e+00
6.075565986792121112e+04 9.952239974854355520e-01
6.075566012798190786e+04 1.004373319499118677e+00
6.075566038804260461e+04 9.968901485951673358e-01
6.075566064810330136e+04 9.999615541075841385e-01
6.075566090816399810e+04 9.993480205696531060e-01
6.075566116822468757e+04 9.969844531991756131e-01
6.075566142828538432e+04 9.987467956740605501e-01
6.075566168834608106e+04 1.004446532410144366e+00
6.075566194840677781e+04 1.005435386315623125e+00
6.075566220846748183e+04 9.926298039619574354e-01
6.075566246852817130e+04 1.006887743639546695e+00
6.075566272858886805e+04 9.952757804875566050e-01
6.075566298864956480e+04 1.000905564436243678e+00
6.075566324871025427e+04 9.998040433846974162e-01
6.075566350877095101e+04 9.895560596705664791e-01
6.075566376883164776e+04 1.003589508445183354e+00
6.075566402889234450e+04 1.017249193575988642e+00
6.075566428895304125e+04 9.893088988994909183e-01
6.075566454901373800e+04 9.995597849271095070e-01
6.075566480907443474e+04 1.008858426485803594e+00
6.075566506913513149e+04 1.008784795222926745e+00
6.075566532919582824e+04 9.979691987383673135e-01
6.075566558925652498e+04 1.007686088400506552e+00
6.075566584931721445e+04 1.001521766285774495e+00
6.075566610937791120e+04 1.012562902388522978e+00
6.075566636943860794e+04 9.936737449086349150e-01
6.075566662949930469e+04 1.007695762467254674e+00
6.075566688956000144e+04 1.007579972906905041e+00
6.075566714962069818e+04 1.004167717533348991e+00
6.075566740968139493e+04 9.952396017553954977e-01
6.075566766974209168e+04 1.003253324639798771e+00
6.075566792980278115e+04 1.030152073370935062e+00
6.075566818986347789e+04 1.001419614924790258e+00
6.075566844992417464e+04 1.005065458252458077e+00
6.075566870998487866e+04 1.006957387330394971e+00
6.075566897004557541e+04 1.006928795119573339e+00
6.075566923010626488e+04 9.976762656114023242e-01
6.075566949016696162e+04 1.008070532648159823e+00
6.075566975022765837e+04 1.007189295068774193e+00
6.075567001028834784e+04 9.959300346388030301e-01
6.075567027034905186e+04 9.999570485157649458e-01
6.075567053040974133e+04 9.940551719604608927e-01
6.075567079047044535e+04 9.949320658958210606e-01
6.075567105053114210e+04 1.005433424956468702e+00
6.075567131059183157e+04 9.969320832509349639e-01
6.075567157065252832e+04 1.004016828460829069e+00
6.075567183071322506e+04 1.004750371768207806e+00
6.075567209077392181e+04 1.005488999666361405e+00
6.075567235083461856e+04 1.005103991030668498e+00
6.075567261089531530e+04 1.005548127609894760e+00
6.075567287095601205e+04 1.009730438107991013e+00
6.075567313101670879e+04 1.007210921486616284e+00
6.075567339107740554e+04 1.010421138283018383e+00
6.075567365113810229e+04 1.002705460133483717e+00
6.075567391119879176e+04 1.007031769897952955e+00
6.075567417125948850e+04 9.975092063631857409e-01
6.075567443132019253e+04 1.000296701753548456e+00
6.075567469138088200e+04 1.002403302724865108e+00
6.075567495144157874e+04 1.007951329850292232e+00
6.075567521150227549e+04 1.002361052351639081e+00
6.075567547156297223e+04 1.004112662605338491e+00
6.075567573162366898e+04 1.000939418268574688e+00
6.075567599168436573e+04 9.950604565494776121e-01
6.075567625174506247e+04 9.997757024878075605e-01
6.075567651180575922e+04 1.003713988323734485e+00
6.075567677186645597e+04 9.891010755607309024e-01
6.075567703192715271e+04 1.003373763632716686e+00
6.075567729198784218e+04 1.001138053663479521e+00
6.075567755204853893e+04 1.003261814244019723e+00
6.075567781210924295e+04 1.007152517326217245e+00
6.075567807216993242e+04 1.007334572993794586e+00
6.075567833223062917e+04 9.929355849017093005e-01
6.075567859229132591e+04 1.006741624014855896e+00
6.075567885235202266e+04 9.981879513840773432e-01
6.075567911241271941e+04 9.960430068856716002e-01
6.075567937247341615e+04 1.005973106655790650e+00
6.075567963253411290e+04 1.008783853370938344e+00
6.075567989259480964e+04 1.006927251449589278e+00
6.075568015265550639e+04 1.002099671371906586e+00
6.075568041271620314e+04 1.004844410259841725e+00
6.075568067277689261e+04 9.939849055761543761e-01
6.075568093283759663e+04 9.969871901562180616e-01
6.075568119289829338e+04 1.012344123142821406e+00
6.075568145295898285e+04 1.002646190202253429e+00
6.075568171301968687e+04 1.006389194880130900e+00
6.075568197308037634e+04 1.004087526589534152e+00
6.075568223314107308e+04 9.974127179011024191e-01
6.075568249320177711e+04 1.005803857886345076e+00
6.075568275326246658e+04 1.008018809522240211e+00
6.075568301332316332e+04 1.004637132309412983e+00
6.075568327338386007e+04 1.001373320532002564e+00
6.075568483179301256e+04 1.011850794814422194e+00
6.075568509184680443e+04 1.009093646583383963e+00
6.075568535190059629e+04 9.902084623994463763e-01
6.075568561195438815e+04 9.950415568899969587e-01
6.075568587200818729e+04 1.002321479429472362e+00
6.075568613206199370e+04 1.000053071349644052e+00
6.075568639211578557e+04 1.005821208808556522e+00
6.075568665216957743e+04 1.001807660943797584e+00
6.075568691222336929e+04 9.952117107296453158e-01
6.075568717227716115e+04 9.956335733600931714e-01
6.075568743233096029e+04 9.932531490957678955e-01
6.075568769238475215e+04 1.003711206641749953e+00
6.075568795243854402e+04 1.014763616509510635e+00
6.075568821249233588e+04 9.966981154134127996e-01
6.075568847254613502e+04 1.003501800128399735e+00
6.075568873259992688e+04 9.999103678293493891e-01
6.075568899265372602e+04 9.905833896717608500e-01
6.075568925270752516e+04 9.957268341041753956e-01
6.075568951276131702e+04 9.999878157759533037e-01
6.075568977281511616e+04 1.007913508278099002e+00
6.075569003286890802e+04 1.002595500584915866e+00
6.075569029292269988e+04 1.008120604441827606e+00
6.075569055297649174e+04 1.003348753331913201e+00
6.075569081303029088e+04 9.939316357192146123e-01
6.075569107308408275e+04 9.974356677344297095e-01
6.075569133313787461e+04 9.981016027983511396e-01
6.075569159319166647e+04 1.002294744899276502e+00
6.075569185324547288e+04 9.937506838608954896e-01
6.075569211329927202e+04 9.953757392225791589e-01
6.075569237335306389e+04 1.002013677749803211e+00
6.075569263340685575e+04 9.930045020935360789e-01
6.075569289346064761e+04 1.000971400796638155e+00
6.075569315351444675e+04 9.963564002441137601e-01
6.075569341356823861e+04 9.882650230357858945e-01
6.075569367362203047e+04 1.006355773414462584e+00
6.075569393367582234e+04 9.974885542311852094e-01
6.075569419372962147e+04 1.007532622968395630e+00
6.075569445378341334e+04 1.001976443400819594e+00
6.075569471383720520e+04 9.961312677192974974e-01
6.075569497389100434e+04 1.004573990597896538e+00
6.075569523394481075e+04 1.003977491661272259e+00
6.075569549399860261e+04 1.002648167838280591e+00
6.075569575405239448e+04 1.012327316562908086e+00
6.075569601410618634e+04 1.000659438474529761e+00
6.075569627415998548e+04 9.946830210884239909e-01
6.075569653421377734e+04 1.003697985407318471e+00
6.075569679426756920e+04 1.005519633356337428e+00
6.075569705432136107e+04 1.009690085065006793e+00
6.075569731437516020e+04 1.005182248679188595e+00
6.075569757442895207e+04 1.007762290899039792e+00
6.075569783448274393e+04 1.006730259313874276e+00
6.075569809453654307e+04 9.941730242692857766e-01
6.075569835459034948e+04 1.006146423256272238e+00
6.075569861464414134e+04 9.928515827905689539e-01
6.075569887469793321e+04 1.004939743660946405e+00
6.075569913475172507e+04 1.008526533839246397e+00
6.075569939480552421e+04 9.930873104011828101e-01
6.075569965485931607e+04 1.004917426812728998e+00
6.075569991491310793e+04 9.833466051592194557e-01
6.075570017496689979e+04 1.002830715074689572e+00
6.075570043502069893e+04 1.006520531864992796e+00
6.075570069507449080e+04 1.004829981316399889e+00
6.075570095512828993e+04 1.006148258889099978e+00
6.075570121518208907e+04 1.012078338474810879e+00
6.075570147523588821e+04 9.989452958004447769e-01
6.075570173528968007e+04 1.000399279768212857e+00
6.075570199534347194e+04 1.007303133595259581e+00
6.075570225539727107e+04 9.911882660893035490e-01
6.075570251545106294e+04 1.004845774842159756e+00
6.075570277550485480e+04 1.011837500650133670e+00
6.075570303555864666e+04 1.003387693944318926e+00
6.075570329561244580e+04 9.998068371994806025e-01
6.075570355566623766e+04 9.967658651173787465e-01
6.075570381572002952e+04 1.006016277266410519e+00
6.075570407577382866e+04 9.956383542786189089e-01
6.075570433582763508e+04 9.943147582549961561e-01
6.075570459588142694e+04 1.006590920062053973e+00
6.075570485593521880e+04 9.934538631196041525e-01
6.075570511598901066e+04 1.002094533862517345e+00
6.075570537604280980e+04 1.002385043215558991e+00
6.075570563609660167e+04 1.002319566041587784e+00
6.075570589615039353e+04 1.008205755701143458e+00
6.075570615620419267e+04 9.936435105295827741e-01
6.075570641625798453e+04 1.009078348728792207e+00
6.075570667631177639e+04 9.996156234304334198e-01
6.075570693636557553e+04 1.008023041395904817e+00
6.075570719641938194e+04 9.977387888580405706e-01
6.075570745647317381e+04 9.955007579951034025e-01
6.075570771652696567e+04 1.003385097097420964e+00
6.075570797658076481e+04 9.963499854576023385e-01
6.075570823663455667e+04 9.996408736397087713e-01
6.075570849668834853e+04 9.964451330264810780e-01
6.075570875674214039e+04 1.002389928134093777e+00
6.075570901679593953e+04 9.997516569348182669e-01
6.075570927684973140e+04 9.987250574766119993e-01
6.075570953690352326e+04 1.009736901891935990e+00
6.075570979695732240e+04 1.003180198706410176e+00
6.075571005701112153e+04 1.000554473725600246e+00
6.075571031706492067e+04 9.978930871490210297e-01
6.075571057711871254e+04 9.990525784962016598e-01
6.075571083717251167e+04 1.015151018253313664e+00
6.075571109722630354e+04 1.005026245181428912e+00
6.075571135728009540e+04 9.915047359157966866e-01
6.075571161733389454e+04 1.008788666208270790e+00
6.075571187738768640e+04 1.003881085504594539e+00
6.075571213744147826e+04 1.005905807463719714e+00
6.075571239749527740e+04 1.013726641339417256e+00
6.075571265754906926e+04 9.991556930320255603e-01
6.075571291760286840e+04 1.003532356878422238e+00
6.075571317765666754e+04 1.011092042694775817e+00
6.075571474868715450e+04 9.946504812768209858e-01
6.075571500874785124e+04 1.006344665562155738e+00
6.075571526880854799e+04 1.000312485871308610e+00
6.075571552886924474e+04 9.990942913888110066e-01
6.075571578892994148e+04 9.957688907955609681e-01
6.075571604899063823e+04 9.950352303914649088e-01
6.075571630905133497e+04 1.003647321982088281e+00
6.075571656911203172e+04 9.916520061187891200e-01
6.075571682917273574e+04 9.984048337738880008e-01
6.075571708923342521e+04 9.964904542483121741e-01
6.075571734929412196e+04 9.976806349856754963e-01
6.075571760935482598e+04 9.912976260205974555e-01
6.075571786941552273e+04 1.008180106400438980e+00
6.075571812947621947e+04 1.002435704851327491e+00
6.075571838953690894e+04 1.013149056244045498e+00
6.075571864959761297e+04 9.983651899283298992e-01
6.075571890965830971e+04 9.971313620117417953e-01
6.075571916971899918e+04 1.013097384402096068e+00
6.075571942977970320e+04 1.008986066661816228e+00
6.075571968984039995e+04 1.000946823529953678e+00
6.075571994990109670e+04 9.938664539363810668e-01
6.075572020996180072e+04 1.010172294052344100e+00
6.075572047002249019e+04 9.979957959248151322e-01
6.075572073008318694e+04 1.000635836914949950e+00
6.075572099014388368e+04 9.979063626999014058e-01
6.075572125020458770e+04 9.967498517485874343e-01
6.075572151026528445e+04 9.968700889404090715e-01
6.075572177032597392e+04 1.006789092902399929e+00
6.075572203038667794e+04 1.003297655403700084e+00
6.075572229044737469e+04 1.001965193942634169e+00
6.075572255050806416e+04 9.915899529001438450e-01
6.075572281056877546e+04 1.003071118562147257e+00
6.075572307062946493e+04 9.986802118890634183e-01
6.075572333069016167e+04 9.913563450252921294e-01
6.075572359075086570e+04 1.008204619310693939e+00
6.075572385081155517e+04 1.002973214144354808e+00
6.075572411087225191e+04 1.007427347252646932e+00
6.075572437093294866e+04 1.007144263070341994e+00
6.075572463099365268e+04 9.982108691262790989e-01
6.075572489105434943e+04 9.939900427542480710e-01
6.075572515111503890e+04 9.905339931058334546e-01
6.075572541117574292e+04 1.005171033981949291e+00
6.075572567123643967e+04 1.006084620273111963e+00
6.075572593129713641e+04 1.000405771216340556e+00
6.075572619135784043e+04 1.009002085114725444e+00
6.075572645141852990e+04 1.000049263352074780e+00
6.075572671147922665e+04 9.973714583656664301e-01
6.075572697153993067e+04 1.001104048554178894e+00
6.075572723160062014e+04 9.928035118729775510e-01
6.075572749166131689e+04 1.001227738993270666e+00
6.075572775172202091e+04 1.013320697449571206e+00
6.075572801178271766e+04 1.008202593666989388e+00
6.075572827184341440e+04 1.003321580384406442e+00
6.075572853190411115e+04 9.931484456822755602e-01
6.075572879196480790e+04 1.001961153480526390e+00
6.075572905202550464e+04 1.011436513712778096e+00
6.075572931208620867e+04 1.004871875604302689e+00
6.075572957214690541e+04 1.000296300798748650e+00
6.075572983220759488e+04 9.992765593497018317e-01
6.075573009226829890e+04 9.943768814581209758e-01
6.075573035232899565e+04 1.001482297516684605e+00
6.075573061238968512e+04 9.928312664002455490e-01
6.075573087245038914e+04 1.009813293498276421e+00
6.075573113251108589e+04 9.989098313885556024e-01
6.075573139257178264e+04 1.007785053195807690e+00
6.075573165263248666e+04 9.995266082057548962e-01
6.075573191269317613e+04 1.000663650950266215e+00
6.075573217275387287e+04 1.007584213097059367e+00
6.075573243281457690e+04 9.882142754212961400e-01
6.075573269287527364e+04 1.004714283330987001e+00
6.075573295293597039e+04 9.987229665384496080e-01
6.075573321299666713e+04 9.992279308751988998e-01
6.075573347305736388e+04 1.003808100934732161e+00
6.075573373311806063e+04 9.992604058733887129e-01
6.075573399317875737e+04 1.002064179020025758e+00
6.075573425323946140e+04 9.948455207396859068e-01
6.075573451330015087e+04 9.917353591578299543e-01
6.075573477336085489e+04 9.925166007751536901e-01
6.075573503342155163e+04 1.006222846796390291e+00
6.075573529348224110e+04 9.952073905463851844e-01
6.075573555354294513e+04 1.001728203432461495e+00
6.075573581360364187e+04 1.014804255401443145e+00
6.075573607366434589e+04 1.006261745009566777e+00
6.075573633372504264e+04 1.010126408130683551e+00
6.075573659378573211e+04 1.003093426758596030e+00
6.075573685384643613e+04 1.000338789855813593e+00
6.075573711390713288e+04 1.005562372044277675e+00
6.075573737396782963e+04 1.000639993573277264e+00
6.075573763402853365e+04 1.001601323597068438e+00
6.075573789408922312e+04 1.007456244102006515e+00
6.075573815414991986e+04 1.000899809445872979e+00
6.075573841421062389e+04 9.972413526560586217e-01
6.075573867427131336e+04 1.006738491712354522e+00
6.075573893433201010e+04 9.938077129434882417e-01
6.075573919439271413e+04 1.007526422145135214e+00
6.075573945445341087e+04 1.013268051034842854e+00
6.075573971451411489e+04 9.998279790556277025e-01
6.075573997457480436e+04 9.924092386113201325e-01
6.075574023463550111e+04 9.956646948545816445e-01
6.075574049469620513e+04 1.008803445334829352e+00
6.075574075475690188e+04 1.000271937489598750e+00
6.075574101481759863e+04 1.014810021787422967e+00
6.075574127487829537e+04 1.000791961809711195e+00
6.075574153493899212e+04 1.000686733542782481e+00
6.075574179499969614e+04 1.000905056422083605e+00
6.075574205506038561e+04 1.005781340740900864e+00
6.075574231512108236e+04 1.003331219171928801e+00
6.075574257518178638e+04 1.003260057767345614e+00
6.075574283524248312e+04 1.004246796209962822e+00
6.075574309530317987e+04 1.002955652169504885e+00
6.075574483016229351e+04 9.967188331171510374e-01
6.075574509021608537e+04 1.009319149438259622e+00
6.075574535026989179e+04 1.005119712802764909e+00
6.075574561032369093e+04 1.007251799094654343e+00
6.075574587037748279e+04 1.001638120909330798e+00
6.075574613043128193e+04 1.005732010478525007e+00
6.075574639048507379e+04 9.955856842483857827e-01
6.075574665053887293e+04 9.910792106683684599e-01
6.075574691059266479e+04 1.004438959001331622e+00
6.075574717064645665e+04 9.999091337632142196e-01
6.075574743070025579e+04 1.007598000485905088e+00
6.075574769075404765e+04 9.998862213002828181e-01
6.075574795080784679e+04 1.008066921902980528e+00
6.075574821086163865e+04 1.009688990547760623e+00
6.075574847091544507e+04 1.012247850648682057e+00
6.075574873096924421e+04 9.992187528578332367e-01
6.075574899102303607e+04 1.003677278871369039e+00
6.075574925107683521e+04 1.002524822697141049e+00
6.075574951113062707e+04 1.009109487402633842e+00
6.075574977118442621e+04 1.005512751415896355e+00
6.075575003123821807e+04 1.001178923560910983e+00
6.075575029129201721e+04 9.997560170196845286e-01
6.075575055134580907e+04 9.962330689251664984e-01
6.075575081139960093e+04 9.899691104796711771e-01
6.075575107145340007e+04 1.005814129221816122e+00
6.075575133150719921e+04 9.991871587658412990e-01
6.075575159156100563e+04 1.013131737737018812e+00
6.075575185161479749e+04 1.008634740919308159e+00
6.075575211166859663e+04 9.989764452255481819e-01
6.075575237172238849e+04 9.932715642719786020e-01
6.075575263177618035e+04 1.011334132051216361e+00
6.075575289182997949e+04 9.995143282977789756e-01
6.075575315188377135e+04 1.001826293391435252e+00
6.075575341193757049e+04 1.026079325207458703e+00
6.075575367199136235e+04 1.001395003626758262e+00
6.075575393204516149e+04 1.006722879713023433e+00
6.075575419209895335e+04 1.001012145957621335e+00
6.075575445215275249e+04 9.885076468643867464e-01
6.075575471220655891e+04 1.005956893074999803e+00
6.075575497226035077e+04 1.004748346023947692e+00
6.075575523231414991e+04 9.981520979395697157e-01
6.075575549236794177e+04 1.015089518142077818e+00
6.075575575242174091e+04 1.000738002035516994e+00
6.075575601247553277e+04 1.008945721977552612e+00
6.075575627252933191e+04 9.990931183396890569e-01
6.075575653258312377e+04 1.006548426518317330e+00
6.075575679263691563e+04 9.998718553830098221e-01
6.075575705269071477e+04 9.957395237916346620e-01
6.075575731274451391e+04 9.946008545939403200e-01
6.075575757279832033e+04 1.002663685185716025e+00
6.075575783285211219e+04 1.000885825033575482e+00
6.075575809290591133e+04 9.904596009069349671e-01
6.075575835295970319e+04 1.006771083910248832e+00
6.075575861301350233e+04 1.005529718595336020e+00
6.075575887306729419e+04 9.994463791620067372e-01
6.075575913312109333e+04 9.956638849687722281e-01
6.075575939317488519e+04 1.007848494357226121e+00
6.075575965322867705e+04 1.007215546591302413e+00
6.075575991328247619e+04 1.003415131363649904e+00
6.075576017333626805e+04 1.002201017609749334e+00
6.075576043339007447e+04 9.968691893642347424e-01
6.075576069344387361e+04 9.995673751773954674e-01
6.075576095349767274e+04 9.961632830768578639e-01
6.075576121355146461e+04 9.935891181428098129e-01
6.075576147360526375e+04 9.997335057778995449e-01
6.075576173365905561e+04 1.000186181883307990e+00
6.075576199371285475e+04 9.990279077020279841e-01
6.075576225376664661e+04 9.979497418604278414e-01
6.075576251382044575e+04 1.003514923613178178e+00
6.075576277387423761e+04 9.959173731690940112e-01
6.075576303392802947e+04 9.933023060116383807e-01
6.075576329398183589e+04 9.996479054474517456e-01
6.075576355403563502e+04 9.937518346903130295e-01
6.075576381408943416e+04 1.004329957188114797e+00
6.075576407414322603e+04 9.888366762846462210e-01
6.075576433419702516e+04 1.005643386590934218e+00
6.075576459425081703e+04 1.008840746300061486e+00
6.075576485430461616e+04 9.920737287052803222e-01
6.075576511435840803e+04 1.007710053949899764e+00
6.075576537441220717e+04 1.001715517691839530e+00
6.075576563446599903e+04 1.001217394826420470e+00
6.075576589451979817e+04 9.968673180808524936e-01
6.075576615457359003e+04 1.005203919769741328e+00
6.075576641462739644e+04 9.979627350537368935e-01
6.075576667468119558e+04 1.006770169475226906e+00
6.075576693473499472e+04 1.000415800671598410e+00
6.075576719478878658e+04 9.980103734497014489e-01
6.075576745484258572e+04 1.012270813247087009e+00
6.075576771489637758e+04 1.015481422541161916e+00
6.075576797495017672e+04 1.000502252693897587e+00
6.075576823500396858e+04 9.944610042941041117e-01
6.075576849505776045e+04 1.005375261215369243e+00
6.075576875511155959e+04 1.003988450291686485e+00
6.075576901516535145e+04 9.995304201995816040e-01
6.075576927521915786e+04 1.006840970053966444e+00
6.075576953527295700e+04 9.938728721280299938e-01
6.075576979532675614e+04 1.000551357842380584e+00
6.075577005538054800e+04 9.924415566867262894e-01
6.075577031543434714e+04 1.005117679712851597e+00
6.075577057548813900e+04 1.007038758092741348e+00
6.075577083554193814e+04 1.000426540756558902e+00
6.075577109559573000e+04 9.918767539995890781e-01
6.075577135564952914e+04 9.985769263928159223e-01
6.075577161570332100e+04 1.006252295972956068e+00
6.075577187575712014e+04 1.000581462861446447e+00
6.075577213581091200e+04 1.002739959227698652e+00
6.075577239586471842e+04 9.933613037686360725e-01
6.075577265591851756e+04 9.986483349540884458e-01
6.075577291597231670e+04 9.947641298863187931e-01
6.075577317602610856e+04 1.011495341757233657e+00
