6.075547523418369383e+04 9.990214242367045916e-01
6.075547549424438330e+04 9.967812460344472880e-01
6.075547575430508005e+04 1.004561831576716857e+00
6.075547601436576224e+04 1.007565725978684767e+00
6.075547627442645899e+04 9.937563899299561854e-01
6.075547653448714846e+04 9.768555729942193233e-01
6.075547679454784520e+04 9.966425814920235604e-01
6.075547705460853467e+04 9.946442161850309605e-01
6.075547731466922414e+04 1.003956764961295489e+00
6.075547757472991361e+04 9.990336774238360862e-01
6.075547783479061036e+04 1.006949129378363228e+00
6.075547809485129255e+04 9.924733649505198541e-01
6.075547835491198930e+04 9.947028514772470187e-01
6.075547861497267877e+04 1.001794830882434484e+00
6.075547887503337552e+04 9.978979333235402649e-01
6.075547913509406499e+04 1.006436128639032646e+00
6.075547939515475446e+04 9.996942452079055075e-01
6.075547965521544393e+04 1.008114218098490333e+00
6.075547991527614067e+04 9.928373594649385625e-01
6.075548017533683014e+04 1.004345297428221873e+00
6.075548043539752689e+04 9.961137916360914835e-01
6.075548069545820908e+04 1.010008157384310046e+00
6.075548095551890583e+04 9.972482077209148255e-01
6.075548121557959530e+04 9.976569230909725361e-01
6.075548147564028477e+04 9.988022476002995642e-01
6.075548173570098152e+04 9.944655967357401982e-01
6.075548199576167099e+04 9.883442990198219036e-01
6.075548225582236773e+04 9.989227102306963424e-01
6.075548251588305720e+04 9.974346546918620993e-01
6.075548277594374667e+04 9.976962060567503565e-01
6.075548303600443614e+04 1.001760914923481849e+00
6.075548329606513289e+04 9.973742042476035907e-01
6.075548355612582236e+04 9.971832225745657086e-01
6.075548381618651911e+04 9.970916117007411206e-01
6.075548407624720130e+04 9.915597841005479030e-01
6.075548433630789805e+04 9.961474089002524401e-01
6.075548459636858752e+04 9.957904486327970872e-01
6.075548485642928426e+04 9.989589698588562383e-01
6.075548511648997373e+04 9.985439489392061718e-01
6.075548537655066320e+04 9.922802457451085356e-01
6.075548563661135267e+04 1.004622964079280534e+00
6.075548589667204942e+04 9.942781751970809490e-01
6.075548615673273162e+04 1.001203824670684028e+00
6.075548641679342836e+04 1.009836580832169428e+00
6.075548667685411783e+04 9.972319989779362404e-01
6.075548693691481458e+04 9.949228597193551238e-01
6.075548719697551132e+04 9.882947152705705562e-01
6.075548745703619352e+04 1.000796031310977385e+00
6.075548771709689026e+04 1.002194812458714779e+00
6.075548797715757973e+04 1.002921216404786042e+00
6.075548823721827648e+04 1.000171358923642062e+00
6.075548849727896595e+04 9.974436058844748931e-01
6.075548875733965542e+04 9.929653430257435742e-01
6.075548901740034489e+04 1.006503286202110159e+00
6.075548927746104164e+04 9.980252266768161462e-01
6.075548953752172383e+04 1.017959207622549878e+00
6.075548979758242058e+04 9.980058657728562155e-01
6.075549005764311732e+04 9.956394855245236375e-01
6.075549031770380680e+04 9.987526623847743368e-01
6.075549057776450354e+04 9.981926146853506987e-01
6.075549083782518574e+04 1.003419448373806366e+00
6.075549109788588248e+04 9.954798855633026911e-01
6.075549135794657195e+04 1.000919076246600037e+00
6.075549161800726870e+04 1.002095445489355807e+00
6.075549187806795817e+04 1.005299322657341010e+00
6.075549213812864764e+04 9.911720396252482468e-01
6.075549239818933711e+04 9.951473794251776139e-01
6.075549265825003386e+04 1.010449667515779026e+00
6.075549291831072333e+04 1.003935908912962249e+00
6.075549317837142007e+04 9.996041719056993902e-01
6.075549343843210954e+04 9.965197147321599447e-01
6.075549369849279901e+04 1.018772181530825938e+00
6.075549395855349576e+04 1.010673722779699135e+00
6.075549421861417795e+04 9.994616267510960661e-01
6.075549447867487470e+04 1.001140347871506853e+00
6.075549473873556417e+04 9.975803459552452512e-01
6.075549499879626092e+04 1.013099372719888258e+00
6.075549525885695766e+04 9.921186319951562638e-01
6.075549551891763986e+04 9.964654704138828922e-01
6.075549577897833660e+04 1.002073643219983712e+00
6.075549603903902607e+04 9.966411728169576323e-01
6.075549629909972282e+04 1.005731989990293673e+00
6.075549655916041229e+04 9.970561059256340952e-01
6.075549681922110176e+04 1.002452142105818789e+00
6.075549707928179851e+04 9.970109783717557850e-01
6.075549733934248798e+04 1.003586292986030193e+00
6.075549759940317745e+04 9.932348290991633855e-01
6.075549785946386692e+04 1.011018092320433048e+00
6.075549811952456366e+04 1.003437619072639730e+00
6.075549837958525313e+04 9.907713564702822495e-01
6.075549863964594988e+04 1.002252045479628650e+00
6.075549889970663935e+04 1.006344468689309712e+00
6.075549915976732882e+04 1.000787805796385266e+00
6.075549941982802557e+04 1.005899735595183975e+00
6.075549967988871504e+04 1.004609735364600187e+00
6.075549993994941178e+04 1.009618861837568993e+00
6.075550020001009398e+04 1.002834473834551376e+00
6.075550046007079072e+04 9.971837959703212517e-01
6.075550072013148747e+04 1.004823574998754854e+00
6.075550098019216966e+04 1.004627456462868551e+00
6.075550124025286641e+04 9.989883592721966465e-01
6.075550150031355588e+04 9.989500171508388648e-01
6.075550176037425263e+04 9.971341854530558768e-01
6.075550202043494210e+04 9.996489345928740722e-01
6.075550228049563157e+04 9.869861225773702840e-01
6.075550254055632831e+04 9.935503317255293121e-01
6.075550280061701778e+04 9.914877266816229939e-01
6.075550306067771453e+04 9.956388967274638624e-01
6.075550332073840400e+04 9.934791221019714236e-01
6.075550358079909347e+04 9.997356461144110140e-01
6.075550513883041276e+04 9.979135004094704664e-01
6.075550539889110951e+04 1.000977833607454848e+00
6.075550565895179898e+04 9.968484995215270983e-01
6.075550591901248845e+04 9.985844023638147382e-01
6.075550617907318519e+04 9.944293498403456999e-01
6.075550643913387466e+04 1.002615640444724843e+00
6.075550669919457141e+04 1.006196825391149297e+00
6.075550695925526088e+04 9.924521461146728063e-01
6.075550721931595035e+04 1.007579823309838973e+00
6.075550747937664710e+04 9.944311736912430089e-01
6.075550773943733657e+04 1.006482280685015551e+00
6.075550799949803331e+04 9.976738401144610302e-01
6.075550825955872278e+04 1.004792814425162772e+00
6.075550851961941225e+04 9.995682533133870562e-01
6.075550877968010900e+04 1.004892240890050026e+00
6.075550903974079847e+04 9.974821271737306372e-01
6.075550929980148794e+04 9.962952286258818235e-01
6.075550955986217741e+04 1.013250554011766447e+00
6.075550981992287416e+04 9.943729332236779239e-01
6.075551007998357090e+04 9.984527111644808661e-01
6.075551034004426037e+04 9.918100301921207729e-01
6.075551060010494984e+04 9.959765387132646364e-01
6.075551086016564659e+04 9.903374491443283079e-01
6.075551112022633606e+04 1.008886182485616567e+00
6.075551138028703281e+04 1.002489060659216058e+00
6.075551164034772228e+04 1.004239857292018812e+00
6.075551190040841175e+04 1.000528968128564955e+00
6.075551216046910849e+04 9.836832057227276049e-01
6.075551242052979796e+04 9.962289869449606483e-01
6.075551268059049471e+04 9.989271109583209851e-01
6.075551294065118418e+04 1.006756569737269791e+00
6.075551320071187365e+04 9.947410088716386323e-01
6.075551346077257040e+04 1.009410069087674611e+00
6.075551372083325987e+04 1.006380813629579762e+00
6.075551398089394934e+04 9.981925179760745559e-01
6.075551424095464608e+04 1.013626183032341643e+00
6.075551450101533555e+04 1.007532878600247983e+00
6.075551476107603230e+04 9.901123528886891512e-01
6.075551502113672177e+04 9.920512965189993704e-01
6.075551528119741124e+04 1.007397725177155756e+00
6.075551554125810799e+04 1.001439131078688094e+00
6.075551580131879746e+04 9.949647551412240665e-01
6.075551606137949420e+04 9.970367420788147639e-01
6.075551632144019095e+04 9.933272405811340855e-01
6.075551658150087314e+04 9.941491649365861161e-01
6.075551684156156989e+04 9.896360241515496092e-01
6.075551710162226664e+04 1.001520579233241781e+00
6.075551736168294883e+04 1.004000407816132423e+00
6.075551762174364558e+04 9.918512532310682639e-01
6.075551788180433505e+04 1.003010277834235353e+00
6.075551814186503179e+04 1.000199817467419816e+00
6.075551840192572854e+04 9.918547770144474640e-01
6.075551866198641073e+04 9.934124816503824285e-01
6.075551892204710748e+04 9.970288347866157475e-01
6.075551918210780423e+04 9.967919835169419818e-01
6.075551944216849370e+04 9.992836214197557965e-01
6.075551970222919044e+04 1.001117117339775486e+00
6.075551996228987991e+04 9.855621845488146127e-01
6.075552022235056938e+04 9.868270389845968937e-01
6.075552048241126613e+04 9.940278242960300936e-01
6.075552074247194832e+04 9.865298753538302989e-01
6.075552100253265235e+04 9.983646449202164819e-01
6.075552126259334182e+04 1.000670071569622399e+00
6.075552152265403129e+04 9.917704751717628664e-01
6.075552178271472803e+04 9.988631524965911890e-01
6.075552204277541750e+04 9.832304801020160800e-01
6.075552230283610697e+04 9.931797503243171565e-01
6.075552256289680372e+04 1.000655169486177831e+00
6.075552282295750047e+04 9.930281917989050022e-01
6.075552308301818994e+04 9.922084214168480631e-01
6.075552334307887941e+04 9.959892272610525454e-01
6.075552360313957615e+04 9.937853349245830969e-01
6.075552386320026562e+04 1.004258025490657902e+00
6.075552412326096237e+04 1.000102867284388575e+00
6.075552438332165912e+04 9.895298553450163626e-01
6.075552464338234131e+04 9.946620561431891439e-01
6.075552490344303806e+04 9.993787681057583194e-01
6.075552516350373480e+04 9.969643027405432623e-01
6.075552542356441700e+04 9.957909056845647422e-01
6.075552568362511374e+04 1.001937350654905634e+00
6.075552594368581049e+04 9.944841325006067434e-01
6.075552620374649996e+04 9.956105262739980422e-01
6.075552646380719671e+04 9.980631970591495872e-01
6.075552672386788618e+04 9.995161067694100510e-01
6.075552698392857565e+04 9.883187204276058235e-01
6.075552724398927239e+04 9.908704969122836825e-01
6.075552750404996914e+04 9.992578602039421387e-01
6.075552776411065861e+04 1.006876994574525064e+00
6.075552802417134808e+04 9.843555016201411823e-01
6.075552828423204483e+04 9.897181195732860370e-01
6.075552854429273430e+04 9.925703994088956872e-01
6.075552880435342377e+04 9.953212842199874455e-01
6.075552906441412051e+04 9.943128208175604499e-01
6.075552932447480998e+04 9.890672740532577834e-01
6.075552958453550673e+04 9.719647766399571731e-01
6.075552984459620347e+04 9.967377587077590473e-01
6.075553010465688567e+04 1.001805716497689236e+00
6.075553036471758242e+04 9.905490964279551891e-01
6.075553062477827916e+04 9.816690138763687346e-01
6.075553088483896863e+04 9.956462152417641098e-01
6.075553114489966538e+04 9.934675769937956202e-01
6.075553140496035485e+04 9.902080651547581214e-01
6.075553166502104432e+04 9.906332410406172295e-01
6.075553192508174106e+04 1.009223597825887886e+00
6.075553218514243054e+04 9.965896193022322214e-01
6.075553244520312728e+04 9.957094891466284903e-01
6.075553270526381675e+04 9.867081296170467919e-01
6.075553296532451350e+04 9.895061482635610917e-01
6.075553322538520297e+04 9.990401735131129168e-01
6.075553348544589244e+04 9.866237736332371666e-01
6.075553503087646095e+04 9.859163517486086992e-01
6.075553529093715770e+04 9.916980372291990253e-01
6.075553555099784717e+04 9.969476592439636686e-01
6.075553581105853664e+04 9.966450687231138694e-01
6.075553607111923338e+04 9.876206904945618037e-01
6.075553633117992285e+04 9.959887058202366861e-01
6.075553659124061960e+04 9.928428293969462359e-01
6.075553685130131635e+04 9.941174428079675440e-01
6.075553711136199854e+04 1.005225102438895846e+00
6.075553737142269529e+04 9.988775530200546537e-01
6.075553763148339203e+04 9.912017156465530165e-01
6.075553789154408878e+04 9.961548017552557255e-01
6.075553815160477825e+04 1.002082398424481102e+00
6.075553841166546772e+04 9.915836532316960605e-01
6.075553867172616447e+04 9.882235058922255178e-01
6.075553893178685394e+04 9.973300698087486094e-01
6.075553919184754341e+04 9.908665870961926858e-01
6.075553945190824015e+04 9.885963339960452956e-01
6.075553971196892962e+04 9.945298423887152239e-01
6.075553997202962637e+04 1.003890820502831183e+00
6.075554023209032312e+04 9.926405220675099672e-01
6.075554049215101259e+04 9.965551193639857752e-01
6.075554075221170206e+04 9.875656442603417684e-01
6.075554101227239880e+04 9.934913630543604768e-01
6.075554127233309555e+04 9.967249347270309423e-01
6.075554153239378502e+04 9.861949362801190055e-01
6.075554179245447449e+04 9.899787093627717693e-01
6.075554205251517124e+04 9.979312642916764453e-01
6.075554231257586798e+04 9.910139364739588563e-01
6.075554257263655018e+04 1.007034216623253098e+00
6.075554283269725420e+04 9.997720187017430371e-01
6.075554309275794367e+04 1.001713883169726982e+00
6.075554335281863314e+04 9.951652407795763544e-01
6.075554361287932988e+04 9.946418626103022964e-01
6.075554387294001936e+04 1.000785182313701505e+00
6.075554413300071610e+04 9.929337142596368349e-01
6.075554439306140557e+04 9.921249266829941238e-01
6.075554465312210232e+04 9.920212535976073998e-01
6.075554491318279906e+04 9.919337054882255700e-01
6.075554517324348853e+04 1.004930402425599612e+00
6.075554543330417800e+04 9.934291228403062668e-01
6.075554569336487475e+04 9.897368025798355395e-01
6.075554595342557150e+04 9.864985241488596346e-01
6.075554621348626097e+04 9.989671827630657308e-01
6.075554647354695044e+04 9.944790012639662669e-01
6.075554673360764718e+04 1.004359967682726840e+00
6.075554699366834393e+04 9.938204059086344078e-01
6.075554725372902612e+04 9.889769139317304836e-01
6.075554751378972287e+04 1.002871014729360910e+00
6.075554777385041962e+04 9.974400369207110373e-01
6.075554803391111636e+04 9.975747969471763232e-01
6.075554829397180583e+04 1.001969351330322722e+00
6.075554855403249530e+04 9.963435337746930909e-01
6.075554881409319205e+04 1.004790121759855825e+00
6.075554907415388152e+04 9.993982277574406936e-01
6.075554933421457827e+04 9.980730356542886206e-01
6.075554959427527501e+04 9.889580661448715837e-01
6.075554985433596448e+04 9.999528913324170487e-01
6.075555011439665395e+04 9.956973764839619490e-01
6.075555037445735070e+04 1.002176616495497052e+00
6.075555063451804017e+04 1.001157267246060245e+00
6.075555089457873692e+04 9.995146785430778502e-01
6.075555115463942639e+04 9.911928265503684443e-01
6.075555141470012313e+04 9.989651714869404175e-01
6.075555167476081988e+04 9.969008720539771495e-01
6.075555193482150935e+04 9.929318179129911215e-01
6.075555219488219882e+04 9.957456911986426462e-01
6.075555245494289557e+04 9.931402080309837954e-01
6.075555271500359231e+04 9.921466307783816108e-01
6.075555297506428906e+04 9.931586065462216784e-01
6.075555323512497125e+04 9.996866957880247151e-01
6.075555349518566800e+04 9.997585193995115471e-01
6.075555375524636474e+04 9.966473882512976168e-01
6.075555401530705421e+04 1.000478655778481274e+00
6.075555427536775096e+04 9.933355029778174750e-01
6.075555453542844043e+04 9.945437395383454060e-01
6.075555479548913718e+04 9.973483370315571195e-01
6.075555505554983392e+04 9.998634532384564899e-01
6.075555531561051612e+04 9.887322539629419538e-01
6.075555557567121286e+04 9.900088962575921414e-01
6.075555583573190961e+04 1.003027992110079536e+00
6.075555609579260636e+04 1.004726180925042733e+00
6.075555635585329583e+04 9.839017756291761341e-01
6.075555661591398530e+04 9.988960685780268189e-01
6.075555687597468204e+04 9.927125401405133553e-01
6.075555713603537879e+04 9.992321655763776178e-01
6.075555739609607554e+04 9.969963489052184880e-01
6.075555765615676501e+04 9.965079765536523082e-01
6.075555791621745448e+04 1.001752093786627107e+00
6.075555817627815122e+04 1.001022340468344929e+00
6.075555843633884797e+04 9.891923305612801975e-01
6.075555869639953016e+04 1.008230181692720828e+00
6.075555895646022691e+04 9.986953914899233675e-01
6.075555921652092366e+04 9.969563815223435599e-01
6.075555947658162040e+04 9.933413375570879777e-01
6.075555973664230987e+04 9.895586073851962983e-01
6.075555999670299934e+04 1.001260255587051784e+00
6.075556025676369609e+04 1.000835376429464629e+00
6.075556051682439283e+04 9.965622720663669387e-01
6.075556077688508958e+04 9.977869920394030201e-01
6.075556103694577905e+04 9.961358513730937947e-01
6.075556129700646852e+04 1.001946939523478575e+00
6.075556155706716527e+04 1.000214882456976984e+00
6.075556181712786201e+04 1.002011511268880550e+00
6.075556207718854421e+04 9.966023247079776048e-01
6.075556233724924095e+04 1.007126091949743563e+00
6.075556259730993770e+04 1.000677247985493068e+00
6.075556285737063445e+04 1.004931320193714894e+00
6.075556311743133119e+04 9.996094943593265558e-01
6.075556337749201339e+04 1.004380983324808074e+00
6.075556504896522529e+04 1.008552311641948140e+00
6.075556530902591476e+04 1.007170623801305842e+00
6.075556556908661150e+04 9.907166492431545013e-01
6.075556582914730097e+04 1.001448165925089562e+00
6.075556608920799772e+04 1.002253656934031234e+00
6.075556634926869447e+04 9.991048175349328542e-01
6.075556660932938394e+04 1.005956136804776468e+00
6.075556686939008068e+04 1.001373296058946982e+00
6.075556712945077015e+04 1.011187011493825283e+00
6.075556738951146690e+04 9.920854465376003350e-01
6.075556764957216365e+04 1.005817466467261445e+00
6.075556790963285312e+04 1.020205527697433778e+00
6.075556816969354986e+04 9.875139964543306892e-01
6.075556842975423933e+04 1.011904276213612563e+00
6.075556868981492880e+04 9.980332752639894389e-01
6.075556894987563282e+04 1.000638214201413856e+00
6.075556920993632230e+04 1.011486879729371235e+00
6.075556946999701904e+04 1.002405603454381122e+00
6.075556973005770851e+04 9.996169275783709507e-01
6.075556999011839798e+04 1.000482539217399491e+00
6.075557025017909473e+04 1.019986563988970696e+00
6.075557051023979147e+04 1.003494293698735884e+00
6.075557077030048822e+04 1.007645889456136867e+00
6.075557103036117769e+04 1.001747356116060139e+00
6.075557129042186716e+04 1.006760238155752551e+00
6.075557155048256391e+04 1.005801492455912216e+00
6.075557181054326065e+04 9.994568503380121260e-01
6.075557207060395740e+04 1.007535388530225617e+00
6.075557233066464687e+04 9.917380546113778728e-01
6.075557259072533634e+04 9.979662101683450803e-01
6.075557285078603309e+04 9.978444559052704887e-01
6.075557311084672983e+04 9.996590841467674071e-01
6.075557337090741930e+04 1.007458176891145252e+00
6.075557363096811605e+04 1.007801274932143665e+00
6.075557389102880552e+04 9.994155506393294086e-01
6.075557415108950227e+04 9.973927123312441578e-01
6.075557441115019901e+04 1.003081308472289823e+00
6.075557467121088848e+04 1.006971522302219313e+00
6.075557493127158523e+04 1.006816577664297885e+00
6.075557519133227470e+04 9.986493780559737576e-01
6.075557545139297144e+04 9.962403913912055708e-01
6.075557571145366819e+04 1.008036129829689376e+00
6.075557597151435766e+04 1.002374567692917884e+00
6.075557623157505441e+04 1.004219932341449129e+00
6.075557649163575115e+04 1.010778845081519828e+00
6.075557675169643335e+04 1.007640641342231858e+00
6.075557701175713009e+04 1.002706066092845960e+00
6.075557727181782684e+04 1.005511414371318191e+00
6.075557753187852359e+04 1.015945977965155400e+00
6.075557779193922033e+04 9.995310139660132931e-01
6.075557805199990980e+04 1.011261897519877495e+00
6.075557831206059927e+04 1.008906999100784185e+00
6.075557857212129602e+04 1.008177028485401472e+00
6.075557883218199277e+04 1.009824103284813868e+00
6.075557909224268951e+04 1.008990332671793277e+00
6.075557935230337898e+04 1.003915570419824599e+00
6.075557961236407573e+04 1.002928689148919306e+00
6.075557987242476520e+04 1.009122815633296089e+00
6.075558013248546195e+04 9.942939602130549392e-01
6.075558039254615869e+04 1.003498568216018239e+00
6.075558065260684816e+04 1.006402321684409795e+00
6.075558091266754491e+04 1.002406376438856883e+00
6.075558117272824165e+04 9.944228692955865423e-01
6.075558143278892385e+04 1.005646461614777110e+00
6.075558169284962059e+04 1.014786859540511843e+00
6.075558195291031734e+04 1.010130233808828493e+00
6.075558221297101409e+04 1.002229288218314140e+00
6.075558247303171083e+04 1.009758048820763143e+00
6.075558273309240030e+04 1.011374907108370191e+00
6.075558299315309705e+04 1.010974937665221729e+00
6.075558325321378652e+04 1.005285198192181317e+00
6.075558351327448327e+04 9.983353681423079440e-01
6.075558377333518001e+04 1.000612466426705316e+00
6.075558403339586948e+04 1.007943763388930991e+00
6.075558429345656623e+04 9.971433079084706108e-01
6.075558455351726298e+04 1.023079701541121711e+00
6.075558481357794517e+04 1.014095264187249157e+00
6.075558507363864192e+04 1.001640782185823975e+00
6.075558533369933866e+04 1.010429347883188944e+00
6.075558559376003541e+04 9.926674367339936023e-01
6.075558585382073215e+04 9.997783666025024107e-01
6.075558611388142162e+04 1.012997651690497047e+00
6.075558637394211837e+04 1.005999281958654956e+00
6.075558663400280784e+04 1.002780192964461969e+00
6.075558689406350459e+04 1.003881930624380248e+00
6.075558715412420133e+04 1.011826459674794565e+00
6.075558741418489080e+04 1.011689617821356357e+00
6.075558767424558755e+04 9.932402904966041168e-01
6.075558793430628430e+04 1.003465545977545226e+00
6.075558819436697377e+04 1.003506408704365471e+00
6.075558845442767051e+04 1.005355382178743096e+00
6.075558871448835998e+04 1.000369062978433865e+00
6.075558897454905673e+04 1.010209309125418287e+00
6.075558923460975348e+04 1.006559286964216593e+00
6.075558949467044295e+04 1.003100589952935051e+00
6.075558975473113969e+04 1.011651327862116867e+00
6.075559001479183644e+04 9.973036770181951116e-01
6.075559027485253318e+04 9.981622234350014944e-01
6.075559053491322265e+04 1.002925423257458926e+00
6.075559079497391212e+04 1.006068250395944164e+00
6.075559105503460887e+04 1.007314184569571891e+00
6.075559131509530562e+04 1.000820982279583493e+00
6.075559157515600236e+04 1.003518816568875538e+00
6.075559183521669911e+04 9.975378506015063484e-01
6.075559209527738858e+04 1.004027499757307318e+00
6.075559235533808533e+04 9.987402323939543747e-01
6.075559261539877480e+04 1.009781386071140430e+00
6.075559287545946427e+04 1.002306282458952147e+00
6.075559313552016101e+04 1.009061186156348100e+00
6.075559339558085776e+04 1.014960270767098161e+00
6.075559494101491873e+04 9.993845333234029349e-01
6.075559520107561548e+04 1.005983111606650215e+00
6.075559546113631222e+04 1.010741429504676825e+00
6.075559572119700897e+04 1.006297836027226555e+00
6.075559598125769844e+04 9.953942946118370383e-01
6.075559624131839519e+04 1.009360364802422971e+00
6.075559650137908466e+04 9.884754035147403917e-01
6.075559676143977413e+04 9.954439551794213026e-01
6.075559702150047087e+04 1.002083600560947252e+00
6.075559728156116762e+04 9.984993384129399185e-01
6.075559754162186437e+04 1.000176886779379881e+00
6.075559780168256111e+04 1.004531222534013502e+00
6.075559806174325058e+04 9.951563881493091790e-01
6.075559832180394733e+04 9.994319206835369229e-01
6.075559858186464407e+04 1.002554069238491108e+00
6.075559884192533355e+04 9.956101056834744112e-01
6.075559910198603029e+04 1.009859158275389968e+00
6.075559936204671976e+04 9.871468397428696528e-01
6.075559962210741651e+04 1.010851082879839602e+00
6.075559988216811325e+04 1.003431325039567668e+00
6.075560014222880272e+04 9.967698032836965760e-01
6.075560040228950675e+04 9.892830803022700792e-01
6.075560066235019622e+04 1.005493943442788307e+00
6.075560092241089296e+04 1.010173087769725031e+00
6.075560118247158971e+04 1.003847467491030265e+00
6.075560144253227918e+04 1.004584251740734846e+00
6.075560170259296865e+04 1.004353315903336874e+00
6.075560196265366540e+04 1.002966788220922112e+00
6.075560222271436214e+04 1.004366847302856858e+00
6.075560248277505889e+04 1.011872605123008917e+00
6.075560274283574836e+04 1.001670427419916187e+00
6.075560300289644510e+04 1.000658928956090987e+00
6.075560326295714185e+04 9.963741609032866764e-01
6.075560352301783860e+04 1.001883506568561177e+00
6.075560378307853534e+04 1.000503379298440576e+00
6.075560404313922481e+04 1.004198930812739698e+00
6.075560430319992156e+04 1.002029563347029750e+00
6.075560456326061831e+04 1.002018949560038896e+00
6.075560482332130050e+04 1.000357841699810457e+00
6.075560508338199725e+04 9.946688513240764529e-01
6.075560534344269399e+04 9.929306717610228983e-01
6.075560560350339074e+04 9.921318618806884704e-01
6.075560586356408749e+04 1.002106503433645379e+00
6.075560612362477696e+04 9.948000066638361671e-01
6.075560638368547370e+04 1.002373597983221787e+00
6.075560664374617045e+04 1.004027492514363296e+00
6.075560690380686719e+04 9.888135706925044177e-01
6.075560716386756394e+04 9.970672064965034886e-01
6.075560742392825341e+04 9.953751161003735470e-01
6.075560768398895016e+04 1.003948872393459757e+00
6.075560794404964690e+04 9.932364660710913951e-01
6.075560820411032910e+04 9.953498490975791757e-01
6.075560846417102584e+04 9.965964319940640026e-01
6.075560872423172259e+04 9.989307862761460655e-01
6.075560898429241934e+04 9.984975589379820882e-01
6.075560924435311608e+04 9.885544424874916913e-01
6.075560950441380555e+04 1.004709256063170297e+00
6.075560976447450230e+04 1.002950635590156292e+00
6.075561002453519905e+04 1.002490050296360291e+00
6.075561028459589579e+04 9.972618528281679273e-01
6.075561054465659254e+04 1.000374212275627173e+00
6.075561080471728201e+04 9.981804924642515564e-01
6.075561106477797875e+04 9.992826820171312185e-01
6.075561132483867550e+04 1.000030137644332573e+00
6.075561158489937225e+04 1.004808034286317708e+00
6.075561184496006899e+04 9.969781291544699275e-01
6.075561210502075846e+04 9.973427375585450783e-01
6.075561236508144793e+04 1.004981917532426827e+00
6.075561262514214468e+04 9.959145745303262798e-01
6.075561288520283415e+04 1.000655921687924055e+00
6.075561314526353090e+04 9.978392854447957205e-01
6.075561340532422764e+04 9.963857845552580583e-01
6.075561366538492439e+04 9.949519794465243594e-01
6.075561392544562113e+04 9.890252036330849927e-01
6.075561418550631060e+04 9.930776387876039113e-01
6.075561444556700735e+04 9.935234643944100830e-01
6.075561470562770410e+04 9.974467407697268362e-01
6.075561496568840084e+04 9.943212621325779876e-01
6.075561522574909759e+04 9.923039148827812461e-01
6.075561548580978706e+04 9.974196821440424188e-01
6.075561574587048381e+04 1.008362292126378179e+00
6.075561600593118055e+04 9.936041532081185679e-01
6.075561626599187002e+04 9.894263040769164519e-01
6.075561652605256677e+04 9.908320696003481975e-01
6.075561678611326352e+04 1.002687616912863122e+00
6.075561704617396026e+04 9.939040223843271793e-01
6.075561730623465701e+04 9.961476029236919771e-01
6.075561756629534648e+04 1.001958278562028015e+00
6.075561782635604322e+04 9.971413051969166830e-01
6.075561808641673269e+04 1.003372971383224677e+00
6.075561834647742944e+04 9.960737018239153029e-01
6.075561860653812619e+04 9.912963163156323088e-01
6.075561886659881566e+04 9.937830969251331137e-01
6.075561912665951240e+04 9.958041226290373915e-01
6.075561938672020915e+04 1.001942741223601940e+00
6.075561964678089862e+04 9.877733657283801483e-01
6.075561990684160264e+04 1.001829374292239727e+00
6.075562016690229211e+04 9.956778254683021911e-01
6.075562042696298886e+04 9.913534426624487361e-01
6.075562068702368560e+04 9.880053720669761397e-01
6.075562094708437508e+04 9.954932137735945652e-01
6.075562120714507182e+04 9.987488597202588414e-01
6.075562146720576857e+04 9.912215268927917489e-01
6.075562172726646531e+04 1.001024103787934383e+00
6.075562198732716206e+04 9.971647858478123183e-01
6.075562224738785153e+04 9.858291670988228450e-01
6.075562250744854828e+04 9.863454192509589769e-01
6.075562276750924502e+04 9.986480302714890733e-01
6.075562302756994177e+04 9.942859651380286934e-01
6.075562328763063852e+04 1.003454192377031928e+00
6.075562490904599690e+04 9.911925672369862328e-01
6.075562516909990518e+04 9.992538160857826757e-01
6.075562542915379890e+04 9.949414122570289232e-01
6.075562568920769263e+04 1.005571961454183594e+00
6.075562594926160091e+04 9.950289985123508263e-01
6.075562620931549463e+04 1.000932409304536863e+00
6.075562646936939564e+04 1.000635699227549136e+00
6.075562672942329664e+04 9.965039159031844340e-01
6.075562698947719036e+04 9.946609396341989928e-01
6.075562724953109864e+04 1.002332671659111663e+00
6.075562750958499237e+04 9.863758053639504197e-01
6.075562776963889337e+04 1.000354494603280742e+00
6.075562802969280165e+04 9.914244628386706948e-01
6.075562828974669537e+04 9.929916383917399836e-01
6.075562854980059637e+04 9.941447661247546641e-01
6.075562880985449738e+04 9.862469991135585090e-01
6.075562906990839110e+04 1.004351420833436093e+00
6.075562932996229938e+04 1.002352388393219496e+00
6.075562959001619311e+04 9.948982669747681307e-01
6.075562985007009411e+04 1.000764335009006301e+00
6.075563011012399511e+04 9.920046633448953433e-01
6.075563037017788884e+04 1.008454494037125393e+00
6.075563063023179711e+04 1.002284658499298375e+00
6.075563089028569084e+04 9.923304735733146087e-01
6.075563115033958456e+04 9.807973363094030228e-01
6.075563141039349284e+04 9.884150798223351186e-01
6.075563167044738657e+04 9.938209523065486550e-01
6.075563193050128757e+04 9.866772683831231960e-01
6.075563219055518857e+04 9.967524186669245445e-01
6.075563245060908230e+04 9.990607641540041328e-01
6.075563271066299058e+04 9.998231424133936507e-01
6.075563297071688430e+04 9.909824598895736747e-01
6.075563323077078530e+04 9.925576700564654464e-01
6.075563349082468631e+04 1.015776740152385171e+00
6.075563375087858003e+04 9.992135744170284051e-01
6.075563401093248831e+04 9.926365193986742552e-01
6.075563427098638203e+04 9.921778209881261246e-01
6.075563453104027576e+04 9.935058008963404408e-01
6.075563479109418404e+04 1.001504213800121335e+00
6.075563505114807776e+04 9.868767582813688932e-01
6.075563531120197877e+04 9.824966894130787720e-01
6.075563557125588704e+04 9.935273062739944372e-01
6.075563583130978077e+04 9.950514863259768417e-01
6.075563609136368905e+04 9.904031171182153814e-01
6.075563635141758277e+04 9.990790020982888153e-01
6.075563661147148377e+04 9.972199176727600811e-01
6.075563687152538478e+04 1.000179859355188494e+00
6.075563713157927850e+04 1.000405038639183397e+00
6.075563739163318678e+04 9.995908624500708939e-01
6.075563765168708051e+04 1.008561887714388483e+00
6.075563791174097423e+04 9.969281235076793424e-01
6.075563817179488251e+04 9.961331436260260075e-01
6.075563843184877624e+04 9.984466799084590338e-01
6.075563869190267724e+04 9.870632031369783732e-01
6.075563895195657824e+04 1.002249318526137412e+00
6.075563921201047197e+04 9.999244925467360989e-01
6.075563947206438024e+04 9.997253829443625284e-01
6.075563973211827397e+04 1.001321489064702641e+00
6.075563999217217497e+04 9.892157050225506287e-01
6.075564025222608325e+04 9.982451053826930654e-01
6.075564051227997697e+04 9.983028146296136773e-01
6.075564077233388525e+04 9.967377747090844231e-01
6.075564103238777898e+04 9.934017440659875797e-01
6.075564129244167270e+04 1.013854343476440212e+00
6.075564155249558098e+04 9.932999333426894006e-01
6.075564181254947471e+04 1.008195182694483494e+00
6.075564207260337571e+04 9.967167382990386182e-01
6.075564233265727671e+04 9.930293677297685750e-01
6.075564259271117044e+04 1.006345694466725282e+00
6.075564285276507871e+04 1.004712706870772632e+00
6.075564311281897244e+04 9.933239646176483806e-01
6.075564337287286617e+04 9.913425012153033178e-01
6.075564363292677444e+04 9.995160183305982216e-01
6.075564389298066817e+04 9.925565495305846975e-01
6.075564415303458372e+04 1.015380036536216890e+00
6.075564441308847745e+04 9.952814320771571355e-01
6.075564467314237118e+04 9.987380199204648479e-01
6.075564493319627945e+04 1.011314836104612702e+00
6.075564519325017318e+04 1.000753981070580556e+00
6.075564545330407418e+04 1.006007010290091763e+00
6.075564571335797518e+04 9.967305164862122480e-01
6.075564597341186891e+04 1.007463743991638294e+00
6.075564623346577719e+04 9.966192812454313099e-01
6.075564649351967091e+04 9.951634251663921127e-01
6.075564675357356464e+04 1.003993379706518807e+00
6.075564701362747292e+04 9.815709961373038084e-01
6.075564727368136664e+04 1.000064421320565611e+00
6.075564753373527492e+04 9.941662267171199607e-01
6.075564779378917592e+04 9.925140421138106683e-01
6.075564805384306965e+04 1.005736095858430046e+00
6.075564831389697792e+04 9.935763520084128775e-01
6.075564857395087165e+04 9.921381322104104727e-01
6.075564883400477265e+04 1.007961881453855568e+00
6.075564909405867365e+04 9.963195959663089241e-01
6.075564935411256738e+04 9.996562062581081376e-01
6.075564961416647566e+04 1.008790928758994898e+00
6.075564987422036938e+04 1.007986736690059004e+00
6.075565013427426311e+04 1.004799454061443553e+00
6.075565039432817866e+04 9.870626216687394816e-01
6.075565065438207239e+04 9.988718855560925203e-01
6.075565091443597339e+04 9.963297757717117786e-01
6.075565117448987439e+04 1.004095408088658825e+00
6.075565143454376812e+04 1.008705202818499513e+00
6.075565169459767640e+04 9.970962316635741951e-01
6.075565195465157012e+04 1.009158713934521279e+00
6.075565221470547112e+04 1.006021220969239849e+00
6.075565247475937213e+04 9.992797100464881899e-01
6.075565273481326585e+04 9.932216232872411732e-01
6.075565299486718141e+04 1.004193802967230820e+00
6.075565325492107513e+04 9.978725295040167254e-01
6.075565492676799477e+04 1.009746408857237876e+00
6.075565518682868424e+04 1.000374927082532617e+00
6.075565544688938098e+04 1.005392962824243064e+00
6.075565570695007773e+04 1.008059029726698919e+00
6.075565596701077448e+04 1.003807447119203777e+00
6.075565622707147122e+04 9.991672478702684490e-01
6.075565648713216069e+04 1.005683698637889201e+00
6.075565674719285744e+04 1.002759076784283998e+00
6.075565700725356146e+04 1.000495617184508745e+00
6.075565726731425821e+04 1.014186311211491276e+00
6.075565752737495495e+04 1.002512334826796581e+00
6.075565778743564442e+04 1.002728312753749185e+00
6.075565804749634117e+04 1.013238015547561988e+00
6.075565830755703792e+04 1.011371930887008608e+00
6.075565856761772739e+04 9.945749208588301471e-01
6.075565882767842413e+04 1.005752916290701737e+00
6.075565908773912088e+04 1.001861473551609594e+00
6.075565934779981762e+04 1.005387207943573058e+00
6.075565960786051437e+04 1.009796861886552488e+00
6.075565986792121112e+04 9.974505086318247171e-01
6.075566012798190786e+04 1.006425301791379345e+00
6.075566038804260461e+04 9.992235941609028949e-01
6.075566064810330136e+04 1.002393310082971167e+00
6.075566090816399810e+04 1.002123973378648225e+00
6.075566116822468757e+04 9.997666609844053642e-01
6.075566142828538432e+04 1.001404671546552549e+00
6.075566168834608106e+04 1.007405355013031745e+00
6.075566194840677781e+04 1.008210634428361674e+00
6.075566220846748183e+04 9.955516932843226918e-01
6.075566246852817130e+04 1.010095972550267618e+00
6.075566272858886805e+04 9.982416595150312988e-01
6.075566298864956480e+04 1.003997648633325968e+00
6.075566324871025427e+04 1.002882739871650886e+00
6.075566350877095101e+04 9.921510565868152387e-01
6.075566376883164776e+04 1.005983444153822903e+00
6.075566402889234450e+04 1.019611622573188159e+00
6.075566428895304125e+04 9.918178094402850808e-01
6.075566454901373800e+04 1.002550214993777722e+00
6.075566480907443474e+04 1.012012069637279410e+00
6.075566506913513149e+04 1.012148569945810594e+00
6.075566532919582824e+04 1.001340839110405945e+00
6.075566558925652498e+04 1.010427946590911175e+00
6.075566584931721445e+04 1.003722392665532093e+00
6.075566610937791120e+04 1.014770759711963288e+00
6.075566636943860794e+04 9.959182908042991667e-01
6.075566662949930469e+04 1.009760366486526229e+00
6.075566688956000144e+04 1.009703713877566633e+00
6.075566714962069818e+04 1.006464881620019014e+00
6.075566740968139493e+04 9.972767144713491350e-01
6.075566766974209168e+04 1.005442945620319772e+00
6.075566792980278115e+04 1.033387545429413690e+00
6.075566818986347789e+04 1.005464791058551910e+00
6.075566844992417464e+04 1.009071900341059314e+00
6.075566870998487866e+04 1.010627382456769752e+00
6.075566897004557541e+04 1.010522372787598933e+00
6.075566923010626488e+04 1.001380183900176357e+00
6.075566949016696162e+04 1.012054697709477091e+00
6.075566975022765837e+04 1.010856170884097738e+00
6.075567001028834784e+04 9.987182959997250586e-01
6.075567027034905186e+04 1.002367512058452537e+00
6.075567053040974133e+04 9.964096749799453701e-01
6.075567079047044535e+04 9.971245153525024607e-01
6.075567105053114210e+04 1.007650441507959904e+00
6.075567131059183157e+04 9.992584494144284291e-01
6.075567157065252832e+04 1.006537767512060810e+00
6.075567183071322506e+04 1.007667116353453629e+00
6.075567209077392181e+04 1.008827946029936529e+00
6.075567235083461856e+04 1.008191860184472821e+00
6.075567261089531530e+04 1.007993376084952875e+00
6.075567287095601205e+04 1.011889470549049541e+00
6.075567313101670879e+04 1.009307975264365886e+00
6.075567339107740554e+04 1.012637468079791381e+00
6.075567365113810229e+04 1.005114513719806535e+00
6.075567391119879176e+04 1.009117493920387743e+00
6.075567417125948850e+04 9.991193739562184151e-01
6.075567443132019253e+04 1.001951107943527930e+00
6.075567469138088200e+04 1.004539965243270050e+00
6.075567495144157874e+04 1.010372390101912821e+00
6.075567521150227549e+04 1.005024938716264638e+00
6.075567547156297223e+04 1.006929173712738157e+00
6.075567573162366898e+04 1.003616148089446103e+00
6.075567599168436573e+04 9.975669670838777092e-01
6.075567625174506247e+04 1.002422036353858514e+00
6.075567651180575922e+04 1.006361301153304355e+00
6.075567677186645597e+04 9.914849006909899343e-01
6.075567703192715271e+04 1.005342591901641658e+00
6.075567729198784218e+04 1.002941298850531959e+00
6.075567755204853893e+04 1.004851850864271867e+00
6.075567781210924295e+04 1.008601946257413839e+00
6.075567807216993242e+04 1.009194765550915696e+00
6.075567833223062917e+04 9.955634234438791585e-01
6.075567859229132591e+04 1.009440718176183971e+00
6.075567885235202266e+04 9.997994545300417091e-01
6.075567911241271941e+04 9.970500858541361255e-01
6.075567937247341615e+04 1.007374406659215405e+00
6.075567963253411290e+04 1.010316099421415981e+00
6.075567989259480964e+04 1.008447265449226693e+00
6.075568015265550639e+04 1.004007950128412263e+00
6.075568041271620314e+04 1.006486271460192095e+00
6.075568067277689261e+04 9.945636830220853097e-01
6.075568093283759663e+04 9.966605879294111459e-01
6.075568119289829338e+04 1.012217131274184112e+00
6.075568145295898285e+04 1.002901299448811123e+00
6.075568171301968687e+04 1.007013772687694431e+00
6.075568197308037634e+04 1.005102186095082173e+00
6.075568223314107308e+04 9.984296687002367499e-01
6.075568249320177711e+04 1.007056382276001694e+00
6.075568275326246658e+04 1.009899092447990698e+00
6.075568301332316332e+04 1.006458389462980385e+00
6.075568327338386007e+04 1.002357069140927370e+00
6.075568483179301256e+04 1.011660165292097568e+00
6.075568509184680443e+04 1.008682398650546652e+00
6.075568535190059629e+04 9.900417858691824557e-01
6.075568561195438815e+04 9.946773656207205105e-01
6.075568587200818729e+04 1.001002447861496503e+00
6.075568613206199370e+04 9.982471658328727626e-01
6.075568639211578557e+04 1.003939285154183070e+00
6.075568665216957743e+04 9.999496925735350539e-01
6.075568691222336929e+04 9.938283614485663442e-01
6.075568717227716115e+04 9.946823250032822417e-01
6.075568743233096029e+04 9.922031856721101883e-01
6.075568769238475215e+04 1.002550848371420278e+00
6.075568795243854402e+04 1.013760626219951888e+00
6.075568821249233588e+04 9.955778541654267677e-01
6.075568847254613502e+04 1.002476006545285347e+00
6.075568873259992688e+04 9.994620357634470542e-01
6.075568899265372602e+04 9.904049234511930200e-01
6.075568925270752516e+04 9.948886715127285285e-01
6.075568951276131702e+04 9.981228994107698149e-01
6.075568977281511616e+04 1.005520719402290375e+00
6.075569003286890802e+04 1.000201188492430893e+00
6.075569029292269988e+04 1.005293758798695425e+00
6.075569055297649174e+04 9.996493841591744811e-01
6.075569081303029088e+04 9.901667505926724511e-01
6.075569107308408275e+04 9.946379750370747397e-01
6.075569133313787461e+04 9.960144465407303471e-01
6.075569159319166647e+04 9.998823590510543813e-01
6.075569185324547288e+04 9.911147148125567519e-01
6.075569211329927202e+04 9.931602404442967380e-01
6.075569237335306389e+04 1.000029505600983359e+00
6.075569263340685575e+04 9.905370414949276059e-01
6.075569289346064761e+04 9.980008938410437347e-01
6.075569315351444675e+04 9.938654793511579877e-01
6.075569341356823861e+04 9.876458160730480218e-01
6.075569367362203047e+04 1.007026778764795738e+00
6.075569393367582234e+04 9.962844864381106280e-01
6.075569419372962147e+04 1.003724933349198656e+00
6.075569445378341334e+04 9.970158589794467785e-01
6.075569471383720520e+04 9.907291698629622223e-01
6.075569497389100434e+04 9.994693489327444169e-01
6.075569523394481075e+04 9.993411771275205746e-01
6.075569549399860261e+04 9.979016960655469060e-01
6.075569575405239448e+04 1.007176100534403318e+00
6.075569601410618634e+04 9.956890988067760295e-01
6.075569627415998548e+04 9.903800594312337502e-01
6.075569653421377734e+04 9.997989976140292390e-01
6.075569679426756920e+04 1.001345366970760375e+00
6.075569705432136107e+04 1.004903981712182759e+00
6.075569731437516020e+04 1.000084110217901889e+00
6.075569757442895207e+04 1.002597697725022163e+00
6.075569783448274393e+04 1.001475609107669307e+00
6.075569809453654307e+04 9.889146438270332018e-01
6.075569835459034948e+04 1.001255098347894057e+00
6.075569861464414134e+04 9.885608402877535950e-01
6.075569887469793321e+04 1.001012763621905721e+00
6.075569913475172507e+04 1.004642485275039743e+00
6.075569939480552421e+04 9.886006668201369196e-01
6.075569965485931607e+04 9.997830688237046015e-01
6.075569991491310793e+04 9.780624719689600122e-01
6.075570017496689979e+04 9.977361147576015998e-01
6.075570043502069893e+04 1.002050613022723580e+00
6.075570069507449080e+04 1.000490941580413073e+00
6.075570095512828993e+04 1.001426416294068922e+00
6.075570121518208907e+04 1.006823496617703428e+00
6.075570147523588821e+04 9.933146684802838244e-01
6.075570173528968007e+04 9.948182906470943720e-01
6.075570199534347194e+04 1.002063226122714035e+00
6.075570225539727107e+04 9.860339040875540917e-01
6.075570251545106294e+04 9.994448039289014485e-01
6.075570277550485480e+04 1.006452999138572446e+00
6.075570303555864666e+04 9.978390424578279516e-01
6.075570329561244580e+04 9.938655903255642077e-01
6.075570355566623766e+04 9.906359179323824815e-01
6.075570381572002952e+04 1.000119604403584717e+00
6.075570407577382866e+04 9.898529071074810837e-01
6.075570433582763508e+04 9.887191311273857419e-01
6.075570459588142694e+04 1.001194007734772518e+00
6.075570485593521880e+04 9.879544600976659652e-01
6.075570511598901066e+04 9.963015893242738175e-01
6.075570537604280980e+04 9.962000574176506085e-01
6.075570563609660167e+04 9.961467234164599338e-01
6.075570589615039353e+04 1.002856560455461565e+00
6.075570615620419267e+04 9.890548512572825413e-01
6.075570641625798453e+04 1.004051736871388378e+00
6.075570667631177639e+04 9.934202580845528097e-01
6.075570693636557553e+04 1.000445352628375861e+00
6.075570719641938194e+04 9.893932406000763846e-01
6.075570745647317381e+04 9.874854468242280081e-01
6.075570771652696567e+04 9.962590334122739533e-01
6.075570797658076481e+04 9.905700214644158619e-01
6.075570823663455667e+04 9.949210916346287181e-01
6.075570849668834853e+04 9.914464703042237259e-01
6.075570875674214039e+04 9.959203159068268363e-01
6.075570901679593953e+04 9.918477720430433076e-01
6.075570927684973140e+04 9.904536846179625709e-01
6.075570953690352326e+04 1.001628167471908526e+00
6.075570979695732240e+04 9.947215850774688839e-01
6.075571005701112153e+04 9.920454242117555665e-01
6.075571031706492067e+04 9.904970427698885915e-01
6.075571057711871254e+04 9.928457769193653748e-01
6.075571083717251167e+04 1.009589201969585792e+00
6.075571109722630354e+04 9.997137909351035967e-01
6.075571135728009540e+04 9.860136411124108546e-01
6.075571161733389454e+04 1.002483040231573197e+00
6.075571187738768640e+04 9.968092583551577679e-01
6.075571213744147826e+04 9.984467262658074382e-01
6.075571239749527740e+04 1.006320493667057114e+00
6.075571265754906926e+04 9.924846805544303985e-01
6.075571291760286840e+04 9.972848566557529493e-01
6.075571317765666754e+04 1.004529873801066175e+00
6.075571474868715450e+04 9.877055430601887620e-01
6.075571500874785124e+04 9.992275364950629069e-01
6.075571526880854799e+04 9.929461890171543681e-01
6.075571552886924474e+04 9.911043388817009081e-01
6.075571578892994148e+04 9.878878238490218511e-01
6.075571604899063823e+04 9.878181095237784648e-01
6.075571630905133497e+04 9.966179468548697074e-01
6.075571656911203172e+04 9.845831134636411353e-01
6.075571682917273574e+04 9.915876658614957151e-01
6.075571708923342521e+04 9.899791791664313001e-01
6.075571734929412196e+04 9.909718961549204286e-01
6.075571760935482598e+04 9.850340036497291507e-01
6.075571786941552273e+04 1.003111424496379911e+00
6.075571812947621947e+04 9.983665596577183665e-01
6.075571838953690894e+04 1.009117062938656106e+00
6.075571864959761297e+04 9.937870828911773424e-01
6.075571890965830971e+04 9.919658907023898298e-01
6.075571916971899918e+04 1.007823013753386787e+00
6.075571942977970320e+04 1.004043686667063229e+00
6.075571968984039995e+04 9.960972250842442532e-01
6.075571994990109670e+04 9.885018217763379411e-01
6.075572020996180072e+04 1.003966840059095089e+00
6.075572047002249019e+04 9.918036286229948706e-01
6.075572073008318694e+04 9.949064756646355256e-01
6.075572099014388368e+04 9.924274987833160422e-01
6.075572125020458770e+04 9.920549276192885957e-01
6.075572151026528445e+04 9.925726096115983221e-01
6.075572177032597392e+04 1.002138571101234277e+00
6.075572203038667794e+04 9.986990443438213960e-01
6.075572229044737469e+04 9.979822930341244458e-01
6.075572255050806416e+04 9.877060827718263658e-01
6.075572281056877546e+04 9.985177087929492101e-01
6.075572307062946493e+04 9.942773108565948759e-01
6.075572333069016167e+04 9.876193114205775725e-01
6.075572359075086570e+04 1.004447194701389323e+00
6.075572385081155517e+04 9.985477168944247861e-01
6.075572411087225191e+04 1.002593387615623222e+00
6.075572437093294866e+04 1.002549496035352927e+00
6.075572463099365268e+04 9.938602706120742702e-01
6.075572489105434943e+04 9.897770237069765109e-01
6.075572515111503890e+04 9.862737144795220567e-01
6.075572541117574292e+04 1.000747522629802599e+00
6.075572567123643967e+04 1.001744874802887431e+00
6.075572593129713641e+04 9.961766348974930851e-01
6.075572619135784043e+04 1.004939294647585468e+00
6.075572645141852990e+04 9.963327262240262439e-01
6.075572671147922665e+04 9.936470836486573921e-01
6.075572697153993067e+04 9.974934985268852916e-01
6.075572723160062014e+04 9.896300469198501260e-01
6.075572749166131689e+04 9.980089409736658812e-01
6.075572775172202091e+04 1.009718952829529837e+00
6.075572801178271766e+04 1.004701768537139328e+00
6.075572827184341440e+04 1.000424676454291451e+00
6.075572853190411115e+04 9.906473672548864462e-01
6.075572879196480790e+04 9.995179208320321695e-01
6.075572905202550464e+04 1.009286016054470991e+00
6.075572931208620867e+04 1.002910581486758712e+00
6.075572957214690541e+04 9.978035441445554099e-01
6.075572983220759488e+04 9.962216472155861480e-01
6.075573009226829890e+04 9.918017964099090644e-01
6.075573035232899565e+04 1.000080059559326662e+00
6.075573061238968512e+04 9.918694561468880400e-01
6.075573087245038914e+04 1.008371678821939010e+00
6.075573113251108589e+04 9.969641921602722112e-01
6.075573139257178264e+04 1.005792864006145759e+00
6.075573165263248666e+04 9.975699002559527129e-01
6.075573191269317613e+04 9.983067739123558937e-01
6.075573217275387287e+04 1.005206052039074871e+00
6.075573243281457690e+04 9.864588668209623989e-01
6.075573269287527364e+04 1.003549791874335684e+00
6.075573295293597039e+04 9.976710295556682206e-01
6.075573321299666713e+04 9.983635249964006864e-01
6.075573347305736388e+04 1.003093573675218897e+00
6.075573373311806063e+04 9.981388929643486563e-01
6.075573399317875737e+04 1.000581552276778696e+00
6.075573425323946140e+04 9.934072158280035092e-01
6.075573451330015087e+04 9.900706680326328835e-01
6.075573477336085489e+04 9.910201722009441827e-01
6.075573503342155163e+04 1.005774764272626021e+00
6.075573529348224110e+04 9.951481935600585693e-01
6.075573555354294513e+04 1.001404032916270781e+00
6.075573581360364187e+04 1.014416107288799385e+00
6.075573607366434589e+04 1.006203893190903642e+00
6.075573633372504264e+04 1.010863205486415950e+00
6.075573659378573211e+04 1.004711148151058442e+00
6.075573685384643613e+04 1.002417489264000539e+00
6.075573711390713288e+04 1.007240790372366135e+00
6.075573737396782963e+04 1.001627047400720283e+00
6.075573763402853365e+04 1.002513721759087595e+00
6.075573789408922312e+04 1.008413058144286056e+00
6.075573815414991986e+04 1.001735406735775546e+00
6.075573841421062389e+04 9.981617647088880663e-01
6.075573867427131336e+04 1.008160216710854096e+00
6.075573893433201010e+04 9.954434937610147083e-01
6.075573919439271413e+04 1.009493950633871373e+00
6.075573945445341087e+04 1.015055253767317867e+00
6.075573971451411489e+04 1.000714215630304826e+00
6.075573997457480436e+04 9.931083197571777266e-01
6.075574023463550111e+04 9.969431157331283266e-01
6.075574049469620513e+04 1.010304697252583983e+00
6.075574075475690188e+04 1.001811134903723088e+00
6.075574101481759863e+04 1.016305622560289335e+00
6.075574127487829537e+04 1.002269017981280319e+00
6.075574153493899212e+04 1.001939156831939126e+00
6.075574179499969614e+04 1.002388806468915483e+00
6.075574205506038561e+04 1.008145849687082984e+00
6.075574231512108236e+04 1.006251725064612357e+00
6.075574257518178638e+04 1.006063264675599811e+00
6.075574283524248312e+04 1.007027153364284278e+00
6.075574309530317987e+04 1.005893414743309622e+00
6.075574483016229351e+04 1.000200680398229292e+00
6.075574509021608537e+04 1.012787293534975541e+00
6.075574535026989179e+04 1.008156942398902745e+00
6.075574561032369093e+04 1.009474530064592424e+00
6.075574587037748279e+04 1.003251255436564016e+00
6.075574613043128193e+04 1.007449441080939367e+00
6.075574639048507379e+04 9.984623096612312843e-01
6.075574665053887293e+04 9.949338948357118184e-01
6.075574691059266479e+04 1.007939849572754287e+00
6.075574717064645665e+04 1.002680464158112628e+00
6.075574743070025579e+04 1.010315229991163521e+00
6.075574769075404765e+04 1.002602555482600799e+00
6.075574795080784679e+04 1.011276125341330712e+00
6.075574821086163865e+04 1.013902436754736680e+00
6.075574847091544507e+04 1.016514927979233818e+00
6.075574873096924421e+04 1.002668685431709505e+00
6.075574899102303607e+04 1.006734340765250257e+00
6.075574925107683521e+04 1.005014565564753326e+00
6.075574951113062707e+04 1.011206012916050279e+00
6.075574977118442621e+04 1.008182111840563611e+00
6.075575003123821807e+04 1.004430742941770260e+00
6.075575029129201721e+04 1.002717754590577881e+00
6.075575055134580907e+04 9.987602992437535354e-01
6.075575081139960093e+04 9.924757001049842042e-01
6.075575107145340007e+04 1.007902102270361588e+00
6.075575133150719921e+04 1.000986263670180287e+00
6.075575159156100563e+04 1.015644185629747120e+00
6.075575185161479749e+04 1.011214140710206655e+00
6.075575211166859663e+04 1.000796107457070816e+00
6.075575237172238849e+04 9.947978226656042366e-01
6.075575263177618035e+04 1.012838382336875842e+00
6.075575289182997949e+04 1.001539524965298522e+00
6.075575315188377135e+04 1.004310513762924462e+00
6.075575341193757049e+04 1.028457871925132938e+00
6.075575367199136235e+04 1.003533701199802008e+00
6.075575393204516149e+04 1.008801896671014386e+00
6.075575419209895335e+04 1.003617101708907500e+00
6.075575445215275249e+04 9.912935317857989315e-01
6.075575471220655891e+04 1.007999189945163243e+00
6.075575497226035077e+04 1.006572935756314457e+00
6.075575523231414991e+04 1.001247622474613630e+00
6.075575549236794177e+04 1.018794292295540416e+00
6.075575575242174091e+04 1.003279771443355894e+00
6.075575601247553277e+04 1.010456480476584096e+00
6.075575627252933191e+04 1.001383925025026489e+00
6.075575653258312377e+04 1.009993586376345176e+00
6.075575679263691563e+04 1.003466992044221850e+00
6.075575705269071477e+04 9.988015009120485566e-01
6.075575731274451391e+04 9.970492890804534269e-01
6.075575757279832033e+04 1.004828221930122334e+00
6.075575783285211219e+04 1.003306286813351322e+00
6.075575809290591133e+04 9.932501731322375127e-01
6.075575835295970319e+04 1.009399825805887829e+00
6.075575861301350233e+04 1.007693827863901159e+00
6.075575887306729419e+04 1.001484433975233124e+00
6.075575913312109333e+04 9.973052890352441802e-01
6.075575939317488519e+04 1.009159872036894168e+00
6.075575965322867705e+04 1.008797944191164087e+00
6.075575991328247619e+04 1.005118541040046276e+00
6.075576017333626805e+04 1.003698357297578614e+00
6.075576043339007447e+04 9.982633333895406524e-01
6.075576069344387361e+04 1.001151064680572134e+00
6.075576095349767274e+04 9.984214679493090827e-01
6.075576121355146461e+04 9.963352124822100198e-01
6.075576147360526375e+04 1.001996388587582665e+00
6.075576173365905561e+04 1.002025164923611156e+00
6.075576199371285475e+04 1.000236757393512255e+00
6.075576225376664661e+04 9.987295585990503266e-01
6.075576251382044575e+04 1.004434897645343439e+00
6.075576277387423761e+04 9.969837329898424416e-01
6.075576303392802947e+04 9.947566337375550738e-01
6.075576329398183589e+04 1.001295187580140356e+00
6.075576355403563502e+04 9.954631434688145930e-01
6.075576381408943416e+04 1.006203597616545542e+00
6.075576407414322603e+04 9.905273016930872254e-01
6.075576433419702516e+04 1.006806410503756188e+00
6.075576459425081703e+04 1.010069522738050951e+00
6.075576485430461616e+04 9.937467677684370670e-01
6.075576511435840803e+04 1.008818501487168229e+00
6.075576537441220717e+04 1.002131103790282474e+00
6.075576563446599903e+04 1.001224607146941059e+00
6.075576589451979817e+04 9.965688835843893312e-01
6.075576615457359003e+04 1.005714350946087521e+00
6.075576641462739644e+04 9.997493696527827156e-01
6.075576667468119558e+04 1.008438919706613257e+00
6.075576693473499472e+04 1.001321658830343742e+00
6.075576719478878658e+04 9.983534462330102555e-01
6.075576745484258572e+04 1.011728106025191476e+00
6.075576771489637758e+04 1.014695633282499232e+00
6.075576797495017672e+04 1.000208960190582363e+00
6.075576823500396858e+04 9.945556956036837315e-01
6.075576849505776045e+04 1.005577237696626547e+00
6.075576875511155959e+04 1.003840928817283151e+00
6.075576901516535145e+04 9.987761073918555166e-01
6.075576927521915786e+04 1.005434008753310904e+00
6.075576953527295700e+04 9.926227339732220933e-01
6.075576979532675614e+04 1.000092799775782249e+00
6.075577005538054800e+04 9.922616169944409314e-01
6.075577031543434714e+04 1.004573349713538288e+00
6.075577057548813900e+04 1.005968860794250741e+00
6.075577083554193814e+04 9.993914620764668966e-01
6.075577109559573000e+04 9.910010369529943519e-01
6.075577135564952914e+04 9.971975150654800446e-01
6.075577161570332100e+04 1.004185480445016543e+00
6.075577187575712014e+04 9.978364965353710980e-01
6.075577213581091200e+04 9.996233735839772372e-01
6.075577239586471842e+04 9.904315078240858439e-01
6.075577265591851756e+04 9.954978517689648809e-01
6.075577291597231670e+04 9.911070821482846904e-01
6.075577317602610856e+04 1.007956378339636139e+00
