6.075585120116569306e+04 9.965137010646492044e-01
6.075585146121949219e+04 1.009113410099075958e+00
6.075585172127328406e+04 1.004235879811880006e+00
6.075585198132708319e+04 9.977201459616303891e-01
6.075585224138088233e+04 1.001816960014888958e+00
6.075585250143468147e+04 1.008562753058014794e+00
6.075585276148847333e+04 1.006980056445682781e+00
6.075585302154227247e+04 1.000573702010530308e+00
6.075585328159607161e+04 1.002429871697597674e+00
6.075585354164987803e+04 1.000450763557371170e+00
6.075585380170368444e+04 1.010047770475410056e+00
6.075585406175747630e+04 9.993852131799553229e-01
6.075585432181127544e+04 1.012044867685843785e+00
6.075585458186507458e+04 9.992064069557006212e-01
6.075585484191887372e+04 9.986132028278039696e-01
6.075585510197266558e+04 9.988817713545409260e-01
6.075585536202646472e+04 1.001339528334260098e+00
6.075585562208026386e+04 1.002777223107848226e+00
6.075585588213406299e+04 1.000820510475332492e+00
6.075585614218786213e+04 9.985870089505036740e-01
6.075585640224165400e+04 1.003317823020140276e+00
6.075585666229546041e+04 1.009428161298501436e+00
6.075585692234926682e+04 9.952390137772502143e-01
6.075585718240306596e+04 1.002050861688502437e+00
6.075585744245685783e+04 1.004964362747693185e+00
6.075585770251065696e+04 1.010711918825979216e+00
6.075585796256445610e+04 9.955160619503036212e-01
6.075585822261825524e+04 1.002214814211244365e+00
6.075585848267205438e+04 9.998715539699349897e-01
6.075585874272584624e+04 1.001337690687332582e+00
6.075585900277964538e+04 9.971635325210064238e-01
6.075585926283344452e+04 9.948926659223141789e-01
6.075585952288725093e+04 1.011300608142112978e+00
6.075585978294105735e+04 1.008728567093376327e+00
6.075586004299484921e+04 9.960185206885110443e-01
6.075586030304864835e+04 9.939195879818896184e-01
6.075586056310244749e+04 1.003023437357051462e+00
6.075586082315624662e+04 9.995509279701968453e-01
6.075586108321004576e+04 1.000657504908027073e+00
6.075586134326383763e+04 1.012298489972236482e+00
6.075586160331763676e+04 9.968224493896374883e-01
6.075586186337143590e+04 9.986609052413495391e-01
6.075586212342523504e+04 9.993822072309495042e-01
6.075586238347903418e+04 9.993920905670875543e-01
6.075586264353283332e+04 9.950733291895961230e-01
6.075586290358663973e+04 9.919263202801622548e-01
6.075586316364043887e+04 9.919627876643212216e-01
6.075586342369423801e+04 9.983161128354439695e-01
6.075586368374803715e+04 9.915863896957312074e-01
6.075586394380182901e+04 1.000288781463587240e+00
6.075586420385562815e+04 9.907331547647725278e-01
6.075586446390942729e+04 9.933090926221894712e-01
6.075586472396322642e+04 1.004473189394134103e+00
6.075586498401702556e+04 9.962784747808569596e-01
6.075586524407081743e+04 1.004985088027448237e+00
6.075586550412462384e+04 9.955405713888858532e-01
6.075586576417843025e+04 9.975254873688877977e-01
6.075586602423222939e+04 9.904550389104329611e-01
6.075586628428602853e+04 1.004726503046648567e+00
6.075586654433982039e+04 9.918213854063500090e-01
6.075586680439361953e+04 9.966510742127120404e-01
6.075586706444741867e+04 9.961154972695701604e-01
6.075586732450121781e+04 1.003423274151936218e+00
6.075586758455501695e+04 1.060782808142882505e+00
6.075586784460881609e+04 1.005624369365582638e+00
6.075586810466260795e+04 9.935873562285473248e-01
6.075586836471640709e+04 1.005000070054373307e+00
6.075586862477021350e+04 9.970702950059463499e-01
6.075586888482401991e+04 9.970608068071563634e-01
6.075586914487781905e+04 9.897744334865884452e-01
6.075586940493161092e+04 9.892825986639193214e-01
6.075586966498541005e+04 1.009819101761461058e+00
6.075586992503920919e+04 9.973888092964489083e-01
6.075587018509300833e+04 9.914514892569914473e-01
6.075587044514680747e+04 9.968896786193351955e-01
6.075587070520060661e+04 9.942006148892535977e-01
6.075587096525439847e+04 9.917821645177042900e-01
6.075587122530819761e+04 9.888250986912618945e-01
6.075587148536199675e+04 9.901710802359331431e-01
6.075587174541581044e+04 9.970473262396994940e-01
6.075587200546960958e+04 9.941108803819029838e-01
6.075587226552340871e+04 9.990197145552199842e-01
6.075587252557720058e+04 9.950967259951096766e-01
6.075587278563099972e+04 9.954387610284313181e-01
6.075587304568479885e+04 9.875380654611758402e-01
6.075587330573859799e+04 1.005374802217454011e+00
6.075587356579239713e+04 9.930520582389827933e-01
6.075587382584619627e+04 9.938555642592538097e-01
6.075587408589998813e+04 1.004965164129022037e+00
6.075587434595378727e+04 9.939672453717227629e-01
6.075587460600759368e+04 9.930451337705441528e-01
6.075587486606140010e+04 9.985333523327760696e-01
6.075587512611519924e+04 9.996506837622578523e-01
6.075587538616899838e+04 9.920626366447565792e-01
6.075587564622279751e+04 9.922987115765181665e-01
6.075587590627658938e+04 1.003859756030902606e+00
6.075587616633038851e+04 9.969389266703528873e-01
6.075587642638418765e+04 9.881935114753498395e-01
6.075587668643798679e+04 9.967905571421739053e-01
6.075587694649178593e+04 9.900843500471430136e-01
6.075587720654558507e+04 1.000025515749704663e+00
6.075587746659937693e+04 1.006009072037493679e+00
6.075587772665318334e+04 9.966354832929168461e-01
6.075587798670698976e+04 9.923585912327609337e-01
6.075587824676078890e+04 9.989165496848948500e-01
6.075587850681458804e+04 1.001365592395407456e+00
6.075587876686838717e+04 9.960233316388840130e-01
6.075587902692218631e+04 9.903804777900346856e-01
6.075587928697597818e+04 9.952902061434345526e-01
6.075587954702977731e+04 1.001324583616105546e+00
6.075588115586427011e+04 9.899395524643510580e-01
6.075588141592496686e+04 9.963694091538035646e-01
6.075588167598567088e+04 9.960884922006481013e-01
6.075588193604636763e+04 9.918760987849958299e-01
6.075588219610707165e+04 9.952369518475986387e-01
6.075588245616777567e+04 9.990587317276408141e-01
6.075588271622847242e+04 9.907368777637284296e-01
6.075588297628917644e+04 9.939985797255467270e-01
6.075588323634988046e+04 1.002709738706864417e+00
6.075588349641056993e+04 1.001698293167623266e+00
6.075588375647127395e+04 9.985843914025577250e-01
6.075588401653197798e+04 9.843117757518555777e-01
6.075588427659268200e+04 1.002821438948116928e+00
6.075588453665338602e+04 9.934333182768941839e-01
6.075588479671408277e+04 9.895328153700503337e-01
6.075588505677478679e+04 9.980465383850345429e-01
6.075588531683548354e+04 9.962038401286578138e-01
6.075588557689618756e+04 9.934694184562865571e-01
6.075588583695689158e+04 9.944562289049129200e-01
6.075588609701758833e+04 1.000434904804781144e+00
6.075588635707829235e+04 9.991769665757481711e-01
6.075588661713899637e+04 9.989879374932689737e-01
6.075588687719969312e+04 9.944446261655682795e-01
6.075588713726038986e+04 9.871414331440316881e-01
6.075588739732109389e+04 9.996798534261503999e-01
6.075588765738179791e+04 1.004891200914657334e+00
6.075588791744250193e+04 9.995097849027833048e-01
6.075588817750319868e+04 9.968847676438040706e-01
6.075588843756390270e+04 1.002431404208636412e+00
6.075588869762460672e+04 1.001031413291648020e+00
6.075588895768530347e+04 1.002730994739513326e+00
6.075588921774600749e+04 9.880021173772044474e-01
6.075588947780670424e+04 9.895108111988568655e-01
6.075588973786740826e+04 1.009735779375162457e+00
6.075588999792811228e+04 9.967275491539571153e-01
6.075589025798880903e+04 9.884582125178861256e-01
6.075589051804952032e+04 9.910871554953598617e-01
6.075589077811021707e+04 9.991805505641729868e-01
6.075589103817091382e+04 9.910589120957885578e-01
6.075589129823161784e+04 9.903339910986358463e-01
6.075589155829231458e+04 9.926530750346842513e-01
6.075589181835301861e+04 9.917714858844266512e-01
6.075589207841372263e+04 9.952216392846860993e-01
6.075589233847442665e+04 9.947549982240306843e-01
6.075589259853513067e+04 1.000163311235313435e+00
6.075589285859582742e+04 9.975893268573343686e-01
6.075589311865652417e+04 1.000369768802336079e+00
6.075589337871722819e+04 1.001027015123753916e+00
6.075589363877793221e+04 1.003096231115057302e+00
6.075589389883863623e+04 9.921462407150269946e-01
6.075589415889933298e+04 9.927676789951086489e-01
6.075589441896003700e+04 1.003651294865064214e+00
6.075589467902074102e+04 1.003374498511151236e+00
6.075589493908143777e+04 9.980310813177936113e-01
6.075589519914213452e+04 9.956903028780222931e-01
6.075589545920283854e+04 9.991072338935164110e-01
6.075589571926354256e+04 1.001225653246040181e+00
6.075589597932424658e+04 1.000396244585672889e+00
6.075589623938494333e+04 1.001672657691686563e+00
6.075589649944564735e+04 1.001959277476358157e+00
6.075589675950635137e+04 9.993818809617316390e-01
6.075589701956705539e+04 1.004845534165887067e+00
6.075589727962775942e+04 1.003665617068642657e+00
6.075589753968844889e+04 9.976868894263444254e-01
6.075589779974915291e+04 1.001160298612638666e+00
6.075589805980985693e+04 1.006112096057887761e+00
6.075589831987055368e+04 9.919939878050397786e-01
6.075589857993125770e+04 1.006379545455042601e+00
6.075589883999196172e+04 9.995948532072529424e-01
6.075589910005266574e+04 1.012388270784100097e+00
6.075589936011336977e+04 1.012405226710977990e+00
6.075589962017406651e+04 1.005787336834857770e+00
6.075589988023477054e+04 1.003267050387724124e+00
6.075590014029546728e+04 1.006511554434123878e+00
6.075590040035617130e+04 9.966029661798418982e-01
6.075590066041687533e+04 1.004024563039167539e+00
6.075590092047757207e+04 1.000614541447450101e+00
6.075590118053827609e+04 1.007016113737020380e+00
6.075590144059898012e+04 1.001044531944988547e+00
6.075590170065967686e+04 1.005767295298388042e+00
6.075590196072038816e+04 1.004022014123779449e+00
6.075590222078108491e+04 9.989122547772519845e-01
6.075590248084178893e+04 1.004548819109653879e+00
6.075590274090249295e+04 1.000198322606187240e+00
6.075590300096318242e+04 1.004578105471139349e+00
6.075590326102388644e+04 1.006712446290285001e+00
6.075590352108459047e+04 1.006171995590358081e+00
6.075590378114529449e+04 1.000853215862868240e+00
6.075590404120599851e+04 1.001875903639389165e+00
6.075590430126669526e+04 1.001081815319418533e+00
6.075590456132739928e+04 1.004907543961094829e+00
6.075590482138810330e+04 1.004567188007438938e+00
6.075590508144880732e+04 1.003674463746334622e+00
6.075590534150951135e+04 1.005944540804007303e+00
6.075590560157020809e+04 1.001303708156905392e+00
6.075590586163091211e+04 1.007728814781226445e+00
6.075590612169160886e+04 1.006766675445451842e+00
6.075590638175230561e+04 9.940310161771643838e-01
6.075590664181300963e+04 1.003658595823857969e+00
6.075590690187371365e+04 1.010848297106290872e+00
6.075590716193441767e+04 1.001779783092514808e+00
6.075590742199512169e+04 1.011545034198763515e+00
6.075590768205581844e+04 1.003407344193973039e+00
6.075590794211652246e+04 1.003281149789600146e+00
6.075590820217722649e+04 1.005464070773106622e+00
6.075590846223793051e+04 9.939197645608949250e-01
6.075590872229863453e+04 1.001474202091570787e+00
6.075590898235933128e+04 9.999348994356149767e-01
6.075590924242003530e+04 1.004936023148526258e+00
6.075590950248073932e+04 1.007102087508866761e+00
6.075591106051386305e+04 1.008253014012526982e+00
6.075591132057445793e+04 1.002929828420008551e+00
6.075591158063505281e+04 1.015400684925668928e+00
6.075591184069564770e+04 1.004872372219333121e+00
6.075591210075624258e+04 1.003484904161976887e+00
6.075591236081683746e+04 1.016735946959429482e+00
6.075591262087743235e+04 1.017253535948234200e+00
6.075591288093802723e+04 1.005305962628840311e+00
6.075591314099862211e+04 1.007060301590303908e+00
6.075591340105922427e+04 1.009551833411436395e+00
6.075591366111981915e+04 1.007990226976626991e+00
6.075591392118041404e+04 1.007452511681717899e+00
6.075591418124100892e+04 1.010280632790822253e+00
6.075591444130160380e+04 9.962386623840722155e-01
6.075591470136219868e+04 1.005312967078153541e+00
6.075591496142279357e+04 9.992612951267679788e-01
6.075591522148338845e+04 1.003731492539804204e+00
6.075591548154399061e+04 1.007429625582569876e+00
6.075591574160458549e+04 9.950821930541303706e-01
6.075591600166518037e+04 1.010648152999999327e+00
6.075591626172577526e+04 1.009652368699160752e+00
6.075591652178637742e+04 1.010376315509803113e+00
6.075591678184697230e+04 9.986798769649329888e-01
6.075591704190756718e+04 1.002906848338970924e+00
6.075591730196816206e+04 1.005282035941677643e+00
6.075591756202875695e+04 1.005217193582822466e+00
6.075591782208935183e+04 1.007729664182493767e+00
6.075591808214994671e+04 9.990367773684292185e-01
6.075591834221054160e+04 9.961761142773232214e-01
6.075591860227113648e+04 1.014716894201335817e+00
6.075591886233173136e+04 1.008939741441438054e+00
6.075591912239232624e+04 1.005081353913990228e+00
6.075591938245292840e+04 1.008336557413108459e+00
6.075591964251352329e+04 1.013202673074534266e+00
6.075591990257411817e+04 1.003356464070459086e+00
6.075592016263471305e+04 1.006864478784263772e+00
6.075592042269530793e+04 1.003983640566194158e+00
6.075592068275590282e+04 1.008939004237341397e+00
6.075592094281649770e+04 9.983795961020225374e-01
6.075592120287709986e+04 1.002768806016580028e+00
6.075592146293769474e+04 1.011123753082640908e+00
6.075592172299828962e+04 1.010383909288414372e+00
6.075592198305888451e+04 1.005643806528169204e+00
6.075592224311948667e+04 9.989645952167782728e-01
6.075592250318008155e+04 1.011082901090304631e+00
6.075592276324067643e+04 1.013346839424452916e+00
6.075592302330127131e+04 1.009615003541115996e+00
6.075592328336186620e+04 1.000508963196188095e+00
6.075592354342246108e+04 1.016976835594814332e+00
6.075592380348305596e+04 1.011929623879709750e+00
6.075592406354365812e+04 1.004832487196580360e+00
6.075592432360425300e+04 1.004306239979787740e+00
6.075592458366484789e+04 1.004917708059028802e+00
6.075592484372544277e+04 1.002091125801463312e+00
6.075592510378604493e+04 1.001672253058891737e+00
6.075592536384663981e+04 1.009690782470997750e+00
6.075592562390723469e+04 9.973439769100134189e-01
6.075592588396782958e+04 1.010321448003268285e+00
6.075592614402842446e+04 1.006817701478600835e+00
6.075592640408901934e+04 1.011716684897037588e+00
6.075592666414961423e+04 1.006478378916608740e+00
6.075592692421020911e+04 9.976336785507289306e-01
6.075592718427081127e+04 1.002894056137205725e+00
6.075592744433140615e+04 1.009702651286603858e+00
6.075592770439200103e+04 1.004793396079487700e+00
6.075592796445260319e+04 1.012692103182515790e+00
6.075592822451319807e+04 1.006021489339837816e+00
6.075592848457379296e+04 1.015133759621634324e+00
6.075592874463438784e+04 1.004121325749087967e+00
6.075592900469498272e+04 1.007921064419706747e+00
6.075592926475557761e+04 1.004772440128820055e+00
6.075592952481617249e+04 9.987138732767755211e-01
6.075592978487676737e+04 1.007172046011316269e+00
6.075593004493736953e+04 1.000978202329872779e+00
6.075593030499796441e+04 9.973205737345198774e-01
6.075593056505855930e+04 1.011144814788015101e+00
6.075593082511916145e+04 1.004834497194320386e+00
6.075593108517975634e+04 9.959966447896750896e-01
6.075593134524035122e+04 1.002306719497904952e+00
6.075593160530094610e+04 1.003492399990708162e+00
6.075593186536154099e+04 1.001102547382778818e+00
6.075593212542213587e+04 9.997523066657254542e-01
6.075593238548273075e+04 1.004075228635276096e+00
6.075593264554332563e+04 1.008145029746717380e+00
6.075593290560392779e+04 1.005441950822133945e+00
6.075593316566452268e+04 1.012876092884411161e+00
6.075593342572511756e+04 1.009434442319643965e+00
6.075593368578571244e+04 1.006233923542600328e+00
6.075593394584631460e+04 1.003975801663364198e+00
6.075593420590690948e+04 1.004619736497808002e+00
6.075593446596750437e+04 1.009039773129057016e+00
6.075593472602809925e+04 9.979766492730698380e-01
6.075593498608869413e+04 9.938782633146463485e-01
6.075593524614928901e+04 1.010614955458116526e+00
6.075593550620988390e+04 1.012707064029390702e+00
6.075593576627048606e+04 1.001937070316518019e+00
6.075593602633108094e+04 9.993678430057825191e-01
6.075593628639167582e+04 1.000133179189764965e+00
6.075593654645227070e+04 9.979914432907347477e-01
6.075593680651287286e+04 9.978219166424663333e-01
6.075593706657346775e+04 1.007446093477543325e+00
6.075593732663406263e+04 1.000295641614841191e+00
6.075593758669465751e+04 9.911963700084924778e-01
6.075593784675525239e+04 1.006314907492957600e+00
6.075593810681584728e+04 1.007819703327696104e+00
6.075593836687644216e+04 1.004362319221947075e+00
6.075593862693704432e+04 9.988893703981231997e-01
6.075593888699763920e+04 9.978347207267500574e-01
6.075593914705823408e+04 1.004742331335462868e+00
6.075593940711883624e+04 9.986802810218704529e-01
6.075594106598430517e+04 9.999873000201647821e-01
6.075594132604500919e+04 1.006094169528330973e+00
6.075594158610571321e+04 1.001366337190705558e+00
6.075594184616640996e+04 9.967087337089332033e-01
6.075594210622711398e+04 1.002012987200543881e+00
6.075594236628781800e+04 9.952248510287700078e-01
6.075594262634852203e+04 1.008864252649435578e+00
6.075594288640922605e+04 9.936752205094455670e-01
6.075594314646992279e+04 1.009233028674647370e+00
6.075594340653063409e+04 9.958499322760866468e-01
6.075594366659133811e+04 9.922361975565328063e-01
6.075594392665203486e+04 1.002830634602293047e+00
6.075594418671273888e+04 9.986537597768028185e-01
6.075594444677344291e+04 9.972615262594672902e-01
6.075594470683414693e+04 1.005163976596229913e+00
6.075594496689485095e+04 9.960317317750639887e-01
6.075594522695554770e+04 9.925272383648438002e-01
6.075594548701625172e+04 9.946638640797771380e-01
6.075594574707695574e+04 9.986437465013343617e-01
6.075594600713765976e+04 9.899345607454129725e-01
6.075594626719836378e+04 1.010575207526309027e+00
6.075594652725906053e+04 1.010668381475618105e+00
6.075594678731976455e+04 9.956320457540793756e-01
6.075594704738046858e+04 1.002744139133993295e+00
6.075594730744116532e+04 9.863192128871774988e-01
6.075594756750187662e+04 9.996722733519307624e-01
6.075594782756257337e+04 1.003913135040065185e+00
6.075594808762328466e+04 9.922233455278557379e-01
6.075594834768398869e+04 9.963953615558472920e-01
6.075594860774468543e+04 9.942393058982054166e-01
6.075594886780538945e+04 9.960793212257419427e-01
6.075594912786609348e+04 1.001378698883662821e+00
6.075594938792679750e+04 9.987979055674434115e-01
6.075594964798750152e+04 9.994377282683081232e-01
6.075594990804819827e+04 9.987654619266073119e-01
6.075595016810890229e+04 9.940117635046361588e-01
6.075595042816960631e+04 9.984316468797796995e-01
6.075595068823031033e+04 9.989918123481167367e-01
6.075595094829101436e+04 9.990843796544650601e-01
6.075595120835171110e+04 9.995972115888068776e-01
6.075595146841241512e+04 9.924254866862042279e-01
6.075595172847312642e+04 9.903980803978694736e-01
6.075595198853382317e+04 1.003967876853160801e+00
6.075595224859452719e+04 1.001770681836555488e+00
6.075595250865523121e+04 9.916237149284440333e-01
6.075595276871593524e+04 1.005468104463094869e+00
6.075595302877663926e+04 9.979631562517820020e-01
6.075595328883733600e+04 1.006019102871430482e+00
6.075595354889804003e+04 1.003022564582432441e+00
6.075595380895874405e+04 1.010946289745666915e+00
6.075595406901944807e+04 9.899540162888427197e-01
6.075595432908015209e+04 9.968175058869593874e-01
6.075595458914084884e+04 9.936182320007436175e-01
6.075595484920156014e+04 9.962998269023989328e-01
6.075595510926226416e+04 9.881023822136512091e-01
6.075595536932296091e+04 1.005350801706348163e+00
6.075595562938366493e+04 1.000035824471815937e+00
6.075595588944436895e+04 9.907506636789583654e-01
6.075595614950507297e+04 9.908808055004866278e-01
6.075595640956577699e+04 9.984498053140861140e-01
6.075595666962647374e+04 9.987291201152346254e-01
6.075595692968717776e+04 9.994451825210900475e-01
6.075595718974788178e+04 9.987657586055002090e-01
6.075595744980858581e+04 1.001393467300967233e+00
6.075595770986929710e+04 9.974613601429344056e-01
6.075595796992999385e+04 9.916401744085786563e-01
6.075595822999069787e+04 1.000672148602774536e+00
6.075595849005140190e+04 9.960275463005433538e-01
6.075595875011209864e+04 9.953578520397143858e-01
6.075595901017280994e+04 1.001271581060893423e+00
6.075595927023350669e+04 1.001326600382252741e+00
6.075595953029421071e+04 9.993478237767585703e-01
6.075595979035491473e+04 1.005711466770765172e+00
6.075596005041561148e+04 9.990024244302276868e-01
6.075596031047632277e+04 9.970277540456214949e-01
6.075596057053702680e+04 9.993510519224154676e-01
6.075596083059773082e+04 1.007982451743375307e+00
6.075596109065843484e+04 9.952005504585804685e-01
6.075596135071913159e+04 1.002219705969362940e+00
6.075596161077983561e+04 9.920385686594077601e-01
6.075596187084053963e+04 9.955593178877563121e-01
6.075596213090124365e+04 9.923997056660434080e-01
6.075596239096194768e+04 9.962436413863503537e-01
6.075596265102265170e+04 9.912094067589880542e-01
6.075596291108335572e+04 9.963690230007058446e-01
6.075596317114405974e+04 9.904262378503482234e-01
6.075596343120475649e+04 9.867629255818504141e-01
6.075596369126546051e+04 9.990829639318360433e-01
6.075596395132616453e+04 9.921887232953979785e-01
6.075596421138686856e+04 9.852909127477814666e-01
6.075596447144757258e+04 9.901373016291774576e-01
6.075596473150827660e+04 9.905721087310740414e-01
6.075596499156898062e+04 9.903906488139313513e-01
6.075596525162968464e+04 9.921534046299878007e-01
6.075596551169038867e+04 1.000313734818442990e+00
6.075596577175109269e+04 9.930276119789321898e-01
6.075596603181178943e+04 9.921941882050469008e-01
6.075596629187249346e+04 9.947271904099547202e-01
6.075596655193319748e+04 9.948062087698107403e-01
6.075596681199390150e+04 9.994118645804543899e-01
6.075596707205460552e+04 9.953930210245364174e-01
6.075596733211530955e+04 9.945564726018291113e-01
6.075596759217601357e+04 1.000422857824964318e+00
6.075596785223671759e+04 1.004693748283160382e+00
6.075596811229741434e+04 9.979121463568842998e-01
6.075596837235811836e+04 1.003266835469968754e+00
6.075596863241882238e+04 9.978812231755449513e-01
6.075596889247953368e+04 9.985519976242321905e-01
6.075596915254023770e+04 1.004675080508748319e+00
6.075596941260093445e+04 1.000537838905867227e+00
6.075597102105359954e+04 1.001861410076707593e+00
6.075597128111420170e+04 9.975276657787301993e-01
6.075597154117479658e+04 9.917485945696499217e-01
6.075597180123539147e+04 9.947459186276073062e-01
6.075597206129598635e+04 1.001610392451431464e+00
6.075597232135658123e+04 9.936368230510046473e-01
6.075597258141718339e+04 9.955283667429613015e-01
6.075597284147777827e+04 9.894444998949545322e-01
6.075597310153837316e+04 9.930885739111783295e-01
6.075597336159897532e+04 9.966253121717694174e-01
6.075597362165957020e+04 9.950927090790385732e-01
6.075597388172016508e+04 9.979130125447069899e-01
6.075597414178077452e+04 9.957666906808920748e-01
6.075597440184136940e+04 9.957425883194594984e-01
6.075597466190196428e+04 9.976136575981247034e-01
6.075597492196255916e+04 9.958397916267095473e-01
6.075597518202315405e+04 1.002142638287354393e+00
6.075597544208374893e+04 9.923497259747814381e-01
6.075597570214434381e+04 9.945564172691125915e-01
6.075597596220494597e+04 1.001432411374111320e+00
6.075597622226554813e+04 9.907608351464448626e-01
6.075597648232614301e+04 9.924339885937468742e-01
6.075597674238673790e+04 9.950530506938786157e-01
6.075597700244734006e+04 1.001199058458936753e+00
6.075597726250793494e+04 9.977057070840309461e-01
6.075597752256853710e+04 1.001938447676433475e+00
6.075597778262913198e+04 1.008698015239962942e+00
6.075597804268972686e+04 1.001366821795657058e+00
6.075597830275032175e+04 1.005346339083178497e+00
6.075597856281091663e+04 9.856558941262728579e-01
6.075597882287151151e+04 1.008004347274259915e+00
6.075597908293212095e+04 9.995519558412174765e-01
6.075597934299271583e+04 1.006346590870957458e+00
6.075597960305331071e+04 9.931326075445069401e-01
6.075597986311390559e+04 9.990961839209421269e-01
6.075598012317450775e+04 1.002754180409431983e+00
6.075598038323510264e+04 9.929115586594466913e-01
6.075598064329570479e+04 9.955968458998845083e-01
6.075598090335629968e+04 9.962330406285114792e-01
6.075598116341689456e+04 9.956574722869505623e-01
6.075598142347748944e+04 1.007103067146438269e+00
6.075598168353808433e+04 9.949091585929089598e-01
6.075598194359869376e+04 9.953134745250924453e-01
6.075598220365928864e+04 1.002547877945969779e+00
6.075598246371988353e+04 9.906296898173807541e-01
6.075598272378047841e+04 9.932157746346984561e-01
6.075598298384108057e+04 9.983141758929447995e-01
6.075598324390167545e+04 1.002688711072125649e+00
6.075598350396227761e+04 1.004466117868856312e+00
6.075598376402287249e+04 1.001852770793253855e+00
6.075598402408346738e+04 9.973414299903183844e-01
6.075598428414406226e+04 1.011689108621832256e+00
6.075598454420465714e+04 9.912824423858602740e-01
6.075598480426526658e+04 9.994049718262071336e-01
6.075598506432586146e+04 1.001139323868909692e+00
6.075598532438645634e+04 1.004161244326584157e+00
6.075598558444705122e+04 1.007769025264671825e+00
6.075598584450765338e+04 1.011754236314624134e+00
6.075598610456825554e+04 9.996622950476224956e-01
6.075598636462885042e+04 9.965628760455698121e-01
6.075598662468944531e+04 1.002305648671243166e+00
6.075598688475004019e+04 9.962610232180917347e-01
6.075598714481063507e+04 1.002215020015748026e+00
6.075598740487123723e+04 1.003887353627329171e+00
6.075598766493183211e+04 1.003829943460804675e+00
6.075598792499243427e+04 1.001918065620621467e+00
6.075598818505302916e+04 1.000944306971639941e+00
6.075598844511362404e+04 1.004503085233696691e+00
6.075598870517423347e+04 1.010729715257169703e+00
6.075598896523482836e+04 1.002759470923000773e+00
6.075598922529542324e+04 9.936555324546119117e-01
6.075598948535601812e+04 1.002075437540214109e+00
6.075598974541661300e+04 1.007801518310947220e+00
6.075599000547721516e+04 1.005221992644723894e+00
6.075599026553781005e+04 1.001329580707343014e+00
6.075599052559840493e+04 1.002376891992504238e+00
6.075599078565900709e+04 1.001304213055519199e+00
6.075599104571960197e+04 1.008256620715441754e+00
6.075599130578020413e+04 1.007459145507902498e+00
6.075599156584080629e+04 9.981863594315284471e-01
6.075599182590140117e+04 1.004263277519486852e+00
6.075599208596199605e+04 1.006862689956922186e+00
6.075599234602259094e+04 1.006122263337859923e+00
6.075599260608319310e+04 1.005617881043110673e+00
6.075599286614378798e+04 9.992944741343572357e-01
6.075599312620438286e+04 1.007404445306716134e+00
6.075599338626497774e+04 1.004599692023225632e+00
6.075599364632558718e+04 1.003060944004384503e+00
6.075599390638618206e+04 1.006509572767194882e+00
6.075599416644677694e+04 9.997503140966343960e-01
6.075599442650737910e+04 9.961025778532719421e-01
6.075599468656797399e+04 1.009138183445028369e+00
6.075599494662857614e+04 1.006679875075500830e+00
6.075599520668917103e+04 1.007757448918016108e+00
6.075599546674976591e+04 9.968936049008139122e-01
6.075599572681036079e+04 1.003290989773360398e+00
6.075599598687096295e+04 9.973516023417242637e-01
6.075599624693155783e+04 9.962050521924316060e-01
6.075599650699215999e+04 1.003390881328027007e+00
6.075599676705275488e+04 9.978847476335079847e-01
6.075599702711334976e+04 1.008864483114756627e+00
6.075599728717395192e+04 1.010464167540852332e+00
6.075599754723455408e+04 1.003300525395384835e+00
6.075599780729514896e+04 1.004698761397753604e+00
6.075599806735574384e+04 1.006818979007117143e+00
6.075599832741634600e+04 1.009529710778492406e+00
6.075599858747694088e+04 1.002411156190397890e+00
6.075599884753753577e+04 1.000645162537638910e+00
6.075599910759813065e+04 1.001699527538827184e+00
6.075599936765874008e+04 9.987214227260561294e-01
6.075600091310295102e+04 1.007584182350642843e+00
6.075600117316365504e+04 1.002456096239640937e+00
6.075600143322435179e+04 1.002445910535258777e+00
6.075600169328505581e+04 1.005075003548393742e+00
6.075600195334576711e+04 1.003702433396677085e+00
6.075600221340647113e+04 1.012371350359253075e+00
6.075600247346717515e+04 1.002526715012045821e+00
6.075600273352787190e+04 1.009728304482245376e+00
6.075600299358858319e+04 9.958655471351367527e-01
6.075600325364928722e+04 1.013929212834842719e+00
6.075600351370998396e+04 1.005775382443852672e+00
6.075600377377069526e+04 1.009746543256393236e+00
6.075600403383139928e+04 1.017135072077294700e+00
6.075600429389210331e+04 1.011400398843339321e+00
6.075600455395280733e+04 1.006567052945565033e+00
6.075600481401350407e+04 1.008268115657539488e+00
6.075600507407421537e+04 1.010763185934647979e+00
6.075600533413491939e+04 1.006759443609634097e+00
6.075600559419562342e+04 1.007849034448209391e+00
6.075600585425632744e+04 1.006528831854120121e+00
6.075600611431703146e+04 1.008789802048435380e+00
6.075600637437773548e+04 1.001735843232959056e+00
6.075600663443843951e+04 1.009601736875889610e+00
6.075600689449914353e+04 1.002368429322151977e+00
6.075600715455985483e+04 9.956717296818239360e-01
6.075600741462055157e+04 9.983381941697694328e-01
6.075600767468125559e+04 1.008523750900224281e+00
6.075600793474195962e+04 1.003909237250527164e+00
6.075600819480266364e+04 9.974555448196251728e-01
6.075600845486336766e+04 1.003654710964246410e+00
6.075600871492407168e+04 1.008596432646329477e+00
6.075600897498478298e+04 1.012422663676463941e+00
6.075600923504548700e+04 1.005165320266762752e+00
6.075600949510618375e+04 1.009360019847027390e+00
6.075600975516688777e+04 1.002769281507575716e+00
6.075601001522759907e+04 1.007181435208599263e+00
6.075601027528830309e+04 1.009759307640779147e+00
6.075601053534900711e+04 9.926009702555259606e-01
6.075601079540970386e+04 1.001831744175400107e+00
6.075601105547041516e+04 1.007039985519411873e+00
6.075601131553111918e+04 9.991835373808485299e-01
6.075601157559181593e+04 1.014061920768950298e+00
6.075601183565252722e+04 1.002464936598328915e+00
6.075601209571323125e+04 1.003785878925151920e+00
6.075601235577393527e+04 1.005232782321250351e+00
6.075601261583463929e+04 1.003070103610202546e+00
6.075601287589534331e+04 1.004091574010649079e+00
6.075601313595604734e+04 9.940900549393102414e-01
6.075601339601675136e+04 9.977594215767578989e-01
6.075601365607746266e+04 1.007471223292568219e+00
6.075601391613816668e+04 1.007018060932533210e+00
6.075601417619886342e+04 1.003619225471398035e+00
6.075601443625956745e+04 1.009669038480458525e+00
6.075601469632027874e+04 9.984401539686428295e-01
6.075601495638097549e+04 1.004996913226362754e+00
6.075601521644168679e+04 1.014520585977568778e+00
6.075601547650239081e+04 1.005496294218384934e+00
6.075601573656309483e+04 1.002170601757134349e+00
6.075601599662379886e+04 1.005209844762843474e+00
6.075601625668450288e+04 1.015865230624315441e+00
6.075601651674520690e+04 9.985837993411922353e-01
6.075601677680591092e+04 1.002720514319708212e+00
6.075601703686661494e+04 9.934529088340968705e-01
6.075601729692732624e+04 1.001396507448191198e+00
6.075601755698802299e+04 1.001801078976559234e+00
6.075601781704872701e+04 1.009273035945373209e+00
6.075601807710943831e+04 1.000597651223829709e+00
6.075601833717014233e+04 1.024213199581297751e+00
6.075601859723084635e+04 1.011793556005752270e+00
6.075601885729155038e+04 1.015940530307152478e+00
6.075601911735225440e+04 1.008190942872521978e+00
6.075601937741295842e+04 1.006788336961455199e+00
6.075601963747365517e+04 9.990568863500293162e-01
6.075601989753436646e+04 1.003045005360180042e+00
6.075602015759507049e+04 9.985636206912682500e-01
6.075602041765577451e+04 9.946054259228391814e-01
6.075602067771648581e+04 9.939553044186331121e-01
6.075602093777718255e+04 9.978561330193426171e-01
6.075602119783788658e+04 9.955434536335997509e-01
6.075602145789859787e+04 1.000993770112579062e+00
6.075602171795930190e+04 1.002702766179217386e+00
6.075602197802000592e+04 1.006029667736364930e+00
6.075602223808070994e+04 9.992054742663191158e-01
6.075602249814141396e+04 1.008872623968074755e+00
6.075602275820211798e+04 9.972037470237140599e-01
6.075602301826282201e+04 1.002031927727342620e+00
6.075602327832352603e+04 1.004487040470841697e+00
6.075602353838423005e+04 1.001865636687607308e+00
6.075602379844494135e+04 1.001409007108672977e+00
6.075602405850564537e+04 9.993863963262216155e-01
6.075602431856634212e+04 1.002791601697259338e+00
6.075602457862704614e+04 9.987996095973061816e-01
6.075602483868775744e+04 9.995095119509963544e-01
6.075602509874846146e+04 9.994253488787980810e-01
6.075602535880916548e+04 9.920036486951780974e-01
6.075602561886986950e+04 1.009161322633489677e+00
6.075602587893057353e+04 9.940956381942741560e-01
6.075602613899127755e+04 9.955136303892747618e-01
6.075602639905198885e+04 9.969656077004148687e-01
6.075602665911269287e+04 9.960922755823030661e-01
6.075602691917338962e+04 9.965496283653126897e-01
6.075602717923410091e+04 9.975305081295456899e-01
6.075602743929480494e+04 1.009365087073040845e+00
6.075602769935550168e+04 1.004372085806530812e+00
6.075602795941621298e+04 9.875423064312478516e-01
6.075602821947691700e+04 1.005726996867895684e+00
6.075602847953762102e+04 9.867019500246949626e-01
6.075602873959833232e+04 1.001480788717940440e+00
6.075602899965902907e+04 1.006318630224004140e+00
6.075602925971973309e+04 9.927796298688719157e-01
6.075603093119423283e+04 9.965408872515582051e-01
6.075603119125482772e+04 9.919792623670171672e-01
6.075603145131542988e+04 9.965616828779355618e-01
6.075603171137602476e+04 9.936656359416520257e-01
6.075603197143662692e+04 9.990443133577043833e-01
6.075603223149722908e+04 9.974446504093315014e-01
6.075603249155782396e+04 9.950567230920349671e-01
6.075603275161842612e+04 1.002502993444410739e+00
6.075603301167902100e+04 9.910114675725815170e-01
6.075603327173962316e+04 9.924231511620170698e-01
6.075603353180022532e+04 9.911398367414486765e-01
6.075603379186082020e+04 9.958346589480592259e-01
6.075603405192141508e+04 9.983377011719415384e-01
6.075603431198201724e+04 9.895778140569204684e-01
6.075603457204261213e+04 9.929944653987842207e-01
6.075603483210320701e+04 1.000313205874133526e+00
6.075603509216381644e+04 9.989529207875154082e-01
6.075603535222441133e+04 9.921941688380551128e-01
6.075603561228501349e+04 1.002404001761629582e+00
6.075603587234560837e+04 9.911694066990855978e-01
6.075603613240621053e+04 9.960239598665094896e-01
6.075603639246681269e+04 9.948329757122003070e-01
6.075603665252740757e+04 9.942303681630308976e-01
6.075603691258800245e+04 9.944608587334999861e-01
6.075603717264860461e+04 9.901025480749457985e-01
6.075603743270919949e+04 9.934845270499601533e-01
6.075603769276979438e+04 9.983358243075202143e-01
6.075603795283040381e+04 9.984957140108169371e-01
6.075603821289099869e+04 9.990726543516775804e-01
6.075603847295160085e+04 1.002274930068151493e+00
6.075603873301219573e+04 9.950583650191482388e-01
6.075603899307279789e+04 9.947004875335848650e-01
6.075603925313340005e+04 9.956806997538619752e-01
6.075603951319399494e+04 9.957603986228859005e-01
6.075603977325458982e+04 9.988105125624328062e-01
6.075604003331519198e+04 9.964475847106184503e-01
6.075604029337578686e+04 9.918555495109263598e-01
6.075604055343638902e+04 9.963628787160689892e-01
6.075604081349698390e+04 9.995897535599983508e-01
6.075604107355758606e+04 9.911423977302725730e-01
6.075604133361818822e+04 9.871092253208062495e-01
6.075604159367878310e+04 9.995842760903717039e-01
6.075604185373938526e+04 9.883121043675585637e-01
6.075604211379998742e+04 9.975514716139910476e-01
6.075604237386058230e+04 9.905707783112658316e-01
6.075604263392118446e+04 9.955412374267645914e-01
6.075604289398177934e+04 9.906467508317789994e-01
6.075604315404237423e+04 9.978313027168003169e-01
6.075604341410297639e+04 1.041610285633679522e+00
6.075604367416357127e+04 9.976027327159506797e-01
6.075604393422418070e+04 9.910862217489406767e-01
6.075604419428477559e+04 9.951251323538089499e-01
6.075604445434537047e+04 9.968235172583865822e-01
6.075604471440597990e+04 9.975011300149373428e-01
6.075604497446657479e+04 1.000756661450182827e+00
6.075604523452717694e+04 9.906702762616271807e-01
6.075604549458777183e+04 9.933532038255116214e-01
6.075604575464836671e+04 9.874780134516072394e-01
6.075604601470896887e+04 9.995194040294095306e-01
6.075604627476956375e+04 1.001092406057009665e+00
6.075604653483016591e+04 9.918122223317510366e-01
6.075604679489076807e+04 9.970153137906905272e-01
6.075604705495136295e+04 9.999027125537501837e-01
6.075604731501196511e+04 9.856933498016343664e-01
6.075604757507256727e+04 9.925211280644054002e-01
6.075604783513316943e+04 9.969153346471183452e-01
6.075604809519376431e+04 9.979733361915358314e-01
6.075604835525435919e+04 1.002617114119331188e+00
6.075604861531496135e+04 9.936110534749436063e-01
6.075604887537555624e+04 9.971151273992410191e-01
6.075604913543615839e+04 9.891302514681132863e-01
6.075604939549675328e+04 9.987368903462777725e-01
6.075604965555735544e+04 9.939419411013206140e-01
6.075604991561795759e+04 9.965320636953840516e-01
6.075605017567855248e+04 9.919080979505591200e-01
6.075605043573915464e+04 9.912800870984318502e-01
6.075605069579975680e+04 1.003503769644326304e+00
6.075605095586035168e+04 9.869078864765236103e-01
6.075605121592095384e+04 9.913894892321448715e-01
6.075605147598154872e+04 9.966271850900659812e-01
6.075605173604215088e+04 9.990274743470746177e-01
6.075605199610274576e+04 9.967397724007798221e-01
6.075605225616334792e+04 1.007912219910180429e+00
6.075605251622395008e+04 9.989719055370162026e-01
6.075605277628454496e+04 9.944246262106761769e-01
6.075605303634514712e+04 9.909667616516654176e-01
6.075605329640574200e+04 9.962451789502965172e-01
6.075605355646635144e+04 1.006807024247809101e+00
6.075605381652694632e+04 9.950210084075030714e-01
6.075605407658754848e+04 9.948092211116158490e-01
6.075605433664814336e+04 1.002871437278396005e+00
6.075605459670873825e+04 9.959255560803232932e-01
6.075605485676934040e+04 9.956978231872224416e-01
6.075605511682993529e+04 9.949200797973692945e-01
6.075605537689054472e+04 1.000516822496981373e+00
6.075605563695113960e+04 9.948609241149767302e-01
6.075605589701174176e+04 9.940846295317182779e-01
6.075605615707233665e+04 1.007738294982853500e+00
6.075605641713293880e+04 9.964828865775792188e-01
6.075605667719354096e+04 1.007827737611670882e+00
6.075605693725413585e+04 1.002204495293334441e+00
6.075605719731473800e+04 1.000553687604438302e+00
6.075605745737533289e+04 9.966182899433411180e-01
6.075605771743593505e+04 1.000062211781533206e+00
6.075605797749652993e+04 9.951113812269886116e-01
6.075605823755713209e+04 1.003097990777721105e+00
6.075605849761773425e+04 9.977476800306487315e-01
6.075605875767832913e+04 1.000611948726657596e+00
6.075605901773893129e+04 1.000627076766638091e+00
6.075605927779953345e+04 1.000863537938058379e+00
6.075606082322710427e+04 9.986275982671651841e-01
6.075606108328780829e+04 9.951913573617361397e-01
6.075606134334851231e+04 1.003898240067340186e+00
6.075606160340922361e+04 1.005133487222219513e+00
6.075606186346992035e+04 9.961427330175872674e-01
6.075606212353063165e+04 9.985009667143176504e-01
6.075606238359133567e+04 9.978681303530965163e-01
6.075606264365204697e+04 1.008264490696863414e+00
6.075606290371275099e+04 9.993257481402495479e-01
6.075606316377345502e+04 1.003463211816340683e+00
6.075606342383415904e+04 9.967456424425887862e-01
6.075606368389486306e+04 9.944564216515858757e-01
6.075606394395557436e+04 1.005627224711451273e+00
6.075606420401627838e+04 1.000139662699836895e+00
6.075606446407698240e+04 1.000940732636739661e+00
6.075606472413768643e+04 9.992777918318180852e-01
6.075606498419839772e+04 9.933480468070252645e-01
6.075606524425910175e+04 1.002084393806903284e+00
6.075606550431981304e+04 9.936135863842793237e-01
6.075606576438050979e+04 9.937532156619873769e-01
6.075606602444122109e+04 9.988484889686101154e-01
6.075606628450192511e+04 1.002863492207830554e+00
6.075606654456262913e+04 9.949374764204343968e-01
6.075606680462333316e+04 1.003742016581961272e+00
6.075606706468404445e+04 1.012804030429780289e+00
6.075606732474474848e+04 1.003456201094485412e+00
6.075606758480545250e+04 1.002293611783972027e+00
6.075606784486615652e+04 1.000665974009256276e+00
6.075606810492686054e+04 9.991868788727549244e-01
6.075606836498757184e+04 1.011200898198508114e+00
6.075606862504827586e+04 1.003737343953946093e+00
6.075606888510898716e+04 1.003318656733568348e+00
6.075606914516968391e+04 1.007686243831876549e+00
6.075606940523039520e+04 1.007192954417170272e+00
6.075606966529109923e+04 9.997633702651128607e-01
6.075606992535180325e+04 9.992547173736804345e-01
6.075607018541250727e+04 1.000449363812717873e+00
6.075607044547321857e+04 9.997345609135906974e-01
6.075607070553392259e+04 1.005512254766948388e+00
6.075607096559463389e+04 1.009424388599634348e+00
6.075607122565533064e+04 1.006388742790739865e+00
6.075607148571604193e+04 1.006538489169965134e+00
6.075607174577674596e+04 1.001977403766798780e+00
6.075607200583745725e+04 1.010074324623953634e+00
6.075607226589816128e+04 1.010556094206136457e+00
6.075607252595886530e+04 1.004919783706611724e+00
6.075607278601956932e+04 1.005503457307534099e+00
6.075607304608028062e+04 9.936933332706493482e-01
6.075607330614097737e+04 1.005373985433220207e+00
6.075607356620169594e+04 1.004304486602811686e+00
6.075607382626239269e+04 9.996841023224107836e-01
6.075607408632310398e+04 1.014662030730262066e+00
6.075607434638380801e+04 9.971409689003739585e-01
6.075607460644451203e+04 9.920113825345281411e-01
6.075607486650521605e+04 9.947042281320963575e-01
6.075607512656592735e+04 1.009186733286355997e+00
6.075607538662663137e+04 1.001717599093959965e+00
6.075607564668734267e+04 1.002570827115319085e+00
6.075607590674803942e+04 1.001178160861092348e+00
6.075607616680875071e+04 1.004505552875923691e+00
6.075607642686945474e+04 1.008870642366582970e+00
6.075607668693016603e+04 1.006076889567446120e+00
6.075607694699087006e+04 1.007175923512163118e+00
6.075607720705157408e+04 1.006247736905225398e+00
6.075607746711227810e+04 1.002743233636666620e+00
6.075607772717298940e+04 1.013666649996824543e+00
6.075607798723368614e+04 1.007978491002920141e+00
6.075607824729439744e+04 1.006127143575476612e+00
6.075607850735510146e+04 1.003405002900511045e+00
6.075607876741581276e+04 1.011440772577033576e+00
6.075607902747651679e+04 1.006052672977463036e+00
6.075607928753722081e+04 1.001534305467481678e+00
6.075607954759792483e+04 1.004368141613524612e+00
6.075607980765863613e+04 1.010528367073781908e+00
6.075608006771934015e+04 1.008896603195102548e+00
6.075608032778005145e+04 1.011067956218771657e+00
6.075608058784074819e+04 1.004410791060621477e+00
6.075608084790145949e+04 1.011391025283620904e+00
6.075608110796216351e+04 9.989703099920390628e-01
6.075608136802286754e+04 1.010897923274790999e+00
6.075608162808357156e+04 1.005265499672147733e+00
6.075608188814428286e+04 9.959271567997860508e-01
6.075608214820498688e+04 1.009439230174726365e+00
6.075608240826569818e+04 9.995642967938899170e-01
6.075608266832639492e+04 9.996747451013520136e-01
6.075608292838710622e+04 1.001586713501251280e+00
6.075608318844781024e+04 1.012002598518993990e+00
6.075608344850852154e+04 1.010066973049982053e+00
6.075608370856922556e+04 1.005395649367885502e+00
6.075608396862992959e+04 1.002468364706321724e+00
6.075608422869064088e+04 1.008691747176187814e+00
6.075608448875134491e+04 1.014539833010855263e+00
6.075608474881204893e+04 1.010759441849749862e+00
6.075608500887276023e+04 1.001133421697642190e+00
6.075608526893346425e+04 1.006728563180269820e+00
6.075608552899416827e+04 1.011085311951984700e+00
6.075608578905487957e+04 1.010998922622278196e+00
6.075608604911557632e+04 1.006390197437303513e+00
6.075608630917628761e+04 1.001447973711888206e+00
6.075608656923699164e+04 1.004869405256733295e+00
6.075608682929770293e+04 1.000556619511733025e+00
6.075608708935840696e+04 1.007477880901296752e+00
6.075608734941911098e+04 1.008938209631429883e+00
6.075608760947981500e+04 1.006589510639820828e+00
6.075608786954052630e+04 1.006677292367851528e+00
6.075608812960123760e+04 1.011405990564275603e+00
6.075608838966194162e+04 1.008707735436915831e+00
6.075608864972264564e+04 1.007037401154431189e+00
6.075608890978334966e+04 9.994361002237096558e-01
6.075608916984406096e+04 1.001979508756738912e+00
6.075609076569380704e+04 1.008235851979117470e+00
6.075609102575441648e+04 1.011922143028971544e+00
6.075609128581501136e+04 1.010937178616788445e+00
6.075609154587561352e+04 1.005357755720190038e+00
6.075609180593621568e+04 1.007712545589073638e+00
6.075609206599681784e+04 1.012536450758106721e+00
6.075609232605741272e+04 1.010339577321397453e+00
6.075609258611801488e+04 1.003728452695681783e+00
6.075609284617860976e+04 1.002616474761813592e+00
6.075609310623921192e+04 1.001554291310677192e+00
6.075609336629981408e+04 1.016073636581032558e+00
6.075609362636040896e+04 1.003759626814073824e+00
6.075609388642101840e+04 1.006016377514279192e+00
6.075609414648161328e+04 1.003019074617926165e+00
6.075609440654221544e+04 1.005117069213842917e+00
6.075609466660281760e+04 1.009431949005027640e+00
6.075609492666341976e+04 9.996780433222743900e-01
6.075609518672402191e+04 1.014791680582238120e+00
6.075609544678461680e+04 1.010855803546225840e+00
6.075609570684521896e+04 1.002273277673441765e+00
6.075609596690581384e+04 1.008802542884799092e+00
6.075609622696641600e+04 1.011348942653862881e+00
6.075609648702701088e+04 1.001483972653931520e+00
6.075609674708762032e+04 1.000672745884402026e+00
6.075609700714822247e+04 1.005004554485039892e+00
6.075609726720881736e+04 1.007969896891994122e+00
6.075609752726942679e+04 1.006066114742210971e+00
6.075609778733002167e+04 1.001585536772367613e+00
6.075609804739062383e+04 1.009721839973211965e+00
6.075609830745121872e+04 9.957152216177495019e-01
6.075609856751182087e+04 1.003798464319297201e+00
6.075609882757242303e+04 1.007564060970455921e+00
6.075609908763301792e+04 1.010196621839065001e+00
6.075609934769362008e+04 9.966475196633683975e-01
6.075609960775422223e+04 1.006072255061977838e+00
6.075609986781482439e+04 1.006659147827101419e+00
6.075610012787541928e+04 1.014562987145770423e+00
6.075610038793602143e+04 9.927550190485810999e-01
6.075610064799663087e+04 1.006492040705062818e+00
6.075610090805722575e+04 1.011726951660824492e+00
6.075610116811782791e+04 1.001811565789350711e+00
6.075610142817842279e+04 9.976304355251797151e-01
6.075610168823902495e+04 9.974063422556356251e-01
6.075610194829962711e+04 1.016456740988495033e+00
6.075610220836022199e+04 1.016116419670277882e+00
6.075610246842083143e+04 1.000055053253251947e+00
6.075610272848142631e+04 1.003271843205590041e+00
6.075610298854202847e+04 1.006395129313313763e+00
6.075610324860263063e+04 1.013573857494711516e+00
6.075610350866323279e+04 1.006668275241534127e+00
6.075610376872383495e+04 1.005517586837911370e+00
6.075610402878442983e+04 1.001971287427511736e+00
6.075610428884503199e+04 1.002219390464167637e+00
6.075610454890563415e+04 9.993519429154867906e-01
6.075610480896622903e+04 1.005134362782772683e+00
6.075610506902683119e+04 9.994350992129765743e-01
6.075610532908743335e+04 1.007179710143798701e+00
6.075610558914803551e+04 1.001556404400269384e+00
6.075610584920863766e+04 1.008485285065841008e+00
6.075610610926923255e+04 1.004146910931590586e+00
6.075610636932984198e+04 1.005801201160114955e+00
6.075610662939043686e+04 1.001074891584533777e+00
6.075610688945103902e+04 1.001654537454251148e+00
6.075610714951164118e+04 9.964823050202921140e-01
6.075610740957223607e+04 1.008247474657913312e+00
6.075610766963283822e+04 1.002598633589083299e+00
6.075610792969343311e+04 1.001278855441052773e+00
6.075610818975403527e+04 9.996212183831231224e-01
6.075610844981464470e+04 1.005889435744997673e+00
6.075610870987523958e+04 9.981258685780478590e-01
6.075610896993584174e+04 1.006325247191724559e+00
6.075610922999644390e+04 1.005838263766698493e+00
6.075610949005704606e+04 9.933106792938213303e-01
6.075610975011764822e+04 9.958149078014278954e-01
6.075611001017824310e+04 1.003255990692491828e+00
6.075611027023884526e+04 9.989556198107109042e-01
6.075611053029944742e+04 9.980073199433997511e-01
6.075611079036004230e+04 1.001455036289706335e+00
6.075611105042064446e+04 9.984452829756416126e-01
6.075611131048124662e+04 1.001733018946627141e+00
6.075611157054184878e+04 1.000493788376994875e+00
6.075611183060245094e+04 9.957504006249875417e-01
6.075611209066305310e+04 9.963185999048042030e-01
6.075611235072365525e+04 1.002385508253172075e+00
6.075611261078425741e+04 1.003367311629986158e+00
6.075611287084485230e+04 9.923574024005389349e-01
6.075611313090545445e+04 1.000587666595546210e+00
6.075611339096604934e+04 1.003387781317669480e+00
6.075611365102665150e+04 9.927522775747699146e-01
6.075611391108725365e+04 1.002394158920822509e+00
6.075611417114785581e+04 9.993124196754546995e-01
6.075611443120845797e+04 9.995117913496360806e-01
6.075611469126906013e+04 9.937258704473914683e-01
6.075611495132966229e+04 9.896503228620106007e-01
6.075611521139026445e+04 9.961348859321643712e-01
6.075611547145085933e+04 9.961282585456455729e-01
6.075611573151146149e+04 1.008312606358181540e+00
6.075611599157206365e+04 1.002405255683193497e+00
6.075611625163265853e+04 9.998527794863640850e-01
6.075611651169326069e+04 1.003380545412308589e+00
6.075611677175386285e+04 1.004828233980734398e+00
6.075611703181446501e+04 9.968792261920867981e-01
6.075611729187506717e+04 9.969594699886812350e-01
6.075611755193566933e+04 9.990834294559376438e-01
6.075611781199626421e+04 9.991031279005591070e-01
6.075611807205687364e+04 9.932045004650112974e-01
6.075611833211747580e+04 1.000909364134602297e+00
6.075611859217807068e+04 1.004868129090572326e+00
6.075611885223867284e+04 9.962317206908913869e-01
6.075611911229926773e+04 9.964102227061611972e-01
6.075612077117233275e+04 9.958916144568836781e-01
6.075612103123303677e+04 1.000096370395124001e+00
6.075612129129374080e+04 9.954556454318990166e-01
6.075612155135445209e+04 9.969038418342465180e-01
6.075612181141516339e+04 1.001430914545965001e+00
6.075612207147586741e+04 9.976240570738619251e-01
6.075612233153657144e+04 1.008564375652220457e+00
6.075612259159728274e+04 9.867219964959770273e-01
6.075612285165798676e+04 1.000165629891760277e+00
6.075612311171869806e+04 9.981074095395606749e-01
6.075612337177940935e+04 9.931871506962329788e-01
6.075612363184010610e+04 9.999134983476954952e-01
6.075612389190081740e+04 9.855974780297961368e-01
6.075612415196152870e+04 9.940810847539617301e-01
6.075612441202222544e+04 9.988044255066877986e-01
6.075612467208293674e+04 1.000900019682981812e+00
6.075612493214364804e+04 9.969988731591131748e-01
6.075612519220435206e+04 1.000625889256745227e+00
6.075612545226506336e+04 9.996956677670981728e-01
6.075612571232576738e+04 9.992822573959014854e-01
6.075612597238647140e+04 9.921150729642310706e-01
6.075612623244718270e+04 1.002474953372422650e+00
6.075612649250789400e+04 9.898339414695550564e-01
6.075612675256859802e+04 9.899535131970825796e-01
6.075612701262930204e+04 1.001911013224998870e+00
6.075612727269001334e+04 1.001952536396845339e+00
6.075612753275071736e+04 9.956369087096691439e-01
6.075612779281142139e+04 9.966436473829569653e-01
6.075612805287213268e+04 1.001528378964265942e+00
6.075612831293283671e+04 9.861204483338102955e-01
6.075612857299354800e+04 1.007539925742768627e+00
6.075612883305425930e+04 9.920186883218704565e-01
6.075612909311495605e+04 9.984473708265189096e-01
6.075612935317566735e+04 9.960856508079953819e-01
6.075612961323637865e+04 1.000542955151902946e+00
6.075612987329708267e+04 1.000384735008546411e+00
6.075613013335779397e+04 9.948604107106219230e-01
6.075613039341849799e+04 9.949822097037760438e-01
6.075613065347920201e+04 9.934529254246290408e-01
6.075613091353991331e+04 1.000289649970261152e+00
6.075613117360061733e+04 9.930386240107071938e-01
6.075613143366133590e+04 9.946838826544609491e-01
6.075613169372203265e+04 9.998049770592971619e-01
6.075613195378274395e+04 1.000784040902733762e+00
6.075613221384345525e+04 9.841080882828053822e-01
6.075613247390415199e+04 9.930641224812593038e-01
6.075613273396486329e+04 9.930745919343082484e-01
6.075613299402557459e+04 1.000807244201055157e+00
6.075613325408627861e+04 9.984870506857205230e-01
6.075613351414698991e+04 9.822695070347209345e-01
6.075613377420769393e+04 9.958404053380423004e-01
6.075613403426840523e+04 1.000994249875071018e+00
6.075613429432910925e+04 9.996184231678770793e-01
6.075613455438982055e+04 9.899217648023621585e-01
6.075613481445053185e+04 1.000380529796987661e+00
6.075613507451122859e+04 1.004229495803277805e+00
6.075613533457193989e+04 9.948328759878979355e-01
6.075613559463265119e+04 1.000129310066239396e+00
6.075613585469334794e+04 9.967493339563304744e-01
6.075613611475405924e+04 1.004963288816095979e+00
6.075613637481477053e+04 1.004297224591106374e+00
6.075613663487548183e+04 9.995423389366578926e-01
6.075613689493618585e+04 9.969060960690350193e-01
6.075613715499688988e+04 9.962667512270634296e-01
6.075613741505760117e+04 9.967332907565087385e-01
6.075613767511830520e+04 9.924553234964650361e-01
6.075613793517901649e+04 1.005062447296971140e+00
6.075613819523972779e+04 9.934399980855196377e-01
6.075613845530043181e+04 9.966104648494852336e-01
6.075613871536113584e+04 9.998943745706392328e-01
6.075613897542184714e+04 1.005380389031565125e+00
6.075613923548255116e+04 1.000827357610789781e+00
6.075613949554325518e+04 9.964607891360128811e-01
6.075613975560396648e+04 9.996219671430830456e-01
6.075614001566467778e+04 1.002637057460674441e+00
6.075614027572538907e+04 9.995841829462231987e-01
6.075614053578608582e+04 9.927265631593356066e-01
6.075614079584679712e+04 9.951165788584260818e-01
6.075614105590750842e+04 9.986173861431735244e-01
6.075614131596821244e+04 9.957541435945663766e-01
6.075614157602892374e+04 1.003473009903308677e+00
6.075614183608962776e+04 1.006456887947991596e+00
6.075614209615033906e+04 1.005369806401740007e+00
6.075614235621104308e+04 9.970340575636513769e-01
6.075614261627174710e+04 1.001694014487647166e+00
6.075614287633246568e+04 9.895799741814648165e-01
6.075614313639316970e+04 9.962076287474245229e-01
6.075614339645387372e+04 9.901219872990737469e-01
6.075614365651458502e+04 9.961523248427270882e-01
6.075614391657528904e+04 9.966859569785074813e-01
6.075614417663600034e+04 9.932847902867566470e-01
6.075614443669670436e+04 1.003684540427518090e+00
6.075614469675741566e+04 1.006555649547972831e+00
6.075614495681812696e+04 1.008566018581253276e+00
6.075614521687882370e+04 1.001556915238182910e+00
6.075614547693953500e+04 1.000845751835909292e+00
6.075614573700024630e+04 1.004684782233535634e+00
6.075614599706095760e+04 1.000818386676392668e+00
6.075614625712166162e+04 1.005292591984214390e+00
6.075614651718236564e+04 1.005333934861959433e+00
6.075614677724307694e+04 1.006445462294221382e+00
6.075614703730378824e+04 9.974946058971437823e-01
6.075614729736448498e+04 9.968582376525302324e-01
6.075614755742519628e+04 1.002828710250714517e+00
6.075614781748590758e+04 1.004465818413441403e+00
6.075614807754661888e+04 1.002081175578093619e+00
6.075614833760732290e+04 1.002161861328264791e+00
6.075614859766802692e+04 1.021929373055586732e+00
6.075614885772873822e+04 9.980234489488687410e-01
6.075614911778944952e+04 9.982648452006525064e-01
