6.075585120116569306e+04 9.795779462553027006e-01
6.075585146121949219e+04 1.011843794694898824e+00
6.075585172127328406e+04 9.880563926732326419e-01
6.075585198132708319e+04 9.940689476255153423e-01
6.075585224138088233e+04 9.865972626443200166e-01
6.075585250143468147e+04 9.878619825402957799e-01
6.075585276148847333e+04 1.002572228777629970e+00
6.075585302154227247e+04 1.004419355905245004e+00
6.075585328159607161e+04 9.927205333050888036e-01
6.075585354164987803e+04 9.964278907550666586e-01
6.075585380170368444e+04 1.001725095758730921e+00
6.075585406175747630e+04 9.934319275954851536e-01
6.075585432181127544e+04 9.828092849068646997e-01
6.075585458186507458e+04 1.009625066048402520e+00
6.075585484191887372e+04 1.002750729764137150e+00
6.075585510197266558e+04 1.014215873584099814e+00
6.075585536202646472e+04 9.906760234362278483e-01
6.075585562208026386e+04 1.005376002627842880e+00
6.075585588213406299e+04 1.011599838330170531e+00
6.075585614218786213e+04 1.002279564912509580e+00
6.075585640224165400e+04 9.950543865417965650e-01
6.075585666229546041e+04 9.980529779949974811e-01
6.075585692234926682e+04 1.002079354327890304e+00
6.075585718240306596e+04 1.011793547445745789e+00
6.075585744245685783e+04 1.021472047884913303e+00
6.075585770251065696e+04 1.005913868559622726e+00
6.075585796256445610e+04 9.977093107381900250e-01
6.075585822261825524e+04 1.019177224877992893e+00
6.075585848267205438e+04 9.957415816148648124e-01
6.075585874272584624e+04 9.984991222376394804e-01
6.075585900277964538e+04 1.002451894329309257e+00
6.075585926283344452e+04 1.004089596923035010e+00
6.075585952288725093e+04 1.002828992188285806e+00
6.075585978294105735e+04 9.990599728757659781e-01
6.075586004299484921e+04 1.000050843512613863e+00
6.075586030304864835e+04 1.005356383390635822e+00
6.075586056310244749e+04 9.922572878313539180e-01
6.075586082315624662e+04 9.892004378522069041e-01
6.075586108321004576e+04 1.007149615177880708e+00
6.075586134326383763e+04 1.021033682723529123e+00
6.075586160331763676e+04 9.920186985998585838e-01
6.075586186337143590e+04 1.002096681015630875e+00
6.075586212342523504e+04 9.974867305421274422e-01
6.075586238347903418e+04 1.006957461498840578e+00
6.075586264353283332e+04 9.815072701663402066e-01
6.075586290358663973e+04 9.975171733155717702e-01
6.075586316364043887e+04 1.008498539594963939e+00
6.075586342369423801e+04 9.877976373270118682e-01
6.075586368374803715e+04 1.006748694856600235e+00
6.075586394380182901e+04 9.989955191636977760e-01
6.075586420385562815e+04 1.001567382626262548e+00
6.075586446390942729e+04 9.958375635336041976e-01
6.075586472396322642e+04 1.003436726395079415e+00
6.075586498401702556e+04 1.002594011772164784e+00
6.075586524407081743e+04 9.839349777088491900e-01
6.075586550412462384e+04 1.005648019990050601e+00
6.075586576417843025e+04 1.003815461436061929e+00
6.075586602423222939e+04 9.971825227929008717e-01
6.075586628428602853e+04 9.894557228315458142e-01
6.075586654433982039e+04 9.977024022946492376e-01
6.075586680439361953e+04 1.000947521695910503e+00
6.075586706444741867e+04 1.000223032686675451e+00
6.075586732450121781e+04 1.022138957614123322e+00
6.075586758455501695e+04 9.974125850657594716e-01
6.075586784460881609e+04 1.009922881284617713e+00
6.075586810466260795e+04 9.873921746373853781e-01
6.075586836471640709e+04 1.007962648510723369e+00
6.075586862477021350e+04 1.005552901156216761e+00
6.075586888482401991e+04 9.930161604208320725e-01
6.075586914487781905e+04 1.013742103734649458e+00
6.075586940493161092e+04 1.002610350921240956e+00
6.075586966498541005e+04 1.013725897026990896e+00
6.075586992503920919e+04 9.856161095416251516e-01
6.075587018509300833e+04 9.888743034494302808e-01
6.075587044514680747e+04 1.011301111369681038e+00
6.075587070520060661e+04 1.009968555794887424e+00
6.075587096525439847e+04 9.948982135016468664e-01
6.075587122530819761e+04 9.970430340448395157e-01
6.075587148536199675e+04 1.007981622724254400e+00
6.075587174541581044e+04 9.993271403701727840e-01
6.075587200546960958e+04 9.865579053923151376e-01
6.075587226552340871e+04 1.000949005012893078e+00
6.075587252557720058e+04 1.008478873526003738e+00
6.075587278563099972e+04 9.949727305779579867e-01
6.075587304568479885e+04 1.002669507373663560e+00
6.075587330573859799e+04 1.014106290141932876e+00
6.075587356579239713e+04 1.014850689071697509e+00
6.075587382584619627e+04 1.002146248503427373e+00
6.075587408589998813e+04 1.009642009509358118e+00
6.075587434595378727e+04 9.922192794380075842e-01
6.075587460600759368e+04 1.005135729637880670e+00
6.075587486606140010e+04 1.008229342401263828e+00
6.075587512611519924e+04 1.002911572776307825e+00
6.075587538616899838e+04 1.005840114787071027e+00
6.075587564622279751e+04 1.004586620736020564e+00
6.075587590627658938e+04 9.962097333715882463e-01
6.075587616633038851e+04 9.911909576011622702e-01
6.075587642638418765e+04 1.003576300789578379e+00
6.075587668643798679e+04 1.003741641897778480e+00
6.075587694649178593e+04 1.011543299748474123e+00
6.075587720654558507e+04 9.895099475397679534e-01
6.075587746659937693e+04 9.991671822521464019e-01
6.075587772665318334e+04 1.010851296596193549e+00
6.075587798670698976e+04 1.014339153963891738e+00
6.075587824676078890e+04 1.008436214030528078e+00
6.075587850681458804e+04 9.968397682371038515e-01
6.075587876686838717e+04 1.019534166540204234e+00
6.075587902692218631e+04 1.026190320216995744e+00
6.075587928697597818e+04 1.009233848051755755e+00
6.075587954702977731e+04 9.965811930919381556e-01
6.075588115586427011e+04 1.020368243174065714e+00
6.075588141592496686e+04 9.972098942677248834e-01
6.075588167598567088e+04 1.019789873640174482e+00
6.075588193604636763e+04 1.033166888193264965e+00
6.075588219610707165e+04 9.980606715850133259e-01
6.075588245616777567e+04 9.987202388514360152e-01
6.075588271622847242e+04 1.006880046252057292e+00
6.075588297628917644e+04 9.998216790212884897e-01
6.075588323634988046e+04 1.003259767282100867e+00
6.075588349641056993e+04 1.001522418333685049e+00
6.075588375647127395e+04 1.021591918212154226e+00
6.075588401653197798e+04 9.918426641253595966e-01
6.075588427659268200e+04 9.953706568783087238e-01
6.075588453665338602e+04 9.943134543369980261e-01
6.075588479671408277e+04 9.938991076374008582e-01
6.075588505677478679e+04 9.994031856429237415e-01
6.075588531683548354e+04 9.959514009021658287e-01
6.075588557689618756e+04 9.870950748568566580e-01
6.075588583695689158e+04 1.001772233369017107e+00
6.075588609701758833e+04 1.008606221763093114e+00
6.075588635707829235e+04 9.932937082941015738e-01
6.075588661713899637e+04 1.006174428382332176e+00
6.075588687719969312e+04 9.961954703274561451e-01
6.075588713726038986e+04 1.002661274810725311e+00
6.075588739732109389e+04 1.014031534731995698e+00
6.075588765738179791e+04 1.001486420140862865e+00
6.075588791744250193e+04 1.003818927147292372e+00
6.075588817750319868e+04 9.922106037657150157e-01
6.075588843756390270e+04 1.015029140134567243e+00
6.075588869762460672e+04 1.002062577154295031e+00
6.075588895768530347e+04 9.983476837041732610e-01
6.075588921774600749e+04 1.008976025751868066e+00
6.075588947780670424e+04 1.003618446889622984e+00
6.075588973786740826e+04 9.932380831435380086e-01
6.075588999792811228e+04 1.012804244134666742e+00
6.075589025798880903e+04 9.987810054322242559e-01
6.075589051804952032e+04 9.917151516138980050e-01
6.075589077811021707e+04 9.951336774761674331e-01
6.075589103817091382e+04 9.996583638481429945e-01
6.075589129823161784e+04 1.006448744377175686e+00
6.075589155829231458e+04 9.958598709146934125e-01
6.075589181835301861e+04 1.008327232429281795e+00
6.075589207841372263e+04 9.898345367651080196e-01
6.075589233847442665e+04 1.002667955227321217e+00
6.075589259853513067e+04 1.009367838235581294e+00
6.075589285859582742e+04 1.011597743451088993e+00
6.075589311865652417e+04 9.934123647296384529e-01
6.075589337871722819e+04 1.014743912563299100e+00
6.075589363877793221e+04 1.002123756918510189e+00
6.075589389883863623e+04 9.997126889399754468e-01
6.075589415889933298e+04 1.003256884119414938e+00
6.075589441896003700e+04 1.000729431061055497e+00
6.075589467902074102e+04 9.867000995087623627e-01
6.075589493908143777e+04 9.852428111643363184e-01
6.075589519914213452e+04 9.923905866900658568e-01
6.075589545920283854e+04 9.954479190506675401e-01
6.075589571926354256e+04 9.970311638344511174e-01
6.075589597932424658e+04 1.006745231027605936e+00
6.075589623938494333e+04 9.923488817106256299e-01
6.075589649944564735e+04 1.000895711466112781e+00
6.075589675950635137e+04 9.979144301046126708e-01
6.075589701956705539e+04 9.874821570276864913e-01
6.075589727962775942e+04 1.002170168417187535e+00
6.075589753968844889e+04 9.994055482001553692e-01
6.075589779974915291e+04 9.847657313529649681e-01
6.075589805980985693e+04 9.882257117412088787e-01
6.075589831987055368e+04 9.844452670315902987e-01
6.075589857993125770e+04 1.003937717933564899e+00
6.075589883999196172e+04 9.959958879248118624e-01
6.075589910005266574e+04 1.002358880963187593e+00
6.075589936011336977e+04 9.830418769458135753e-01
6.075589962017406651e+04 9.974834465493509494e-01
6.075589988023477054e+04 9.839175130948315529e-01
6.075590014029546728e+04 1.016087722202813515e+00
6.075590040035617130e+04 9.864924214935980595e-01
6.075590066041687533e+04 9.841154453004556935e-01
6.075590092047757207e+04 9.837712870291528411e-01
6.075590118053827609e+04 1.004244843474848548e+00
6.075590144059898012e+04 1.003929836392539743e+00
6.075590170065967686e+04 9.956563619748357574e-01
6.075590196072038816e+04 9.983979193250708262e-01
6.075590222078108491e+04 1.007448986530407931e+00
6.075590248084178893e+04 9.924767694938027018e-01
6.075590274090249295e+04 9.961981037484305412e-01
6.075590300096318242e+04 9.991620413941155743e-01
6.075590326102388644e+04 9.816642894846989709e-01
6.075590352108459047e+04 9.922231915523536117e-01
6.075590378114529449e+04 9.743559372998563672e-01
6.075590404120599851e+04 9.827706818423704860e-01
6.075590430126669526e+04 1.001955282677782888e+00
6.075590456132739928e+04 9.974286721055299898e-01
6.075590482138810330e+04 1.000058810146829291e+00
6.075590508144880732e+04 1.012052470827051076e+00
6.075590534150951135e+04 9.972603181743596723e-01
6.075590560157020809e+04 9.945687316903392139e-01
6.075590586163091211e+04 9.920548217249429701e-01
6.075590612169160886e+04 9.648704550432676275e-01
6.075590638175230561e+04 1.002051216564329161e+00
6.075590664181300963e+04 9.932696336080445443e-01
6.075590690187371365e+04 9.867288030072559613e-01
6.075590716193441767e+04 9.846376466716822984e-01
6.075590742199512169e+04 1.018675436867882311e+00
6.075590768205581844e+04 9.871846295876347543e-01
6.075590794211652246e+04 1.008947873146941454e+00
6.075590820217722649e+04 9.960152012016351142e-01
6.075590846223793051e+04 1.003375999016371534e+00
6.075590872229863453e+04 1.006238493213340579e+00
6.075590898235933128e+04 9.969538487456667264e-01
6.075590924242003530e+04 9.886111441266540734e-01
6.075590950248073932e+04 9.863433126717411348e-01
6.075591106051386305e+04 9.784190200666020854e-01
6.075591132057445793e+04 9.813917314673997749e-01
6.075591158063505281e+04 9.920033211911972737e-01
6.075591184069564770e+04 9.862723821372327837e-01
6.075591210075624258e+04 9.807609105577868025e-01
6.075591236081683746e+04 9.989598440854244865e-01
6.075591262087743235e+04 9.998820226582325610e-01
6.075591288093802723e+04 9.986119997241367230e-01
6.075591314099862211e+04 1.011014686440379284e+00
6.075591340105922427e+04 1.001049131353152877e+00
6.075591366111981915e+04 9.859463848311089684e-01
6.075591392118041404e+04 9.892250125601511623e-01
6.075591418124100892e+04 1.003153135874349067e+00
6.075591444130160380e+04 9.864114674209990552e-01
6.075591470136219868e+04 1.006097046625091362e+00
6.075591496142279357e+04 9.961858279678484918e-01
6.075591522148338845e+04 1.009083512647211300e+00
6.075591548154399061e+04 9.900518759749614706e-01
6.075591574160458549e+04 9.844067948373569354e-01
6.075591600166518037e+04 9.836245309172194640e-01
6.075591626172577526e+04 1.013655873744856217e+00
6.075591652178637742e+04 9.935750045086774174e-01
6.075591678184697230e+04 9.984367868860392070e-01
6.075591704190756718e+04 9.815408667400976617e-01
6.075591730196816206e+04 9.854233261042367742e-01
6.075591756202875695e+04 9.833879879549530800e-01
6.075591782208935183e+04 9.940103985575925449e-01
6.075591808214994671e+04 9.919077396678972480e-01
6.075591834221054160e+04 9.849357309664894533e-01
6.075591860227113648e+04 1.011079525988017869e+00
6.075591886233173136e+04 9.869752792169611544e-01
6.075591912239232624e+04 9.875864969737497834e-01
6.075591938245292840e+04 1.003357798518188737e+00
6.075591964251352329e+04 9.891750912784040839e-01
6.075591990257411817e+04 1.000249240736777567e+00
6.075592016263471305e+04 9.938783331164219303e-01
6.075592042269530793e+04 9.927747583694366273e-01
6.075592068275590282e+04 9.972558237631988787e-01
6.075592094281649770e+04 9.790675671865276541e-01
6.075592120287709986e+04 9.854501123734369372e-01
6.075592146293769474e+04 9.912578842689141467e-01
6.075592172299828962e+04 1.000068699198512157e+00
6.075592198305888451e+04 9.949283030643141235e-01
6.075592224311948667e+04 9.827324746294269220e-01
6.075592250318008155e+04 1.011318241041786026e+00
6.075592276324067643e+04 9.880879844262910883e-01
6.075592302330127131e+04 9.806727416145717413e-01
6.075592328336186620e+04 9.871906308267214269e-01
6.075592354342246108e+04 9.843456456937849097e-01
6.075592380348305596e+04 9.920714190516608522e-01
6.075592406354365812e+04 9.874242140230482523e-01
6.075592432360425300e+04 9.994775679373681943e-01
6.075592458366484789e+04 9.965452716488443219e-01
6.075592484372544277e+04 9.901424889098907611e-01
6.075592510378604493e+04 9.982639727030758747e-01
6.075592536384663981e+04 9.949741397283140554e-01
6.075592562390723469e+04 1.006867210789723854e+00
6.075592588396782958e+04 9.797904100723160425e-01
6.075592614402842446e+04 9.921443550896900110e-01
6.075592640408901934e+04 9.770723696682768189e-01
6.075592666414961423e+04 1.000684058792742359e+00
6.075592692421020911e+04 1.000538503277290214e+00
6.075592718427081127e+04 9.912043216183552552e-01
6.075592744433140615e+04 1.013764580639047619e+00
6.075592770439200103e+04 9.851734189090890492e-01
6.075592796445260319e+04 1.014606722924582316e+00
6.075592822451319807e+04 9.834647525335503682e-01
6.075592848457379296e+04 1.000015676026467792e+00
6.075592874463438784e+04 9.924766309861661195e-01
6.075592900469498272e+04 9.941441022654368131e-01
6.075592926475557761e+04 9.994983173242367736e-01
6.075592952481617249e+04 9.907097832212365951e-01
6.075592978487676737e+04 9.995980514133582240e-01
6.075593004493736953e+04 9.859952136107128506e-01
6.075593030499796441e+04 1.010856705823926838e+00
6.075593056505855930e+04 1.010453368179069278e+00
6.075593082511916145e+04 9.987839628113946988e-01
6.075593108517975634e+04 9.763102154991394332e-01
6.075593134524035122e+04 1.003443428123687253e+00
6.075593160530094610e+04 9.884382416411009453e-01
6.075593186536154099e+04 9.815013080985202087e-01
6.075593212542213587e+04 9.991731018982644708e-01
6.075593238548273075e+04 9.979239185268781176e-01
6.075593264554332563e+04 9.938503735853434495e-01
6.075593290560392779e+04 9.988318829762301565e-01
6.075593316566452268e+04 1.002231373956715910e+00
6.075593342572511756e+04 9.899595066379577313e-01
6.075593368578571244e+04 9.878082090099271628e-01
6.075593394584631460e+04 1.020738164957134320e+00
6.075593420590690948e+04 1.000770827240616390e+00
6.075593446596750437e+04 9.833856895005559373e-01
6.075593472602809925e+04 9.945790575030358793e-01
6.075593498608869413e+04 9.932325300441073868e-01
6.075593524614928901e+04 1.014607592363526933e+00
6.075593550620988390e+04 9.922421615938202821e-01
6.075593576627048606e+04 1.007416870617208637e+00
6.075593602633108094e+04 1.004460419839737106e+00
6.075593628639167582e+04 1.009999781971971933e+00
6.075593654645227070e+04 1.004015209213591886e+00
6.075593680651287286e+04 1.005025434946962504e+00
6.075593706657346775e+04 1.014766239395986647e+00
6.075593732663406263e+04 9.928939299235385318e-01
6.075593758669465751e+04 9.937803134494301860e-01
6.075593784675525239e+04 1.012046234107367715e+00
6.075593810681584728e+04 1.012400669310798529e+00
6.075593836687644216e+04 1.023337781481677311e+00
6.075593862693704432e+04 9.947780243693515878e-01
6.075593888699763920e+04 9.802471336749188913e-01
6.075593914705823408e+04 9.867279381779315850e-01
6.075593940711883624e+04 9.994930414773227634e-01
6.075594106598430517e+04 9.870834832906068002e-01
6.075594132604500919e+04 1.019812603426200281e+00
6.075594158610571321e+04 1.017056262758992302e+00
6.075594184616640996e+04 1.002210995598871390e+00
6.075594210622711398e+04 1.015880586991023016e+00
6.075594236628781800e+04 1.002165606694608302e+00
6.075594262634852203e+04 1.000840168871600433e+00
6.075594288640922605e+04 1.000676573902979927e+00
6.075594314646992279e+04 9.983183179777531668e-01
6.075594340653063409e+04 1.003878183157340231e+00
6.075594366659133811e+04 9.899341392321582278e-01
6.075594392665203486e+04 1.007537961926562309e+00
6.075594418671273888e+04 1.004208383894034329e+00
6.075594444677344291e+04 9.835451783439905782e-01
6.075594470683414693e+04 9.969392182013214754e-01
6.075594496689485095e+04 1.013140129208284446e+00
6.075594522695554770e+04 1.008875815854557212e+00
6.075594548701625172e+04 1.002567072704100948e+00
6.075594574707695574e+04 9.897875841448158241e-01
6.075594600713765976e+04 1.004559640790435582e+00
6.075594626719836378e+04 1.005995836586693448e+00
6.075594652725906053e+04 1.005121846493119309e+00
6.075594678731976455e+04 1.001648733702049210e+00
6.075594704738046858e+04 9.896889478527723938e-01
6.075594730744116532e+04 1.005555221066551708e+00
6.075594756750187662e+04 1.000784378001808417e+00
6.075594782756257337e+04 1.029269079168390277e+00
6.075594808762328466e+04 1.005175468510942860e+00
6.075594834768398869e+04 1.019738627776331841e+00
6.075594860774468543e+04 9.990214675217552465e-01
6.075594886780538945e+04 9.997519242065561196e-01
6.075594912786609348e+04 9.994705105322569949e-01
6.075594938792679750e+04 1.004514118419858937e+00
6.075594964798750152e+04 9.880797406088148715e-01
6.075594990804819827e+04 9.898450813798271852e-01
6.075595016810890229e+04 1.005770883469381705e+00
6.075595042816960631e+04 1.012877917294643826e+00
6.075595068823031033e+04 1.008463016457003869e+00
6.075595094829101436e+04 1.001747274205474492e+00
6.075595120835171110e+04 9.927008897767334306e-01
6.075595146841241512e+04 9.931667650701367922e-01
6.075595172847312642e+04 9.966480694693242715e-01
6.075595198853382317e+04 1.006611419918230110e+00
6.075595224859452719e+04 9.975547958642830837e-01
6.075595250865523121e+04 9.978229779881040429e-01
6.075595276871593524e+04 1.002273497998482199e+00
6.075595302877663926e+04 1.006408383664183281e+00
6.075595328883733600e+04 1.007936496798788051e+00
6.075595354889804003e+04 1.011869337213287645e+00
6.075595380895874405e+04 1.008601132405271716e+00
6.075595406901944807e+04 9.987736924292767160e-01
6.075595432908015209e+04 9.999469504760201133e-01
6.075595458914084884e+04 1.013731165901690989e+00
6.075595484920156014e+04 9.985784769841838937e-01
6.075595510926226416e+04 1.008852363071049307e+00
6.075595536932296091e+04 1.007887125814676432e+00
6.075595562938366493e+04 9.951821835729015575e-01
6.075595588944436895e+04 9.975119149161583154e-01
6.075595614950507297e+04 1.030322143325674844e+00
6.075595640956577699e+04 1.002893399091644211e+00
6.075595666962647374e+04 1.006884575781307412e+00
6.075595692968717776e+04 9.968248275680953174e-01
6.075595718974788178e+04 1.009134796512059840e+00
6.075595744980858581e+04 1.006405365820994158e+00
6.075595770986929710e+04 1.013705144499534194e+00
6.075595796992999385e+04 9.990208010302400465e-01
6.075595822999069787e+04 9.902192506415534723e-01
6.075595849005140190e+04 9.922661702152170138e-01
6.075595875011209864e+04 9.930871724520106136e-01
6.075595901017280994e+04 9.913905428167317790e-01
6.075595927023350669e+04 1.022242913318278656e+00
6.075595953029421071e+04 1.024541976889765671e+00
6.075595979035491473e+04 1.020254601480734769e+00
6.075596005041561148e+04 1.007394584941750049e+00
6.075596031047632277e+04 1.009564803471286076e+00
6.075596057053702680e+04 1.013666102598492991e+00
6.075596083059773082e+04 9.960277784272355550e-01
6.075596109065843484e+04 9.854000990507038038e-01
6.075596135071913159e+04 9.887865096935235520e-01
6.075596161077983561e+04 9.963472569028669623e-01
6.075596187084053963e+04 1.001359746811567586e+00
6.075596213090124365e+04 1.006079050131853947e+00
6.075596239096194768e+04 9.953553279591716985e-01
6.075596265102265170e+04 1.004703132964806400e+00
6.075596291108335572e+04 1.006578127365476583e+00
6.075596317114405974e+04 9.910167765289014108e-01
6.075596343120475649e+04 9.970538172460216009e-01
6.075596369126546051e+04 1.013424414845490951e+00
6.075596395132616453e+04 1.007939449184642733e+00
6.075596421138686856e+04 9.927407089933322215e-01
6.075596447144757258e+04 1.016960756212395012e+00
6.075596473150827660e+04 9.917468858828999423e-01
6.075596499156898062e+04 9.838917607070581939e-01
6.075596525162968464e+04 1.009856898154291693e+00
6.075596551169038867e+04 1.005293685019958971e+00
6.075596577175109269e+04 1.004726417799706839e+00
6.075596603181178943e+04 1.011850299993909408e+00
6.075596629187249346e+04 1.002659441927860717e+00
6.075596655193319748e+04 9.981082249642131421e-01
6.075596681199390150e+04 9.899515712677863233e-01
6.075596707205460552e+04 1.013446028633649521e+00
6.075596733211530955e+04 9.755010746134544775e-01
6.075596759217601357e+04 9.999330669061938792e-01
6.075596785223671759e+04 1.005667295557505891e+00
6.075596811229741434e+04 1.002571807106812152e+00
6.075596837235811836e+04 1.009010834760743158e+00
6.075596863241882238e+04 9.901180926642976221e-01
6.075596889247953368e+04 1.011412935739084418e+00
6.075596915254023770e+04 9.947064453358122060e-01
6.075596941260093445e+04 9.920403021607351324e-01
6.075597102105359954e+04 1.004521455049242284e+00
6.075597128111420170e+04 9.917214423526461431e-01
6.075597154117479658e+04 9.791806136197196420e-01
6.075597180123539147e+04 1.009012704443920772e+00
6.075597206129598635e+04 1.022637459826688300e+00
6.075597232135658123e+04 9.892344394336253233e-01
6.075597258141718339e+04 1.000286474142987769e+00
6.075597284147777827e+04 9.869210466537983173e-01
6.075597310153837316e+04 9.984758015500407868e-01
6.075597336159897532e+04 9.996898961398820171e-01
6.075597362165957020e+04 9.977013465111699286e-01
6.075597388172016508e+04 9.798097433121045752e-01
6.075597414178077452e+04 1.000214975490991698e+00
6.075597440184136940e+04 9.932015068497659360e-01
6.075597466190196428e+04 9.994005881108528611e-01
6.075597492196255916e+04 1.009247748643850029e+00
6.075597518202315405e+04 9.991724943081907728e-01
6.075597544208374893e+04 9.766859658557509594e-01
6.075597570214434381e+04 1.014985091054580124e+00
6.075597596220494597e+04 1.015405768905986328e+00
6.075597622226554813e+04 9.949328145162069648e-01
6.075597648232614301e+04 1.021405878096920405e+00
6.075597674238673790e+04 9.937266689500988681e-01
6.075597700244734006e+04 1.002920685484453678e+00
6.075597726250793494e+04 9.995448745947848046e-01
6.075597752256853710e+04 9.913580395147995050e-01
6.075597778262913198e+04 1.002186315936731464e+00
6.075597804268972686e+04 1.007222705961912768e+00
6.075597830275032175e+04 1.006691038016855888e+00
6.075597856281091663e+04 9.905351560674321432e-01
6.075597882287151151e+04 9.897221726993499225e-01
6.075597908293212095e+04 9.955197455533392192e-01
6.075597934299271583e+04 9.854533131079040720e-01
6.075597960305331071e+04 1.001549403041287922e+00
6.075597986311390559e+04 1.001895023127526541e+00
6.075598012317450775e+04 1.005976542539924967e+00
6.075598038323510264e+04 9.912634518831470176e-01
6.075598064329570479e+04 1.010560028603385341e+00
6.075598090335629968e+04 1.006155090365374205e+00
6.075598116341689456e+04 9.878038373479897105e-01
6.075598142347748944e+04 1.005933667983331059e+00
6.075598168353808433e+04 1.006209442250656005e+00
6.075598194359869376e+04 9.920699897719662541e-01
6.075598220365928864e+04 9.997914847497825219e-01
6.075598246371988353e+04 1.007043585057324053e+00
6.075598272378047841e+04 1.003103680373317763e+00
6.075598298384108057e+04 9.889972522670470445e-01
6.075598324390167545e+04 9.911949650869134043e-01
6.075598350396227761e+04 9.895256386763615630e-01
6.075598376402287249e+04 1.006770050487621582e+00
6.075598402408346738e+04 9.890305468627459407e-01
6.075598428414406226e+04 9.844503862224374124e-01
6.075598454420465714e+04 9.898182569653178886e-01
6.075598480426526658e+04 9.990527474539451225e-01
6.075598506432586146e+04 9.971605454807781488e-01
6.075598532438645634e+04 1.029129215904223793e+00
6.075598558444705122e+04 9.872721752258623029e-01
6.075598584450765338e+04 9.982265112841235410e-01
6.075598610456825554e+04 1.000622460077602582e+00
6.075598636462885042e+04 9.931842927349536776e-01
6.075598662468944531e+04 9.888016462918741700e-01
6.075598688475004019e+04 9.933745440946372129e-01
6.075598714481063507e+04 9.875845571907312381e-01
6.075598740487123723e+04 1.004843623231256089e+00
6.075598766493183211e+04 9.988401169714473671e-01
6.075598792499243427e+04 1.009111774197730460e+00
6.075598818505302916e+04 9.908996577499247227e-01
6.075598844511362404e+04 9.915902036106100104e-01
6.075598870517423347e+04 9.911811684061969663e-01
6.075598896523482836e+04 9.896733800359401867e-01
6.075598922529542324e+04 9.942918713974937539e-01
6.075598948535601812e+04 9.873454521492308622e-01
6.075598974541661300e+04 9.973850998530040535e-01
6.075599000547721516e+04 9.970681637907243822e-01
6.075599026553781005e+04 9.826802830436893732e-01
6.075599052559840493e+04 9.930878410805478174e-01
6.075599078565900709e+04 9.934264628715959722e-01
6.075599104571960197e+04 1.006684788692776111e+00
6.075599130578020413e+04 9.931347016276653727e-01
6.075599156584080629e+04 9.984241589240603343e-01
6.075599182590140117e+04 1.001531900445354006e+00
6.075599208596199605e+04 9.931641737465118913e-01
6.075599234602259094e+04 1.015090250522476589e+00
6.075599260608319310e+04 1.001557838852033866e+00
6.075599286614378798e+04 9.820851328588371398e-01
6.075599312620438286e+04 1.010887360211933705e+00
6.075599338626497774e+04 9.986720606203152162e-01
6.075599364632558718e+04 9.896572091494367784e-01
6.075599390638618206e+04 9.866219294194862321e-01
6.075599416644677694e+04 9.992163068580942609e-01
6.075599442650737910e+04 1.005993206642032511e+00
6.075599468656797399e+04 9.869328115548834379e-01
6.075599494662857614e+04 1.007781117740894627e+00
6.075599520668917103e+04 1.004764597925705161e+00
6.075599546674976591e+04 1.000469991900706512e+00
6.075599572681036079e+04 9.911693045145587577e-01
6.075599598687096295e+04 9.749180074735003254e-01
6.075599624693155783e+04 9.841260210373526940e-01
6.075599650699215999e+04 9.966460195233813879e-01
6.075599676705275488e+04 1.000106381106568909e+00
6.075599702711334976e+04 9.926959044380030406e-01
6.075599728717395192e+04 9.798521161326323448e-01
6.075599754723455408e+04 9.929983422769962376e-01
6.075599780729514896e+04 1.001034207660572051e+00
6.075599806735574384e+04 9.895437017674524327e-01
6.075599832741634600e+04 1.004839405700614474e+00
6.075599858747694088e+04 9.937181914851220821e-01
6.075599884753753577e+04 1.000368444832888226e+00
6.075599910759813065e+04 9.922768426425107036e-01
6.075599936765874008e+04 9.771363108531491148e-01
6.075600091310295102e+04 9.918426895421015299e-01
6.075600117316365504e+04 9.987838359332388283e-01
6.075600143322435179e+04 1.001886727203227245e+00
6.075600169328505581e+04 9.857728720211386131e-01
6.075600195334576711e+04 1.003470241096642512e+00
6.075600221340647113e+04 1.001368294880929266e+00
6.075600247346717515e+04 9.911463520400047855e-01
6.075600273352787190e+04 1.007018951578532828e+00
6.075600299358858319e+04 9.934294262332535874e-01
6.075600325364928722e+04 9.976864672517471444e-01
6.075600351370998396e+04 9.922401373584904816e-01
6.075600377377069526e+04 9.981106826308234758e-01
6.075600403383139928e+04 9.969244711665137260e-01
6.075600429389210331e+04 9.928831299903603247e-01
6.075600455395280733e+04 1.005065076502944965e+00
6.075600481401350407e+04 9.995470957635121945e-01
6.075600507407421537e+04 9.936105091127755973e-01
6.075600533413491939e+04 1.001457237676073531e+00
6.075600559419562342e+04 1.007912713339774946e+00
6.075600585425632744e+04 9.998916109943551955e-01
6.075600611431703146e+04 9.947879360697005069e-01
6.075600637437773548e+04 1.009218878872280456e+00
6.075600663443843951e+04 9.958857311966151649e-01
6.075600689449914353e+04 9.973293599810992838e-01
6.075600715455985483e+04 9.925724955736803246e-01
6.075600741462055157e+04 9.990864045856940878e-01
6.075600767468125559e+04 9.836370075440287186e-01
6.075600793474195962e+04 1.003687916216591480e+00
6.075600819480266364e+04 9.825497725341244548e-01
6.075600845486336766e+04 1.001318944245746856e+00
6.075600871492407168e+04 9.905926330764923682e-01
6.075600897498478298e+04 1.005795632553226460e+00
6.075600923504548700e+04 9.949900454378068915e-01
6.075600949510618375e+04 9.953519111028114041e-01
6.075600975516688777e+04 9.955342208048306718e-01
6.075601001522759907e+04 1.007307191680479441e+00
6.075601027528830309e+04 9.962676956930992533e-01
6.075601053534900711e+04 9.778229248874183988e-01
6.075601079540970386e+04 9.908310800394312112e-01
6.075601105547041516e+04 9.988519345411682737e-01
6.075601131553111918e+04 9.974364961990139777e-01
6.075601157559181593e+04 9.951761113038705142e-01
6.075601183565252722e+04 1.003113883380125193e+00
6.075601209571323125e+04 9.908102961014267906e-01
6.075601235577393527e+04 9.786496624063442118e-01
6.075601261583463929e+04 9.861582547021822132e-01
6.075601287589534331e+04 9.972970259303431950e-01
6.075601313595604734e+04 9.964155175050490865e-01
6.075601339601675136e+04 9.855752200092713355e-01
6.075601365607746266e+04 9.894558818493918162e-01
6.075601391613816668e+04 1.010558607614592486e+00
6.075601417619886342e+04 9.914603804053039315e-01
6.075601443625956745e+04 9.945715046868288667e-01
6.075601469632027874e+04 9.993935511188977161e-01
6.075601495638097549e+04 9.988553106283879490e-01
6.075601521644168679e+04 9.995581900517155338e-01
6.075601547650239081e+04 9.960896743825210509e-01
6.075601573656309483e+04 9.956966152079100851e-01
6.075601599662379886e+04 9.990565729670892736e-01
6.075601625668450288e+04 9.869476384468893748e-01
6.075601651674520690e+04 9.935068454979243402e-01
6.075601677680591092e+04 1.008873645671060082e+00
6.075601703686661494e+04 9.993905901489132937e-01
6.075601729692732624e+04 9.954307526685826080e-01
6.075601755698802299e+04 9.971067865975093980e-01
6.075601781704872701e+04 9.844402867963165660e-01
6.075601807710943831e+04 1.002121048439888806e+00
6.075601833717014233e+04 1.008078448555065343e+00
6.075601859723084635e+04 9.996131592136656696e-01
6.075601885729155038e+04 1.017876798398211768e+00
6.075601911735225440e+04 9.984741561116646791e-01
6.075601937741295842e+04 1.012613218828595230e+00
6.075601963747365517e+04 9.958795689518461502e-01
6.075601989753436646e+04 9.936880301107055002e-01
6.075602015759507049e+04 9.791901034603968101e-01
6.075602041765577451e+04 9.922372290033166786e-01
6.075602067771648581e+04 9.946277174907803831e-01
6.075602093777718255e+04 1.007671580032572844e+00
6.075602119783788658e+04 1.001043400830487817e+00
6.075602145789859787e+04 9.881982513535541024e-01
6.075602171795930190e+04 1.005945538981665832e+00
6.075602197802000592e+04 9.749819542223062685e-01
6.075602223808070994e+04 9.890753621763243020e-01
6.075602249814141396e+04 1.022829979283555124e+00
6.075602275820211798e+04 1.004953740632694936e+00
6.075602301826282201e+04 9.901079749800264507e-01
6.075602327832352603e+04 1.006457013816316248e+00
6.075602353838423005e+04 9.939155212199065614e-01
6.075602379844494135e+04 1.005904692821931068e+00
6.075602405850564537e+04 1.016094075373008110e+00
6.075602431856634212e+04 1.012625631039728802e+00
6.075602457862704614e+04 9.981937376388088090e-01
6.075602483868775744e+04 9.900055930540453408e-01
6.075602509874846146e+04 1.002080815883582554e+00
6.075602535880916548e+04 9.950497594593564754e-01
6.075602561886986950e+04 1.023744380907301466e+00
6.075602587893057353e+04 1.000533344550378789e+00
6.075602613899127755e+04 9.992959486372391398e-01
6.075602639905198885e+04 1.003516427652527243e+00
6.075602665911269287e+04 9.992208455601815364e-01
6.075602691917338962e+04 9.986964654753346382e-01
6.075602717923410091e+04 1.010851421774024317e+00
6.075602743929480494e+04 1.000291445475531393e+00
6.075602769935550168e+04 1.009419569688029261e+00
6.075602795941621298e+04 1.003751510498562816e+00
6.075602821947691700e+04 1.011341856958328123e+00
6.075602847953762102e+04 9.974990394953229256e-01
6.075602873959833232e+04 1.003650797031217179e+00
6.075602899965902907e+04 9.864659152467364356e-01
6.075602925971973309e+04 1.002763280822520864e+00
6.075603093119423283e+04 1.010162312480998636e+00
6.075603119125482772e+04 1.015655290099403807e+00
6.075603145131542988e+04 9.991228413272094100e-01
6.075603171137602476e+04 1.002741236344049769e+00
6.075603197143662692e+04 9.926783192657196997e-01
6.075603223149722908e+04 9.928760234528685169e-01
6.075603249155782396e+04 1.013739945198447456e+00
6.075603275161842612e+04 1.003689462096708285e+00
6.075603301167902100e+04 1.001949979676326263e+00
6.075603327173962316e+04 1.012522159386200826e+00
6.075603353180022532e+04 9.947494929402292962e-01
6.075603379186082020e+04 1.003308991263398342e+00
6.075603405192141508e+04 9.975273169539304874e-01
6.075603431198201724e+04 9.973560548899893519e-01
6.075603457204261213e+04 1.001959070037788280e+00
6.075603483210320701e+04 1.023333034188514956e+00
6.075603509216381644e+04 1.010433621275637295e+00
6.075603535222441133e+04 9.943574189531272367e-01
6.075603561228501349e+04 1.004579805162221229e+00
6.075603587234560837e+04 9.935696269060295682e-01
6.075603613240621053e+04 1.010974497509987469e+00
6.075603639246681269e+04 1.003523605972707733e+00
6.075603665252740757e+04 1.010743285556799709e+00
6.075603691258800245e+04 1.010970224237388582e+00
6.075603717264860461e+04 1.005485748247108679e+00
6.075603743270919949e+04 1.009068019703221131e+00
6.075603769276979438e+04 9.967158320827668172e-01
6.075603795283040381e+04 1.001632280654693563e+00
6.075603821289099869e+04 9.855202402508577153e-01
6.075603847295160085e+04 1.003921758588954827e+00
6.075603873301219573e+04 1.007195967371951939e+00
6.075603899307279789e+04 1.006326915020228530e+00
6.075603925313340005e+04 1.000712781543590113e+00
6.075603951319399494e+04 1.003600666010112441e+00
6.075603977325458982e+04 1.017911062029078106e+00
6.075604003331519198e+04 1.003480305331082123e+00
6.075604029337578686e+04 1.011944487769749657e+00
6.075604055343638902e+04 9.905283709286653027e-01
6.075604081349698390e+04 1.005977456927664049e+00
6.075604107355758606e+04 9.979792172506051218e-01
6.075604133361818822e+04 1.026482510411057536e+00
6.075604159367878310e+04 9.847962218411857593e-01
6.075604185373938526e+04 1.006061158369484954e+00
6.075604211379998742e+04 1.010916807805125606e+00
6.075604237386058230e+04 1.011372053163859919e+00
6.075604263392118446e+04 9.922532299456761073e-01
6.075604289398177934e+04 1.003136809182378020e+00
6.075604315404237423e+04 9.884155692988995101e-01
6.075604341410297639e+04 9.987102574021065049e-01
6.075604367416357127e+04 1.010542817133061044e+00
6.075604393422418070e+04 1.014511939034353771e+00
6.075604419428477559e+04 1.016134609149973889e+00
6.075604445434537047e+04 9.884998601319715528e-01
6.075604471440597990e+04 9.890722503760080997e-01
6.075604497446657479e+04 9.995992264710241715e-01
6.075604523452717694e+04 9.906214270666179322e-01
6.075604549458777183e+04 1.010128206927555006e+00
6.075604575464836671e+04 1.008198384875425235e+00
6.075604601470896887e+04 9.845169049229850478e-01
6.075604627476956375e+04 9.976255007776585471e-01
6.075604653483016591e+04 9.877465590857453792e-01
6.075604679489076807e+04 1.010412166246484666e+00
6.075604705495136295e+04 1.019049605012051440e+00
6.075604731501196511e+04 9.906047671737590044e-01
6.075604757507256727e+04 1.012672650079273762e+00
6.075604783513316943e+04 9.993141676619613500e-01
6.075604809519376431e+04 9.848721811615320787e-01
6.075604835525435919e+04 1.010098484687772080e+00
6.075604861531496135e+04 1.004253500687158684e+00
6.075604887537555624e+04 9.920139432763567244e-01
6.075604913543615839e+04 9.974113929317676153e-01
6.075604939549675328e+04 1.013369907477758236e+00
6.075604965555735544e+04 1.017636765006937338e+00
6.075604991561795759e+04 1.004868048486002863e+00
6.075605017567855248e+04 9.960721680608870532e-01
6.075605043573915464e+04 9.898360964133482431e-01
6.075605069579975680e+04 1.005460126007547972e+00
6.075605095586035168e+04 1.003325861159820587e+00
6.075605121592095384e+04 1.009925892520466828e+00
6.075605147598154872e+04 1.006622961113231129e+00
6.075605173604215088e+04 1.005943557243844877e+00
6.075605199610274576e+04 9.919329479217545709e-01
6.075605225616334792e+04 9.925241693369352136e-01
6.075605251622395008e+04 1.003830913797073787e+00
6.075605277628454496e+04 1.007888466811060812e+00
6.075605303634514712e+04 9.924202125455573453e-01
6.075605329640574200e+04 1.005385413226936420e+00
6.075605355646635144e+04 9.940480863816287815e-01
6.075605381652694632e+04 9.907448247559107468e-01
6.075605407658754848e+04 1.013834100590201182e+00
6.075605433664814336e+04 1.010814910382173526e+00
6.075605459670873825e+04 1.014192579810932138e+00
6.075605485676934040e+04 1.009555274937163905e+00
6.075605511682993529e+04 9.965081124682307889e-01
6.075605537689054472e+04 1.014195281612436439e+00
6.075605563695113960e+04 1.008019573321424778e+00
6.075605589701174176e+04 9.937970290760601566e-01
6.075605615707233665e+04 1.005670663811854659e+00
6.075605641713293880e+04 9.824814558609793469e-01
6.075605667719354096e+04 1.005293593374694039e+00
6.075605693725413585e+04 9.956443039781390780e-01
6.075605719731473800e+04 9.901161664719314581e-01
6.075605745737533289e+04 1.014180756214908774e+00
6.075605771743593505e+04 1.000683362574410262e+00
6.075605797749652993e+04 1.000098304348980394e+00
6.075605823755713209e+04 9.966381964102404289e-01
6.075605849761773425e+04 1.012014828056080562e+00
6.075605875767832913e+04 1.013475844132084580e+00
6.075605901773893129e+04 9.953043665384072591e-01
6.075605927779953345e+04 1.012270723235710657e+00
6.075606082322710427e+04 9.992949751920907620e-01
6.075606108328780829e+04 9.925542446627693138e-01
6.075606134334851231e+04 9.887151773249494013e-01
6.075606160340922361e+04 9.786071211672118242e-01
6.075606186346992035e+04 1.001539619178567264e+00
6.075606212353063165e+04 9.814668043737488912e-01
6.075606238359133567e+04 9.967756885892747887e-01
6.075606264365204697e+04 9.962866066671614007e-01
6.075606290371275099e+04 9.888624593989046030e-01
6.075606316377345502e+04 1.004472639441193582e+00
6.075606342383415904e+04 9.975692655535844944e-01
6.075606368389486306e+04 9.927825259712180772e-01
6.075606394395557436e+04 1.003289587727222321e+00
6.075606420401627838e+04 9.964299231295942194e-01
6.075606446407698240e+04 9.922751490042424072e-01
6.075606472413768643e+04 9.949622364040811018e-01
6.075606498419839772e+04 1.007535999761022483e+00
6.075606524425910175e+04 9.960457014701243894e-01
6.075606550431981304e+04 9.924648964104786364e-01
6.075606576438050979e+04 9.816280122225050642e-01
6.075606602444122109e+04 9.819281449712641274e-01
6.075606628450192511e+04 9.985240258186137696e-01
6.075606654456262913e+04 1.000920034648576928e+00
6.075606680462333316e+04 1.006011115309128456e+00
6.075606706468404445e+04 9.919709419873102840e-01
6.075606732474474848e+04 1.009585966210173158e+00
6.075606758480545250e+04 9.993301392005552453e-01
6.075606784486615652e+04 1.003675045983942082e+00
6.075606810492686054e+04 9.951712062909681134e-01
6.075606836498757184e+04 9.867531059786796011e-01
6.075606862504827586e+04 9.868663725899951000e-01
6.075606888510898716e+04 9.996254835133443484e-01
6.075606914516968391e+04 9.950289534496618016e-01
6.075606940523039520e+04 1.006312028536047176e+00
6.075606966529109923e+04 9.956485972908244442e-01
6.075606992535180325e+04 9.938817725224949884e-01
6.075607018541250727e+04 9.925171672677224333e-01
6.075607044547321857e+04 9.890903853323524952e-01
6.075607070553392259e+04 1.000987993842885393e+00
6.075607096559463389e+04 9.908855437134940214e-01
6.075607122565533064e+04 1.004250715842486263e+00
6.075607148571604193e+04 1.000120124008264888e+00
6.075607174577674596e+04 9.829467409577752335e-01
6.075607200583745725e+04 9.857435173098274550e-01
6.075607226589816128e+04 9.964751259181507947e-01
6.075607252595886530e+04 1.001349054012373063e+00
6.075607278601956932e+04 9.826880260932505662e-01
6.075607304608028062e+04 9.854493202695476795e-01
6.075607330614097737e+04 9.988786483364983093e-01
6.075607356620169594e+04 1.001721501604950992e+00
6.075607382626239269e+04 9.953890000239659086e-01
6.075607408632310398e+04 9.936877147782054998e-01
6.075607434638380801e+04 9.839113708098716771e-01
6.075607460644451203e+04 9.858152008058670424e-01
6.075607486650521605e+04 1.004823317115474568e+00
6.075607512656592735e+04 9.979332780945026071e-01
6.075607538662663137e+04 9.962369141444413767e-01
6.075607564668734267e+04 1.004211418909601861e+00
6.075607590674803942e+04 9.899069133412953247e-01
6.075607616680875071e+04 1.004791361819021622e+00
6.075607642686945474e+04 9.952036581554516426e-01
6.075607668693016603e+04 1.005387650679818057e+00
6.075607694699087006e+04 9.960723517177804132e-01
6.075607720705157408e+04 9.892149529439102640e-01
6.075607746711227810e+04 9.859953372517779036e-01
6.075607772717298940e+04 1.012702422941628821e+00
6.075607798723368614e+04 9.802502529847466617e-01
6.075607824729439744e+04 9.754297233921193078e-01
6.075607850735510146e+04 9.873223518407540089e-01
6.075607876741581276e+04 9.926760885851017013e-01
6.075607902747651679e+04 9.899515542731317508e-01
6.075607928753722081e+04 1.004128387959648760e+00
6.075607954759792483e+04 1.003245617067033413e+00
6.075607980765863613e+04 9.833286643902618973e-01
6.075608006771934015e+04 9.968410138184155000e-01
6.075608032778005145e+04 1.008707815872916358e+00
6.075608058784074819e+04 9.866248542080694461e-01
6.075608084790145949e+04 1.002091808562785236e+00
6.075608110796216351e+04 9.896139138546540259e-01
6.075608136802286754e+04 9.903217994740218799e-01
6.075608162808357156e+04 9.761759618759269230e-01
6.075608188814428286e+04 9.747198097879473666e-01
6.075608214820498688e+04 9.987754377468939238e-01
6.075608240826569818e+04 9.670852868478311271e-01
6.075608266832639492e+04 9.985775189815597752e-01
6.075608292838710622e+04 1.003419319024969614e+00
6.075608318844781024e+04 9.850336432169134460e-01
6.075608344850852154e+04 1.004222930411625692e+00
6.075608370856922556e+04 1.001003858580850725e+00
6.075608396862992959e+04 9.884413034298513701e-01
6.075608422869064088e+04 1.002145918368466448e+00
6.075608448875134491e+04 1.000779830316891550e+00
6.075608474881204893e+04 9.934852712383059892e-01
6.075608500887276023e+04 9.917823242207223222e-01
6.075608526893346425e+04 9.907169864690734684e-01
6.075608552899416827e+04 9.911724141244017128e-01
6.075608578905487957e+04 9.892923379528268946e-01
6.075608604911557632e+04 9.888418849563809232e-01
6.075608630917628761e+04 9.839843600923334765e-01
6.075608656923699164e+04 9.903057400775081565e-01
6.075608682929770293e+04 9.923450200036086910e-01
6.075608708935840696e+04 1.003828788691417451e+00
6.075608734941911098e+04 9.927433829515385222e-01
6.075608760947981500e+04 1.000622957831455162e+00
6.075608786954052630e+04 9.954844672335008138e-01
6.075608812960123760e+04 1.006626088749371650e+00
6.075608838966194162e+04 9.838766775186554847e-01
6.075608864972264564e+04 9.904020532723625259e-01
6.075608890978334966e+04 9.945548899421948752e-01
6.075608916984406096e+04 1.006338200690374940e+00
6.075609076569380704e+04 9.897637873327326252e-01
6.075609102575441648e+04 9.889946764342142371e-01
6.075609128581501136e+04 9.750199314914466120e-01
6.075609154587561352e+04 9.946434804448508471e-01
6.075609180593621568e+04 9.978493457787035448e-01
6.075609206599681784e+04 9.888440657794599353e-01
6.075609232605741272e+04 9.869228316302771642e-01
6.075609258611801488e+04 9.890179477346916492e-01
6.075609284617860976e+04 9.857314488423768450e-01
6.075609310623921192e+04 1.004017698925124824e+00
6.075609336629981408e+04 1.004853047534159494e+00
6.075609362636040896e+04 9.869561162538511567e-01
6.075609388642101840e+04 9.876131798117715466e-01
6.075609414648161328e+04 9.788597052828466039e-01
6.075609440654221544e+04 1.004334788339756424e+00
6.075609466660281760e+04 9.882976861228199850e-01
6.075609492666341976e+04 9.915581984436062646e-01
6.075609518672402191e+04 9.955664741063557921e-01
6.075609544678461680e+04 9.918922913343064529e-01
6.075609570684521896e+04 1.010405117564072475e+00
6.075609596690581384e+04 1.006432523531060053e+00
6.075609622696641600e+04 1.016263055243235236e+00
6.075609648702701088e+04 1.004705495598490650e+00
6.075609674708762032e+04 1.001246573737150092e+00
6.075609700714822247e+04 9.941351756655211203e-01
6.075609726720881736e+04 1.010198178965616256e+00
6.075609752726942679e+04 9.928713535938409329e-01
6.075609778733002167e+04 1.016847859193337200e+00
6.075609804739062383e+04 9.941488640600343318e-01
6.075609830745121872e+04 9.965200695110552065e-01
6.075609856751182087e+04 9.993832889464457914e-01
6.075609882757242303e+04 9.991838222118786250e-01
6.075609908763301792e+04 1.002508010400642968e+00
6.075609934769362008e+04 1.004155998169389052e+00
6.075609960775422223e+04 9.736222325696280988e-01
6.075609986781482439e+04 9.995399610935343793e-01
6.075610012787541928e+04 9.930555586439845372e-01
6.075610038793602143e+04 1.016374138742827338e+00
6.075610064799663087e+04 9.949415548387736674e-01
6.075610090805722575e+04 9.908593404674524985e-01
6.075610116811782791e+04 9.954067606851721983e-01
6.075610142817842279e+04 1.003500981388589341e+00
6.075610168823902495e+04 9.971132579834525167e-01
6.075610194829962711e+04 9.842865963115052796e-01
6.075610220836022199e+04 1.012052588195895497e+00
6.075610246842083143e+04 9.868826443707200413e-01
6.075610272848142631e+04 1.012709014620057024e+00
6.075610298854202847e+04 9.857068413437560794e-01
6.075610324860263063e+04 1.014005184217549038e+00
6.075610350866323279e+04 1.011226960558968546e+00
6.075610376872383495e+04 1.018373612993511257e+00
6.075610402878442983e+04 9.983532810246243949e-01
6.075610428884503199e+04 1.014093726576031029e+00
6.075610454890563415e+04 9.992167526631774432e-01
6.075610480896622903e+04 9.954641570423666819e-01
6.075610506902683119e+04 9.904183675238724671e-01
6.075610532908743335e+04 1.010834206790245160e+00
6.075610558914803551e+04 9.853130082684875557e-01
6.075610584920863766e+04 1.003319457194911335e+00
6.075610610926923255e+04 9.884944295493864885e-01
6.075610636932984198e+04 1.015475081126220092e+00
6.075610662939043686e+04 1.004904342672410467e+00
6.075610688945103902e+04 9.949844829991590922e-01
6.075610714951164118e+04 1.000714382080742260e+00
6.075610740957223607e+04 1.004623823270262228e+00
6.075610766963283822e+04 1.007644500899030682e+00
6.075610792969343311e+04 9.955365085783495216e-01
6.075610818975403527e+04 1.003974893563341908e+00
6.075610844981464470e+04 9.935023371624370769e-01
6.075610870987523958e+04 1.022963326632152503e+00
6.075610896993584174e+04 9.957684055922770838e-01
6.075610922999644390e+04 9.893132605203071028e-01
6.075610949005704606e+04 1.003338806396933736e+00
6.075610975011764822e+04 9.883616498055651789e-01
6.075611001017824310e+04 9.943220780081477583e-01
6.075611027023884526e+04 1.010808940698602276e+00
6.075611053029944742e+04 1.009447272407047125e+00
6.075611079036004230e+04 1.005923247631582029e+00
6.075611105042064446e+04 9.862389162258757835e-01
6.075611131048124662e+04 1.014259699669888715e+00
6.075611157054184878e+04 1.016736893355983939e+00
6.075611183060245094e+04 1.000222756607910268e+00
6.075611209066305310e+04 9.958344591252399347e-01
6.075611235072365525e+04 1.010783055508836847e+00
6.075611261078425741e+04 9.955795375390419366e-01
6.075611287084485230e+04 9.995270397488902336e-01
6.075611313090545445e+04 1.013240104033203526e+00
6.075611339096604934e+04 1.004279416348236698e+00
6.075611365102665150e+04 9.998950857981633300e-01
6.075611391108725365e+04 9.967882477963712073e-01
6.075611417114785581e+04 1.004310781303679123e+00
6.075611443120845797e+04 1.008043884433533321e+00
6.075611469126906013e+04 1.002248295846799309e+00
6.075611495132966229e+04 9.988170315172910652e-01
6.075611521139026445e+04 1.007982959620818741e+00
6.075611547145085933e+04 1.002160388285009862e+00
6.075611573151146149e+04 1.012809377496590946e+00
6.075611599157206365e+04 1.003183440644713542e+00
6.075611625163265853e+04 1.007036569277518945e+00
6.075611651169326069e+04 9.922760447580967202e-01
6.075611677175386285e+04 1.005757889628329460e+00
6.075611703181446501e+04 1.005468230129228813e+00
6.075611729187506717e+04 9.968578069115545670e-01
6.075611755193566933e+04 9.869993744237455235e-01
6.075611781199626421e+04 9.946264036928716967e-01
6.075611807205687364e+04 1.008292275914383529e+00
6.075611833211747580e+04 1.000993813953834355e+00
6.075611859217807068e+04 1.009314853116846322e+00
6.075611885223867284e+04 9.958786690471623793e-01
6.075611911229926773e+04 9.952692872057753437e-01
6.075612077117233275e+04 9.832696045171196442e-01
6.075612103123303677e+04 1.019215871370857007e+00
6.075612129129374080e+04 1.010556182609836373e+00
6.075612155135445209e+04 1.010747693124135926e+00
6.075612181141516339e+04 1.000017226242129409e+00
6.075612207147586741e+04 9.875499101650236922e-01
6.075612233153657144e+04 1.010138163411942180e+00
6.075612259159728274e+04 9.993998916901856155e-01
6.075612285165798676e+04 1.002569305434508395e+00
6.075612311171869806e+04 1.008985320798395202e+00
6.075612337177940935e+04 9.948855804402345626e-01
6.075612363184010610e+04 9.885785217244053014e-01
6.075612389190081740e+04 9.921614351818233146e-01
6.075612415196152870e+04 1.009624418906011956e+00
6.075612441202222544e+04 1.009721177259481850e+00
6.075612467208293674e+04 1.007397353253414618e+00
6.075612493214364804e+04 1.011810501787729022e+00
6.075612519220435206e+04 1.000353066298346416e+00
6.075612545226506336e+04 1.003386863898965142e+00
6.075612571232576738e+04 1.010182634305593519e+00
6.075612597238647140e+04 9.933862082722276776e-01
6.075612623244718270e+04 1.018681157720970898e+00
6.075612649250789400e+04 9.959864771808240036e-01
6.075612675256859802e+04 1.024612175869898278e+00
6.075612701262930204e+04 9.996543360280614188e-01
6.075612727269001334e+04 9.913610203544884758e-01
6.075612753275071736e+04 1.008628814285230657e+00
6.075612779281142139e+04 9.986512706518625437e-01
6.075612805287213268e+04 1.004875803634513565e+00
6.075612831293283671e+04 9.953369363369871659e-01
6.075612857299354800e+04 1.011608600077104736e+00
6.075612883305425930e+04 1.014347030132891181e+00
6.075612909311495605e+04 1.006643117800965603e+00
6.075612935317566735e+04 9.957328848977498037e-01
6.075612961323637865e+04 1.002509332699837108e+00
6.075612987329708267e+04 9.935181734394492592e-01
6.075613013335779397e+04 1.020260580579801069e+00
6.075613039341849799e+04 1.004905394943551133e+00
6.075613065347920201e+04 1.015023403876267993e+00
6.075613091353991331e+04 1.011225844782822403e+00
6.075613117360061733e+04 1.009348608330352226e+00
6.075613143366133590e+04 1.005251722012249660e+00
6.075613169372203265e+04 1.004280412140066359e+00
6.075613195378274395e+04 9.941676229506652973e-01
6.075613221384345525e+04 9.901674227375155679e-01
6.075613247390415199e+04 1.003147536487039915e+00
6.075613273396486329e+04 9.906547113990470388e-01
6.075613299402557459e+04 1.016113898005495120e+00
6.075613325408627861e+04 1.013802580604517001e+00
6.075613351414698991e+04 9.868598151168239685e-01
6.075613377420769393e+04 1.002768854992602376e+00
6.075613403426840523e+04 9.996369131058419066e-01
6.075613429432910925e+04 9.904800089917976669e-01
6.075613455438982055e+04 9.904205301637156733e-01
6.075613481445053185e+04 9.985033793674175095e-01
6.075613507451122859e+04 1.002006684558001570e+00
6.075613533457193989e+04 9.965169468369741157e-01
6.075613559463265119e+04 9.996903566668270402e-01
6.075613585469334794e+04 9.999885917441679872e-01
6.075613611475405924e+04 9.934174249087710518e-01
6.075613637481477053e+04 1.003818081384937555e+00
6.075613663487548183e+04 9.954936843361883447e-01
6.075613689493618585e+04 1.001555503774898215e+00
6.075613715499688988e+04 9.845058953904795018e-01
6.075613741505760117e+04 9.877983731810960899e-01
6.075613767511830520e+04 1.003972901173494803e+00
6.075613793517901649e+04 9.846723081745419881e-01
6.075613819523972779e+04 1.004670242615463893e+00
6.075613845530043181e+04 1.003880325861391754e+00
6.075613871536113584e+04 1.005901796027922845e+00
6.075613897542184714e+04 9.904978927739268579e-01
6.075613923548255116e+04 9.980201909076975575e-01
6.075613949554325518e+04 1.004446927085051566e+00
6.075613975560396648e+04 1.010917097302049594e+00
6.075614001566467778e+04 9.984352588022376018e-01
6.075614027572538907e+04 9.999848017012675783e-01
6.075614053578608582e+04 9.936046903252336859e-01
6.075614079584679712e+04 9.926508225317679512e-01
6.075614105590750842e+04 1.000112330217582945e+00
6.075614131596821244e+04 1.005131517232549454e+00
6.075614157602892374e+04 9.991286887222167179e-01
6.075614183608962776e+04 1.003132122346912514e+00
6.075614209615033906e+04 9.899758300676528844e-01
6.075614235621104308e+04 9.988411079957392191e-01
6.075614261627174710e+04 1.001507500182619026e+00
6.075614287633246568e+04 1.005105734310105303e+00
6.075614313639316970e+04 9.929546331006012805e-01
6.075614339645387372e+04 1.017764226421550955e+00
6.075614365651458502e+04 1.003853645050075460e+00
6.075614391657528904e+04 9.908952460319508937e-01
6.075614417663600034e+04 9.848434801651317905e-01
6.075614443669670436e+04 9.997153319809481964e-01
6.075614469675741566e+04 9.889216255276558343e-01
6.075614495681812696e+04 1.003722075999164076e+00
6.075614521687882370e+04 9.822816424661037216e-01
6.075614547693953500e+04 9.948406696037797037e-01
6.075614573700024630e+04 1.005999126268252164e+00
6.075614599706095760e+04 1.004480448559539107e+00
6.075614625712166162e+04 9.912246494427080501e-01
6.075614651718236564e+04 9.972625758208856217e-01
6.075614677724307694e+04 1.010221489864391309e+00
6.075614703730378824e+04 9.978697814548115330e-01
6.075614729736448498e+04 9.963720531286475168e-01
6.075614755742519628e+04 9.957443379029751185e-01
6.075614781748590758e+04 1.007137932050206741e+00
6.075614807754661888e+04 1.001988358757530229e+00
6.075614833760732290e+04 1.007969144177147225e+00
6.075614859766802692e+04 9.959576928075049018e-01
6.075614885772873822e+04 9.890783646872303159e-01
6.075614911778944952e+04 1.001992071521121241e+00
