6.075585120116569306e+04 9.807576235551535015e-01
6.075585146121949219e+04 1.012919504031623674e+00
6.075585172127328406e+04 9.889054182132654969e-01
6.075585198132708319e+04 9.948581985554880713e-01
6.075585224138088233e+04 9.873511965279198055e-01
6.075585250143468147e+04 9.884513153685520193e-01
6.075585276148847333e+04 1.003546976797137447e+00
6.075585302154227247e+04 1.005838017171530430e+00
6.075585328159607161e+04 9.935867083405633959e-01
6.075585354164987803e+04 9.966314025812740285e-01
6.075585380170368444e+04 1.001749842399916490e+00
6.075585406175747630e+04 9.933354166209250602e-01
6.075585432181127544e+04 9.825896374233222819e-01
6.075585458186507458e+04 1.009566747354296190e+00
6.075585484191887372e+04 1.002836523698252824e+00
6.075585510197266558e+04 1.014216229892680676e+00
6.075585536202646472e+04 9.903481034464668431e-01
6.075585562208026386e+04 1.004730658582856151e+00
6.075585588213406299e+04 1.010761026921691785e+00
6.075585614218786213e+04 1.001388696060475647e+00
6.075585640224165400e+04 9.941659016777542046e-01
6.075585666229546041e+04 9.971739275764818222e-01
6.075585692234926682e+04 1.001051763847435883e+00
6.075585718240306596e+04 1.010697210937475221e+00
6.075585744245685783e+04 1.020492503021703801e+00
6.075585770251065696e+04 1.004792803845714344e+00
6.075585796256445610e+04 9.963017534306294332e-01
6.075585822261825524e+04 1.017664081113609509e+00
6.075585848267205438e+04 9.942555253788346592e-01
6.075585874272584624e+04 9.970536844687504230e-01
6.075585900277964538e+04 1.001230760880428727e+00
6.075585926283344452e+04 1.003173414490065474e+00
6.075585952288725093e+04 1.001793196956042076e+00
6.075585978294105735e+04 9.975358010833502709e-01
6.075586004299484921e+04 9.981834008225967114e-01
6.075586030304864835e+04 1.003341247810463077e+00
6.075586056310244749e+04 9.902191635908719203e-01
6.075586082315624662e+04 9.873228722242122224e-01
6.075586108321004576e+04 1.005394061287393503e+00
6.075586134326383763e+04 1.019166887255157361e+00
6.075586160331763676e+04 9.898360517605280240e-01
6.075586186337143590e+04 9.994895715587860385e-01
6.075586212342523504e+04 9.947596758566100705e-01
6.075586238347903418e+04 1.004478396623320835e+00
6.075586264353283332e+04 9.790948667230602309e-01
6.075586290358663973e+04 9.950608451161758738e-01
6.075586316364043887e+04 1.006150898685514772e+00
6.075586342369423801e+04 9.853416234657091932e-01
6.075586368374803715e+04 1.004000154681690793e+00
6.075586394380182901e+04 9.961189019288833046e-01
6.075586420385562815e+04 9.985526885166038369e-01
6.075586446390942729e+04 9.924843616063792062e-01
6.075586472396322642e+04 1.000014398924336190e+00
6.075586498401702556e+04 9.994528090671893628e-01
6.075586524407081743e+04 9.808982405482824518e-01
6.075586550412462384e+04 1.002580586368749138e+00
6.075586576417843025e+04 1.001026851359856140e+00
6.075586602423222939e+04 9.946516488581754745e-01
6.075586628428602853e+04 9.866580527114369170e-01
6.075586654433982039e+04 9.946620817299984818e-01
6.075586680439361953e+04 9.977601607235399017e-01
6.075586706444741867e+04 9.969169244650089023e-01
6.075586732450121781e+04 1.018874492816979282e+00
6.075586758455501695e+04 9.940684277114775202e-01
6.075586784460881609e+04 1.006528069746285725e+00
6.075586810466260795e+04 9.840307790885548522e-01
6.075586836471640709e+04 1.004547697186532362e+00
6.075586862477021350e+04 1.001791530735622660e+00
6.075586888482401991e+04 9.888276148182060243e-01
6.075586914487781905e+04 1.009651814418793814e+00
6.075586940493161092e+04 9.988909033699462370e-01
6.075586966498541005e+04 1.010130559752705492e+00
6.075586992503920919e+04 9.818243030948861083e-01
6.075587018509300833e+04 9.849134886793196042e-01
6.075587044514680747e+04 1.007504945900744353e+00
6.075587070520060661e+04 1.006491473163927397e+00
6.075587096525439847e+04 9.915245672950134814e-01
6.075587122530819761e+04 9.934022879997080890e-01
6.075587148536199675e+04 1.004007374007512388e+00
6.075587174541581044e+04 9.953351423603145065e-01
6.075587200546960958e+04 9.828063090991560058e-01
6.075587226552340871e+04 9.974021966825037389e-01
6.075587252557720058e+04 1.004937455556695447e+00
6.075587278563099972e+04 9.913500149241581960e-01
6.075587304568479885e+04 9.991898110555884616e-01
6.075587330573859799e+04 1.010823963163618000e+00
6.075587356579239713e+04 1.011507841116443540e+00
6.075587382584619627e+04 9.984960039583937741e-01
6.075587408589998813e+04 1.005931247076231161e+00
6.075587434595378727e+04 9.886952658267091909e-01
6.075587460600759368e+04 1.001717568779306511e+00
6.075587486606140010e+04 1.004859631377689189e+00
6.075587512611519924e+04 9.995429851801524990e-01
6.075587538616899838e+04 1.002604871610867532e+00
6.075587564622279751e+04 1.001685738435250217e+00
6.075587590627658938e+04 9.933660117773438492e-01
6.075587616633038851e+04 9.879811328552192684e-01
6.075587642638418765e+04 1.000043877370908829e+00
6.075587668643798679e+04 1.000245779327991080e+00
6.075587694649178593e+04 1.008308297522585661e+00
6.075587720654558507e+04 9.864049193480673994e-01
6.075587746659937693e+04 9.961545128371013247e-01
6.075587772665318334e+04 1.007996213124660700e+00
6.075587798670698976e+04 1.011493192827040755e+00
6.075587824676078890e+04 1.005404967954981243e+00
6.075587850681458804e+04 9.937184192302672692e-01
6.075587876686838717e+04 1.016672885577895702e+00
6.075587902692218631e+04 1.023742597289599043e+00
6.075587928697597818e+04 1.006983900439232249e+00
6.075587954702977731e+04 9.943346384595002085e-01
6.075588115586427011e+04 1.018365533540830148e+00
6.075588141592496686e+04 9.950369362893241032e-01
6.075588167598567088e+04 1.017615426663382339e+00
6.075588193604636763e+04 1.031009829827145952e+00
6.075588219610707165e+04 9.958767613960313181e-01
6.075588245616777567e+04 9.966385309920570146e-01
6.075588271622847242e+04 1.005041872520002322e+00
6.075588297628917644e+04 9.980944765336107194e-01
6.075588323634988046e+04 1.001512727604432218e+00
6.075588349641056993e+04 9.998090880852842366e-01
6.075588375647127395e+04 1.019923831844931295e+00
6.075588401653197798e+04 9.900916946884465997e-01
6.075588427659268200e+04 9.936372007088423164e-01
6.075588453665338602e+04 9.927055194501814839e-01
6.075588479671408277e+04 9.926459256903723549e-01
6.075588505677478679e+04 9.985335337260793365e-01
6.075588531683548354e+04 9.949925722711040477e-01
6.075588557689618756e+04 9.859629746515918836e-01
6.075588583695689158e+04 1.000722459587960911e+00
6.075588609701758833e+04 1.007810252064579970e+00
6.075588635707829235e+04 9.924837664996811748e-01
6.075588661713899637e+04 1.005225311367986096e+00
6.075588687719969312e+04 9.952720751226631357e-01
6.075588713726038986e+04 1.001791214103500360e+00
6.075588739732109389e+04 1.013253733223604680e+00
6.075588765738179791e+04 1.000864951725191299e+00
6.075588791744250193e+04 1.003215280939812049e+00
6.075588817750319868e+04 9.916415192417077362e-01
6.075588843756390270e+04 1.014759947917522886e+00
6.075588869762460672e+04 1.002014992270770621e+00
6.075588895768530347e+04 9.984077936217498062e-01
6.075588921774600749e+04 1.009221408858040459e+00
6.075588947780670424e+04 1.003896387503955268e+00
6.075588973786740826e+04 9.935371901853772281e-01
6.075588999792811228e+04 1.013382082524802552e+00
6.075589025798880903e+04 9.996403306177029657e-01
6.075589051804952032e+04 9.926759924731328733e-01
6.075589077811021707e+04 9.959723774785980144e-01
6.075589103817091382e+04 1.000340050835656580e+00
6.075589129823161784e+04 1.007196364312827663e+00
6.075589155829231458e+04 9.965638834441905569e-01
6.075589181835301861e+04 1.008927991925354206e+00
6.075589207841372263e+04 9.905148571828580328e-01
6.075589233847442665e+04 1.003566527125692387e+00
6.075589259853513067e+04 1.010533556303894631e+00
6.075589285859582742e+04 1.013000202627393431e+00
6.075589311865652417e+04 9.951205378271074098e-01
6.075589337871722819e+04 1.016906351510137085e+00
6.075589363877793221e+04 1.004575058915724073e+00
6.075589389883863623e+04 1.002190557207166766e+00
6.075589415889933298e+04 1.005689006358085225e+00
6.075589441896003700e+04 1.003199227698880369e+00
6.075589467902074102e+04 9.891174315012721818e-01
6.075589493908143777e+04 9.874208555991002001e-01
6.075589519914213452e+04 9.944443665787431330e-01
6.075589545920283854e+04 9.976118161286159358e-01
6.075589571926354256e+04 9.993943714910388243e-01
6.075589597932424658e+04 1.009400035436069043e+00
6.075589623938494333e+04 9.953232181302165138e-01
6.075589649944564735e+04 1.004232378216973309e+00
6.075589675950635137e+04 1.001545605800430838e+00
6.075589701956705539e+04 9.911869302954466887e-01
6.075589727962775942e+04 1.005999877652985708e+00
6.075589753968844889e+04 1.003303039907562866e+00
6.075589779974915291e+04 9.885497228418286264e-01
6.075589805980985693e+04 9.919110018753722890e-01
6.075589831987055368e+04 9.880377663913338937e-01
6.075589857993125770e+04 1.007623885081437853e+00
6.075589883999196172e+04 9.998562176441471161e-01
6.075589910005266574e+04 1.006412897025992459e+00
6.075589936011336977e+04 9.870945434686478892e-01
6.075589962017406651e+04 1.001443979693915853e+00
6.075589988023477054e+04 9.879257866431288004e-01
6.075590014029546728e+04 1.020166520985484659e+00
6.075590040035617130e+04 9.904400713460742578e-01
6.075590066041687533e+04 9.880680027474043614e-01
6.075590092047757207e+04 9.879817303779964144e-01
6.075590118053827609e+04 1.008697049298836745e+00
6.075590144059898012e+04 1.008479481391654442e+00
6.075590170065967686e+04 1.000350818832863586e+00
6.075590196072038816e+04 1.003162419371614655e+00
6.075590222078108491e+04 1.012397442237424672e+00
6.075590248084178893e+04 9.976243327077459755e-01
6.075590274090249295e+04 1.001369162837500548e+00
6.075590300096318242e+04 1.004421156643577007e+00
6.075590326102388644e+04 9.869894600214244029e-01
6.075590352108459047e+04 9.975933438042224877e-01
6.075590378114529449e+04 9.797439573779038735e-01
6.075590404120599851e+04 9.880241952654981175e-01
6.075590430126669526e+04 1.007231555768592912e+00
6.075590456132739928e+04 1.002897752103973250e+00
6.075590482138810330e+04 1.005446633500665765e+00
6.075590508144880732e+04 1.017287863750055976e+00
6.075590534150951135e+04 1.002626414797712862e+00
6.075590560157020809e+04 1.000200316170367199e+00
6.075590586163091211e+04 9.978482173889694495e-01
6.075590612169160886e+04 9.707813338732264041e-01
6.075590638175230561e+04 1.008075412804623205e+00
6.075590664181300963e+04 9.993163535571129019e-01
6.075590690187371365e+04 9.926404283766022685e-01
6.075590716193441767e+04 9.902509123459308782e-01
6.075590742199512169e+04 1.024127018398106825e+00
6.075590768205581844e+04 9.927298384064860981e-01
6.075590794211652246e+04 1.014550934794434811e+00
6.075590820217722649e+04 1.001571537980028959e+00
6.075590846223793051e+04 1.009097275449872155e+00
6.075590872229863453e+04 1.012011822620103585e+00
6.075590898235933128e+04 1.002713367183007964e+00
6.075590924242003530e+04 9.945079048462042159e-01
6.075590950248073932e+04 9.924945527200423889e-01
6.075591106051386305e+04 9.849889231599066042e-01
6.075591132057445793e+04 9.881190467512808162e-01
6.075591158063505281e+04 9.985912148075765105e-01
6.075591184069564770e+04 9.926089022116665328e-01
6.075591210075624258e+04 9.869818123808794530e-01
6.075591236081683746e+04 1.005262059422509457e+00
6.075591262087743235e+04 1.006420160600682401e+00
6.075591288093802723e+04 1.005142233162780396e+00
6.075591314099862211e+04 1.017230008651387019e+00
6.075591340105922427e+04 1.007133507353649593e+00
6.075591366111981915e+04 9.921662713260146482e-01
6.075591392118041404e+04 9.956572723321740481e-01
6.075591418124100892e+04 1.009825389999160272e+00
6.075591444130160380e+04 9.930685216676958804e-01
6.075591470136219868e+04 1.012697459096394415e+00
6.075591496142279357e+04 1.002614383057728986e+00
6.075591522148338845e+04 1.015224993429091560e+00
6.075591548154399061e+04 9.962398770886785604e-01
6.075591574160458549e+04 9.908881296569760355e-01
6.075591600166518037e+04 9.901052768931417614e-01
6.075591626172577526e+04 1.020008876537097819e+00
6.075591652178637742e+04 9.997303980347380659e-01
6.075591678184697230e+04 1.004483351536509694e+00
6.075591704190756718e+04 9.875382640267543755e-01
6.075591730196816206e+04 9.912632923950654984e-01
6.075591756202875695e+04 9.892439428255014322e-01
6.075591782208935183e+04 1.000077312739569901e+00
6.075591808214994671e+04 9.980632099439332716e-01
6.075591834221054160e+04 9.910051433671429599e-01
6.075591860227113648e+04 1.016989870565565557e+00
6.075591886233173136e+04 9.927329900080555936e-01
6.075591912239232624e+04 9.933061997848563474e-01
6.075591938245292840e+04 1.009101879207556562e+00
6.075591964251352329e+04 9.947908510335203847e-01
6.075591990257411817e+04 1.005656427150331655e+00
6.075592016263471305e+04 9.991735766294609355e-01
6.075592042269530793e+04 9.979889791165302837e-01
6.075592068275590282e+04 1.002518930646906670e+00
6.075592094281649770e+04 9.844376354579060795e-01
6.075592120287709986e+04 9.908663844715311919e-01
6.075592146293769474e+04 9.966786904051292417e-01
6.075592172299828962e+04 1.005335851354415277e+00
6.075592198305888451e+04 9.998858567564923305e-01
6.075592224311948667e+04 9.873835594357868173e-01
6.075592250318008155e+04 1.015981496998631606e+00
6.075592276324067643e+04 9.931885093145639276e-01
6.075592302330127131e+04 9.861379876350344631e-01
6.075592328336186620e+04 9.924660489909928884e-01
6.075592354342246108e+04 9.893923502153634253e-01
6.075592380348305596e+04 9.969478043063776385e-01
6.075592406354365812e+04 9.921152034010277676e-01
6.075592432360425300e+04 1.004005329842150740e+00
6.075592458366484789e+04 1.000904140642358220e+00
6.075592484372544277e+04 9.943890286828210856e-01
6.075592510378604493e+04 1.002426602560051005e+00
6.075592536384663981e+04 9.991189938823431538e-01
6.075592562390723469e+04 1.010990258298507971e+00
6.075592588396782958e+04 9.838179763456418314e-01
6.075592614402842446e+04 9.960637654512176642e-01
6.075592640408901934e+04 9.807693770042603676e-01
6.075592666414961423e+04 1.004257784457383229e+00
6.075592692421020911e+04 1.004103984471486077e+00
6.075592718427081127e+04 9.949354742379062921e-01
6.075592744433140615e+04 1.017741648000206611e+00
6.075592770439200103e+04 9.889418284509466917e-01
6.075592796445260319e+04 1.018119116311757555e+00
6.075592822451319807e+04 9.868263545351276811e-01
6.075592848457379296e+04 1.003434104321524911e+00
6.075592874463438784e+04 9.959417533801034894e-01
6.075592900469498272e+04 9.973839587174895271e-01
6.075592926475557761e+04 1.002456246067149781e+00
6.075592952481617249e+04 9.934782642855422008e-01
6.075592978487676737e+04 1.002368675578751533e+00
6.075593004493736953e+04 9.887326716617026445e-01
6.075593030499796441e+04 1.013425262044441499e+00
6.075593056505855930e+04 1.012957112426571049e+00
6.075593082511916145e+04 1.001346204988613042e+00
6.075593108517975634e+04 9.786793761466595631e-01
6.075593134524035122e+04 1.005398225547477153e+00
6.075593160530094610e+04 9.902277247235791169e-01
6.075593186536154099e+04 9.835864985869036126e-01
6.075593212542213587e+04 1.001445849647090824e+00
6.075593238548273075e+04 9.999561325722040594e-01
6.075593264554332563e+04 9.954632610886232635e-01
6.075593290560392779e+04 1.000460509236978712e+00
6.075593316566452268e+04 1.004283728037607348e+00
6.075593342572511756e+04 9.921041836780433165e-01
6.075593368578571244e+04 9.895726246259350933e-01
6.075593394584631460e+04 1.021963504846434834e+00
6.075593420590690948e+04 1.001651933735526079e+00
6.075593446596750437e+04 9.842384975317056695e-01
6.075593472602809925e+04 9.954807767983872013e-01
6.075593498608869413e+04 9.939994392857747219e-01
6.075593524614928901e+04 1.015222616329219951e+00
6.075593550620988390e+04 9.927779513353257590e-01
6.075593576627048606e+04 1.008010772669109878e+00
6.075593602633108094e+04 1.005126658259002381e+00
6.075593628639167582e+04 1.010666452503107271e+00
6.075593654645227070e+04 1.004560267204903656e+00
6.075593680651287286e+04 1.005527906791648940e+00
6.075593706657346775e+04 1.015238833718336897e+00
6.075593732663406263e+04 9.931692833694382161e-01
6.075593758669465751e+04 9.940065882832747057e-01
6.075593784675525239e+04 1.012259058099084896e+00
6.075593810681584728e+04 1.012224443555036490e+00
6.075593836687644216e+04 1.022770755805513465e+00
6.075593862693704432e+04 9.942363275927652566e-01
6.075593888699763920e+04 9.799157060723745483e-01
6.075593914705823408e+04 9.865702794718107516e-01
6.075593940711883624e+04 9.994277348106537229e-01
6.075594106598430517e+04 9.863783315035470345e-01
6.075594132604500919e+04 1.018752872857864311e+00
6.075594158610571321e+04 1.015601542907209387e+00
6.075594184616640996e+04 1.000527630217678210e+00
6.075594210622711398e+04 1.014201226215641904e+00
6.075594236628781800e+04 1.000686241557353640e+00
6.075594262634852203e+04 9.994125160219702320e-01
6.075594288640922605e+04 9.990214079186284790e-01
6.075594314646992279e+04 9.964707982598067781e-01
6.075594340653063409e+04 1.001872488723875909e+00
6.075594366659133811e+04 9.877152947344556289e-01
6.075594392665203486e+04 1.005262196885271742e+00
6.075594418671273888e+04 1.001882870748758592e+00
6.075594444677344291e+04 9.810164200305974136e-01
6.075594470683414693e+04 9.943567216649156215e-01
6.075594496689485095e+04 1.010654795117876148e+00
6.075594522695554770e+04 1.006282343930325895e+00
6.075594548701625172e+04 9.996875637717185237e-01
6.075594574707695574e+04 9.867461631284630830e-01
6.075594600713765976e+04 1.001712000008707859e+00
6.075594626719836378e+04 1.003408134428427800e+00
6.075594652725906053e+04 1.002422724815587474e+00
6.075594678731976455e+04 9.987460485347834371e-01
6.075594704738046858e+04 9.867128476294185768e-01
6.075594730744116532e+04 1.002563934323389416e+00
6.075594756750187662e+04 9.978277397748424038e-01
6.075594782756257337e+04 1.026342544465834283e+00
6.075594808762328466e+04 1.002077293033474259e+00
6.075594834768398869e+04 1.016599601564500466e+00
6.075594860774468543e+04 9.959134846668079577e-01
6.075594886780538945e+04 9.965457038461428274e-01
6.075594912786609348e+04 9.961813657767414343e-01
6.075594938792679750e+04 1.001290784799600431e+00
6.075594964798750152e+04 9.849939439266116592e-01
6.075594990804819827e+04 9.867689307053971737e-01
6.075595016810890229e+04 1.002700906278594539e+00
6.075595042816960631e+04 1.009825279664984921e+00
6.075595068823031033e+04 1.005294614026596589e+00
6.075595094829101436e+04 9.983694400186550189e-01
6.075595120835171110e+04 9.891489012075849185e-01
6.075595146841241512e+04 9.896907484938348709e-01
6.075595172847312642e+04 9.932141738058331004e-01
6.075595198853382317e+04 1.002984933685405533e+00
6.075595224859452719e+04 9.939671441133949292e-01
6.075595250865523121e+04 9.944802665085004101e-01
6.075595276871593524e+04 9.990439545982116032e-01
6.075595302877663926e+04 1.003078776478571132e+00
6.075595328883733600e+04 1.004452804022265111e+00
6.075595354889804003e+04 1.008067214172899462e+00
6.075595380895874405e+04 1.004420664378806061e+00
6.075595406901944807e+04 9.944589283737559349e-01
6.075595432908015209e+04 9.958856754902709607e-01
6.075595458914084884e+04 1.010166910505745808e+00
6.075595484920156014e+04 9.952032292809522840e-01
6.075595510926226416e+04 1.005283229046764371e+00
6.075595536932296091e+04 1.004073022625449951e+00
6.075595562938366493e+04 9.912118259418334354e-01
6.075595588944436895e+04 9.934671627316076226e-01
6.075595614950507297e+04 1.026350499959828966e+00
6.075595640956577699e+04 9.990964984456476294e-01
6.075595666962647374e+04 1.003373862144590012e+00
6.075595692968717776e+04 9.935211514568320634e-01
6.075595718974788178e+04 1.005850207616955760e+00
6.075595744980858581e+04 1.003013691205671076e+00
6.075595770986929710e+04 1.010158465445383236e+00
6.075595796992999385e+04 9.955146002196459953e-01
6.075595822999069787e+04 9.870530807320780919e-01
6.075595849005140190e+04 9.892247290772956392e-01
6.075595875011209864e+04 9.897896993544429423e-01
6.075595901017280994e+04 9.878780901586007301e-01
6.075595927023350669e+04 1.018829629851188523e+00
6.075595953029421071e+04 1.021489678519123423e+00
6.075595979035491473e+04 1.017697325589670854e+00
6.075596005041561148e+04 1.005002858811248068e+00
6.075596031047632277e+04 1.006916907594021415e+00
6.075596057053702680e+04 1.010903331574813047e+00
6.075596083059773082e+04 9.933049619625987647e-01
6.075596109065843484e+04 9.825997610588758091e-01
6.075596135071913159e+04 9.859293837610009215e-01
6.075596161077983561e+04 9.935049480252409193e-01
6.075596187084053963e+04 9.986014299489166524e-01
6.075596213090124365e+04 1.003507192251039459e+00
6.075596239096194768e+04 9.927975467933483067e-01
6.075596265102265170e+04 1.001961263664262081e+00
6.075596291108335572e+04 1.003794406382881865e+00
6.075596317114405974e+04 9.885162849819483233e-01
6.075596343120475649e+04 9.949775775762202956e-01
6.075596369126546051e+04 1.011504207775408393e+00
6.075596395132616453e+04 1.005975667321297395e+00
6.075596421138686856e+04 9.907522185158847972e-01
6.075596447144757258e+04 1.014943533519780949e+00
6.075596473150827660e+04 9.897561092069895317e-01
6.075596499156898062e+04 9.820091636448797789e-01
6.075596525162968464e+04 1.007870867715064955e+00
6.075596551169038867e+04 1.003108317873625088e+00
6.075596577175109269e+04 1.002658904220534053e+00
6.075596603181178943e+04 1.010095842839307867e+00
6.075596629187249346e+04 1.000840388166357231e+00
6.075596655193319748e+04 9.962016239583866284e-01
6.075596681199390150e+04 9.883876516444910498e-01
6.075596707205460552e+04 1.012137077206180846e+00
6.075596733211530955e+04 9.741106261515130038e-01
6.075596759217601357e+04 9.985181072202589103e-01
6.075596785223671759e+04 1.004296276209485361e+00
6.075596811229741434e+04 1.001176079975175881e+00
6.075596837235811836e+04 1.007654115186922938e+00
6.075596863241882238e+04 9.889844689338610495e-01
6.075596889247953368e+04 1.010659351188891053e+00
6.075596915254023770e+04 9.941804726883863852e-01
6.075596941260093445e+04 9.914284965210511391e-01
6.075597102105359954e+04 1.004288798188949450e+00
6.075597128111420170e+04 9.915780056496303896e-01
6.075597154117479658e+04 9.790645471766037389e-01
6.075597180123539147e+04 1.008952130614704235e+00
6.075597206129598635e+04 1.022769849982422929e+00
6.075597232135658123e+04 9.892996292984763684e-01
6.075597258141718339e+04 1.000363405143342099e+00
6.075597284147777827e+04 9.873451748345376533e-01
6.075597310153837316e+04 9.992764901481185902e-01
6.075597336159897532e+04 1.000629577155327743e+00
6.075597362165957020e+04 9.986113959338270840e-01
6.075597388172016508e+04 9.805979944493307121e-01
6.075597414178077452e+04 1.000697665644615819e+00
6.075597440184136940e+04 9.936204457262388656e-01
6.075597466190196428e+04 1.000200495449131033e+00
6.075597492196255916e+04 1.010305157381215846e+00
6.075597518202315405e+04 1.000278679938255255e+00
6.075597544208374893e+04 9.777522329793234546e-01
6.075597570214434381e+04 1.016055654434596889e+00
6.075597596220494597e+04 1.016749864421177652e+00
6.075597622226554813e+04 9.965095596748324569e-01
6.075597648232614301e+04 1.023082994563499160e+00
6.075597674238673790e+04 9.954931071290062938e-01
6.075597700244734006e+04 1.004668168077481161e+00
6.075597726250793494e+04 1.001296060548018119e+00
6.075597752256853710e+04 9.931921097416051003e-01
6.075597778262913198e+04 1.004150483337686195e+00
6.075597804268972686e+04 1.009394881638941088e+00
6.075597830275032175e+04 1.009138988952153593e+00
6.075597856281091663e+04 9.930247431932489599e-01
6.075597882287151151e+04 9.922159791687548136e-01
6.075597908293212095e+04 9.979756008859476113e-01
6.075597934299271583e+04 9.876326882395997098e-01
6.075597960305331071e+04 1.003662835350791260e+00
6.075597986311390559e+04 1.004275857451337739e+00
6.075598012317450775e+04 1.008785689774367889e+00
6.075598038323510264e+04 9.943496900172127395e-01
6.075598064329570479e+04 1.013754379409609330e+00
6.075598090335629968e+04 1.009412091058754957e+00
6.075598116341689456e+04 9.911318306514597110e-01
6.075598142347748944e+04 1.009386305480626467e+00
6.075598168353808433e+04 1.009671127787288070e+00
6.075598194359869376e+04 9.954010646418871566e-01
6.075598220365928864e+04 1.003073830903746799e+00
6.075598246371988353e+04 1.010379471137734742e+00
6.075598272378047841e+04 1.006530795932354394e+00
6.075598298384108057e+04 9.926533046439087737e-01
6.075598324390167545e+04 9.950584378733947633e-01
6.075598350396227761e+04 9.934716971048155321e-01
6.075598376402287249e+04 1.010843170233431731e+00
6.075598402408346738e+04 9.931859650440078013e-01
6.075598428414406226e+04 9.886654835902026761e-01
6.075598454420465714e+04 9.941287803084251085e-01
6.075598480426526658e+04 1.003405876297304156e+00
6.075598506432586146e+04 1.001444464234200638e+00
6.075598532438645634e+04 1.033437261560409715e+00
6.075598558444705122e+04 9.916378021356549999e-01
6.075598584450765338e+04 1.002698525378742378e+00
6.075598610456825554e+04 1.005325341252764071e+00
6.075598636462885042e+04 9.981259636339717689e-01
6.075598662468944531e+04 9.938402682570502966e-01
6.075598688475004019e+04 9.982433294076769048e-01
6.075598714481063507e+04 9.923426471392675641e-01
6.075598740487123723e+04 1.009871698240124349e+00
6.075598766493183211e+04 1.004082774133655320e+00
6.075598792499243427e+04 1.014396118732830976e+00
6.075598818505302916e+04 9.961708679478056272e-01
6.075598844511362404e+04 9.967906423649667280e-01
6.075598870517423347e+04 9.964680005629107384e-01
6.075598896523482836e+04 9.951585639893099078e-01
6.075598922529542324e+04 9.998229284452728738e-01
6.075598948535601812e+04 9.928060799904273592e-01
6.075598974541661300e+04 1.002719632398675120e+00
6.075599000547721516e+04 1.002405863070017444e+00
6.075599026553781005e+04 9.882190980049226914e-01
6.075599052559840493e+04 9.989240852594255538e-01
6.075599078565900709e+04 9.994459871347136648e-01
6.075599104571960197e+04 1.012766128422580181e+00
6.075599130578020413e+04 9.990800838903431957e-01
6.075599156584080629e+04 1.004254854054268620e+00
6.075599182590140117e+04 1.007356761797924882e+00
6.075599208596199605e+04 9.990354271625216942e-01
6.075599234602259094e+04 1.021024567758591184e+00
6.075599260608319310e+04 1.007367190270757051e+00
6.075599286614378798e+04 9.875729197063598530e-01
6.075599312620438286e+04 1.016281303515582879e+00
6.075599338626497774e+04 1.004379646063755516e+00
6.075599364632558718e+04 9.958606674148916538e-01
6.075599390638618206e+04 9.930300845268063004e-01
6.075599416644677694e+04 1.005341859355232570e+00
6.075599442650737910e+04 1.011939932497865291e+00
6.075599468656797399e+04 9.929957377312522704e-01
6.075599494662857614e+04 1.013884040597382352e+00
6.075599520668917103e+04 1.010942129353740837e+00
6.075599546674976591e+04 1.006751901609614697e+00
6.075599572681036079e+04 9.973552127441375204e-01
6.075599598687096295e+04 9.810736612363102349e-01
6.075599624693155783e+04 9.904251194569841932e-01
6.075599650699215999e+04 1.002922152449556625e+00
6.075599676705275488e+04 1.006266294903914060e+00
6.075599702711334976e+04 9.991522529443880307e-01
6.075599728717395192e+04 9.865238150094680636e-01
6.075599754723455408e+04 9.994093682519730182e-01
6.075599780729514896e+04 1.007109633707879981e+00
6.075599806735574384e+04 9.954768769457653654e-01
6.075599832741634600e+04 1.010842128297471554e+00
6.075599858747694088e+04 9.998474290554999477e-01
6.075599884753753577e+04 1.006460954477850667e+00
6.075599910759813065e+04 9.982298774280885523e-01
6.075599936765874008e+04 9.831973725741538495e-01
6.075600091310295102e+04 9.982196893343049382e-01
6.075600117316365504e+04 1.005335197025376770e+00
6.075600143322435179e+04 1.008216799549011888e+00
6.075600169328505581e+04 9.918926615176946182e-01
6.075600195334576711e+04 1.009628870013260293e+00
6.075600221340647113e+04 1.007564750563545886e+00
6.075600247346717515e+04 9.971894923845692205e-01
6.075600273352787190e+04 1.013004501195300389e+00
6.075600299358858319e+04 9.995254713526912083e-01
6.075600325364928722e+04 1.003590951732397984e+00
6.075600351370998396e+04 9.977429156725629023e-01
6.075600377377069526e+04 1.003606324029642893e+00
6.075600403383139928e+04 1.002738472734691966e+00
6.075600429389210331e+04 9.986883677591636976e-01
6.075600455395280733e+04 1.010546771277733402e+00
6.075600481401350407e+04 1.004956276284508565e+00
6.075600507407421537e+04 9.990506888094867755e-01
6.075600533413491939e+04 1.006938200938333194e+00
6.075600559419562342e+04 1.013591755477748713e+00
6.075600585425632744e+04 1.005389109250325763e+00
6.075600611431703146e+04 9.999704073719636321e-01
6.075600637437773548e+04 1.014305506347474406e+00
6.075600663443843951e+04 1.000969917916713081e+00
6.075600689449914353e+04 1.002375467043170376e+00
6.075600715455985483e+04 9.974293472080572043e-01
6.075600741462055157e+04 1.003676116166823729e+00
6.075600767468125559e+04 9.882569908546580129e-01
6.075600793474195962e+04 1.008495986664643240e+00
6.075600819480266364e+04 9.871937000172550380e-01
6.075600845486336766e+04 1.005975275194218588e+00
6.075600871492407168e+04 9.953228415963565334e-01
6.075600897498478298e+04 1.010415103663830472e+00
6.075600923504548700e+04 9.993214679681061696e-01
6.075600949510618375e+04 9.992731930034856047e-01
6.075600975516688777e+04 9.990720714714973472e-01
6.075601001522759907e+04 1.010864588487025761e+00
6.075601027528830309e+04 1.000047580860374818e+00
6.075601053534900711e+04 9.815523469772573506e-01
6.075601079540970386e+04 9.945054834674210698e-01
6.075601105547041516e+04 1.002578538498949401e+00
6.075601131553111918e+04 1.001088616063447789e+00
6.075601157559181593e+04 9.986306772633616324e-01
6.075601183565252722e+04 1.006528886309354442e+00
6.075601209571323125e+04 9.941504472261789571e-01
6.075601235577393527e+04 9.815385684482734741e-01
6.075601261583463929e+04 9.886599029110891834e-01
6.075601287589534331e+04 1.000244748338646517e+00
6.075601313595604734e+04 9.996473166625274853e-01
6.075601339601675136e+04 9.886912032040016118e-01
6.075601365607746266e+04 9.924952790183628748e-01
6.075601391613816668e+04 1.013499150941218119e+00
6.075601417619886342e+04 9.942201736114794075e-01
6.075601443625956745e+04 9.971661521856721722e-01
6.075601469632027874e+04 1.001975391495595558e+00
6.075601495638097549e+04 1.001369255850299345e+00
6.075601521644168679e+04 1.001716297251969534e+00
6.075601547650239081e+04 9.978538430895800282e-01
6.075601573656309483e+04 9.972584327645618307e-01
6.075601599662379886e+04 1.000688029337044371e+00
6.075601625668450288e+04 9.887225292381215391e-01
6.075601651674520690e+04 9.952544681937219861e-01
6.075601677680591092e+04 1.010359027587950376e+00
6.075601703686661494e+04 1.000436043182478585e+00
6.075601729692732624e+04 9.960417321996739570e-01
6.075601755698802299e+04 9.977606631250226510e-01
6.075601781704872701e+04 9.855141469318161596e-01
6.075601807710943831e+04 1.003506330861488216e+00
6.075601833717014233e+04 1.009403982350981721e+00
6.075601859723084635e+04 1.000853849844902443e+00
6.075601885729155038e+04 1.019038115951813595e+00
6.075601911735225440e+04 9.993652939519385159e-01
6.075601937741295842e+04 1.013429307664379220e+00
6.075601963747365517e+04 9.966033779016413297e-01
6.075601989753436646e+04 9.942618197556829518e-01
6.075602015759507049e+04 9.796314876388843018e-01
6.075602041765577451e+04 9.924637359459297370e-01
6.075602067771648581e+04 9.947433942954645447e-01
6.075602093777718255e+04 1.007981028132399315e+00
6.075602119783788658e+04 1.001396573144272217e+00
6.075602145789859787e+04 9.884139728017602433e-01
6.075602171795930190e+04 1.005954574751905417e+00
6.075602197802000592e+04 9.746023100606280298e-01
6.075602223808070994e+04 9.885200118454120499e-01
6.075602249814141396e+04 1.022267630774830405e+00
6.075602275820211798e+04 1.004110363708336617e+00
6.075602301826282201e+04 9.891036248195200775e-01
6.075602327832352603e+04 1.005419982456051908e+00
6.075602353838423005e+04 9.927141241775618852e-01
6.075602379844494135e+04 1.004676951277038377e+00
6.075602405850564537e+04 1.014905932598364924e+00
6.075602431856634212e+04 1.011514255873804391e+00
6.075602457862704614e+04 9.970218797491279261e-01
6.075602483868775744e+04 9.885399275677710929e-01
6.075602509874846146e+04 1.000557810684993498e+00
6.075602535880916548e+04 9.938618998641020053e-01
6.075602561886986950e+04 1.022655852654667852e+00
6.075602587893057353e+04 9.990941628608095426e-01
6.075602613899127755e+04 9.976547464209728489e-01
6.075602639905198885e+04 1.001905762588455318e+00
6.075602665911269287e+04 9.976931588818283014e-01
6.075602691917338962e+04 9.971750839967181701e-01
6.075602717923410091e+04 1.009317253065599385e+00
6.075602743929480494e+04 9.986521439136419875e-01
6.075602769935550168e+04 1.007522669512134428e+00
6.075602795941621298e+04 1.001805002687291335e+00
6.075602821947691700e+04 1.009543380069160445e+00
6.075602847953762102e+04 9.956557278297276659e-01
6.075602873959833232e+04 1.001661326258320051e+00
6.075602899965902907e+04 9.841631865332999274e-01
6.075602925971973309e+04 1.000230628973921787e+00
6.075603093119423283e+04 1.007266561486487078e+00
6.075603119125482772e+04 1.012621664473775773e+00
6.075603145131542988e+04 9.958605158677525937e-01
6.075603171137602476e+04 9.993241046088818802e-01
6.075603197143662692e+04 9.892314493439794409e-01
6.075603223149722908e+04 9.896253935041074978e-01
6.075603249155782396e+04 1.010728527896282980e+00
6.075603275161842612e+04 1.000588336717024518e+00
6.075603301167902100e+04 9.987845558849755001e-01
6.075603327173962316e+04 1.009208377943974222e+00
6.075603353180022532e+04 9.910781732994408122e-01
6.075603379186082020e+04 9.996374436592392332e-01
6.075603405192141508e+04 9.940661437645659237e-01
6.075603431198201724e+04 9.939627111900511958e-01
6.075603457204261213e+04 9.984222659901064167e-01
6.075603483210320701e+04 1.019550988854928786e+00
6.075603509216381644e+04 1.006641281891198503e+00
6.075603535222441133e+04 9.907518537641482048e-01
6.075603561228501349e+04 1.001098713380358607e+00
6.075603587234560837e+04 9.899771486925290631e-01
6.075603613240621053e+04 1.007370218781165727e+00
6.075603639246681269e+04 9.999960667024095917e-01
6.075603665252740757e+04 1.007171248088231330e+00
6.075603691258800245e+04 1.007309953798094515e+00
6.075603717264860461e+04 1.001933312015505839e+00
6.075603743270919949e+04 1.005761010710178871e+00
6.075603769276979438e+04 9.933561310847498493e-01
6.075603795283040381e+04 9.981947605222424302e-01
6.075603821289099869e+04 9.821177770738434010e-01
6.075603847295160085e+04 1.000696970763981453e+00
6.075603873301219573e+04 1.004009167163703031e+00
6.075603899307279789e+04 1.002933257756158048e+00
6.075603925313340005e+04 9.971628771588354478e-01
6.075603951319399494e+04 9.999949127339036181e-01
6.075603977325458982e+04 1.014297461537500666e+00
6.075604003331519198e+04 9.998943507075518378e-01
6.075604029337578686e+04 1.008455470395869247e+00
6.075604055343638902e+04 9.871844278445899290e-01
6.075604081349698390e+04 1.002744502201742272e+00
6.075604107355758606e+04 9.947557576275491975e-01
6.075604133361818822e+04 1.023278392030532391e+00
6.075604159367878310e+04 9.815087254230937530e-01
6.075604185373938526e+04 1.002601594573768740e+00
6.075604211379998742e+04 1.007380243142123266e+00
6.075604237386058230e+04 1.007952926923953552e+00
6.075604263392118446e+04 9.888494243534199368e-01
6.075604289398177934e+04 9.998549041604348764e-01
6.075604315404237423e+04 9.853164723876349784e-01
6.075604341410297639e+04 9.955846199978103384e-01
6.075604367416357127e+04 1.007449129529260468e+00
6.075604393422418070e+04 1.011514013726951378e+00
6.075604419428477559e+04 1.013178344093471406e+00
6.075604445434537047e+04 9.853999786173969211e-01
6.075604471440597990e+04 9.857929278071778656e-01
6.075604497446657479e+04 9.962788358066398953e-01
6.075604523452717694e+04 9.872761725887849726e-01
6.075604549458777183e+04 1.006757783060407974e+00
6.075604575464836671e+04 1.004842658979610226e+00
6.075604601470896887e+04 9.813442711384497974e-01
6.075604627476956375e+04 9.947740115171304076e-01
6.075604653483016591e+04 9.852173781971800270e-01
6.075604679489076807e+04 1.008222284228725840e+00
6.075604705495136295e+04 1.017201700868735292e+00
6.075604731501196511e+04 9.887579907953220060e-01
6.075604757507256727e+04 1.010625087944636347e+00
6.075604783513316943e+04 9.972440213077166105e-01
6.075604809519376431e+04 9.829615609185812231e-01
6.075604835525435919e+04 1.008314058589879103e+00
6.075604861531496135e+04 1.002359279777164991e+00
6.075604887537555624e+04 9.899854004149225561e-01
6.075604913543615839e+04 9.953616248156412771e-01
6.075604939549675328e+04 1.011353875574486860e+00
6.075604965555735544e+04 1.015557911134765678e+00
6.075604991561795759e+04 1.002623925361422419e+00
6.075605017567855248e+04 9.938327649479785642e-01
6.075605043573915464e+04 9.877842897006370304e-01
6.075605069579975680e+04 1.003791701369904477e+00
6.075605095586035168e+04 1.002183461177177159e+00
6.075605121592095384e+04 1.009006784937866108e+00
6.075605147598154872e+04 1.005597555058510340e+00
6.075605173604215088e+04 1.004959821417090282e+00
6.075605199610274576e+04 9.910070180096277603e-01
6.075605225616334792e+04 9.916466722124842592e-01
6.075605251622395008e+04 1.002917738534390146e+00
6.075605277628454496e+04 1.006722169575960724e+00
6.075605303634514712e+04 9.911457743781825203e-01
6.075605329640574200e+04 1.004203892308482615e+00
6.075605355646635144e+04 9.930093692664653249e-01
6.075605381652694632e+04 9.900293306221386036e-01
6.075605407658754848e+04 1.013380109998208711e+00
6.075605433664814336e+04 1.010365257679970874e+00
6.075605459670873825e+04 1.013826759728858384e+00
6.075605485676934040e+04 1.009302893702685333e+00
6.075605511682993529e+04 9.962461603786713082e-01
6.075605537689054472e+04 1.014149627024856004e+00
6.075605563695113960e+04 1.008191980565866341e+00
6.075605589701174176e+04 9.940476764824888178e-01
6.075605615707233665e+04 1.006077162505430556e+00
6.075605641713293880e+04 9.830293589698577694e-01
6.075605667719354096e+04 1.005964404120566646e+00
6.075605693725413585e+04 9.964392409929537786e-01
6.075605719731473800e+04 9.910719271014587495e-01
6.075605745737533289e+04 1.015246826119823975e+00
6.075605771743593505e+04 1.001810473844200411e+00
6.075605797749652993e+04 1.001269171594842744e+00
6.075605823755713209e+04 9.978638619438839896e-01
6.075605849761773425e+04 1.013430165939347871e+00
6.075605875767832913e+04 1.014863776051325273e+00
6.075605901773893129e+04 9.966336534636507372e-01
6.075605927779953345e+04 1.013977395940256487e+00
6.075606082322710427e+04 1.001789361158518243e+00
6.075606108328780829e+04 9.950960113487703484e-01
6.075606134334851231e+04 9.912176145646341974e-01
6.075606160340922361e+04 9.810246970946251421e-01
6.075606186346992035e+04 1.003960725742094384e+00
6.075606212353063165e+04 9.839517841452231073e-01
6.075606238359133567e+04 9.995108541880147746e-01
6.075606264365204697e+04 9.993377876869193877e-01
6.075606290371275099e+04 9.920795719288276748e-01
6.075606316377345502e+04 1.007722266192626837e+00
6.075606342383415904e+04 1.000885052229484096e+00
6.075606368389486306e+04 9.963245902356586692e-01
6.075606394395557436e+04 1.007003328101695017e+00
6.075606420401627838e+04 9.999199590492384715e-01
6.075606446407698240e+04 9.955827819719080818e-01
6.075606472413768643e+04 9.984010910875956712e-01
6.075606498419839772e+04 1.011080513670339576e+00
6.075606524425910175e+04 9.996724852047819132e-01
6.075606550431981304e+04 9.963616219961444198e-01
6.075606576438050979e+04 9.858679238867398276e-01
6.075606602444122109e+04 9.862201073114141847e-01
6.075606628450192511e+04 1.002534991246074814e+00
6.075606654456262913e+04 1.004848972716644973e+00
6.075606680462333316e+04 1.010161381499299349e+00
6.075606706468404445e+04 9.963516266026696266e-01
6.075606732474474848e+04 1.014055912611717236e+00
6.075606758480545250e+04 1.003766294031611883e+00
6.075606784486615652e+04 1.008082576507891570e+00
6.075606810492686054e+04 9.996720132726519825e-01
6.075606836498757184e+04 9.913857633582221496e-01
6.075606862504827586e+04 9.916350228628656449e-01
6.075606888510898716e+04 1.004470055888385671e+00
6.075606914516968391e+04 9.999891903863087350e-01
6.075606940523039520e+04 1.011441858691826567e+00
6.075606966529109923e+04 1.000774665370020244e+00
6.075606992535180325e+04 9.988915637511264212e-01
6.075607018541250727e+04 9.976236918684872057e-01
6.075607044547321857e+04 9.944863103502237234e-01
6.075607070553392259e+04 1.006531517562327060e+00
6.075607096559463389e+04 9.964025403102353406e-01
6.075607122565533064e+04 1.009757381216537020e+00
6.075607148571604193e+04 1.005594206568072746e+00
6.075607174577674596e+04 9.884233191299640620e-01
6.075607200583745725e+04 9.912271850173661747e-01
6.075607226589816128e+04 1.002202590351747968e+00
6.075607252595886530e+04 1.007309657422306159e+00
6.075607278601956932e+04 9.886726007438574326e-01
6.075607304608028062e+04 9.913778168767112264e-01
6.075607330614097737e+04 1.004677183942271235e+00
6.075607356620169594e+04 1.007435175430344776e+00
6.075607382626239269e+04 1.001194109934380405e+00
6.075607408632310398e+04 9.996840611032010715e-01
6.075607434638380801e+04 9.900364018427133539e-01
6.075607460644451203e+04 9.921232327612293789e-01
6.075607486650521605e+04 1.011254660256908355e+00
6.075607512656592735e+04 1.004249612234781708e+00
6.075607538662663137e+04 1.002380073679694839e+00
6.075607564668734267e+04 1.010426388555486277e+00
6.075607590674803942e+04 9.962420204942933344e-01
6.075607616680875071e+04 1.011265868237352317e+00
6.075607642686945474e+04 1.001778417490470474e+00
6.075607668693016603e+04 1.012038991990170889e+00
6.075607694699087006e+04 1.002738388661911673e+00
6.075607720705157408e+04 9.958641366970798492e-01
6.075607746711227810e+04 9.927508555531440182e-01
6.075607772717298940e+04 1.019593238516142808e+00
6.075607798723368614e+04 9.868952010585867463e-01
6.075607824729439744e+04 9.817522709687205307e-01
6.075607850735510146e+04 9.937382323655217231e-01
6.075607876741581276e+04 9.993782874147770778e-01
6.075607902747651679e+04 9.966259705642849243e-01
6.075607928753722081e+04 1.010446050870624335e+00
6.075607954759792483e+04 1.009285242084787981e+00
6.075607980765863613e+04 9.893707822426281995e-01
6.075608006771934015e+04 1.002905989682336019e+00
6.075608032778005145e+04 1.014812822261723424e+00
6.075608058784074819e+04 9.927882602693320901e-01
6.075608084790145949e+04 1.008330532616481090e+00
6.075608110796216351e+04 9.959674753598292130e-01
6.075608136802286754e+04 9.966894300782880300e-01
6.075608162808357156e+04 9.824711453799925831e-01
6.075608188814428286e+04 9.810836928854036465e-01
6.075608214820498688e+04 1.005299481492883951e+00
6.075608240826569818e+04 9.736560230123214588e-01
6.075608266832639492e+04 1.005165747937775800e+00
6.075608292838710622e+04 1.009967061791971377e+00
6.075608318844781024e+04 9.913621340673407500e-01
6.075608344850852154e+04 1.010258491755805732e+00
6.075608370856922556e+04 1.006993640602827256e+00
6.075608396862992959e+04 9.945730031262471904e-01
6.075608422869064088e+04 1.008381467534173348e+00
6.075608448875134491e+04 1.006947003393965145e+00
6.075608474881204893e+04 9.995531874340617406e-01
6.075608500887276023e+04 9.977136286494583395e-01
6.075608526893346425e+04 9.966244007422010442e-01
6.075608552899416827e+04 9.970998208591973500e-01
6.075608578905487957e+04 9.951297005326432688e-01
6.075608604911557632e+04 9.946621506619983677e-01
6.075608630917628761e+04 9.899270500523886795e-01
6.075608656923699164e+04 9.963807651722658143e-01
6.075608682929770293e+04 9.984360743575382280e-01
6.075608708935840696e+04 1.009907363780543355e+00
6.075608734941911098e+04 9.987393331468501501e-01
6.075608760947981500e+04 1.006405044946396377e+00
6.075608786954052630e+04 1.001113748247996815e+00
6.075608812960123760e+04 1.012190964987712993e+00
6.075608838966194162e+04 9.891627152795374744e-01
6.075608864972264564e+04 9.954035207787094164e-01
6.075608890978334966e+04 9.994918944801305383e-01
6.075608916984406096e+04 1.011381774296160607e+00
6.075609076569380704e+04 9.946436027426451831e-01
6.075609102575441648e+04 9.939677833987827782e-01
6.075609128581501136e+04 9.799256328047650788e-01
6.075609154587561352e+04 9.995281447703614486e-01
6.075609180593621568e+04 1.002596572760753313e+00
6.075609206599681784e+04 9.934728634861562657e-01
6.075609232605741272e+04 9.918000610688912921e-01
6.075609258611801488e+04 9.939222272572832972e-01
6.075609284617860976e+04 9.903606957103742170e-01
6.075609310623921192e+04 1.008607227790703442e+00
6.075609336629981408e+04 1.009261997712742165e+00
6.075609362636040896e+04 9.909682043871455015e-01
6.075609388642101840e+04 9.914549083260696394e-01
6.075609414648161328e+04 9.826967440773098916e-01
6.075609440654221544e+04 1.008329101167292574e+00
6.075609466660281760e+04 9.923787899636287158e-01
6.075609492666341976e+04 9.955680415802887762e-01
6.075609518672402191e+04 9.993726934511153459e-01
6.075609544678461680e+04 9.954322295211897043e-01
6.075609570684521896e+04 1.013601992149499642e+00
6.075609596690581384e+04 1.009379514355449592e+00
6.075609622696641600e+04 1.019257058475754540e+00
6.075609648702701088e+04 1.007677545923400642e+00
6.075609674708762032e+04 1.003987722965801854e+00
6.075609700714822247e+04 9.967672756350092200e-01
6.075609726720881736e+04 1.013009995107716277e+00
6.075609752726942679e+04 9.957776535901405879e-01
6.075609778733002167e+04 1.019668996162987673e+00
6.075609804739062383e+04 9.966061271722478354e-01
6.075609830745121872e+04 9.986730821614683284e-01
6.075609856751182087e+04 1.001556857793117761e+00
6.075609882757242303e+04 1.001567907312652661e+00
6.075609908763301792e+04 1.005021675723410723e+00
6.075609934769362008e+04 1.006560881899835946e+00
6.075609960775422223e+04 9.757039332758440375e-01
6.075609986781482439e+04 1.001274804916527428e+00
6.075610012787541928e+04 9.946110317993032135e-01
6.075610038793602143e+04 1.017933894889976099e+00
6.075610064799663087e+04 9.963307727920375223e-01
6.075610090805722575e+04 9.920739660410743399e-01
6.075610116811782791e+04 9.964716890466090993e-01
6.075610142817842279e+04 1.004374447940861614e+00
6.075610168823902495e+04 9.979301298248106633e-01
6.075610194829962711e+04 9.851231595322226253e-01
6.075610220836022199e+04 1.012836064866141639e+00
6.075610246842083143e+04 9.875367445539741107e-01
6.075610272848142631e+04 1.013157931337596018e+00
6.075610298854202847e+04 9.858354221811304052e-01
6.075610324860263063e+04 1.014075220584835790e+00
6.075610350866323279e+04 1.011589077286957794e+00
6.075610376872383495e+04 1.018769999573325036e+00
6.075610402878442983e+04 9.984426027420757466e-01
6.075610428884503199e+04 1.014327536150786191e+00
6.075610454890563415e+04 9.996311995608353484e-01
6.075610480896622903e+04 9.957480653138250926e-01
6.075610506902683119e+04 9.905335497394305300e-01
6.075610532908743335e+04 1.010853112462219316e+00
6.075610558914803551e+04 9.851853782021650074e-01
6.075610584920863766e+04 1.003110607271761268e+00
6.075610610926923255e+04 9.881424949434978178e-01
6.075610636932984198e+04 1.015009072918078070e+00
6.075610662939043686e+04 1.004379302328658463e+00
6.075610688945103902e+04 9.944155263710325876e-01
6.075610714951164118e+04 1.000100823313638587e+00
6.075610740957223607e+04 1.003864971538173556e+00
6.075610766963283822e+04 1.006566022913257807e+00
6.075610792969343311e+04 9.943096713703329925e-01
6.075610818975403527e+04 1.002783478385963045e+00
6.075610844981464470e+04 9.922669723851805790e-01
6.075610870987523958e+04 1.021610690153083700e+00
6.075610896993584174e+04 9.944151188869441160e-01
6.075610922999644390e+04 9.880307414534437171e-01
6.075610949005704606e+04 1.002065642204543749e+00
6.075610975011764822e+04 9.870493362723122832e-01
6.075611001017824310e+04 9.928810605616062990e-01
6.075611027023884526e+04 1.009195172709775434e+00
6.075611053029944742e+04 1.007632844405505379e+00
6.075611079036004230e+04 1.003844327567745776e+00
6.075611105042064446e+04 9.838664489104463895e-01
6.075611131048124662e+04 1.011821602576807422e+00
6.075611157054184878e+04 1.014447167651717718e+00
6.075611183060245094e+04 9.980489483738145262e-01
6.075611209066305310e+04 9.935740792901196494e-01
6.075611235072365525e+04 1.008399498604749756e+00
6.075611261078425741e+04 9.932314910642077166e-01
6.075611287084485230e+04 9.972478639062324346e-01
6.075611313090545445e+04 1.010912332971186656e+00
6.075611339096604934e+04 1.001758413031504702e+00
6.075611365102665150e+04 9.972062780120605208e-01
6.075611391108725365e+04 9.941387967698932515e-01
6.075611417114785581e+04 1.001881172822023158e+00
6.075611443120845797e+04 1.005685977040588153e+00
6.075611469126906013e+04 9.997505666057222573e-01
6.075611495132966229e+04 9.961690853324658423e-01
6.075611521139026445e+04 1.005300237860545787e+00
6.075611547145085933e+04 9.994390998608578824e-01
6.075611573151146149e+04 1.010012125626845281e+00
6.075611599157206365e+04 1.000139031464293060e+00
6.075611625163265853e+04 1.003778732253413741e+00
6.075611651169326069e+04 9.889372708023158598e-01
6.075611677175386285e+04 1.002415474125340600e+00
6.075611703181446501e+04 1.002062106650813300e+00
6.075611729187506717e+04 9.932955825610157996e-01
6.075611755193566933e+04 9.833904172409335676e-01
6.075611781199626421e+04 9.910554794839471215e-01
6.075611807205687364e+04 1.004790047793374663e+00
6.075611833211747580e+04 9.976124091421750828e-01
6.075611859217807068e+04 1.006132854355424655e+00
6.075611885223867284e+04 9.927475694576819443e-01
6.075611911229926773e+04 9.920557542706408549e-01
6.075612077117233275e+04 9.797741003832131090e-01
6.075612103123303677e+04 1.015411072276165783e+00
6.075612129129374080e+04 1.006807797403072247e+00
6.075612155135445209e+04 1.007271708063689708e+00
6.075612181141516339e+04 9.964163539025212568e-01
6.075612207147586741e+04 9.836571275178456197e-01
6.075612233153657144e+04 1.006403454411416432e+00
6.075612259159728274e+04 9.959616908601612861e-01
6.075612285165798676e+04 9.992177649405454831e-01
6.075612311171869806e+04 1.005490234520939108e+00
6.075612337177940935e+04 9.912423678575958963e-01
6.075612363184010610e+04 9.847879142825115562e-01
6.075612389190081740e+04 9.883793515003991281e-01
6.075612415196152870e+04 1.006146844584539846e+00
6.075612441202222544e+04 1.006588929951721889e+00
6.075612467208293674e+04 1.004410319987800726e+00
6.075612493214364804e+04 1.008727461284466553e+00
6.075612519220435206e+04 9.970202225149085162e-01
6.075612545226506336e+04 1.000043874095010832e+00
6.075612571232576738e+04 1.006902292157064061e+00
6.075612597238647140e+04 9.900032595419331338e-01
6.075612623244718270e+04 1.015228106121980112e+00
6.075612649250789400e+04 9.924925160506810062e-01
6.075612675256859802e+04 1.021080978935621220e+00
6.075612701262930204e+04 9.962127223497982964e-01
6.075612727269001334e+04 9.880008514939832009e-01
6.075612753275071736e+04 1.005104489859387717e+00
6.075612779281142139e+04 9.949666412423834316e-01
6.075612805287213268e+04 1.001395551476466306e+00
6.075612831293283671e+04 9.922262058833178910e-01
6.075612857299354800e+04 1.008933518571615284e+00
6.075612883305425930e+04 1.011972409927644589e+00
6.075612909311495605e+04 1.004389291678892127e+00
6.075612935317566735e+04 9.934946132797753959e-01
6.075612961323637865e+04 1.000077519060435849e+00
6.075612987329708267e+04 9.907502369349001636e-01
6.075613013335779397e+04 1.017373911450554669e+00
6.075613039341849799e+04 1.002032220568221277e+00
6.075613065347920201e+04 1.012280492395857046e+00
6.075613091353991331e+04 1.008569978805929690e+00
6.075613117360061733e+04 1.006696189975586408e+00
6.075613143366133590e+04 1.002797264372207842e+00
6.075613169372203265e+04 1.002281797537137198e+00
6.075613195378274395e+04 9.924511105166188285e-01
6.075613221384345525e+04 9.884061432817905501e-01
6.075613247390415199e+04 1.001357812915659284e+00
6.075613273396486329e+04 9.888134620036280742e-01
6.075613299402557459e+04 1.014351563562644110e+00
6.075613325408627861e+04 1.012181150117028805e+00
6.075613351414698991e+04 9.853655430916841151e-01
6.075613377420769393e+04 1.001372778639892269e+00
6.075613403426840523e+04 9.981023205604284687e-01
6.075613429432910925e+04 9.887680247788981358e-01
6.075613455438982055e+04 9.889408611459318266e-01
6.075613481445053185e+04 9.974415313054726395e-01
6.075613507451122859e+04 1.001081010828008155e+00
6.075613533457193989e+04 9.955649716654740855e-01
6.075613559463265119e+04 9.987765881996617523e-01
6.075613585469334794e+04 9.990643268663955689e-01
6.075613611475405924e+04 9.925481889906840882e-01
6.075613637481477053e+04 1.003186102482186426e+00
6.075613663487548183e+04 9.948824172992396520e-01
6.075613689493618585e+04 1.000862347511651818e+00
6.075613715499688988e+04 9.839909542196902947e-01
6.075613741505760117e+04 9.874742218187335663e-01
6.075613767511830520e+04 1.003783730691361065e+00
6.075613793517901649e+04 9.847902091987298379e-01
6.075613819523972779e+04 1.005081001847269784e+00
6.075613845530043181e+04 1.004157349186629578e+00
6.075613871536113584e+04 1.005854530417791493e+00
6.075613897542184714e+04 9.904293777971173718e-01
6.075613923548255116e+04 9.983296068846059246e-01
6.075613949554325518e+04 1.005063801046254923e+00
6.075613975560396648e+04 1.011690762616362926e+00
6.075614001566467778e+04 9.993585658165733410e-01
6.075614027572538907e+04 1.000972564922893771e+00
6.075614053578608582e+04 9.945179509847414945e-01
6.075614079584679712e+04 9.934783612516081552e-01
6.075614105590750842e+04 1.000884224321352933e+00
6.075614131596821244e+04 1.005877755839181154e+00
6.075614157602892374e+04 9.998179640532954826e-01
6.075614183608962776e+04 1.004047352292904982e+00
6.075614209615033906e+04 9.913200206094577860e-01
6.075614235621104308e+04 1.000472893937602192e+00
6.075614261627174710e+04 1.003179650271330825e+00
6.075614287633246568e+04 1.006836868199693757e+00
6.075614313639316970e+04 9.948787740634086330e-01
6.075614339645387372e+04 1.019827845231074726e+00
6.075614365651458502e+04 1.005984235440184227e+00
6.075614391657528904e+04 9.930865789986086378e-01
6.075614417663600034e+04 9.869620754400098006e-01
6.075614443669670436e+04 1.001802996258022604e+00
6.075614469675741566e+04 9.912026521032017978e-01
6.075614495681812696e+04 1.006335282888263682e+00
6.075614521687882370e+04 9.851283641004096037e-01
6.075614547693953500e+04 9.976642779976507835e-01
6.075614573700024630e+04 1.008692624210216771e+00
6.075614599706095760e+04 1.007122915363119597e+00
6.075614625712166162e+04 9.939846747772481672e-01
6.075614651718236564e+04 1.000109817458495698e+00
6.075614677724307694e+04 1.013221782551913419e+00
6.075614703730378824e+04 1.001052407996182891e+00
6.075614729736448498e+04 9.997272813647615219e-01
6.075614755742519628e+04 9.992154972438476168e-01
6.075614781748590758e+04 1.010512861322025779e+00
6.075614807754661888e+04 1.005291164514775071e+00
6.075614833760732290e+04 1.011430524348092996e+00
6.075614859766802692e+04 9.996535987641588239e-01
6.075614885772873822e+04 9.928084093353009010e-01
6.075614911778944952e+04 1.005748342562376108e+00
