6.075547523418369383e+04 9.960794523103295717e-01
6.075547549424438330e+04 9.997456669289919162e-01
6.075547575430508005e+04 9.949455157015593132e-01
6.075547601436576224e+04 1.000089896661866096e+00
6.075547627442645899e+04 1.001405553595525078e+00
6.075547653448714846e+04 1.001953401463532067e+00
6.075547679454784520e+04 9.948495875281428980e-01
6.075547705460853467e+04 9.871258663361724972e-01
6.075547731466922414e+04 9.974494708171314228e-01
6.075547757472991361e+04 1.002589995479719054e+00
6.075547783479061036e+04 9.899385107111090543e-01
6.075547809485129255e+04 9.922679664417307643e-01
6.075547835491198930e+04 9.966065288042378345e-01
6.075547861497267877e+04 9.947908560821280277e-01
6.075547887503337552e+04 9.937269809601255721e-01
6.075547913509406499e+04 9.962318406708852159e-01
6.075547939515475446e+04 9.798662547907862619e-01
6.075547965521544393e+04 1.013786497211504267e+00
6.075547991527614067e+04 1.000360973741732051e+00
6.075548017533683014e+04 9.934240904703763864e-01
6.075548043539752689e+04 9.971491698414989280e-01
6.075548069545820908e+04 9.791621069106082320e-01
6.075548095551890583e+04 1.002558443564895541e+00
6.075548121557959530e+04 9.970090723252172937e-01
6.075548147564028477e+04 9.986034794312850238e-01
6.075548173570098152e+04 9.938282708014573030e-01
6.075548199576167099e+04 1.000257665343483149e+00
6.075548225582236773e+04 1.017244294483101497e+00
6.075548251588305720e+04 9.885930172103154501e-01
6.075548277594374667e+04 9.947174602748667382e-01
6.075548303600443614e+04 1.012013668800030297e+00
6.075548329606513289e+04 1.010573381354924249e+00
6.075548355612582236e+04 9.879520669400537747e-01
6.075548381618651911e+04 9.837328572426952134e-01
6.075548407624720130e+04 9.890776617604859489e-01
6.075548433630789805e+04 9.897093330220125829e-01
6.075548459636858752e+04 1.001988501291230182e+00
6.075548485642928426e+04 1.011709767842837726e+00
6.075548511648997373e+04 1.006600516471342521e+00
6.075548537655066320e+04 9.947933968903720503e-01
6.075548563661135267e+04 9.846186141006756376e-01
6.075548589667204942e+04 9.949799435201783782e-01
6.075548615673273162e+04 1.012903675827981242e+00
6.075548641679342836e+04 1.012842602802894287e+00
6.075548667685411783e+04 9.869008039435490653e-01
6.075548693691481458e+04 9.812673636066899796e-01
6.075548719697551132e+04 1.011162356131865225e+00
6.075548745703619352e+04 9.903870453090398707e-01
6.075548771709689026e+04 1.022478118800432156e+00
6.075548797715757973e+04 1.012128217475247061e+00
6.075548823721827648e+04 1.031451067638052166e+00
6.075548849727896595e+04 1.001964429178259230e+00
6.075548875733965542e+04 9.934417449417349832e-01
6.075548901740034489e+04 1.000167967965480686e+00
6.075548927746104164e+04 9.920073062231489214e-01
6.075548953752172383e+04 1.005564575113169212e+00
6.075548979758242058e+04 1.006912039902523315e+00
6.075549005764311732e+04 9.945622864310299516e-01
6.075549031770380680e+04 1.000329831287204430e+00
6.075549057776450354e+04 9.908408306641187657e-01
6.075549083782518574e+04 1.001800084946320002e+00
6.075549109788588248e+04 9.878912364735034091e-01
6.075549135794657195e+04 1.010918250193006074e+00
6.075549161800726870e+04 1.004993135730453124e+00
6.075549187806795817e+04 1.008755037121939147e+00
6.075549213812864764e+04 1.004580380262872552e+00
6.075549239818933711e+04 9.971371900902968877e-01
6.075549265825003386e+04 9.898856839289779108e-01
6.075549291831072333e+04 1.003228180059387187e+00
6.075549317837142007e+04 9.746121909478557832e-01
6.075549343843210954e+04 1.014465956922489864e+00
6.075549369849279901e+04 9.880979657976836084e-01
6.075549395855349576e+04 1.008857910644186173e+00
6.075549421861417795e+04 9.888255435328120457e-01
6.075549447867487470e+04 9.927173695453643809e-01
6.075549473873556417e+04 9.986756579452028548e-01
6.075549499879626092e+04 9.876609415051336160e-01
6.075549525885695766e+04 1.016355424045040756e+00
6.075549551891763986e+04 9.985714310070807898e-01
6.075549577897833660e+04 1.003260044856111977e+00
6.075549603903902607e+04 1.000249675245206360e+00
6.075549629909972282e+04 9.947847841512440503e-01
6.075549655916041229e+04 1.021477151584442744e+00
6.075549681922110176e+04 9.924430995470191474e-01
6.075549707928179851e+04 1.003133980245140444e+00
6.075549733934248798e+04 9.790107178360246687e-01
6.075549759940317745e+04 1.015701718917699115e+00
6.075549785946386692e+04 1.001634377609869286e+00
6.075549811952456366e+04 1.014361143150798839e+00
6.075549837958525313e+04 1.004047174951930410e+00
6.075549863964594988e+04 1.011863403490878666e+00
6.075549889970663935e+04 9.888372551271397137e-01
6.075549915976732882e+04 9.987801594803287220e-01
6.075549941982802557e+04 9.825151137192243977e-01
6.075549967988871504e+04 1.013550487859868676e+00
6.075549993994941178e+04 9.952473065532385643e-01
6.075550020001009398e+04 9.668429800490820902e-01
6.075550046007079072e+04 9.837986912197963507e-01
6.075550072013148747e+04 9.944469380254123969e-01
6.075550098019216966e+04 1.004423915532354439e+00
6.075550124025286641e+04 9.886369174311879782e-01
6.075550150031355588e+04 9.943406111634068845e-01
6.075550176037425263e+04 1.013232665799800758e+00
6.075550202043494210e+04 1.005180661246052765e+00
6.075550228049563157e+04 9.987383747359432906e-01
6.075550254055632831e+04 9.958341527898980639e-01
6.075550280061701778e+04 9.816894550305184097e-01
6.075550306067771453e+04 9.974945472401612889e-01
6.075550332073840400e+04 1.016715508815583036e+00
6.075550358079909347e+04 9.998036866096442488e-01
6.075550513883041276e+04 9.968747930597344764e-01
6.075550539889110951e+04 9.956590942250626020e-01
6.075550565895179898e+04 1.000094455468809151e+00
6.075550591901248845e+04 1.010614028140963683e+00
6.075550617907318519e+04 9.853868976975789229e-01
6.075550643913387466e+04 1.008153819362092030e+00
6.075550669919457141e+04 1.011640811331362855e+00
6.075550695925526088e+04 9.873168165998205126e-01
6.075550721931595035e+04 9.849031490954146539e-01
6.075550747937664710e+04 1.009901352342078118e+00
6.075550773943733657e+04 9.961242786721864473e-01
6.075550799949803331e+04 9.922491764906630207e-01
6.075550825955872278e+04 1.000596784454087285e+00
6.075550851961941225e+04 9.867469657066888500e-01
6.075550877968010900e+04 1.000589974519670466e+00
6.075550903974079847e+04 9.876938967828329252e-01
6.075550929980148794e+04 1.005147260030185841e+00
6.075550955986217741e+04 9.936075946920933655e-01
6.075550981992287416e+04 1.000381105327476483e+00
6.075551007998357090e+04 9.968460450387325311e-01
6.075551034004426037e+04 9.829199197004016009e-01
6.075551060010494984e+04 1.009312670297374925e+00
6.075551086016564659e+04 1.015588270524778514e+00
6.075551112022633606e+04 1.003562244608050102e+00
6.075551138028703281e+04 1.005932646726357182e+00
6.075551164034772228e+04 1.001782311791143298e+00
6.075551190040841175e+04 1.011748087545016217e+00
6.075551216046910849e+04 9.945476275408493549e-01
6.075551242052979796e+04 1.000320666933023128e+00
6.075551268059049471e+04 1.004503066917252552e+00
6.075551294065118418e+04 9.989452656071829972e-01
6.075551320071187365e+04 9.881379054019069352e-01
6.075551346077257040e+04 1.006125585914350973e+00
6.075551372083325987e+04 9.907145535251711266e-01
6.075551398089394934e+04 9.952058990475215472e-01
6.075551424095464608e+04 9.834334892037935871e-01
6.075551450101533555e+04 1.010143320264338840e+00
6.075551476107603230e+04 1.004585026423986616e+00
6.075551502113672177e+04 1.000579335951555571e+00
6.075551528119741124e+04 9.917710907044168245e-01
6.075551554125810799e+04 9.867211849043606708e-01
6.075551580131879746e+04 1.000672976721968643e+00
6.075551606137949420e+04 1.008981006259686231e+00
6.075551632144019095e+04 1.019392744582667376e+00
6.075551658150087314e+04 9.893223494994272116e-01
6.075551684156156989e+04 9.900327436215491383e-01
6.075551710162226664e+04 9.944569291621172535e-01
6.075551736168294883e+04 9.980968484878534053e-01
6.075551762174364558e+04 9.869372458754307464e-01
6.075551788180433505e+04 1.003909834410295243e+00
6.075551814186503179e+04 9.922758581256958532e-01
6.075551840192572854e+04 9.889825431016031621e-01
6.075551866198641073e+04 1.003131750641564457e+00
6.075551892204710748e+04 9.844437259177355459e-01
6.075551918210780423e+04 9.891354173338391398e-01
6.075551944216849370e+04 9.907017892048726182e-01
6.075551970222919044e+04 9.947835654478219825e-01
6.075551996228987991e+04 9.899259065234649047e-01
6.075552022235056938e+04 9.917881909574614019e-01
6.075552048241126613e+04 1.002260510818699490e+00
6.075552074247194832e+04 9.994277256568739887e-01
6.075552100253265235e+04 9.881801164867767273e-01
6.075552126259334182e+04 9.971995239753215223e-01
6.075552152265403129e+04 9.798704229659563891e-01
6.075552178271472803e+04 9.869306460801251513e-01
6.075552204277541750e+04 1.010161147418065619e+00
6.075552230283610697e+04 9.943998516613328231e-01
6.075552256289680372e+04 9.967333412420910088e-01
6.075552282295750047e+04 1.001419957123797833e+00
6.075552308301818994e+04 9.882313301900312874e-01
6.075552334307887941e+04 9.676120683955219404e-01
6.075552360313957615e+04 9.983123874843385925e-01
6.075552386320026562e+04 1.000644759790297655e+00
6.075552412326096237e+04 9.967655705762132889e-01
6.075552438332165912e+04 1.000803730656533164e+00
6.075552464338234131e+04 1.010333902524394922e+00
6.075552490344303806e+04 9.857664300553382608e-01
6.075552516350373480e+04 1.009765251204554071e+00
6.075552542356441700e+04 9.873698256844857246e-01
6.075552568362511374e+04 9.980063200786752908e-01
6.075552594368581049e+04 9.903475734159806754e-01
6.075552620374649996e+04 9.942537899557706282e-01
6.075552646380719671e+04 9.853464696086172703e-01
6.075552672386788618e+04 9.990272178524004509e-01
6.075552698392857565e+04 1.000404296301266704e+00
6.075552724398927239e+04 1.003614686310808413e+00
6.075552750404996914e+04 1.000882815385222058e+00
6.075552776411065861e+04 1.012332669836859544e+00
6.075552802417134808e+04 9.946165430589513079e-01
6.075552828423204483e+04 1.000483861342240433e+00
6.075552854429273430e+04 1.003924526141379614e+00
6.075552880435342377e+04 1.005653856744132213e+00
6.075552906441412051e+04 9.967834844744279943e-01
6.075552932447480998e+04 9.821383541827533037e-01
6.075552958453550673e+04 1.008671177848626366e+00
6.075552984459620347e+04 9.825404610747369150e-01
6.075553010465688567e+04 9.990816212123487805e-01
6.075553036471758242e+04 9.923015050733983156e-01
6.075553062477827916e+04 1.005043875622417371e+00
6.075553088483896863e+04 1.001223562725771288e+00
6.075553114489966538e+04 9.968879000518859890e-01
6.075553140496035485e+04 9.912800395405081400e-01
6.075553166502104432e+04 1.016285441014661339e+00
6.075553192508174106e+04 9.940690956027149472e-01
6.075553218514243054e+04 9.975398302661004912e-01
6.075553244520312728e+04 1.023873631443293686e+00
6.075553270526381675e+04 1.001357817973777875e+00
6.075553296532451350e+04 1.000682565752390119e+00
6.075553322538520297e+04 9.853433269064221234e-01
6.075553348544589244e+04 9.909157947979780889e-01
6.075553503087646095e+04 1.006151039009798964e+00
6.075553529093715770e+04 1.009156555134858024e+00
6.075553555099784717e+04 9.999800969760748171e-01
6.075553581105853664e+04 1.009311435616954356e+00
6.075553607111923338e+04 9.972059947824655213e-01
6.075553633117992285e+04 9.965424841396921529e-01
6.075553659124061960e+04 9.988302609141779254e-01
6.075553685130131635e+04 9.894189307174154902e-01
6.075553711136199854e+04 9.759148873349234865e-01
6.075553737142269529e+04 9.976280090934278588e-01
6.075553763148339203e+04 9.918529276381276016e-01
6.075553789154408878e+04 9.952120957611179097e-01
6.075553815160477825e+04 1.004955057682179076e+00
6.075553841166546772e+04 9.902561942399755734e-01
6.075553867172616447e+04 9.794003667162086701e-01
6.075553893178685394e+04 9.918940354889378419e-01
6.075553919184754341e+04 1.004958356301739908e+00
6.075553945190824015e+04 9.948736825658726080e-01
6.075553971196892962e+04 1.005218545750500736e+00
6.075553997202962637e+04 1.002760852437828198e+00
6.075554023209032312e+04 1.013303801674434013e+00
6.075554049215101259e+04 9.930115449485436008e-01
6.075554075221170206e+04 1.003029621655623149e+00
6.075554101227239880e+04 9.926188558891411162e-01
6.075554127233309555e+04 1.004873118435224200e+00
6.075554153239378502e+04 9.888720763322822460e-01
6.075554179245447449e+04 1.008075853721139614e+00
6.075554205251517124e+04 9.864344740384780597e-01
6.075554231257586798e+04 1.006721243197221227e+00
6.075554257263655018e+04 9.800419652532722514e-01
6.075554283269725420e+04 9.966713572924199571e-01
6.075554309275794367e+04 1.004089594955051901e+00
6.075554335281863314e+04 1.014727250424763749e+00
6.075554361287932988e+04 9.810143462925705604e-01
6.075554387294001936e+04 9.891224430220335595e-01
6.075554413300071610e+04 1.000748617205828861e+00
6.075554439306140557e+04 1.005531920738005791e+00
6.075554465312210232e+04 1.007433330639610602e+00
6.075554491318279906e+04 9.961220127724839113e-01
6.075554517324348853e+04 1.004081640365267258e+00
6.075554543330417800e+04 1.014584021698967664e+00
6.075554569336487475e+04 9.997295838048511074e-01
6.075554595342557150e+04 1.010069114485178998e+00
6.075554621348626097e+04 1.000941908170302153e+00
6.075554647354695044e+04 9.849635378153389631e-01
6.075554673360764718e+04 1.004677404708385957e+00
6.075554699366834393e+04 9.834652918147515077e-01
6.075554725372902612e+04 9.875147335482543642e-01
6.075554751378972287e+04 1.002475733255757451e+00
6.075554777385041962e+04 1.006735709607405438e+00
6.075554803391111636e+04 1.001064633022101358e+00
6.075554829397180583e+04 1.021654262166982408e+00
6.075554855403249530e+04 1.008375969432777186e+00
6.075554881409319205e+04 1.007916060501066191e+00
6.075554907415388152e+04 1.010388551204599583e+00
6.075554933421457827e+04 9.889246461135662303e-01
6.075554959427527501e+04 1.011880382969523318e+00
6.075554985433596448e+04 9.986880288428752195e-01
6.075555011439665395e+04 1.020570113167927451e+00
6.075555037445735070e+04 1.001948549449713122e+00
6.075555063451804017e+04 9.820545045793693806e-01
6.075555089457873692e+04 9.895623081950881694e-01
6.075555115463942639e+04 9.946218607362815600e-01
6.075555141470012313e+04 1.016720215545875661e+00
6.075555167476081988e+04 1.011449625857051560e+00
6.075555193482150935e+04 1.002928640083616152e+00
6.075555219488219882e+04 1.021190248672988687e+00
6.075555245494289557e+04 9.935373367894250185e-01
6.075555271500359231e+04 1.004587555990412273e+00
6.075555297506428906e+04 1.005727003820339416e+00
6.075555323512497125e+04 1.007156763885119766e+00
6.075555349518566800e+04 9.952923377362297153e-01
6.075555375524636474e+04 9.955770341879446317e-01
6.075555401530705421e+04 1.015542171105984215e+00
6.075555427536775096e+04 9.916444681311474829e-01
6.075555453542844043e+04 9.936354697867213481e-01
6.075555479548913718e+04 9.996987983085013907e-01
6.075555505554983392e+04 1.005936863659444347e+00
6.075555531561051612e+04 1.003152543477964009e+00
6.075555557567121286e+04 1.000769869532130318e+00
6.075555583573190961e+04 9.947414121041493473e-01
6.075555609579260636e+04 9.886620877627422255e-01
6.075555635585329583e+04 9.917754184001579265e-01
6.075555661591398530e+04 9.998285430382820582e-01
6.075555687597468204e+04 1.004714800560281063e+00
6.075555713603537879e+04 1.004823394693864946e+00
6.075555739609607554e+04 9.837586015267194561e-01
6.075555765615676501e+04 9.725109039360044783e-01
6.075555791621745448e+04 1.011406073080511225e+00
6.075555817627815122e+04 9.982216909462963139e-01
6.075555843633884797e+04 9.980704292547341039e-01
6.075555869639953016e+04 1.006902403424522197e+00
6.075555895646022691e+04 1.002637658247040875e+00
6.075555921652092366e+04 1.012565699320440604e+00
6.075555947658162040e+04 1.010005403556349712e+00
6.075555973664230987e+04 9.969006726784421790e-01
6.075555999670299934e+04 9.846109647256906516e-01
6.075556025676369609e+04 1.006390891537706667e+00
6.075556051682439283e+04 1.008158054709002549e+00
6.075556077688508958e+04 1.013674962301650551e+00
6.075556103694577905e+04 9.815977901443080356e-01
6.075556129700646852e+04 9.782410948939304074e-01
6.075556155706716527e+04 9.896082640946207709e-01
6.075556181712786201e+04 1.005370328192706220e+00
6.075556207718854421e+04 9.932586268236009985e-01
6.075556233724924095e+04 9.962914936418779677e-01
6.075556259730993770e+04 1.006169473177820128e+00
6.075556285737063445e+04 9.901329823839309929e-01
6.075556311743133119e+04 9.938744371124519361e-01
6.075556337749201339e+04 9.998347183832524410e-01
6.075556504896522529e+04 9.834452315224020413e-01
6.075556530902591476e+04 9.856780843759652688e-01
6.075556556908661150e+04 1.020626113269454072e+00
6.075556582914730097e+04 9.913098934231032722e-01
6.075556608920799772e+04 9.946660948872514396e-01
6.075556634926869447e+04 1.011568070173223477e+00
6.075556660932938394e+04 1.012163407411854177e+00
6.075556686939008068e+04 1.000977434606897587e+00
6.075556712945077015e+04 1.008893329957550877e+00
6.075556738951146690e+04 1.006284259488662292e+00
6.075556764957216365e+04 9.978578929081480808e-01
6.075556790963285312e+04 1.002241203241961198e+00
6.075556816969354986e+04 9.945693824605541522e-01
6.075556842975423933e+04 9.945804940178374354e-01
6.075556868981492880e+04 1.000237806355902537e+00
6.075556894987563282e+04 1.004155799674804506e+00
6.075556920993632230e+04 1.010525984048844750e+00
6.075556946999701904e+04 1.004606964858494100e+00
6.075556973005770851e+04 1.010631527592075196e+00
6.075556999011839798e+04 9.956469275459838286e-01
6.075557025017909473e+04 1.010139209449883557e+00
6.075557051023979147e+04 9.844345288677769368e-01
6.075557077030048822e+04 9.936169271086556787e-01
6.075557103036117769e+04 1.012037468846378241e+00
6.075557129042186716e+04 1.015939328606153547e+00
6.075557155048256391e+04 9.899259802678533893e-01
6.075557181054326065e+04 1.022430250788787465e+00
6.075557207060395740e+04 1.006116000976111424e+00
6.075557233066464687e+04 9.917919356250917140e-01
6.075557259072533634e+04 1.000128926779755067e+00
6.075557285078603309e+04 1.013160553472342684e+00
6.075557311084672983e+04 1.002609251201420637e+00
6.075557337090741930e+04 9.913117944618681232e-01
6.075557363096811605e+04 1.001335843050092933e+00
6.075557389102880552e+04 1.005320043398616470e+00
6.075557415108950227e+04 9.893623624949930973e-01
6.075557441115019901e+04 9.799988618737157653e-01
6.075557467121088848e+04 9.967917467498296213e-01
6.075557493127158523e+04 1.012195877801413735e+00
6.075557519133227470e+04 9.929216283279802546e-01
6.075557545139297144e+04 9.878473223131961634e-01
6.075557571145366819e+04 1.009898330328840910e+00
6.075557597151435766e+04 9.976253184524461748e-01
6.075557623157505441e+04 1.004706231943218508e+00
6.075557649163575115e+04 9.982598570849628983e-01
6.075557675169643335e+04 1.024718574168420826e+00
6.075557701175713009e+04 9.926494714704717781e-01
6.075557727181782684e+04 1.016611371549618781e+00
6.075557753187852359e+04 1.008607916717337849e+00
6.075557779193922033e+04 1.003452023799674020e+00
6.075557805199990980e+04 1.010049343242412467e+00
6.075557831206059927e+04 9.971124768937906779e-01
6.075557857212129602e+04 9.928388930226279552e-01
6.075557883218199277e+04 1.003435438631226972e+00
6.075557909224268951e+04 9.939019153161183784e-01
6.075557935230337898e+04 1.009369231018948376e+00
6.075557961236407573e+04 1.003299219213780402e+00
6.075557987242476520e+04 9.892624985086746481e-01
6.075558013248546195e+04 9.919998933215651293e-01
6.075558039254615869e+04 9.891358616345223842e-01
6.075558065260684816e+04 9.828714432205467588e-01
6.075558091266754491e+04 9.865366105877912961e-01
6.075558117272824165e+04 1.011147574413300276e+00
6.075558143278892385e+04 1.013975689501667388e+00
6.075558169284962059e+04 1.002769500234180544e+00
6.075558195291031734e+04 1.016786987490183369e+00
6.075558221297101409e+04 9.978405811042002638e-01
6.075558247303171083e+04 9.917556538636509433e-01
6.075558273309240030e+04 1.004294212365796746e+00
6.075558299315309705e+04 9.966885686330543281e-01
6.075558325321378652e+04 9.910103616777399260e-01
6.075558351327448327e+04 9.871679716841799124e-01
6.075558377333518001e+04 1.007415948300395936e+00
6.075558403339586948e+04 9.961552617236821838e-01
6.075558429345656623e+04 1.001696198290880302e+00
6.075558455351726298e+04 1.010609295732944446e+00
6.075558481357794517e+04 9.932604512608625980e-01
6.075558507363864192e+04 1.002824303494778579e+00
6.075558533369933866e+04 9.997550559031885831e-01
6.075558559376003541e+04 1.005561717967359492e+00
6.075558585382073215e+04 9.921798167091435694e-01
6.075558611388142162e+04 1.015461960714976408e+00
6.075558637394211837e+04 9.994066357074729012e-01
6.075558663400280784e+04 1.007637760778067770e+00
6.075558689406350459e+04 1.013879292576333135e+00
6.075558715412420133e+04 9.971093094072726037e-01
6.075558741418489080e+04 1.018459883956592371e+00
6.075558767424558755e+04 1.010095494157173812e+00
6.075558793430628430e+04 9.984333756266662308e-01
6.075558819436697377e+04 1.005373118529227172e+00
6.075558845442767051e+04 9.963480368104582485e-01
6.075558871448835998e+04 1.005308374728244525e+00
6.075558897454905673e+04 9.981674501313327896e-01
6.075558923460975348e+04 9.907023021725493983e-01
6.075558949467044295e+04 1.005964924596882248e+00
6.075558975473113969e+04 1.016748719815345314e+00
6.075559001479183644e+04 1.015831149713225079e+00
6.075559027485253318e+04 1.006474694073772769e+00
6.075559053491322265e+04 9.850944687175349213e-01
6.075559079497391212e+04 1.003086831139400781e+00
6.075559105503460887e+04 9.892788091668991424e-01
6.075559131509530562e+04 1.007084546116266965e+00
6.075559157515600236e+04 9.958295267056971323e-01
6.075559183521669911e+04 1.001475890018799886e+00
6.075559209527738858e+04 1.014164823985544084e+00
6.075559235533808533e+04 9.926999358218174807e-01
6.075559261539877480e+04 1.003982103022676098e+00
6.075559287545946427e+04 1.000349020910781039e+00
6.075559313552016101e+04 1.002413698651935414e+00
6.075559339558085776e+04 9.897282747922335755e-01
6.075559494101491873e+04 9.968335760422014635e-01
6.075559520107561548e+04 9.993707920770568132e-01
6.075559546113631222e+04 9.947772795419520531e-01
6.075559572119700897e+04 9.928575506746324386e-01
6.075559598125769844e+04 1.004195608672198148e+00
6.075559624131839519e+04 1.023126271340069282e+00
6.075559650137908466e+04 1.001251887469142288e+00
6.075559676143977413e+04 1.001539778313283779e+00
6.075559702150047087e+04 1.011646478087790291e+00
6.075559728156116762e+04 1.003205868355100838e+00
6.075559754162186437e+04 9.961554633963222161e-01
6.075559780168256111e+04 1.000816967835340021e+00
6.075559806174325058e+04 1.008729978899019164e+00
6.075559832180394733e+04 1.009908001743661243e+00
6.075559858186464407e+04 1.010110094365433309e+00
6.075559884192533355e+04 9.998701948932849914e-01
6.075559910198603029e+04 1.006799469457050566e+00
6.075559936204671976e+04 9.966188662790801400e-01
6.075559962210741651e+04 1.001251144678755978e+00
6.075559988216811325e+04 9.979775709764013847e-01
6.075560014222880272e+04 9.899672744411120995e-01
6.075560040228950675e+04 1.004093308843339916e+00
6.075560066235019622e+04 1.000319952221914166e+00
6.075560092241089296e+04 9.966652099764894412e-01
6.075560118247158971e+04 9.873246943421509769e-01
6.075560144253227918e+04 9.981581689240992539e-01
6.075560170259296865e+04 1.008184089666849026e+00
6.075560196265366540e+04 1.008499278787909459e+00
6.075560222271436214e+04 1.019412485955908387e+00
6.075560248277505889e+04 1.003048563889836098e+00
6.075560274283574836e+04 9.985053944737443121e-01
6.075560300289644510e+04 9.976686708531264935e-01
6.075560326295714185e+04 1.001865502046301204e+00
6.075560352301783860e+04 9.964290834867733926e-01
6.075560378307853534e+04 9.918004925276521222e-01
6.075560404313922481e+04 9.991731039767370870e-01
6.075560430319992156e+04 1.002416559152012221e+00
6.075560456326061831e+04 1.001477047450336721e+00
6.075560482332130050e+04 1.006832611180694670e+00
6.075560508338199725e+04 1.003394446163253795e+00
6.075560534344269399e+04 1.004003187789291873e+00
6.075560560350339074e+04 1.005851128966629648e+00
6.075560586356408749e+04 1.004784595910975575e+00
6.075560612362477696e+04 9.974041156422976950e-01
6.075560638368547370e+04 1.012246124180332663e+00
6.075560664374617045e+04 9.956778375279710103e-01
6.075560690380686719e+04 9.957020931318512069e-01
6.075560716386756394e+04 1.013240646903473152e+00
6.075560742392825341e+04 1.002312335841330171e+00
6.075560768398895016e+04 1.004609900853188353e+00
6.075560794404964690e+04 1.002434763266554230e+00
6.075560820411032910e+04 9.850587102113179672e-01
6.075560846417102584e+04 9.820864140257393737e-01
6.075560872423172259e+04 1.001871998963357768e+00
6.075560898429241934e+04 1.002823514216552248e+00
6.075560924435311608e+04 1.006040505164212284e+00
6.075560950441380555e+04 9.957883818514819962e-01
6.075560976447450230e+04 9.990394254790012640e-01
6.075561002453519905e+04 1.006760085749213163e+00
6.075561028459589579e+04 9.851674988415228817e-01
6.075561054465659254e+04 9.965441693616277075e-01
6.075561080471728201e+04 9.909543177690218752e-01
6.075561106477797875e+04 1.002829194066642948e+00
6.075561132483867550e+04 1.003329998771414822e+00
6.075561158489937225e+04 1.013225167075504585e+00
6.075561184496006899e+04 1.016082025328575389e+00
6.075561210502075846e+04 9.933450794396820882e-01
6.075561236508144793e+04 9.955317796455644963e-01
6.075561262514214468e+04 9.844831463527073945e-01
6.075561288520283415e+04 9.885934929829861550e-01
6.075561314526353090e+04 9.962421579365595692e-01
6.075561340532422764e+04 1.007029814149319469e+00
6.075561366538492439e+04 9.917217042543100547e-01
6.075561392544562113e+04 9.954622453409105454e-01
6.075561418550631060e+04 1.007569615960068887e+00
6.075561444556700735e+04 1.018907881726011544e+00
6.075561470562770410e+04 1.013954978654100891e+00
6.075561496568840084e+04 1.003549315717265022e+00
6.075561522574909759e+04 1.005079501035115896e+00
6.075561548580978706e+04 1.001990001246509499e+00
6.075561574587048381e+04 1.003614587351854714e+00
6.075561600593118055e+04 1.006383120990323121e+00
6.075561626599187002e+04 9.993210048722512839e-01
6.075561652605256677e+04 1.004989643618562134e+00
6.075561678611326352e+04 1.002532352500739465e+00
6.075561704617396026e+04 9.936215247402958584e-01
6.075561730623465701e+04 1.003436542444121615e+00
6.075561756629534648e+04 1.019645232733252804e+00
6.075561782635604322e+04 9.950520937598251736e-01
6.075561808641673269e+04 1.002866234460012773e+00
6.075561834647742944e+04 9.974454319312718864e-01
6.075561860653812619e+04 9.993679825797266991e-01
6.075561886659881566e+04 9.872119781850703379e-01
6.075561912665951240e+04 1.022449330081692143e+00
6.075561938672020915e+04 1.001683635756462465e+00
6.075561964678089862e+04 1.016852519732465820e+00
6.075561990684160264e+04 1.002692219060993040e+00
6.075562016690229211e+04 1.007450474662455520e+00
6.075562042696298886e+04 9.909567530331218066e-01
6.075562068702368560e+04 1.002161023191185496e+00
6.075562094708437508e+04 9.839174593631951904e-01
6.075562120714507182e+04 9.934318441316621895e-01
6.075562146720576857e+04 1.005990125235662225e+00
6.075562172726646531e+04 1.022769241749233782e+00
6.075562198732716206e+04 9.929972137597007364e-01
6.075562224738785153e+04 1.006390127341625584e+00
6.075562250744854828e+04 1.010425974670965177e+00
6.075562276750924502e+04 9.924488503816795149e-01
6.075562302756994177e+04 1.013896512581480280e+00
6.075562328763063852e+04 9.953744082373453539e-01
6.075562490904599690e+04 1.013325533031276260e+00
6.075562516909990518e+04 9.913890515818122307e-01
6.075562542915379890e+04 9.939214122705639642e-01
6.075562568920769263e+04 1.000944344762774829e+00
6.075562594926160091e+04 1.003781543962483536e+00
6.075562620931549463e+04 9.972447191108518849e-01
6.075562646936939564e+04 9.912493815726952651e-01
6.075562672942329664e+04 9.958890089290810543e-01
6.075562698947719036e+04 1.004954583963838743e+00
6.075562724953109864e+04 9.864004247040726314e-01
6.075562750958499237e+04 9.974062010161888203e-01
6.075562776963889337e+04 1.000901184373528485e+00
6.075562802969280165e+04 1.003267140260040602e+00
6.075562828974669537e+04 1.004113334943855795e+00
6.075562854980059637e+04 1.008202007919220655e+00
6.075562880985449738e+04 9.884598887364405284e-01
6.075562906990839110e+04 9.852227624168887754e-01
6.075562932996229938e+04 9.939624663706180252e-01
6.075562959001619311e+04 1.004019096691631141e+00
6.075562985007009411e+04 1.001369753377208127e+00
6.075563011012399511e+04 9.830804450978982700e-01
6.075563037017788884e+04 9.952095901770139363e-01
6.075563063023179711e+04 1.009626326941347463e+00
6.075563089028569084e+04 1.016177292684750988e+00
6.075563115033958456e+04 9.901080717652125385e-01
6.075563141039349284e+04 1.009771301950425748e+00
6.075563167044738657e+04 1.007756010468912278e+00
6.075563193050128757e+04 1.001840797270545202e+00
6.075563219055518857e+04 1.002668708963220912e+00
6.075563245060908230e+04 1.011272166020590779e+00
6.075563271066299058e+04 1.011024918930466088e+00
6.075563297071688430e+04 9.920653239655548017e-01
6.075563323077078530e+04 1.000235951179900384e+00
6.075563349082468631e+04 9.905141597261729602e-01
6.075563375087858003e+04 1.005721010348859190e+00
6.075563401093248831e+04 1.016401701948447478e+00
6.075563427098638203e+04 9.793571453989163844e-01
6.075563453104027576e+04 9.966068294795722426e-01
6.075563479109418404e+04 9.947850093602212951e-01
6.075563505114807776e+04 1.008212909098138876e+00
6.075563531120197877e+04 9.972404390616423919e-01
6.075563557125588704e+04 1.006881904307131315e+00
6.075563583130978077e+04 9.914496628004647594e-01
6.075563609136368905e+04 9.990918680433499288e-01
6.075563635141758277e+04 1.010151539357460715e+00
6.075563661147148377e+04 9.950223431608473668e-01
6.075563687152538478e+04 1.017297569366628629e+00
6.075563713157927850e+04 9.929793413181464690e-01
6.075563739163318678e+04 9.999905781805575877e-01
6.075563765168708051e+04 1.003523036844177874e+00
6.075563791174097423e+04 9.891662485252453729e-01
6.075563817179488251e+04 9.975757225517994931e-01
6.075563843184877624e+04 1.007452039396394383e+00
6.075563869190267724e+04 9.827701368556887029e-01
6.075563895195657824e+04 9.892301758049081295e-01
6.075563921201047197e+04 9.848508135504639993e-01
6.075563947206438024e+04 1.020184124952598026e+00
6.075563973211827397e+04 1.004547143372753748e+00
6.075563999217217497e+04 1.007135710353646019e+00
6.075564025222608325e+04 1.009844521821803065e+00
6.075564051227997697e+04 9.930396703359003485e-01
6.075564077233388525e+04 1.017117088559187588e+00
6.075564103238777898e+04 9.897380450492654358e-01
6.075564129244167270e+04 1.007457776858867060e+00
6.075564155249558098e+04 1.001328866758006475e+00
6.075564181254947471e+04 9.873029473924745947e-01
6.075564207260337571e+04 1.013082442820196549e+00
6.075564233265727671e+04 1.002875022735607136e+00
6.075564259271117044e+04 9.941116633426810845e-01
6.075564285276507871e+04 9.960000343027128888e-01
6.075564311281897244e+04 1.005957773270994782e+00
6.075564337287286617e+04 9.978012962133663288e-01
6.075564363292677444e+04 9.885740262888048635e-01
6.075564389298066817e+04 1.024615582338312070e+00
6.075564415303458372e+04 1.004188446552215952e+00
6.075564441308847745e+04 9.911017811481549478e-01
6.075564467314237118e+04 9.950658140072855540e-01
6.075564493319627945e+04 1.004165804887750202e+00
6.075564519325017318e+04 9.890447084477133055e-01
6.075564545330407418e+04 1.015757943728169410e+00
6.075564571335797518e+04 9.941014278140291038e-01
6.075564597341186891e+04 1.013138615827998690e+00
6.075564623346577719e+04 1.005873575809390852e+00
6.075564649351967091e+04 9.988206274002453533e-01
6.075564675357356464e+04 9.965963726018464142e-01
6.075564701362747292e+04 1.008591036028048560e+00
6.075564727368136664e+04 9.924581051220218164e-01
6.075564753373527492e+04 9.992055258618990354e-01
6.075564779378917592e+04 9.977781358618471597e-01
6.075564805384306965e+04 1.003877040391562669e+00
6.075564831389697792e+04 9.882492572189732760e-01
6.075564857395087165e+04 1.007381717900698082e+00
6.075564883400477265e+04 1.014412191765291738e+00
6.075564909405867365e+04 9.955198086910069799e-01
6.075564935411256738e+04 9.863720254119381359e-01
6.075564961416647566e+04 1.012072669585889484e+00
6.075564987422036938e+04 9.877022226182701203e-01
6.075565013427426311e+04 9.840528007895655849e-01
6.075565039432817866e+04 9.769415037681148384e-01
6.075565065438207239e+04 9.965978786164824132e-01
6.075565091443597339e+04 9.862058849734939292e-01
6.075565117448987439e+04 1.009601302883804452e+00
6.075565143454376812e+04 1.024525030082808597e+00
6.075565169459767640e+04 9.969904348345238754e-01
6.075565195465157012e+04 9.905070012094959742e-01
6.075565221470547112e+04 9.970754616354520206e-01
6.075565247475937213e+04 9.920816259037533724e-01
6.075565273481326585e+04 9.985780653670792706e-01
6.075565299486718141e+04 9.992860261296937496e-01
6.075565325492107513e+04 9.917235654680708334e-01
6.075565492676799477e+04 1.000708441077756028e+00
6.075565518682868424e+04 1.013282065385969766e+00
6.075565544688938098e+04 1.024967917646863125e+00
6.075565570695007773e+04 1.003170945462640518e+00
6.075565596701077448e+04 1.014752547584465869e+00
6.075565622707147122e+04 9.908563807628621989e-01
6.075565648713216069e+04 1.001757179686294963e+00
6.075565674719285744e+04 9.978631621627096493e-01
6.075565700725356146e+04 1.003245902227941189e+00
6.075565726731425821e+04 1.012566558781153869e+00
6.075565752737495495e+04 9.894322382727966936e-01
6.075565778743564442e+04 1.001177726965693404e+00
6.075565804749634117e+04 1.008013231987082037e+00
6.075565830755703792e+04 9.925372776831914434e-01
6.075565856761772739e+04 1.008315885239633669e+00
6.075565882767842413e+04 9.971147431102292957e-01
6.075565908773912088e+04 9.909204908736312101e-01
6.075565934779981762e+04 9.932317180441558868e-01
6.075565960786051437e+04 1.003458224161503987e+00
6.075565986792121112e+04 1.006379667073022510e+00
6.075566012798190786e+04 9.991575937840831978e-01
6.075566038804260461e+04 1.014102611710358426e+00
6.075566064810330136e+04 9.804055820048855896e-01
6.075566090816399810e+04 9.897542794941736055e-01
6.075566116822468757e+04 9.949832428610029256e-01
6.075566142828538432e+04 1.001761187693321009e+00
6.075566168834608106e+04 9.994076913201421775e-01
6.075566194840677781e+04 9.936117748070509847e-01
6.075566220846748183e+04 9.860887905868620518e-01
6.075566246852817130e+04 1.004929199503938886e+00
6.075566272858886805e+04 1.022335815271329995e+00
6.075566298864956480e+04 9.990525905133346152e-01
6.075566324871025427e+04 1.018528791156433133e+00
6.075566350877095101e+04 9.995825527294905921e-01
6.075566376883164776e+04 9.930481253353631299e-01
6.075566402889234450e+04 1.010049578106751333e+00
6.075566428895304125e+04 9.926867424371618176e-01
6.075566454901373800e+04 9.974946201438856797e-01
6.075566480907443474e+04 9.958163975152020120e-01
6.075566506913513149e+04 9.946911444129331592e-01
6.075566532919582824e+04 9.824627794609970266e-01
6.075566558925652498e+04 1.000609147537250498e+00
6.075566584931721445e+04 1.001955143693715522e+00
6.075566610937791120e+04 9.891043622467190488e-01
6.075566636943860794e+04 9.849965476009532317e-01
6.075566662949930469e+04 9.975910744925046147e-01
6.075566688956000144e+04 9.913673310973030173e-01
6.075566714962069818e+04 9.946751297577880457e-01
6.075566740968139493e+04 1.002163389199783206e+00
6.075566766974209168e+04 1.001664660658516670e+00
6.075566792980278115e+04 9.813244856494878210e-01
6.075566818986347789e+04 1.010456665842942581e+00
6.075566844992417464e+04 9.987075063505977957e-01
6.075566870998487866e+04 1.017139577965482600e+00
6.075566897004557541e+04 9.925961212157625724e-01
6.075566923010626488e+04 1.008557949454013336e+00
6.075566949016696162e+04 1.010781815910611225e+00
6.075566975022765837e+04 9.948632206926134591e-01
6.075567001028834784e+04 1.004155042949345988e+00
6.075567027034905186e+04 9.957047937439885699e-01
6.075567053040974133e+04 9.978143794448266490e-01
6.075567079047044535e+04 9.992240297863546061e-01
6.075567105053114210e+04 9.944632806116584511e-01
6.075567131059183157e+04 1.005838013196466152e+00
6.075567157065252832e+04 1.011151875336886219e+00
6.075567183071322506e+04 9.966559226370691471e-01
6.075567209077392181e+04 9.837688899262544417e-01
6.075567235083461856e+04 1.004921923898513647e+00
6.075567261089531530e+04 1.017991914075806470e+00
6.075567287095601205e+04 9.998182164355462476e-01
6.075567313101670879e+04 1.004106572842466516e+00
6.075567339107740554e+04 1.003913472017119224e+00
6.075567365113810229e+04 9.859215634127964645e-01
6.075567391119879176e+04 1.005259227546579481e+00
6.075567417125948850e+04 1.005467416424316696e+00
6.075567443132019253e+04 1.008678685313761259e+00
6.075567469138088200e+04 9.867535041791380968e-01
6.075567495144157874e+04 1.010361347515171149e+00
6.075567521150227549e+04 1.007607306963646199e+00
6.075567547156297223e+04 9.991234219655180659e-01
6.075567573162366898e+04 9.800670997430298570e-01
6.075567599168436573e+04 9.922925352780979091e-01
6.075567625174506247e+04 9.891676926815805571e-01
6.075567651180575922e+04 1.000403513394206412e+00
6.075567677186645597e+04 1.006228287467925586e+00
6.075567703192715271e+04 1.019875422818931510e+00
6.075567729198784218e+04 1.004502785432853207e+00
6.075567755204853893e+04 9.879453383006480127e-01
6.075567781210924295e+04 1.011272885697764634e+00
6.075567807216993242e+04 9.871040693927678467e-01
6.075567833223062917e+04 1.002581304071449075e+00
6.075567859229132591e+04 9.873265667586779148e-01
6.075567885235202266e+04 1.001867692570210799e+00
6.075567911241271941e+04 1.007641285162423683e+00
6.075567937247341615e+04 9.885089204188163281e-01
6.075567963253411290e+04 1.004983240071479544e+00
6.075567989259480964e+04 9.999572394840686718e-01
6.075568015265550639e+04 9.923657540983554792e-01
6.075568041271620314e+04 9.939857779312043506e-01
6.075568067277689261e+04 9.914048103635433318e-01
6.075568093283759663e+04 9.928787548489831360e-01
6.075568119289829338e+04 1.004903085856826861e+00
6.075568145295898285e+04 1.036571297290053817e+00
6.075568171301968687e+04 1.006770319065540820e+00
6.075568197308037634e+04 9.758539096556273496e-01
6.075568223314107308e+04 1.014565796291707844e+00
6.075568249320177711e+04 1.004501085085929946e+00
6.075568275326246658e+04 1.004870111641851915e+00
6.075568301332316332e+04 9.977826959113703653e-01
6.075568327338386007e+04 9.948421979984969354e-01
6.075568483179301256e+04 1.009256325088955686e+00
6.075568509184680443e+04 1.017976836226721193e+00
6.075568535190059629e+04 9.949289712164081090e-01
6.075568561195438815e+04 1.005050169999230247e+00
6.075568587200818729e+04 9.980402135733082991e-01
6.075568613206199370e+04 9.931419573707627180e-01
6.075568639211578557e+04 9.996408199919993853e-01
6.075568665216957743e+04 9.850599383150694388e-01
6.075568691222336929e+04 9.907710197694068466e-01
6.075568717227716115e+04 1.001140039781883262e+00
6.075568743233096029e+04 9.992952715993578261e-01
6.075568769238475215e+04 9.915586770662885296e-01
6.075568795243854402e+04 1.000679820674294396e+00
6.075568821249233588e+04 1.013254719358609890e+00
6.075568847254613502e+04 1.007966876526373401e+00
6.075568873259992688e+04 1.005441269514377067e+00
6.075568899265372602e+04 1.000305613223382295e+00
6.075568925270752516e+04 9.867497690065797356e-01
6.075568951276131702e+04 9.840768717150337741e-01
6.075568977281511616e+04 1.016551886459383658e+00
6.075569003286890802e+04 9.833634320163898712e-01
6.075569029292269988e+04 9.966982894802643989e-01
6.075569055297649174e+04 1.007004744986680134e+00
6.075569081303029088e+04 9.989731794757648053e-01
6.075569107308408275e+04 1.003887270506353513e+00
6.075569133313787461e+04 1.002707281504063408e+00
6.075569159319166647e+04 9.890272638102787228e-01
6.075569185324547288e+04 9.951565771262985693e-01
6.075569211329927202e+04 9.769134424991401389e-01
6.075569237335306389e+04 1.001307528647073841e+00
6.075569263340685575e+04 1.000553409579504782e+00
6.075569289346064761e+04 9.923875029330462283e-01
6.075569315351444675e+04 9.868845625114521791e-01
6.075569341356823861e+04 1.003322054292227206e+00
6.075569367362203047e+04 1.007580555908808684e+00
6.075569393367582234e+04 1.000853650034138287e+00
6.075569419372962147e+04 1.008121388420372133e+00
6.075569445378341334e+04 1.014967285454425605e+00
6.075569471383720520e+04 9.849476274971213918e-01
6.075569497389100434e+04 1.012143601395723014e+00
6.075569523394481075e+04 9.932137571006286469e-01
6.075569549399860261e+04 1.000498643740012961e+00
6.075569575405239448e+04 9.869396592020851511e-01
6.075569601410618634e+04 9.899530119159324348e-01
6.075569627415998548e+04 9.930244541955352000e-01
6.075569653421377734e+04 1.008297843964700791e+00
6.075569679426756920e+04 1.007169725710857611e+00
6.075569705432136107e+04 1.004292427684005284e+00
6.075569731437516020e+04 1.017162787861685347e+00
6.075569757442895207e+04 9.895383537901790705e-01
6.075569783448274393e+04 1.000270512000439593e+00
6.075569809453654307e+04 1.005650137381278508e+00
6.075569835459034948e+04 9.917479682884514647e-01
6.075569861464414134e+04 1.021230583902719147e+00
6.075569887469793321e+04 9.990544887263177465e-01
6.075569913475172507e+04 9.861240956770782606e-01
6.075569939480552421e+04 9.813590730245864702e-01
6.075569965485931607e+04 1.012634152760471418e+00
6.075569991491310793e+04 9.982160699684354821e-01
6.075570017496689979e+04 1.003908595316563623e+00
6.075570043502069893e+04 1.004251095656914616e+00
6.075570069507449080e+04 1.001823159821324527e+00
6.075570095512828993e+04 9.861925949308354422e-01
6.075570121518208907e+04 1.002300800000095027e+00
6.075570147523588821e+04 9.904848236563736918e-01
6.075570173528968007e+04 1.000763672718198993e+00
6.075570199534347194e+04 1.020368547705836848e+00
6.075570225539727107e+04 9.913808656607779879e-01
6.075570251545106294e+04 1.006049312133564078e+00
6.075570277550485480e+04 1.002445938890117905e+00
6.075570303555864666e+04 9.936696529155253366e-01
6.075570329561244580e+04 9.905030176016929033e-01
6.075570355566623766e+04 1.000543922754202342e+00
6.075570381572002952e+04 1.012241293155577759e+00
6.075570407577382866e+04 1.002975264253756826e+00
6.075570433582763508e+04 1.002013841466328881e+00
6.075570459588142694e+04 1.018534921341828881e+00
6.075570485593521880e+04 9.872410218977967222e-01
6.075570511598901066e+04 1.005711545311895216e+00
6.075570537604280980e+04 9.997845197668052686e-01
6.075570563609660167e+04 9.943219963768827885e-01
6.075570589615039353e+04 9.899783383793936409e-01
6.075570615620419267e+04 9.937000935242532584e-01
6.075570641625798453e+04 1.000115991042596741e+00
6.075570667631177639e+04 9.949906303407538566e-01
6.075570693636557553e+04 9.964825795098912753e-01
6.075570719641938194e+04 1.006304415644833306e+00
6.075570745647317381e+04 1.018722473440824006e+00
6.075570771652696567e+04 9.970517235214403362e-01
6.075570797658076481e+04 1.010022947638145485e+00
6.075570823663455667e+04 1.014286101901190396e+00
6.075570849668834853e+04 1.012724576029634838e+00
6.075570875674214039e+04 9.967763030049764383e-01
6.075570901679593953e+04 1.001680388076278350e+00
6.075570927684973140e+04 1.008526542012716742e+00
6.075570953690352326e+04 1.005561864659253679e+00
6.075570979695732240e+04 1.001683010860362488e+00
6.075571005701112153e+04 9.897518854307576497e-01
6.075571031706492067e+04 1.010377395306325310e+00
6.075571057711871254e+04 1.000574731738874457e+00
6.075571083717251167e+04 1.014104642001441015e+00
6.075571109722630354e+04 9.955153327179030454e-01
6.075571135728009540e+04 9.876262178423365068e-01
6.075571161733389454e+04 9.865550868164467690e-01
6.075571187738768640e+04 1.007376493287302610e+00
6.075571213744147826e+04 9.982342597931591621e-01
6.075571239749527740e+04 1.010396435787527469e+00
6.075571265754906926e+04 9.941030643039194814e-01
6.075571291760286840e+04 1.018310125316110426e+00
6.075571317765666754e+04 1.006961403567985247e+00
6.075571474868715450e+04 9.966165153293684575e-01
6.075571500874785124e+04 1.008620721866462455e+00
6.075571526880854799e+04 1.001415618060758961e+00
6.075571552886924474e+04 9.808176313570715621e-01
6.075571578892994148e+04 1.000694802145309481e+00
6.075571604899063823e+04 1.001162610932257335e+00
6.075571630905133497e+04 1.011823401463434635e+00
6.075571656911203172e+04 9.942400847364699645e-01
6.075571682917273574e+04 9.997416573048667487e-01
6.075571708923342521e+04 9.920881654762698787e-01
6.075571734929412196e+04 9.930586552560743963e-01
6.075571760935482598e+04 9.994456901656693093e-01
6.075571786941552273e+04 1.007984198103811790e+00
6.075571812947621947e+04 1.007744427261944908e+00
6.075571838953690894e+04 9.863933808527075575e-01
6.075571864959761297e+04 1.004608458917799041e+00
6.075571890965830971e+04 1.004756127534232046e+00
6.075571916971899918e+04 1.010322903047259357e+00
6.075571942977970320e+04 9.915017704961535117e-01
6.075571968984039995e+04 9.997424559790974996e-01
6.075571994990109670e+04 1.004390663678152551e+00
6.075572020996180072e+04 1.015574527959276052e+00
6.075572047002249019e+04 9.920996361982742373e-01
6.075572073008318694e+04 9.853894175600705907e-01
6.075572099014388368e+04 1.003958437008619864e+00
6.075572125020458770e+04 1.000620010912363522e+00
6.075572151026528445e+04 1.004352439576223111e+00
6.075572177032597392e+04 9.864179894079918576e-01
6.075572203038667794e+04 1.014048782289656003e+00
6.075572229044737469e+04 9.997949347894041772e-01
6.075572255050806416e+04 1.007298867860719538e+00
6.075572281056877546e+04 9.908305210812718977e-01
6.075572307062946493e+04 1.009340004902164578e+00
6.075572333069016167e+04 9.890078352205493584e-01
6.075572359075086570e+04 1.015326086030387209e+00
6.075572385081155517e+04 9.739359821468935863e-01
6.075572411087225191e+04 1.005209813835889809e+00
6.075572437093294866e+04 9.982323562043108334e-01
6.075572463099365268e+04 1.016493488860338967e+00
6.075572489105434943e+04 1.017322926201759126e+00
6.075572515111503890e+04 9.947917905766466840e-01
6.075572541117574292e+04 9.999447027635313123e-01
6.075572567123643967e+04 1.012874556664640879e+00
6.075572593129713641e+04 9.926233588588028178e-01
6.075572619135784043e+04 9.771407092308600495e-01
6.075572645141852990e+04 1.009675159414334278e+00
6.075572671147922665e+04 9.907780287763150451e-01
6.075572697153993067e+04 1.014151775918386678e+00
6.075572723160062014e+04 1.002042406548582010e+00
6.075572749166131689e+04 1.001195729397698964e+00
6.075572775172202091e+04 9.978862161379813411e-01
6.075572801178271766e+04 9.936080683776418176e-01
6.075572827184341440e+04 1.024779467855785997e+00
6.075572853190411115e+04 9.886072825597396196e-01
6.075572879196480790e+04 1.008226704752597014e+00
6.075572905202550464e+04 1.006090500794965426e+00
6.075572931208620867e+04 1.005436838850526371e+00
6.075572957214690541e+04 9.945423776208079936e-01
6.075572983220759488e+04 1.008280419483522428e+00
6.075573009226829890e+04 9.819134522619801242e-01
6.075573035232899565e+04 1.009169298940799653e+00
6.075573061238968512e+04 1.009164553400955455e+00
6.075573087245038914e+04 9.996398183633385948e-01
6.075573113251108589e+04 1.005663234143365337e+00
6.075573139257178264e+04 9.747105159257883900e-01
6.075573165263248666e+04 1.006484538887296720e+00
6.075573191269317613e+04 1.007612465996297724e+00
6.075573217275387287e+04 1.005088782214747845e+00
6.075573243281457690e+04 9.844756013837984154e-01
6.075573269287527364e+04 1.011791922920870723e+00
6.075573295293597039e+04 1.003149872973223555e+00
6.075573321299666713e+04 1.022535068002663916e+00
6.075573347305736388e+04 9.966931401088675591e-01
6.075573373311806063e+04 1.005429224041040959e+00
6.075573399317875737e+04 9.958722511341969730e-01
6.075573425323946140e+04 9.877266171707527187e-01
6.075573451330015087e+04 9.765360679150486556e-01
6.075573477336085489e+04 1.001990763777487414e+00
6.075573503342155163e+04 1.013984688567521220e+00
6.075573529348224110e+04 9.933152963506040045e-01
6.075573555354294513e+04 9.822203763088038775e-01
6.075573581360364187e+04 1.002632873448188855e+00
6.075573607366434589e+04 9.983246243705614642e-01
6.075573633372504264e+04 1.003583794212758784e+00
6.075573659378573211e+04 9.925589255782940601e-01
6.075573685384643613e+04 9.920581176972878001e-01
6.075573711390713288e+04 1.013729655386778727e+00
6.075573737396782963e+04 1.010222107792199120e+00
6.075573763402853365e+04 1.003246046680699610e+00
6.075573789408922312e+04 1.000402951219569792e+00
6.075573815414991986e+04 1.011139858491304722e+00
6.075573841421062389e+04 1.011102390699843978e+00
6.075573867427131336e+04 1.013545487537268919e+00
6.075573893433201010e+04 1.020455206732235665e+00
6.075573919439271413e+04 9.892340353297824906e-01
6.075573945445341087e+04 9.912711869334360770e-01
6.075573971451411489e+04 9.848514302488710070e-01
6.075573997457480436e+04 1.005821441189771903e+00
6.075574023463550111e+04 9.869826028431171183e-01
6.075574049469620513e+04 9.918783910571483675e-01
6.075574075475690188e+04 1.017130126418102298e+00
6.075574101481759863e+04 9.936519554843755708e-01
6.075574127487829537e+04 1.005746359434110948e+00
6.075574153493899212e+04 1.015143880956218547e+00
6.075574179499969614e+04 9.848228038617934388e-01
6.075574205506038561e+04 9.854288696685412630e-01
6.075574231512108236e+04 1.001882442089305103e+00
6.075574257518178638e+04 1.007552717822190802e+00
6.075574283524248312e+04 1.001992262345226870e+00
6.075574309530317987e+04 9.908668276304852807e-01
6.075574483016229351e+04 1.002812249530568911e+00
6.075574509021608537e+04 9.975862902493374262e-01
6.075574535026989179e+04 1.004942809519914215e+00
6.075574561032369093e+04 9.958810417948187332e-01
6.075574587037748279e+04 1.006417480606247139e+00
6.075574613043128193e+04 1.009687489223474843e+00
6.075574639048507379e+04 9.870792240247024951e-01
6.075574665053887293e+04 9.993589154538986552e-01
6.075574691059266479e+04 9.944384906848270367e-01
6.075574717064645665e+04 9.948183304672632010e-01
6.075574743070025579e+04 1.005363754337010418e+00
6.075574769075404765e+04 1.004439537235357616e+00
6.075574795080784679e+04 1.013319649877785000e+00
6.075574821086163865e+04 9.968557754632045853e-01
6.075574847091544507e+04 1.000088894288674535e+00
6.075574873096924421e+04 1.006522263231986347e+00
6.075574899102303607e+04 1.001541835681108772e+00
6.075574925107683521e+04 1.004619820186829493e+00
6.075574951113062707e+04 1.026759518825886897e+00
6.075574977118442621e+04 9.987136541083680985e-01
6.075575003123821807e+04 1.006261348031903813e+00
6.075575029129201721e+04 1.001487049205347590e+00
6.075575055134580907e+04 1.006905620821582525e+00
6.075575081139960093e+04 1.000903703937078726e+00
6.075575107145340007e+04 1.007196440339297450e+00
6.075575133150719921e+04 9.942879453177237981e-01
6.075575159156100563e+04 1.007918935070402977e+00
6.075575185161479749e+04 1.002580828777035915e+00
6.075575211166859663e+04 1.005068119220798639e+00
6.075575237172238849e+04 9.943182867615166787e-01
6.075575263177618035e+04 9.999858300929008736e-01
6.075575289182997949e+04 1.011199597748936752e+00
6.075575315188377135e+04 9.925933570779789106e-01
6.075575341193757049e+04 1.001236416029356313e+00
6.075575367199136235e+04 1.009303026872219400e+00
6.075575393204516149e+04 9.989442163696892196e-01
6.075575419209895335e+04 9.946763823409029426e-01
6.075575445215275249e+04 9.975831074789353048e-01
6.075575471220655891e+04 9.953798661904333933e-01
6.075575497226035077e+04 1.000017803509356318e+00
6.075575523231414991e+04 1.008013942520709083e+00
6.075575549236794177e+04 1.003144312756713452e+00
6.075575575242174091e+04 9.985253248212908606e-01
6.075575601247553277e+04 1.014112683733536358e+00
6.075575627252933191e+04 1.007240345005673055e+00
6.075575653258312377e+04 1.008215619439695621e+00
6.075575679263691563e+04 1.011971670013506852e+00
6.075575705269071477e+04 1.012710247537737418e+00
6.075575731274451391e+04 1.006861123044447526e+00
6.075575757279832033e+04 1.004031815919892212e+00
6.075575783285211219e+04 1.003773920359448457e+00
6.075575809290591133e+04 1.011118242396920275e+00
6.075575835295970319e+04 9.786140050308919092e-01
6.075575861301350233e+04 9.997703933175675628e-01
6.075575887306729419e+04 1.004865148415484022e+00
6.075575913312109333e+04 1.006570285881482674e+00
6.075575939317488519e+04 1.018355346798367256e+00
6.075575965322867705e+04 9.813209048801031509e-01
6.075575991328247619e+04 9.948180555274541703e-01
6.075576017333626805e+04 9.953056140944490648e-01
6.075576043339007447e+04 9.979777563763202464e-01
6.075576069344387361e+04 1.000081207922421500e+00
6.075576095349767274e+04 1.005006547177634824e+00
6.075576121355146461e+04 1.009525110647730539e+00
6.075576147360526375e+04 9.908554575183359248e-01
6.075576173365905561e+04 1.005540977221586862e+00
6.075576199371285475e+04 9.976689731184799070e-01
6.075576225376664661e+04 9.894937273136605871e-01
6.075576251382044575e+04 1.011903658217376822e+00
6.075576277387423761e+04 9.922575572377198005e-01
6.075576303392802947e+04 9.982595799835974892e-01
6.075576329398183589e+04 1.005810328230944073e+00
6.075576355403563502e+04 9.771963536027671315e-01
6.075576381408943416e+04 1.013641109294783460e+00
6.075576407414322603e+04 1.000065015332060492e+00
6.075576433419702516e+04 1.014915813939333278e+00
6.075576459425081703e+04 9.919365942688274096e-01
6.075576485430461616e+04 9.969808344703596781e-01
6.075576511435840803e+04 1.001698243603940774e+00
6.075576537441220717e+04 9.916180014239922569e-01
6.075576563446599903e+04 9.952864482607093333e-01
6.075576589451979817e+04 9.945852506237802260e-01
6.075576615457359003e+04 1.038286954489902714e+00
6.075576641462739644e+04 1.010820639989479242e+00
6.075576667468119558e+04 9.862153699478610758e-01
6.075576693473499472e+04 1.000878957414237824e+00
6.075576719478878658e+04 9.866193454841248878e-01
6.075576745484258572e+04 1.007323336751813292e+00
6.075576771489637758e+04 9.982522069067480963e-01
6.075576797495017672e+04 1.011291871913969409e+00
6.075576823500396858e+04 1.008374995115622230e+00
6.075576849505776045e+04 1.003068336759480150e+00
6.075576875511155959e+04 1.003245896710073692e+00
6.075576901516535145e+04 9.943439699259433162e-01
6.075576927521915786e+04 1.020315763985935487e+00
6.075576953527295700e+04 1.020322895297202548e+00
6.075576979532675614e+04 1.011181792986055372e+00
6.075577005538054800e+04 1.003128814752573872e+00
6.075577031543434714e+04 1.020416080513660395e+00
6.075577057548813900e+04 9.930423618859011148e-01
6.075577083554193814e+04 9.968913500543881145e-01
6.075577109559573000e+04 9.918101375753661797e-01
6.075577135564952914e+04 9.853512496797373066e-01
6.075577161570332100e+04 1.006842762557837778e+00
6.075577187575712014e+04 1.002872438163156410e+00
6.075577213581091200e+04 1.003813812447188480e+00
6.075577239586471842e+04 9.915859821442291056e-01
6.075577265591851756e+04 9.761454366477962941e-01
6.075577291597231670e+04 9.994663419414085981e-01
6.075577317602610856e+04 1.018041868526980975e+00
