6.075547523418369383e+04 9.922537540945631784e-01
6.075547549424438330e+04 9.918155690038227279e-01
6.075547575430508005e+04 1.002004579986633503e+00
6.075547601436576224e+04 1.005534802444577380e+00
6.075547627442645899e+04 9.909221942964939744e-01
6.075547653448714846e+04 9.725837259970683268e-01
6.075547679454784520e+04 9.917078416618750891e-01
6.075547705460853467e+04 9.909043964025547879e-01
6.075547731466922414e+04 1.000956809927892044e+00
6.075547757472991361e+04 9.953404759847087613e-01
6.075547783479061036e+04 1.003797007045764467e+00
6.075547809485129255e+04 9.924127986489761355e-01
6.075547835491198930e+04 9.964260105559851199e-01
6.075547861497267877e+04 1.002909659311321366e+00
6.075547887503337552e+04 9.982641946527009980e-01
6.075547913509406499e+04 1.005823442403592338e+00
6.075547939515475446e+04 9.975952221357916594e-01
6.075547965521544393e+04 1.005915036632796244e+00
6.075547991527614067e+04 9.916959088658152677e-01
6.075548017533683014e+04 1.003446048825974879e+00
6.075548043539752689e+04 9.959691075209724520e-01
6.075548069545820908e+04 1.011223436035877832e+00
6.075548095551890583e+04 9.977500454663172924e-01
6.075548121557959530e+04 9.968661159638271263e-01
6.075548147564028477e+04 9.970375299878726505e-01
6.075548173570098152e+04 9.917275260322212516e-01
6.075548199576167099e+04 9.844914036390004508e-01
6.075548225582236773e+04 9.948979718902561942e-01
6.075548251588305720e+04 9.934814212683455992e-01
6.075548277594374667e+04 9.943201604388270942e-01
6.075548303600443614e+04 1.000204263427313389e+00
6.075548329606513289e+04 9.982218300765136609e-01
6.075548355612582236e+04 9.985000217214048401e-01
6.075548381618651911e+04 9.971159991463641736e-01
6.075548407624720130e+04 9.904834962680730825e-01
6.075548433630789805e+04 9.957135070683325040e-01
6.075548459636858752e+04 9.960472752092160986e-01
6.075548485642928426e+04 9.990526515926385631e-01
6.075548511648997373e+04 9.981841406323688215e-01
6.075548537655066320e+04 9.916255767436931157e-01
6.075548563661135267e+04 1.004745510465909542e+00
6.075548589667204942e+04 9.946073929404269931e-01
6.075548615673273162e+04 9.997047179240671211e-01
6.075548641679342836e+04 1.007419664302015461e+00
6.075548667685411783e+04 9.952163979420407536e-01
6.075548693691481458e+04 9.929271993746519032e-01
6.075548719697551132e+04 9.866331200241699184e-01
6.075548745703619352e+04 1.000429110055519377e+00
6.075548771709689026e+04 1.003195199968959672e+00
6.075548797715757973e+04 1.004013302443709232e+00
6.075548823721827648e+04 1.000801714139731624e+00
6.075548849727896595e+04 9.974984559986389554e-01
6.075548875733965542e+04 9.927426633554514712e-01
6.075548901740034489e+04 1.006605419654015288e+00
6.075548927746104164e+04 9.994208959701990080e-01
6.075548953752172383e+04 1.021796975414810182e+00
6.075548979758242058e+04 1.002014703106484994e+00
6.075549005764311732e+04 9.978330773590543545e-01
6.075549031770380680e+04 1.000201581492341729e+00
6.075549057776450354e+04 1.000126478626684801e+00
6.075549083782518574e+04 1.005055679432742544e+00
6.075549109788588248e+04 9.958819413287008926e-01
6.075549135794657195e+04 1.001480537446836960e+00
6.075549161800726870e+04 1.004497506926974371e+00
6.075549187806795817e+04 1.008847347766155700e+00
6.075549213812864764e+04 9.939321192749962508e-01
6.075549239818933711e+04 9.972581507662072742e-01
6.075549265825003386e+04 1.011782064755543997e+00
6.075549291831072333e+04 1.004804462045019164e+00
6.075549317837142007e+04 1.001145455287596686e+00
6.075549343843210954e+04 9.986263413551780266e-01
6.075549369849279901e+04 1.021650745010294736e+00
6.075549395855349576e+04 1.013424960749190085e+00
6.075549421861417795e+04 1.001429363938970196e+00
6.075549447867487470e+04 1.003092612911504311e+00
6.075549473873556417e+04 9.999101559451097909e-01
6.075549499879626092e+04 1.016100763543109853e+00
6.075549525885695766e+04 9.965866906217358823e-01
6.075549551891763986e+04 1.000194041995520200e+00
6.075549577897833660e+04 1.004171422379946943e+00
6.075549603903902607e+04 9.998255803488673710e-01
6.075549629909972282e+04 1.010217684932964044e+00
6.075549655916041229e+04 1.000619712644917225e+00
6.075549681922110176e+04 1.005105260452483273e+00
6.075549707928179851e+04 9.996175737028714092e-01
6.075549733934248798e+04 1.005395177189058797e+00
6.075549759940317745e+04 9.951812536648553253e-01
6.075549785946386692e+04 1.014265150916034530e+00
6.075549811952456366e+04 1.006859965637324272e+00
6.075549837958525313e+04 9.939185514625212825e-01
6.075549863964594988e+04 1.006691792597612434e+00
6.075549889970663935e+04 1.012478481257449436e+00
6.075549915976732882e+04 1.007356066740369149e+00
6.075549941982802557e+04 1.011910204869477470e+00
6.075549967988871504e+04 1.009771496570617932e+00
6.075549993994941178e+04 1.014562030871871245e+00
6.075550020001009398e+04 1.007735507306078304e+00
6.075550046007079072e+04 1.001959875559215174e+00
6.075550072013148747e+04 1.009191754760542681e+00
6.075550098019216966e+04 1.009183306004952430e+00
6.075550124025286641e+04 1.004978619594363964e+00
6.075550150031355588e+04 1.006257763905855640e+00
6.075550176037425263e+04 1.003512470470190765e+00
6.075550202043494210e+04 1.003324135333180989e+00
6.075550228049563157e+04 9.880714558179402029e-01
6.075550254055632831e+04 9.936880736133423264e-01
6.075550280061701778e+04 9.917405205281554226e-01
6.075550306067771453e+04 9.974248796039694165e-01
6.075550332073840400e+04 9.965156989120897979e-01
6.075550358079909347e+04 1.002171829656629987e+00
6.075550513883041276e+04 9.997972057512349853e-01
6.075550539889110951e+04 1.003240094365841717e+00
6.075550565895179898e+04 9.993857349583125105e-01
6.075550591901248845e+04 1.002688676761783082e+00
6.075550617907318519e+04 1.000398892863318512e+00
6.075550643913387466e+04 1.008342818232824012e+00
6.075550669919457141e+04 1.010489522786557348e+00
6.075550695925526088e+04 9.963723044304082510e-01
6.075550721931595035e+04 1.011461853380187792e+00
6.075550747937664710e+04 9.977586630424760683e-01
6.075550773943733657e+04 1.009413943704469796e+00
6.075550799949803331e+04 1.001007155953246075e+00
6.075550825955872278e+04 1.008162797073805184e+00
6.075550851961941225e+04 1.002829970877169519e+00
6.075550877968010900e+04 1.007739475355344583e+00
6.075550903974079847e+04 9.994810444771801139e-01
6.075550929980148794e+04 9.989916556535265446e-01
6.075550955986217741e+04 1.016732032453372181e+00
6.075550981992287416e+04 9.974084819080158981e-01
6.075551007998357090e+04 1.001511860936457055e+00
6.075551034004426037e+04 9.959585302669647922e-01
6.075551060010494984e+04 1.000059565023307728e+00
6.075551086016564659e+04 9.927323722117803451e-01
6.075551112022633606e+04 1.010290954613570102e+00
6.075551138028703281e+04 1.004405908350629151e+00
6.075551164034772228e+04 1.006979717680347663e+00
6.075551190040841175e+04 1.002978230902482393e+00
6.075551216046910849e+04 9.852276265576153103e-01
6.075551242052979796e+04 9.979041944997778524e-01
6.075551268059049471e+04 1.001803129692366623e+00
6.075551294065118418e+04 1.011457928751522628e+00
6.075551320071187365e+04 9.984272989124124420e-01
6.075551346077257040e+04 1.008795524652022380e+00
6.075551372083325987e+04 1.003848096651096977e+00
6.075551398089394934e+04 9.974569610733491354e-01
6.075551424095464608e+04 1.015251002864372643e+00
6.075551450101533555e+04 1.009287065221517121e+00
6.075551476107603230e+04 9.901675754256896722e-01
6.075551502113672177e+04 9.910088717937226566e-01
6.075551528119741124e+04 1.007298015107442435e+00
6.075551554125810799e+04 1.002770609223684994e+00
6.075551580131879746e+04 9.976655032545331814e-01
6.075551606137949420e+04 1.000427037522587659e+00
6.075551632144019095e+04 9.949319491284186467e-01
6.075551658150087314e+04 9.940695413838847028e-01
6.075551684156156989e+04 9.895300450634342271e-01
6.075551710162226664e+04 1.000305669859243629e+00
6.075551736168294883e+04 1.001961141694179824e+00
6.075551762174364558e+04 9.904928982750291766e-01
6.075551788180433505e+04 1.002359933028125205e+00
6.075551814186503179e+04 1.000117595093262368e+00
6.075551840192572854e+04 9.907281566102991155e-01
6.075551866198641073e+04 9.913317074665201067e-01
6.075551892204710748e+04 9.967075036495840479e-01
6.075551918210780423e+04 9.986471324612739009e-01
6.075551944216849370e+04 1.001579086679762920e+00
6.075551970222919044e+04 1.002128180446110628e+00
6.075551996228987991e+04 9.851102012612542591e-01
6.075552022235056938e+04 9.858294615848252063e-01
6.075552048241126613e+04 9.937672083228770159e-01
6.075552074247194832e+04 9.879176583507128795e-01
6.075552100253265235e+04 1.001323881934147231e+00
6.075552126259334182e+04 1.003501443674803317e+00
6.075552152265403129e+04 9.925104561558938387e-01
6.075552178271472803e+04 9.982387257058489283e-01
6.075552204277541750e+04 9.827164452795439376e-01
6.075552230283610697e+04 9.926655671411854787e-01
6.075552256289680372e+04 9.996254803238023845e-01
6.075552282295750047e+04 9.914476100155015237e-01
6.075552308301818994e+04 9.913796790526662184e-01
6.075552334307887941e+04 9.970690555102839081e-01
6.075552360313957615e+04 9.959473470184447841e-01
6.075552386320026562e+04 1.006284401866464506e+00
6.075552412326096237e+04 1.001689282056981600e+00
6.075552438332165912e+04 9.895847357636010644e-01
6.075552464338234131e+04 9.924717812481244072e-01
6.075552490344303806e+04 9.963885153121666560e-01
6.075552516350373480e+04 9.941219841878558006e-01
6.075552542356441700e+04 9.924379359678782153e-01
6.075552568362511374e+04 9.983109251914780158e-01
6.075552594368581049e+04 9.907998443232819419e-01
6.075552620374649996e+04 9.926558934759601716e-01
6.075552646380719671e+04 9.972114966925593738e-01
6.075552672386788618e+04 9.994800767300018318e-01
6.075552698392857565e+04 9.857133763242147406e-01
6.075552724398927239e+04 9.849365236386613542e-01
6.075552750404996914e+04 9.922758731625882511e-01
6.075552776411065861e+04 1.001220712507660426e+00
6.075552802417134808e+04 9.793323989471401925e-01
6.075552828423204483e+04 9.847814264646080895e-01
6.075552854429273430e+04 9.886861578843038068e-01
6.075552880435342377e+04 9.935328053395706682e-01
6.075552906441412051e+04 9.941474580705238484e-01
6.075552932447480998e+04 9.886324193098534607e-01
6.075552958453550673e+04 9.696204643409535029e-01
6.075552984459620347e+04 9.929857473676870772e-01
6.075553010465688567e+04 9.978685321770011107e-01
6.075553036471758242e+04 9.856981959057580234e-01
6.075553062477827916e+04 9.763239053448016236e-01
6.075553088483896863e+04 9.926161706655078909e-01
6.075553114489966538e+04 9.917939141381999502e-01
6.075553140496035485e+04 9.871205402420548669e-01
6.075553166502104432e+04 9.862093470783235283e-01
6.075553192508174106e+04 1.004700701558471243e+00
6.075553218514243054e+04 9.908997315353980095e-01
6.075553244520312728e+04 9.894903787594362399e-01
6.075553270526381675e+04 9.809305461576410812e-01
6.075553296532451350e+04 9.842507260108130929e-01
6.075553322538520297e+04 9.941077902176354009e-01
6.075553348544589244e+04 9.811102116046195309e-01
6.075553503087646095e+04 9.801521033746853906e-01
6.075553529093715770e+04 9.873038087328276369e-01
6.075553555099784717e+04 9.938578268668915028e-01
6.075553581105853664e+04 9.942149107814592934e-01
6.075553607111923338e+04 9.862867159880869261e-01
6.075553633117992285e+04 9.949026136300651579e-01
6.075553659124061960e+04 9.898522758979695357e-01
6.075553685130131635e+04 9.889773741470900825e-01
6.075553711136199854e+04 9.993798062652650138e-01
6.075553737142269529e+04 9.935972353849693572e-01
6.075553763148339203e+04 9.856762661864147956e-01
6.075553789154408878e+04 9.907669534124942112e-01
6.075553815160477825e+04 9.971439548612022197e-01
6.075553841166546772e+04 9.869052800763939981e-01
6.075553867172616447e+04 9.839156509360567071e-01
6.075553893178685394e+04 9.933270262399853667e-01
6.075553919184754341e+04 9.867334545569746984e-01
6.075553945190824015e+04 9.838333807978376644e-01
6.075553971196892962e+04 9.895400018504654227e-01
6.075553997202962637e+04 9.994295465360254482e-01
6.075554023209032312e+04 9.886682561876909414e-01
6.075554049215101259e+04 9.922458654446991710e-01
6.075554075221170206e+04 9.827894390499793964e-01
6.075554101227239880e+04 9.896645895767152146e-01
6.075554127233309555e+04 9.936309127203728497e-01
6.075554153239378502e+04 9.825125128415302944e-01
6.075554179245447449e+04 9.850944325086382625e-01
6.075554205251517124e+04 9.919219888233575810e-01
6.075554231257586798e+04 9.845930952495423050e-01
6.075554257263655018e+04 9.999181399328069819e-01
6.075554283269725420e+04 9.933720002727781662e-01
6.075554309275794367e+04 9.969279821201346703e-01
6.075554335281863314e+04 9.900826027688035547e-01
6.075554361287932988e+04 9.900472537484991120e-01
6.075554387294001936e+04 9.989908056203782305e-01
6.075554413300071610e+04 9.932157565088690632e-01
6.075554439306140557e+04 9.907159491826420528e-01
6.075554465312210232e+04 9.873364351705987696e-01
6.075554491318279906e+04 9.857118630097578826e-01
6.075554517324348853e+04 9.982340993062708279e-01
6.075554543330417800e+04 9.863036198626518036e-01
6.075554569336487475e+04 9.831396598402671883e-01
6.075554595342557150e+04 9.820043386185433043e-01
6.075554621348626097e+04 9.953878728268547027e-01
6.075554647354695044e+04 9.898550733131431523e-01
6.075554673360764718e+04 9.987034511052368391e-01
6.075554699366834393e+04 9.882287186914416877e-01
6.075554725372902612e+04 9.846181212246452041e-01
6.075554751378972287e+04 9.995118223873764585e-01
6.075554777385041962e+04 9.945059238806038815e-01
6.075554803391111636e+04 9.939367896937583158e-01
6.075554829397180583e+04 9.975764604172393524e-01
6.075554855403249530e+04 9.922316527313245205e-01
6.075554881409319205e+04 1.000040108988804022e+00
6.075554907415388152e+04 9.922458242491570823e-01
6.075554933421457827e+04 9.899127767584648963e-01
6.075554959427527501e+04 9.828865414080278917e-01
6.075554985433596448e+04 9.958531421484504431e-01
6.075555011439665395e+04 9.911504526490906297e-01
6.075555037445735070e+04 9.967193154348532591e-01
6.075555063451804017e+04 9.949737006753975876e-01
6.075555089457873692e+04 9.937346468237113761e-01
6.075555115463942639e+04 9.867933933140800029e-01
6.075555141470012313e+04 9.946597612942067457e-01
6.075555167476081988e+04 9.918772907981895370e-01
6.075555193482150935e+04 9.879429998939548430e-01
6.075555219488219882e+04 9.907407198188765696e-01
6.075555245494289557e+04 9.891335201691056067e-01
6.075555271500359231e+04 9.902726724943519132e-01
6.075555297506428906e+04 9.916517713980234072e-01
6.075555323512497125e+04 9.972536733239096840e-01
6.075555349518566800e+04 9.962156182957350170e-01
6.075555375524636474e+04 9.930354755110457621e-01
6.075555401530705421e+04 9.985987503347026895e-01
6.075555427536775096e+04 9.925880101491023622e-01
6.075555453542844043e+04 9.929470598778199486e-01
6.075555479548913718e+04 9.948806691215047460e-01
6.075555505554983392e+04 9.966295222747169058e-01
6.075555531561051612e+04 9.842750027835088789e-01
6.075555557567121286e+04 9.851490723946239036e-01
6.075555583573190961e+04 9.985024580238295311e-01
6.075555609579260636e+04 1.000302274907511668e+00
6.075555635585329583e+04 9.797375835296071589e-01
6.075555661591398530e+04 9.951390260546965072e-01
6.075555687597468204e+04 9.890431176939112889e-01
6.075555713603537879e+04 9.957291201290402460e-01
6.075555739609607554e+04 9.943778756572426714e-01
6.075555765615676501e+04 9.946901015768936372e-01
6.075555791621745448e+04 1.000292756409749462e+00
6.075555817627815122e+04 1.000036316381870405e+00
6.075555843633884797e+04 9.884138983125335676e-01
6.075555869639953016e+04 1.007098162646459016e+00
6.075555895646022691e+04 9.962527642291283403e-01
6.075555921652092366e+04 9.933833688146899155e-01
6.075555947658162040e+04 9.889389205469697464e-01
6.075555973664230987e+04 9.845836231445298514e-01
6.075555999670299934e+04 9.969619593772450772e-01
6.075556025676369609e+04 9.986198411274102016e-01
6.075556051682439283e+04 9.957332464562829166e-01
6.075556077688508958e+04 9.967437177428412065e-01
6.075556103694577905e+04 9.945257178886991456e-01
6.075556129700646852e+04 1.000597285339549503e+00
6.075556155706716527e+04 1.000015104171674718e+00
6.075556181712786201e+04 1.002945444077583126e+00
6.075556207718854421e+04 9.967229110860928998e-01
6.075556233724924095e+04 1.004942105953779530e+00
6.075556259730993770e+04 9.977798502921284562e-01
6.075556285737063445e+04 1.002537105237432780e+00
6.075556311743133119e+04 9.983512127932109292e-01
6.075556337749201339e+04 1.003329417429328796e+00
6.075556504896522529e+04 1.006540936595323954e+00
6.075556530902591476e+04 1.004233363323316253e+00
6.075556556908661150e+04 9.894745846922431420e-01
6.075556582914730097e+04 1.002609910247220126e+00
6.075556608920799772e+04 1.003878499841682981e+00
6.075556634926869447e+04 9.991050985020527575e-01
6.075556660932938394e+04 1.005624088079192235e+00
6.075556686939008068e+04 1.001671111324070385e+00
6.075556712945077015e+04 1.010968333082623793e+00
6.075556738951146690e+04 9.914879305024333345e-01
6.075556764957216365e+04 1.006525085420160393e+00
6.075556790963285312e+04 1.022787253433349530e+00
6.075556816969354986e+04 9.906625956973690306e-01
6.075556842975423933e+04 1.014048760046783793e+00
6.075556868981492880e+04 9.986667046531284564e-01
6.075556894987563282e+04 1.000687836808830555e+00
6.075556920993632230e+04 1.010688991385268132e+00
6.075556946999701904e+04 1.000991526552860167e+00
6.075556973005770851e+04 1.000085284234314642e+00
6.075556999011839798e+04 1.002527639403103743e+00
6.075557025017909473e+04 1.022114407660532187e+00
6.075557051023979147e+04 1.004910329855160711e+00
6.075557077030048822e+04 1.007625609291946001e+00
6.075557103036117769e+04 1.001645522757312445e+00
6.075557129042186716e+04 1.008261338350166403e+00
6.075557155048256391e+04 1.009045962955761100e+00
6.075557181054326065e+04 1.001903463948704998e+00
6.075557207060395740e+04 1.007091518639765315e+00
6.075557233066464687e+04 9.903159398147892700e-01
6.075557259072533634e+04 9.981638233545232497e-01
6.075557285078603309e+04 9.997824378860854511e-01
6.075557311084672983e+04 1.002779830692345886e+00
6.075557337090741930e+04 1.010989511061358259e+00
6.075557363096811605e+04 1.011558314667686087e+00
6.075557389102880552e+04 1.003485861176527161e+00
6.075557415108950227e+04 1.000028757125562606e+00
6.075557441115019901e+04 1.004538809806339916e+00
6.075557467121088848e+04 1.008104603820806355e+00
6.075557493127158523e+04 1.008187771348743267e+00
6.075557519133227470e+04 1.001908123051109767e+00
6.075557545139297144e+04 1.001798678440422696e+00
6.075557571145366819e+04 1.014664698877032478e+00
6.075557597151435766e+04 1.008840418776358216e+00
6.075557623157505441e+04 1.009915348776844635e+00
6.075557649163575115e+04 1.015855781777626143e+00
6.075557675169643335e+04 1.011903859594456057e+00
6.075557701175713009e+04 1.006057811462199192e+00
6.075557727181782684e+04 1.008285435394763230e+00
6.075557753187852359e+04 1.018070087041720306e+00
6.075557779193922033e+04 1.001526250195187373e+00
6.075557805199990980e+04 1.014502567960874790e+00
6.075557831206059927e+04 1.012825917063851611e+00
6.075557857212129602e+04 1.012325734689917711e+00
6.075557883218199277e+04 1.014352565025830266e+00
6.075557909224268951e+04 1.011078698144814103e+00
6.075557935230337898e+04 1.003110918166008503e+00
6.075557961236407573e+04 1.001186469217652419e+00
6.075557987242476520e+04 1.008305874677855041e+00
6.075558013248546195e+04 9.953808760007870626e-01
6.075558039254615869e+04 1.005592401755087906e+00
6.075558065260684816e+04 1.008559677576664981e+00
6.075558091266754491e+04 1.005993642161613133e+00
6.075558117272824165e+04 9.996077986910669733e-01
6.075558143278892385e+04 1.010986082303714673e+00
6.075558169284962059e+04 1.018784387865806496e+00
6.075558195291031734e+04 1.013595409857398710e+00
6.075558221297101409e+04 1.006043727157817091e+00
6.075558247303171083e+04 1.013675132327086725e+00
6.075558273309240030e+04 1.015175051955848673e+00
6.075558299315309705e+04 1.015040680938098960e+00
6.075558325321378652e+04 1.009894893613680900e+00
6.075558351327448327e+04 1.004252359265984662e+00
6.075558377333518001e+04 1.007726535828865178e+00
6.075558403339586948e+04 1.014386954581170119e+00
6.075558429345656623e+04 1.002156562921997951e+00
6.075558455351726298e+04 1.026735250158934853e+00
6.075558481357794517e+04 1.016873236598155872e+00
6.075558507363864192e+04 1.004990380348148138e+00
6.075558533369933866e+04 1.015517605169267812e+00
6.075558559376003541e+04 9.976866575070035825e-01
6.075558585382073215e+04 1.003561858776596871e+00
6.075558611388142162e+04 1.015829047558726606e+00
6.075558637394211837e+04 1.007986162990458734e+00
6.075558663400280784e+04 1.004798115290867155e+00
6.075558689406350459e+04 1.007062992267721002e+00
6.075558715412420133e+04 1.015344235914078297e+00
6.075558741418489080e+04 1.013776569988466436e+00
6.075558767424558755e+04 9.937873927470786128e-01
6.075558793430628430e+04 1.004560264027736904e+00
6.075558819436697377e+04 1.006712824520044958e+00
6.075558845442767051e+04 1.009782648966379037e+00
6.075558871448835998e+04 1.005208391539675672e+00
6.075558897454905673e+04 1.015316737991154294e+00
6.075558923460975348e+04 1.012200436813490922e+00
6.075558949467044295e+04 1.008178437235723202e+00
6.075558975473113969e+04 1.014728474050937246e+00
6.075559001479183644e+04 9.984776090143357985e-01
6.075559027485253318e+04 9.993402753161012564e-01
6.075559053491322265e+04 1.005952909777502846e+00
6.075559079497391212e+04 1.010053726391874074e+00
6.075559105503460887e+04 1.011618910770783142e+00
6.075559131509530562e+04 1.005276697921827278e+00
6.075559157515600236e+04 1.007701726820750876e+00
6.075559183521669911e+04 1.001286363605634167e+00
6.075559209527738858e+04 1.007196523200922345e+00
6.075559235533808533e+04 1.001544592443269543e+00
6.075559261539877480e+04 1.012778793689377288e+00
6.075559287545946427e+04 1.005785357249458167e+00
6.075559313552016101e+04 1.013593366379100802e+00
6.075559339558085776e+04 1.020328213217829294e+00
6.075559494101491873e+04 1.003592767458022950e+00
6.075559520107561548e+04 1.008325335301723635e+00
6.075559546113631222e+04 1.011659362458126710e+00
6.075559572119700897e+04 1.006918085132648466e+00
6.075559598125769844e+04 9.966056113473308331e-01
6.075559624131839519e+04 1.009901713452508121e+00
6.075559650137908466e+04 9.886315339384602607e-01
6.075559676143977413e+04 9.961787149864065327e-01
6.075559702150047087e+04 1.002828674722921587e+00
6.075559728156116762e+04 9.986750117413795147e-01
6.075559754162186437e+04 1.000780562211985414e+00
6.075559780168256111e+04 1.006819362240098936e+00
6.075559806174325058e+04 9.977046810916881947e-01
6.075559832180394733e+04 1.000595370791652838e+00
6.075559858186464407e+04 1.002157063799955061e+00
6.075559884192533355e+04 9.941348552488660228e-01
6.075559910198603029e+04 1.009637126284570252e+00
6.075559936204671976e+04 9.900645066244715409e-01
6.075559962210741651e+04 1.015137004274305532e+00
6.075559988216811325e+04 1.006335721081989654e+00
6.075560014222880272e+04 9.967737842462236486e-01
6.075560040228950675e+04 9.868905186803752505e-01
6.075560066235019622e+04 1.002856532258718181e+00
6.075560092241089296e+04 1.009369571336616866e+00
6.075560118247158971e+04 1.004649208839395014e+00
6.075560144253227918e+04 1.006305009688326813e+00
6.075560170259296865e+04 1.006824868654061511e+00
6.075560196265366540e+04 1.006439369132371198e+00
6.075560222271436214e+04 1.008541748416467376e+00
6.075560248277505889e+04 1.015399044307609522e+00
6.075560274283574836e+04 1.003741074350329887e+00
6.075560300289644510e+04 1.000180731886840535e+00
6.075560326295714185e+04 9.938246243212202069e-01
6.075560352301783860e+04 9.994661176928983926e-01
6.075560378307853534e+04 9.997906945189687367e-01
6.075560404313922481e+04 1.004215315250610141e+00
6.075560430319992156e+04 1.001354510657606278e+00
6.075560456326061831e+04 1.001109536096738140e+00
6.075560482332130050e+04 1.000030749317888157e+00
6.075560508338199725e+04 9.944347823521512142e-01
6.075560534344269399e+04 9.913136644972214695e-01
6.075560560350339074e+04 9.900119290532387595e-01
6.075560586356408749e+04 1.001278925812494114e+00
6.075560612362477696e+04 9.948676997508043574e-01
6.075560638368547370e+04 1.001900857627683772e+00
6.075560664374617045e+04 1.002557743377910704e+00
6.075560690380686719e+04 9.863313873353607431e-01
6.075560716386756394e+04 9.943780026801035676e-01
6.075560742392825341e+04 9.940218020795400511e-01
6.075560768398895016e+04 1.003661676368211797e+00
6.075560794404964690e+04 9.918888158056409221e-01
6.075560820411032910e+04 9.923032239124711662e-01
6.075560846417102584e+04 9.925665177567152275e-01
6.075560872423172259e+04 9.950369922168257331e-01
6.075560898429241934e+04 9.960454813979924271e-01
6.075560924435311608e+04 9.857831388835680553e-01
6.075560950441380555e+04 1.000961809754782994e+00
6.075560976447450230e+04 1.001018063931783830e+00
6.075561002453519905e+04 1.001682061802204426e+00
6.075561028459589579e+04 9.947054145916397472e-01
6.075561054465659254e+04 9.967606177666076261e-01
6.075561080471728201e+04 9.951066152132387321e-01
6.075561106477797875e+04 9.971423830127126298e-01
6.075561132483867550e+04 9.972776088601060795e-01
6.075561158489937225e+04 1.000440329849549448e+00
6.075561184496006899e+04 9.933273538307971773e-01
6.075561210502075846e+04 9.950292828318096916e-01
6.075561236508144793e+04 1.002836631288928304e+00
6.075561262514214468e+04 9.930741617691956069e-01
6.075561288520283415e+04 9.974556939189391791e-01
6.075561314526353090e+04 9.958405837115311687e-01
6.075561340532422764e+04 9.949907276000832246e-01
6.075561366538492439e+04 9.925911205422746075e-01
6.075561392544562113e+04 9.855639272342684443e-01
6.075561418550631060e+04 9.896529314085741325e-01
6.075561444556700735e+04 9.915042655146980577e-01
6.075561470562770410e+04 9.968512649012907234e-01
6.075561496568840084e+04 9.931557387339856602e-01
6.075561522574909759e+04 9.901383460254609137e-01
6.075561548580978706e+04 9.956975240179253284e-01
6.075561574587048381e+04 1.007481929241194729e+00
6.075561600593118055e+04 9.914981004135013931e-01
6.075561626599187002e+04 9.848673671563192844e-01
6.075561652605256677e+04 9.852703883267650564e-01
6.075561678611326352e+04 9.992525670449701192e-01
6.075561704617396026e+04 9.921778328847189465e-01
6.075561730623465701e+04 9.944809503496032654e-01
6.075561756629534648e+04 9.993172446761875438e-01
6.075561782635604322e+04 9.942198564065677369e-01
6.075561808641673269e+04 1.000331244825772847e+00
6.075561834647742944e+04 9.917841506688197528e-01
6.075561860653812619e+04 9.859111130996727201e-01
6.075561886659881566e+04 9.885938588109791647e-01
6.075561912665951240e+04 9.913387602399678089e-01
6.075561938672020915e+04 9.973995492856837508e-01
6.075561964678089862e+04 9.840269869776164802e-01
6.075561990684160264e+04 9.989535991741697041e-01
6.075562016690229211e+04 9.912829867094424818e-01
6.075562042696298886e+04 9.868224930083810964e-01
6.075562068702368560e+04 9.850110787137659196e-01
6.075562094708437508e+04 9.921256755089478130e-01
6.075562120714507182e+04 9.938939019973304090e-01
6.075562146720576857e+04 9.854001821734573729e-01
6.075562172726646531e+04 9.947995513556890934e-01
6.075562198732716206e+04 9.909266353248822323e-01
6.075562224738785153e+04 9.806190143133444170e-01
6.075562250744854828e+04 9.827970295754918650e-01
6.075562276750924502e+04 9.961014787549861138e-01
6.075562302756994177e+04 9.917293140511658223e-01
6.075562328763063852e+04 9.995686485661086085e-01
6.075562490904599690e+04 9.852586153517980394e-01
6.075562516909990518e+04 9.924418635571476965e-01
6.075562542915379890e+04 9.889675049629073067e-01
6.075562568920769263e+04 9.999441716076139519e-01
6.075562594926160091e+04 9.891594395065137491e-01
6.075562620931549463e+04 9.949775326055794178e-01
6.075562646936939564e+04 9.942131698965365194e-01
6.075562672942329664e+04 9.894950920594454136e-01
6.075562698947719036e+04 9.870666029779257000e-01
6.075562724953109864e+04 9.946903682260133106e-01
6.075562750958499237e+04 9.803063347370325475e-01
6.075562776963889337e+04 9.966322649783300180e-01
6.075562802969280165e+04 9.885106782472019571e-01
6.075562828974669537e+04 9.894167757957657017e-01
6.075562854980059637e+04 9.895325750394339259e-01
6.075562880985449738e+04 9.822244481486921419e-01
6.075562906990839110e+04 1.001714764348973885e+00
6.075562932996229938e+04 9.999331144373161395e-01
6.075562959001619311e+04 9.911261566934786993e-01
6.075562985007009411e+04 9.958915588632144544e-01
6.075563011012399511e+04 9.863666657167641239e-01
6.075563037017788884e+04 1.002589769084594851e+00
6.075563063023179711e+04 9.984664667702071172e-01
6.075563089028569084e+04 9.895234951933670198e-01
6.075563115033958456e+04 9.759169424368875356e-01
6.075563141039349284e+04 9.818489542888738653e-01
6.075563167044738657e+04 9.873886319532911848e-01
6.075563193050128757e+04 9.806181649462466510e-01
6.075563219055518857e+04 9.905525125197288672e-01
6.075563245060908230e+04 9.915339868272621260e-01
6.075563271066299058e+04 9.920669475089601841e-01
6.075563297071688430e+04 9.862825165496658109e-01
6.075563323077078530e+04 9.889371731789461384e-01
6.075563349082468631e+04 1.010245806723289563e+00
6.075563375087858003e+04 9.934450863065111825e-01
6.075563401093248831e+04 9.877068405776856519e-01
6.075563427098638203e+04 9.870468096657026846e-01
6.075563453104027576e+04 9.886428644443996383e-01
6.075563479109418404e+04 9.986695006794147345e-01
6.075563505114807776e+04 9.853115154841685097e-01
6.075563531120197877e+04 9.795608254180867558e-01
6.075563557125588704e+04 9.888510103611805047e-01
6.075563583130978077e+04 9.903727779549410526e-01
6.075563609136368905e+04 9.858886741221856154e-01
6.075563635141758277e+04 9.940756983660278268e-01
6.075563661147148377e+04 9.908373319050061134e-01
6.075563687152538478e+04 9.934023206355431235e-01
6.075563713157927850e+04 9.946834498020658000e-01
6.075563739163318678e+04 9.946853918782208037e-01
6.075563765168708051e+04 1.004728618619618929e+00
6.075563791174097423e+04 9.942084451116397492e-01
6.075563817179488251e+04 9.934496840075742741e-01
6.075563843184877624e+04 9.948204436916818771e-01
6.075563869190267724e+04 9.832035826106750864e-01
6.075563895195657824e+04 9.982471560648497055e-01
6.075563921201047197e+04 9.963360225675234050e-01
6.075563947206438024e+04 9.966494958856509934e-01
6.075563973211827397e+04 9.988861646617049894e-01
6.075563999217217497e+04 9.868000209744004492e-01
6.075564025222608325e+04 9.948272788922033483e-01
6.075564051227997697e+04 9.945414511579225847e-01
6.075564077233388525e+04 9.948527414287487991e-01
6.075564103238777898e+04 9.929669031167502879e-01
6.075564129244167270e+04 1.011598117078164272e+00
6.075564155249558098e+04 9.900916604870096949e-01
6.075564181254947471e+04 1.007214243582643221e+00
6.075564207260337571e+04 9.973794692545757679e-01
6.075564233265727671e+04 9.931821954468142977e-01
6.075564259271117044e+04 1.005950563705314549e+00
6.075564285276507871e+04 1.004782937107843166e+00
6.075564311281897244e+04 9.939730508656281494e-01
6.075564337287286617e+04 9.910756193175010997e-01
6.075564363292677444e+04 9.968432362706443062e-01
6.075564389298066817e+04 9.893156328536544253e-01
6.075564415303458372e+04 1.013809766547302704e+00
6.075564441308847745e+04 9.943352080676126636e-01
6.075564467314237118e+04 9.973420621411648312e-01
6.075564493319627945e+04 1.010429423651728387e+00
6.075564519325017318e+04 9.998543310179288657e-01
6.075564545330407418e+04 1.004981701004433958e+00
6.075564571335797518e+04 9.962810717903812785e-01
6.075564597341186891e+04 1.006817312424481470e+00
6.075564623346577719e+04 9.940943938421948900e-01
6.075564649351967091e+04 9.909174173389708740e-01
6.075564675357356464e+04 9.999391757342889209e-01
6.075564701362747292e+04 9.786676869045307647e-01
6.075564727368136664e+04 9.964391234787984830e-01
6.075564753373527492e+04 9.897425055079678291e-01
6.075564779378917592e+04 9.889727097613539852e-01
6.075564805384306965e+04 1.002761753440275516e+00
6.075564831389697792e+04 9.900857634068418456e-01
6.075564857395087165e+04 9.896781887800144561e-01
6.075564883400477265e+04 1.007161208857537460e+00
6.075564909405867365e+04 9.962134722238131790e-01
6.075564935411256738e+04 1.002469537041080105e+00
6.075564961416647566e+04 1.014699375142701809e+00
6.075564987422036938e+04 1.012638991479495765e+00
6.075565013427426311e+04 1.007897338844180535e+00
6.075565039432817866e+04 9.889284082760284589e-01
6.075565065438207239e+04 9.988378170588492200e-01
6.075565091443597339e+04 9.954629691451820639e-01
6.075565117448987439e+04 1.004383221937693360e+00
6.075565143454376812e+04 1.010179392538496757e+00
6.075565169459767640e+04 9.987604586540691498e-01
6.075565195465157012e+04 1.010525592155379071e+00
6.075565221470547112e+04 1.007511084710983162e+00
6.075565247475937213e+04 1.000897434423085874e+00
6.075565273481326585e+04 9.947375922097363432e-01
6.075565299486718141e+04 1.004898896013682652e+00
6.075565325492107513e+04 9.967898049512635694e-01
6.075565492676799477e+04 1.009224806435789379e+00
6.075565518682868424e+04 1.000085523064580872e+00
6.075565544688938098e+04 1.003828674937256471e+00
6.075565570695007773e+04 1.006794223713320280e+00
6.075565596701077448e+04 1.004147004320015579e+00
6.075565622707147122e+04 9.991512651254320643e-01
6.075565648713216069e+04 1.003280368359204422e+00
6.075565674719285744e+04 9.996686711655928814e-01
6.075565700725356146e+04 1.000031547074934801e+00
6.075565726731425821e+04 1.017119504572657540e+00
6.075565752737495495e+04 1.006034537888861990e+00
6.075565778743564442e+04 1.005571962791661722e+00
6.075565804749634117e+04 1.016332182401060269e+00
6.075565830755703792e+04 1.013291183748168844e+00
6.075565856761772739e+04 9.957756545331752918e-01
6.075565882767842413e+04 1.007747080800177386e+00
6.075565908773912088e+04 1.005416457255899676e+00
6.075565934779981762e+04 1.010555143346274498e+00
6.075565960786051437e+04 1.015077135004781361e+00
6.075565986792121112e+04 1.001106905768089250e+00
6.075566012798190786e+04 1.009346960037001084e+00
6.075566038804260461e+04 1.002100617523949300e+00
6.075566064810330136e+04 1.005145913193075780e+00
6.075566090816399810e+04 1.005209816041375159e+00
6.075566116822468757e+04 1.002515951415105189e+00
6.075566142828538432e+04 1.004518347647690879e+00
6.075566168834608106e+04 1.011859546041460334e+00
6.075566194840677781e+04 1.012453519550690295e+00
6.075566220846748183e+04 9.995448928543302358e-01
6.075566246852817130e+04 1.013977884971031918e+00
6.075566272858886805e+04 1.001209477706127116e+00
6.075566298864956480e+04 1.007028228998020580e+00
6.075566324871025427e+04 1.006034076426987056e+00
6.075566350877095101e+04 9.944274631023182209e-01
6.075566376883164776e+04 1.007673794996831962e+00
6.075566402889234450e+04 1.021817049817823175e+00
6.075566428895304125e+04 9.947062322843681637e-01
6.075566454901373800e+04 1.005955400227058094e+00
6.075566480907443474e+04 1.014991967595128441e+00
6.075566506913513149e+04 1.015328517547341214e+00
6.075566532919582824e+04 1.004812017842509286e+00
6.075566558925652498e+04 1.013032165664716988e+00
6.075566584931721445e+04 1.004998836611165514e+00
6.075566610937791120e+04 1.015832129748113433e+00
6.075566636943860794e+04 9.972601436205696945e-01
6.075566662949930469e+04 1.011307344536550135e+00
6.075566688956000144e+04 1.011564757163514683e+00
6.075566714962069818e+04 1.008281599673849005e+00
6.075566740968139493e+04 9.985134547310221542e-01
6.075566766974209168e+04 1.007703913983146293e+00
6.075566792980278115e+04 1.037721852402075040e+00
6.075566818986347789e+04 1.010347597146592058e+00
6.075566844992417464e+04 1.013727657353604705e+00
6.075566870998487866e+04 1.015588440907372991e+00
6.075566897004557541e+04 1.015588194412372802e+00
6.075566923010626488e+04 1.006160195644665079e+00
6.075566949016696162e+04 1.017164525146294185e+00
6.075566975022765837e+04 1.015319035735649411e+00
6.075567001028834784e+04 1.001466881100417705e+00
6.075567027034905186e+04 1.004022818239195702e+00
6.075567053040974133e+04 9.978566145907221685e-01
6.075567079047044535e+04 9.989024670609835121e-01
6.075567105053114210e+04 1.009960859173002046e+00
6.075567131059183157e+04 1.001168769186265184e+00
6.075567157065252832e+04 1.007812129721199268e+00
6.075567183071322506e+04 1.009246747215600593e+00
6.075567209077392181e+04 1.011787026069515871e+00
6.075567235083461856e+04 1.011746405782840919e+00
6.075567261089531530e+04 1.010360500686164453e+00
6.075567287095601205e+04 1.013059858697167526e+00
6.075567313101670879e+04 1.010527528956517651e+00
6.075567339107740554e+04 1.014725282471052870e+00
6.075567365113810229e+04 1.007754638105056166e+00
6.075567391119879176e+04 1.011343769639237111e+00
6.075567417125948850e+04 1.000594072137098500e+00
6.075567443132019253e+04 1.003786153052651509e+00
6.075567469138088200e+04 1.007142317964691891e+00
6.075567495144157874e+04 1.012953903823361257e+00
6.075567521150227549e+04 1.008096512845614745e+00
6.075567547156297223e+04 1.010397752554108575e+00
6.075567573162366898e+04 1.007102583196651802e+00
6.075567599168436573e+04 1.001048274769729352e+00
6.075567625174506247e+04 1.006238208451911698e+00
6.075567651180575922e+04 1.010069632881859469e+00
6.075567677186645597e+04 9.944272036269612425e-01
6.075567703192715271e+04 1.007276411110009873e+00
6.075567729198784218e+04 1.004715632871247211e+00
6.075567755204853893e+04 1.006839534458433549e+00
6.075567781210924295e+04 1.010320809735438807e+00
6.075567807216993242e+04 1.010835709141830963e+00
6.075567833223062917e+04 9.987313756892873817e-01
6.075567859229132591e+04 1.013298708739523324e+00
6.075567885235202266e+04 1.001584914405195592e+00
6.075567911241271941e+04 9.976266267939137844e-01
6.075567937247341615e+04 1.008497321301880856e+00
6.075567963253411290e+04 1.011244858745233843e+00
6.075567989259480964e+04 1.009370677904001257e+00
6.075568015265550639e+04 1.005896369407250024e+00
6.075568041271620314e+04 1.007968707166833733e+00
6.075568067277689261e+04 9.943262708461946264e-01
6.075568093283759663e+04 9.952647453825566037e-01
6.075568119289829338e+04 1.011408096079982943e+00
6.075568145295898285e+04 1.002522118791414396e+00
6.075568171301968687e+04 1.007004434007703120e+00
6.075568197308037634e+04 1.005938390240356695e+00
6.075568223314107308e+04 9.994940162089464009e-01
6.075568249320177711e+04 1.009431564337353260e+00
6.075568275326246658e+04 1.014174916295663920e+00
6.075568301332316332e+04 1.009903845686394686e+00
6.075568327338386007e+04 1.003274442973336456e+00
6.075568483179301256e+04 1.011439290151862291e+00
6.075568509184680443e+04 1.009231921656519537e+00
6.075568535190059629e+04 9.915049448549848599e-01
6.075568561195438815e+04 9.959452524228450399e-01
6.075568587200818729e+04 1.000346146741240005e+00
6.075568613206199370e+04 9.963506095570074939e-01
6.075568639211578557e+04 1.002145870847122922e+00
6.075568665216957743e+04 9.985974673626301090e-01
6.075568691222336929e+04 9.934096067244709838e-01
6.075568717227716115e+04 9.946129536298313756e-01
6.075568743233096029e+04 9.910342842535055929e-01
6.075568769238475215e+04 1.000474117976560162e+00
6.075568795243854402e+04 1.012528837357472788e+00
6.075568821249233588e+04 9.957033609222979420e-01
6.075568847254613502e+04 1.003286913372901434e+00
6.075568873259992688e+04 1.000468856317154209e+00
6.075568899265372602e+04 9.914038798202434721e-01
6.075568925270752516e+04 9.949302330350835444e-01
6.075568951276131702e+04 9.962536772516963346e-01
6.075568977281511616e+04 1.002368648129768891e+00
6.075569003286890802e+04 9.973748264790192053e-01
6.075569029292269988e+04 1.002774698008670473e+00
6.075569055297649174e+04 9.959191893540442209e-01
6.075569081303029088e+04 9.853482032725711104e-01
6.075569107308408275e+04 9.913875619659678895e-01
6.075569133313787461e+04 9.950073004964834489e-01
6.075569159319166647e+04 9.991507987872718655e-01
6.075569185324547288e+04 9.899506638449654394e-01
6.075569211329927202e+04 9.932812186593508175e-01
6.075569237335306389e+04 1.001519698133816361e+00
6.075569263340685575e+04 9.908550671864742032e-01
6.075569289346064761e+04 9.967706656832536760e-01
6.075569315351444675e+04 9.932933999745111597e-01
6.075569341356823861e+04 9.915152527124393433e-01
6.075569367362203047e+04 1.015086864897239982e+00
6.075569393367582234e+04 9.995210114229639009e-01
6.075569419372962147e+04 1.000075408944071320e+00
6.075569445378341334e+04 9.909516505419504462e-01
6.075569471383720520e+04 9.848192714198855668e-01
6.075569497389100434e+04 9.951927977560520722e-01
6.075569523394481075e+04 9.959537689994312215e-01
6.075569549399860261e+04 9.945460521734021953e-01
6.075569575405239448e+04 1.003550498679763425e+00
6.075569601410618634e+04 9.918380809770303008e-01
6.075569627415998548e+04 9.866787577424427358e-01
6.075569653421377734e+04 9.967623782365804264e-01
6.075569679426756920e+04 9.985166967556046158e-01
6.075569705432136107e+04 1.001440039865252762e+00
6.075569731437516020e+04 9.965879598822132701e-01
6.075569757442895207e+04 9.993027810577339576e-01
6.075569783448274393e+04 9.978886664653731087e-01
6.075569809453654307e+04 9.855391386091530981e-01
6.075569835459034948e+04 9.988391306446452456e-01
6.075569861464414134e+04 9.868323022866579697e-01
6.075569887469793321e+04 9.994471147321697391e-01
6.075569913475172507e+04 1.002616373520245796e+00
6.075569939480552421e+04 9.853967897119048081e-01
6.075569965485931607e+04 9.958184225727187977e-01
6.075569991491310793e+04 9.736680600510119188e-01
6.075570017496689979e+04 9.937106151222295791e-01
6.075570043502069893e+04 9.999262178244586741e-01
6.075570069507449080e+04 9.989915949766136061e-01
6.075570095512828993e+04 9.992832829786758575e-01
6.075570121518208907e+04 1.003187256756480794e+00
6.075570147523588821e+04 9.882734757552233962e-01
6.075570173528968007e+04 9.899242060308643953e-01
6.075570199534347194e+04 9.981392569427576245e-01
6.075570225539727107e+04 9.823748673305524592e-01
6.075570251545106294e+04 9.961203172754033996e-01
6.075570277550485480e+04 1.004499103751335776e+00
6.075570303555864666e+04 9.964491969817397266e-01
6.075570329561244580e+04 9.915518775050022882e-01
6.075570355566623766e+04 9.878082874501435962e-01
6.075570381572002952e+04 9.983536981556452305e-01
6.075570407577382866e+04 9.885868189734167144e-01
6.075570433582763508e+04 9.874139692831012116e-01
6.075570459588142694e+04 9.998857707277971629e-01
6.075570485593521880e+04 9.860268126899458530e-01
6.075570511598901066e+04 9.934455986017797224e-01
6.075570537604280980e+04 9.918868825084218299e-01
6.075570563609660167e+04 9.916058228808964925e-01
6.075570589615039353e+04 1.000394156830107795e+00
6.075570615620419267e+04 9.889929842523278447e-01
6.075570641625798453e+04 1.003686311463015235e+00
6.075570667631177639e+04 9.912737621082230444e-01
6.075570693636557553e+04 9.960055142814595586e-01
6.075570719641938194e+04 9.831183398046946520e-01
6.075570745647317381e+04 9.811174792111853060e-01
6.075570771652696567e+04 9.912255532098008803e-01
6.075570797658076481e+04 9.877778935619275780e-01
6.075570823663455667e+04 9.936532919335436809e-01
6.075570849668834853e+04 9.891844153965185793e-01
6.075570875674214039e+04 9.906622372041794522e-01
6.075570901679593953e+04 9.840897590009844986e-01
6.075570927684973140e+04 9.827649765552216587e-01
6.075570953690352326e+04 9.951058694545015237e-01
6.075570979695732240e+04 9.874872643900293179e-01
6.075571005701112153e+04 9.839040854090012056e-01
6.075571031706492067e+04 9.841074717846810538e-01
6.075571057711871254e+04 9.892069488459843685e-01
6.075571083717251167e+04 1.007514715401796046e+00
6.075571109722630354e+04 9.973701961575758279e-01
6.075571135728009540e+04 9.826044656264824040e-01
6.075571161733389454e+04 9.977048840700676324e-01
6.075571187738768640e+04 9.910210072632561484e-01
6.075571213744147826e+04 9.922073494697264406e-01
6.075571239749527740e+04 1.000332565270416252e+00
6.075571265754906926e+04 9.882088373545646620e-01
6.075571291760286840e+04 9.942382505951664617e-01
6.075571317765666754e+04 1.000720054929322478e+00
6.075571474868715450e+04 9.825979799156354666e-01
6.075571500874785124e+04 9.938957113055296722e-01
6.075571526880854799e+04 9.863363796452274679e-01
6.075571552886924474e+04 9.824516409104101511e-01
6.075571578892994148e+04 9.792660143436471287e-01
6.075571604899063823e+04 9.806266162358122651e-01
6.075571630905133497e+04 9.902084574423012375e-01
6.075571656911203172e+04 9.783917798246480890e-01
6.075571682917273574e+04 9.859031349614401085e-01
6.075571708923342521e+04 9.844954644640897534e-01
6.075571734929412196e+04 9.846891620032394155e-01
6.075571760935482598e+04 9.797528624587666934e-01
6.075571786941552273e+04 1.000894947084982167e+00
6.075571812947621947e+04 9.983920838790111274e-01
6.075571838953690894e+04 1.008840818899910063e+00
6.075571864959761297e+04 9.914733015318843989e-01
6.075571890965830971e+04 9.876350024228295332e-01
6.075571916971899918e+04 1.002943562173522540e+00
6.075571942977970320e+04 1.000167408539649694e+00
6.075571968984039995e+04 9.924950209940720525e-01
6.075571994990109670e+04 9.840154355140057207e-01
6.075572020996180072e+04 9.978837597751493149e-01
6.075572047002249019e+04 9.852860508712134591e-01
6.075572073008318694e+04 9.895911781463114787e-01
6.075572099014388368e+04 9.875286514049742559e-01
6.075572125020458770e+04 9.884672319214364844e-01
6.075572151026528445e+04 9.899256310300506012e-01
6.075572177032597392e+04 9.991328641642822639e-01
6.075572203038667794e+04 9.957493196224828091e-01
6.075572229044737469e+04 9.962308121320572196e-01
6.075572255050806416e+04 9.871522276669690843e-01
6.075572281056877546e+04 9.971260196994889968e-01
6.075572307062946493e+04 9.922830949299040748e-01
6.075572333069016167e+04 9.863858436681046671e-01
6.075572359075086570e+04 1.003375669810999682e+00
6.075572385081155517e+04 9.967486987564071477e-01
6.075572411087225191e+04 1.000616281531361285e+00
6.075572437093294866e+04 1.000838607868584917e+00
6.075572463099365268e+04 9.914816214097691427e-01
6.075572489105434943e+04 9.864900973896116865e-01
6.075572515111503890e+04 9.822802151497348477e-01
6.075572541117574292e+04 9.966398680398730336e-01
6.075572567123643967e+04 9.980041833563740861e-01
6.075572593129713641e+04 9.927430023215177979e-01
6.075572619135784043e+04 1.002043616942426940e+00
6.075572645141852990e+04 9.940991055185375291e-01
6.075572671147922665e+04 9.912312418513176127e-01
6.075572697153993067e+04 9.946418655826390065e-01
6.075572723160062014e+04 9.868366725448919352e-01
6.075572749166131689e+04 9.946159655524544618e-01
6.075572775172202091e+04 1.004738117071273695e+00
6.075572801178271766e+04 9.992428984963614980e-01
6.075572827184341440e+04 9.970120501923892542e-01
6.075572853190411115e+04 9.895113672191394594e-01
6.075572879196480790e+04 9.990277845013045832e-01
6.075572905202550464e+04 1.008706851889554557e+00
6.075572931208620867e+04 1.002075564130843199e+00
6.075572957214690541e+04 9.953108306256216453e-01
6.075572983220759488e+04 9.920568562707239302e-01
6.075573009226829890e+04 9.884972640515289344e-01
6.075573035232899565e+04 9.992115326967440092e-01
6.075573061238968512e+04 9.919966795293784223e-01
6.075573087245038914e+04 1.007988954579814633e+00
6.075573113251108589e+04 9.963382788402066481e-01
6.075573139257178264e+04 1.005092838259915133e+00
6.075573165263248666e+04 9.960494174912040144e-01
6.075573191269317613e+04 9.951957514665973337e-01
6.075573217275387287e+04 1.002193527695016462e+00
6.075573243281457690e+04 9.850076365841380355e-01
6.075573269287527364e+04 1.003117476186198953e+00
6.075573295293597039e+04 9.970323236669805800e-01
6.075573321299666713e+04 9.982108270232863401e-01
6.075573347305736388e+04 1.003276393484006546e+00
6.075573373311806063e+04 9.972837632807038943e-01
6.075573399317875737e+04 9.988869421516713976e-01
6.075573425323946140e+04 9.920159907406312927e-01
6.075573451330015087e+04 9.887147505547172477e-01
6.075573477336085489e+04 9.896160652691736725e-01
6.075573503342155163e+04 1.005740193649539371e+00
6.075573529348224110e+04 9.956484233709989029e-01
6.075573555354294513e+04 1.001431955162304543e+00
6.075573581360364187e+04 1.014354965356314198e+00
6.075573607366434589e+04 1.006335370475907709e+00
6.075573633372504264e+04 1.011970507481090742e+00
6.075573659378573211e+04 1.007511178869281210e+00
6.075573685384643613e+04 1.006591275991297607e+00
6.075573711390713288e+04 1.010607496172328812e+00
6.075573737396782963e+04 1.003097744541342706e+00
6.075573763402853365e+04 1.003716923560167951e+00
6.075573789408922312e+04 1.009961899490709136e+00
6.075573815414991986e+04 1.002824903711021731e+00
6.075573841421062389e+04 9.992182993928122592e-01
6.075573867427131336e+04 1.010043299359487667e+00
6.075573893433201010e+04 9.974850181629943968e-01
6.075573919439271413e+04 1.012474457902345248e+00
6.075573945445341087e+04 1.018217101889743903e+00
6.075573971451411489e+04 1.001782231473600682e+00
6.075573997457480436e+04 9.930716288162582117e-01
6.075574023463550111e+04 9.979411228404222456e-01
6.075574049469620513e+04 1.012205905409930162e+00
6.075574075475690188e+04 1.004056746051328775e+00
6.075574101481759863e+04 1.018892199160340128e+00
6.075574127487829537e+04 1.005142533737952260e+00
6.075574153493899212e+04 1.003583347199736187e+00
6.075574179499969614e+04 1.002824499192886076e+00
6.075574205506038561e+04 1.009228308047868783e+00
6.075574231512108236e+04 1.008988588559303956e+00
6.075574257518178638e+04 1.009612390609646582e+00
6.075574283524248312e+04 1.011144349969567147e+00
6.075574309530317987e+04 1.010638853733504705e+00
6.075574483016229351e+04 1.005111674336621519e+00
6.075574509021608537e+04 1.016538268316299121e+00
6.075574535026989179e+04 1.010771496366481337e+00
6.075574561032369093e+04 1.011271061863996623e+00
6.075574587037748279e+04 1.004147302911505779e+00
6.075574613043128193e+04 1.007990068302664355e+00
6.075574639048507379e+04 1.000718142640053099e+00
6.075574665053887293e+04 9.988324496190608137e-01
6.075574691059266479e+04 1.011196403624415430e+00
6.075574717064645665e+04 1.005183837876039377e+00
6.075574743070025579e+04 1.013262988299830525e+00
6.075574769075404765e+04 1.005640833879882567e+00
6.075574795080784679e+04 1.014647966279564217e+00
6.075574821086163865e+04 1.018204567721196385e+00
6.075574847091544507e+04 1.020390535904952545e+00
6.075574873096924421e+04 1.005298377488782036e+00
6.075574899102303607e+04 1.009344370266815893e+00
6.075574925107683521e+04 1.006747692570228780e+00
6.075574951113062707e+04 1.011582593004535680e+00
6.075574977118442621e+04 1.008664720587978625e+00
6.075575003123821807e+04 1.005982544105187504e+00
6.075575029129201721e+04 1.003989449569982373e+00
6.075575055134580907e+04 9.990167255992853379e-01
6.075575081139960093e+04 9.931945034369268344e-01
6.075575107145340007e+04 1.008852478342771919e+00
6.075575133150719921e+04 1.001939176374743168e+00
6.075575159156100563e+04 1.018117351319712149e+00
6.075575185161479749e+04 1.013036857630587484e+00
6.075575211166859663e+04 9.998373122890692466e-01
6.075575237172238849e+04 9.928135408662041028e-01
6.075575263177618035e+04 1.011177036336735169e+00
6.075575289182997949e+04 1.001396587297112895e+00
6.075575315188377135e+04 1.005830837767481167e+00
6.075575341193757049e+04 1.030535821365766269e+00
6.075575367199136235e+04 1.005373157141266294e+00
6.075575393204516149e+04 1.010226200812950115e+00
6.075575419209895335e+04 1.005251206162059541e+00
6.075575445215275249e+04 9.927640820208192274e-01
6.075575471220655891e+04 1.008295443406107328e+00
6.075575497226035077e+04 1.007254120337422787e+00
6.075575523231414991e+04 1.004498462938385961e+00
6.075575549236794177e+04 1.022136503563093823e+00
6.075575575242174091e+04 1.003981547194966240e+00
6.075575601247553277e+04 1.010091698474091304e+00
6.075575627252933191e+04 1.002982652857660639e+00
6.075575653258312377e+04 1.013634449333824072e+00
6.075575679263691563e+04 1.007323964749989642e+00
6.075575705269071477e+04 1.002180955496099424e+00
6.075575731274451391e+04 9.997953186323168540e-01
6.075575757279832033e+04 1.007355305360412512e+00
6.075575783285211219e+04 1.006223623771995479e+00
6.075575809290591133e+04 9.969590756512856089e-01
6.075575835295970319e+04 1.012736344092944885e+00
6.075575861301350233e+04 1.009478955164217595e+00
6.075575887306729419e+04 1.002621763193286109e+00
6.075575913312109333e+04 9.974192555462897403e-01
6.075575939317488519e+04 1.008615118717630432e+00
6.075575965322867705e+04 1.009293263156014309e+00
6.075575991328247619e+04 1.006413946762782174e+00
6.075576017333626805e+04 1.005100605120028634e+00
6.075576043339007447e+04 9.999692441266491150e-01
6.075576069344387361e+04 1.002970231006325985e+00
6.075576095349767274e+04 1.000428595964414358e+00
6.075576121355146461e+04 9.989090035809410351e-01
6.075576147360526375e+04 1.004196604222768352e+00
6.075576173365905561e+04 1.003329163023999326e+00
6.075576199371285475e+04 9.998786097307564846e-01
6.075576225376664661e+04 9.983540671571977665e-01
6.075576251382044575e+04 1.005781991600439351e+00
6.075576277387423761e+04 9.987436094635921968e-01
6.075576303392802947e+04 9.965416644673201763e-01
6.075576329398183589e+04 1.003547574491313155e+00
6.075576355403563502e+04 9.980165954568707143e-01
6.075576381408943416e+04 1.008690773647183736e+00
6.075576407414322603e+04 9.922174885201786587e-01
6.075576433419702516e+04 1.007465860078514019e+00
6.075576459425081703e+04 1.010724326567252085e+00
6.075576485430461616e+04 9.947057208639275006e-01
6.075576511435840803e+04 1.008468003470671892e+00
6.075576537441220717e+04 1.000873259033243867e+00
6.075576563446599903e+04 1.000268506898065457e+00
6.075576589451979817e+04 9.958575665761112417e-01
6.075576615457359003e+04 1.006411651596761381e+00
6.075576641462739644e+04 1.002828863233599099e+00
6.075576667468119558e+04 1.011851254806559686e+00
6.075576693473499472e+04 1.003522728409561582e+00
6.075576719478878658e+04 9.993802992973945809e-01
6.075576745484258572e+04 1.011197453926046652e+00
6.075576771489637758e+04 1.013797503590659455e+00
6.075576797495017672e+04 9.999508828963211693e-01
6.075576823500396858e+04 9.949333926778080039e-01
6.075576849505776045e+04 1.006738254793789755e+00
6.075576875511155959e+04 1.004511329082812043e+00
6.075576901516535145e+04 9.977605714861255137e-01
6.075576927521915786e+04 1.003393477498504938e+00
6.075576953527295700e+04 9.912299295582283065e-01
6.075576979532675614e+04 1.000366604411042859e+00
6.075577005538054800e+04 9.934709717251654082e-01
6.075577031543434714e+04 1.005792230406088894e+00
6.075577057548813900e+04 1.006712551397026090e+00
6.075577083554193814e+04 1.000338836986531144e+00
6.075577109559573000e+04 9.919420323815655305e-01
6.075577135564952914e+04 9.964809330287603961e-01
6.075577161570332100e+04 1.002042227219354542e+00
6.075577187575712014e+04 9.949223546347386593e-01
6.075577213581091200e+04 9.960328204401955876e-01
6.075577239586471842e+04 9.870520437834094940e-01
6.075577265591851756e+04 9.914174556421389006e-01
6.075577291597231670e+04 9.855763746937502567e-01
6.075577317602610856e+04 1.002744694551168436e+00
