6.075585120116569306e+04 9.963132645987631264e-01
6.075585146121949219e+04 1.010423427258683837e+00
6.075585172127328406e+04 1.006299617196372953e+00
6.075585198132708319e+04 9.998505060815444656e-01
6.075585224138088233e+04 1.004497103239887723e+00
6.075585250143468147e+04 1.011752534542734061e+00
6.075585276148847333e+04 1.014146778683687522e+00
6.075585302154227247e+04 1.011688124072819051e+00
6.075585328159607161e+04 1.009335423133639331e+00
6.075585354164987803e+04 1.002529114546736544e+00
6.075585380170368444e+04 1.010644569547880289e+00
6.075585406175747630e+04 9.987809799199425242e-01
6.075585432181127544e+04 1.010936672330909447e+00
6.075585458186507458e+04 9.992692817096499036e-01
6.075585484191887372e+04 9.998921954773924980e-01
6.075585510197266558e+04 1.000259901592963407e+00
6.075585536202646472e+04 1.001523036027844649e+00
6.075585562208026386e+04 1.001976326252511429e+00
6.075585588213406299e+04 1.000259971253578906e+00
6.075585614218786213e+04 9.987843084647363145e-01
6.075585640224165400e+04 1.004224448548539428e+00
6.075585666229546041e+04 1.011673366158942988e+00
6.075585692234926682e+04 9.974996169869000395e-01
6.075585718240306596e+04 1.003361716129115067e+00
6.075585744245685783e+04 1.006175441537171089e+00
6.075585770251065696e+04 1.012249783335581466e+00
6.075585796256445610e+04 9.965258367248706062e-01
6.075585822261825524e+04 1.002898681234541955e+00
6.075585848267205438e+04 1.002240450041896436e+00
6.075585874272584624e+04 1.004681724939098020e+00
6.075585900277964538e+04 1.000535522283690915e+00
6.075585926283344452e+04 9.998274303856087286e-01
6.075585952288725093e+04 1.017651386595449514e+00
6.075585978294105735e+04 1.012657213467032635e+00
6.075586004299484921e+04 9.970386871686975905e-01
6.075586030304864835e+04 9.937153949832253641e-01
6.075586056310244749e+04 1.002827071376628298e+00
6.075586082315624662e+04 1.000584811722615264e+00
6.075586108321004576e+04 1.002459797719661427e+00
6.075586134326383763e+04 1.013735941763913573e+00
6.075586160331763676e+04 9.977433469335815763e-01
6.075586186337143590e+04 9.985848571140857333e-01
6.075586212342523504e+04 9.991624840776851535e-01
6.075586238347903418e+04 9.999169903998871289e-01
6.075586264353283332e+04 9.957960429641160571e-01
6.075586290358663973e+04 9.925880049501012437e-01
6.075586316364043887e+04 9.924890785085539457e-01
6.075586342369423801e+04 9.978450892902570590e-01
6.075586368374803715e+04 9.901907714473445754e-01
6.075586394380182901e+04 9.992132104979020157e-01
6.075586420385562815e+04 9.898172207560776981e-01
6.075586446390942729e+04 9.909304918460304368e-01
6.075586472396322642e+04 1.001429876989716750e+00
6.075586498401702556e+04 9.945100844573107057e-01
6.075586524407081743e+04 1.004045041559195939e+00
6.075586550412462384e+04 9.946461625510905069e-01
6.075586576417843025e+04 9.981183606136806441e-01
6.075586602423222939e+04 9.921866898459649198e-01
6.075586628428602853e+04 1.004395205440661742e+00
6.075586654433982039e+04 9.896215861106173461e-01
6.075586680439361953e+04 9.947721204816172280e-01
6.075586706444741867e+04 9.947851072723434829e-01
6.075586732450121781e+04 1.002002057338376995e+00
6.075586758455501695e+04 1.058994496858458145e+00
6.075586784460881609e+04 1.004137473780188472e+00
6.075586810466260795e+04 9.926965936318647987e-01
6.075586836471640709e+04 1.004705982732216007e+00
6.075586862477021350e+04 9.962695664416948427e-01
6.075586888482401991e+04 9.938835946258776088e-01
6.075586914487781905e+04 9.861185100229665768e-01
6.075586940493161092e+04 9.868830140085287361e-01
6.075586966498541005e+04 1.007512689856909338e+00
6.075586992503920919e+04 9.936683782274635668e-01
6.075587018509300833e+04 9.864374591214961630e-01
6.075587044514680747e+04 9.920791775903688992e-01
6.075587070520060661e+04 9.899844492995482081e-01
6.075587096525439847e+04 9.879689008249972204e-01
6.075587122530819761e+04 9.843152444453927563e-01
6.075587148536199675e+04 9.845520785517372087e-01
6.075587174541581044e+04 9.921539147918521095e-01
6.075587200546960958e+04 9.905216885041766561e-01
6.075587226552340871e+04 9.959010047426682943e-01
6.075587252557720058e+04 9.925174876814780722e-01
6.075587278563099972e+04 9.927423149267646796e-01
6.075587304568479885e+04 9.844007198987084761e-01
6.075587330573859799e+04 1.002798232943535650e+00
6.075587356579239713e+04 9.913895758905645339e-01
6.075587382584619627e+04 9.917182343272253897e-01
6.075587408589998813e+04 1.001965352378213048e+00
6.075587434595378727e+04 9.904821286998237717e-01
6.075587460600759368e+04 9.892904393692416587e-01
6.075587486606140010e+04 9.952661467673334927e-01
6.075587512611519924e+04 9.971854332921483710e-01
6.075587538616899838e+04 9.901012852727077984e-01
6.075587564622279751e+04 9.910479624388145448e-01
6.075587590627658938e+04 1.002173695911244833e+00
6.075587616633038851e+04 9.937970851488922008e-01
6.075587642638418765e+04 9.842380012439916337e-01
6.075587668643798679e+04 9.931566469010901788e-01
6.075587694649178593e+04 9.875734869801853222e-01
6.075587720654558507e+04 9.984536806388365493e-01
6.075587746659937693e+04 1.005137850732807037e+00
6.075587772665318334e+04 9.959850723891067181e-01
6.075587798670698976e+04 9.907599196222000026e-01
6.075587824676078890e+04 9.958164919720478014e-01
6.075587850681458804e+04 9.966462973886104360e-01
6.075587876686838717e+04 9.908572316435666494e-01
6.075587902692218631e+04 9.864755461567972228e-01
6.075587928697597818e+04 9.924216974231666599e-01
6.075587954702977731e+04 9.994264244392377927e-01
6.075588115586427011e+04 9.892118425759056644e-01
6.075588141592496686e+04 9.947626474709376776e-01
6.075588167598567088e+04 9.928878990726818232e-01
6.075588193604636763e+04 9.882589747271947056e-01
6.075588219610707165e+04 9.916106877885588755e-01
6.075588245616777567e+04 9.950303161979824340e-01
6.075588271622847242e+04 9.864555934822162309e-01
6.075588297628917644e+04 9.903442149836185759e-01
6.075588323634988046e+04 9.993888682266340862e-01
6.075588349641056993e+04 9.981735601339859487e-01
6.075588375647127395e+04 9.950655971704556180e-01
6.075588401653197798e+04 9.803150462772801665e-01
6.075588427659268200e+04 9.980041289404211202e-01
6.075588453665338602e+04 9.885801690880849923e-01
6.075588479671408277e+04 9.865026867844723935e-01
6.075588505677478679e+04 9.969718365887905165e-01
6.075588531683548354e+04 9.940001243146877608e-01
6.075588557689618756e+04 9.898488692404980860e-01
6.075588583695689158e+04 9.914747442611002715e-01
6.075588609701758833e+04 9.988640152880426948e-01
6.075588635707829235e+04 9.967001632977722236e-01
6.075588661713899637e+04 9.942805765044119282e-01
6.075588687719969312e+04 9.894407773214037860e-01
6.075588713726038986e+04 9.834724562920200697e-01
6.075588739732109389e+04 9.973074815162461526e-01
6.075588765738179791e+04 1.002895071210249345e+00
6.075588791744250193e+04 9.969607724842901586e-01
6.075588817750319868e+04 9.937434855145610424e-01
6.075588843756390270e+04 9.996296298769827837e-01
6.075588869762460672e+04 9.985200501840462151e-01
6.075588895768530347e+04 1.000497988522869308e+00
6.075588921774600749e+04 9.872687027970095119e-01
6.075588947780670424e+04 9.885376526140866593e-01
6.075588973786740826e+04 1.006859258641946031e+00
6.075588999792811228e+04 9.931859564047805788e-01
6.075589025798880903e+04 9.854458508600951738e-01
6.075589051804952032e+04 9.889049554112521179e-01
6.075589077811021707e+04 9.974047946177128088e-01
6.075589103817091382e+04 9.891260317346233233e-01
6.075589129823161784e+04 9.884476353868331122e-01
6.075589155829231458e+04 9.902706338188604906e-01
6.075589181835301861e+04 9.886455738857129472e-01
6.075589207841372263e+04 9.918390252264798201e-01
6.075589233847442665e+04 9.912845902169036272e-01
6.075589259853513067e+04 9.971487961850725723e-01
6.075589285859582742e+04 9.951772726142045222e-01
6.075589311865652417e+04 9.992347102262018055e-01
6.075589337871722819e+04 1.001561198079078840e+00
6.075589363877793221e+04 1.003354471560491845e+00
6.075589389883863623e+04 9.925902239532936600e-01
6.075589415889933298e+04 9.946522961291830445e-01
6.075589441896003700e+04 1.005612427772869522e+00
6.075589467902074102e+04 1.003475928659444572e+00
6.075589493908143777e+04 9.953001887606717224e-01
6.075589519914213452e+04 9.908035644713026890e-01
6.075589545920283854e+04 9.947131474007578911e-01
6.075589571926354256e+04 9.981874477528258627e-01
6.075589597932424658e+04 9.983876372380051656e-01
6.075589623938494333e+04 1.001142592549915777e+00
6.075589649944564735e+04 1.002611098741676532e+00
6.075589675950635137e+04 1.001301809129733877e+00
6.075589701956705539e+04 1.008106346386260288e+00
6.075589727962775942e+04 1.007531843434297469e+00
6.075589753968844889e+04 1.001353915759763291e+00
6.075589779974915291e+04 1.003628813530763830e+00
6.075589805980985693e+04 1.006904389228685970e+00
6.075589831987055368e+04 9.904237918156703069e-01
6.075589857993125770e+04 1.004554838238393977e+00
6.075589883999196172e+04 1.000046598006037790e+00
6.075589910005266574e+04 1.014364382566822043e+00
6.075589936011336977e+04 1.014277193673653654e+00
6.075589962017406651e+04 1.007068993886756081e+00
6.075589988023477054e+04 1.005059467492743774e+00
6.075590014029546728e+04 1.007866648120722353e+00
6.075590040035617130e+04 9.958260902682080085e-01
6.075590066041687533e+04 1.002717455432781790e+00
6.075590092047757207e+04 1.000686751134624242e+00
6.075590118053827609e+04 1.007924560156519878e+00
6.075590144059898012e+04 1.003223253388999758e+00
6.075590170065967686e+04 1.009384515577699259e+00
6.075590196072038816e+04 1.006541754516515841e+00
6.075590222078108491e+04 1.000578763766385881e+00
6.075590248084178893e+04 1.007590496840997885e+00
6.075590274090249295e+04 1.004024875419814666e+00
6.075590300096318242e+04 1.009198121329844655e+00
6.075590326102388644e+04 1.011740596132255865e+00
6.075590352108459047e+04 1.009809268073580180e+00
6.075590378114529449e+04 1.003546391107457358e+00
6.075590404120599851e+04 1.003850080906951492e+00
6.075590430126669526e+04 1.003035421911478764e+00
6.075590456132739928e+04 1.007889792762561632e+00
6.075590482138810330e+04 1.007208070948311551e+00
6.075590508144880732e+04 1.005479310831880024e+00
6.075590534150951135e+04 1.008137664727554617e+00
6.075590560157020809e+04 1.004639828994686734e+00
6.075590586163091211e+04 1.012180032525211715e+00
6.075590612169160886e+04 1.011742007457376413e+00
6.075590638175230561e+04 9.989844906502554078e-01
6.075590664181300963e+04 1.008461011115600714e+00
6.075590690187371365e+04 1.014976344266413255e+00
6.075590716193441767e+04 1.004677946299626035e+00
6.075590742199512169e+04 1.013343238826536430e+00
6.075590768205581844e+04 1.005615217677209960e+00
6.075590794211652246e+04 1.005625734878359046e+00
6.075590820217722649e+04 1.007098182758161542e+00
6.075590846223793051e+04 9.954521299268168644e-01
6.075590872229863453e+04 1.002876174807732168e+00
6.075590898235933128e+04 1.001708570308405433e+00
6.075590924242003530e+04 1.008132380308475184e+00
6.075590950248073932e+04 1.011980625060647565e+00
6.075591106051386305e+04 1.015374674876574623e+00
6.075591132057445793e+04 1.010854748012335769e+00
6.075591158063505281e+04 1.022006622262007225e+00
6.075591184069564770e+04 1.009639439779126402e+00
6.075591210075624258e+04 1.007031745960510705e+00
6.075591236081683746e+04 1.020649433324947397e+00
6.075591262087743235e+04 1.022670205937523891e+00
6.075591288093802723e+04 1.010833881933612233e+00
6.075591314099862211e+04 1.011392156690499755e+00
6.075591340105922427e+04 1.012633240395563128e+00
6.075591366111981915e+04 1.010837956501409174e+00
6.075591392118041404e+04 1.011200204086805554e+00
6.075591418124100892e+04 1.015831536109260025e+00
6.075591444130160380e+04 1.001624582855628276e+00
6.075591470136219868e+04 1.009866579424328670e+00
6.075591496142279357e+04 1.003653880839044277e+00
6.075591522148338845e+04 1.007858033119170660e+00
6.075591548154399061e+04 1.012258731975752779e+00
6.075591574160458549e+04 1.000952846200397151e+00
6.075591600166518037e+04 1.017009207819619343e+00
6.075591626172577526e+04 1.015744836615451785e+00
6.075591652178637742e+04 1.015281828563786348e+00
6.075591678184697230e+04 1.002588403507362225e+00
6.075591704190756718e+04 1.005999714460323657e+00
6.075591730196816206e+04 1.007179256434913128e+00
6.075591756202875695e+04 1.006689076056205057e+00
6.075591782208935183e+04 1.010217718995433556e+00
6.075591808214994671e+04 1.003647034310870323e+00
6.075591834221054160e+04 1.002184887604395280e+00
6.075591860227113648e+04 1.019993893871834034e+00
6.075591886233173136e+04 1.012858650812396677e+00
6.075591912239232624e+04 1.009240597283086904e+00
6.075591938245292840e+04 1.013455604639380780e+00
6.075591964251352329e+04 1.017338546952779366e+00
6.075591990257411817e+04 1.005629323991711122e+00
6.075592016263471305e+04 1.008884082683728867e+00
6.075592042269530793e+04 1.006520772494285509e+00
6.075592068275590282e+04 1.011708618902364964e+00
6.075592094281649770e+04 1.001289366416056037e+00
6.075592120287709986e+04 1.006044703783879779e+00
6.075592146293769474e+04 1.014908976016875908e+00
6.075592172299828962e+04 1.014406995369161235e+00
6.075592198305888451e+04 1.009888415334293743e+00
6.075592224311948667e+04 1.002529395824872882e+00
6.075592250318008155e+04 1.014679677469157548e+00
6.075592276324067643e+04 1.020370835404414978e+00
6.075592302330127131e+04 1.019251161950671669e+00
6.075592328336186620e+04 1.007370584854915707e+00
6.075592354342246108e+04 1.021089933176730025e+00
6.075592380348305596e+04 1.015424162009412656e+00
6.075592406354365812e+04 1.008046127033548123e+00
6.075592432360425300e+04 1.007100090416632510e+00
6.075592458366484789e+04 1.006687176054569255e+00
6.075592484372544277e+04 1.002541307738699095e+00
6.075592510378604493e+04 1.001600103682808163e+00
6.075592536384663981e+04 1.010228776919227300e+00
6.075592562390723469e+04 9.987003524854192182e-01
6.075592588396782958e+04 1.012148606856245525e+00
6.075592614402842446e+04 1.008354821970555815e+00
6.075592640408901934e+04 1.012648972479182952e+00
6.075592666414961423e+04 1.007620623318097097e+00
6.075592692421020911e+04 9.997388936957312122e-01
6.075592718427081127e+04 1.006230488050599448e+00
6.075592744433140615e+04 1.013833795539132998e+00
6.075592770439200103e+04 1.008375128820945266e+00
6.075592796445260319e+04 1.015991298704965295e+00
6.075592822451319807e+04 1.009911721371353321e+00
6.075592848457379296e+04 1.019554025565990507e+00
6.075592874463438784e+04 1.008857197160852648e+00
6.075592900469498272e+04 1.012021018739183376e+00
6.075592926475557761e+04 1.007469483158105250e+00
6.075592952481617249e+04 1.000608566014092871e+00
6.075592978487676737e+04 1.009822868414016472e+00
6.075593004493736953e+04 1.004393101954755840e+00
6.075593030499796441e+04 1.000311043879295925e+00
6.075593056505855930e+04 1.013491369848817714e+00
6.075593082511916145e+04 1.007458665612908089e+00
6.075593108517975634e+04 9.985516613245521977e-01
6.075593134524035122e+04 1.003338326757529542e+00
6.075593160530094610e+04 1.004677523252386351e+00
6.075593186536154099e+04 1.005240761824702567e+00
6.075593212542213587e+04 1.006505340796026715e+00
6.075593238548273075e+04 1.010709200821757525e+00
6.075593264554332563e+04 1.013395701873210264e+00
6.075593290560392779e+04 1.010704649957443468e+00
6.075593316566452268e+04 1.019174373154823288e+00
6.075593342572511756e+04 1.015257072366322788e+00
6.075593368578571244e+04 1.009967709664620683e+00
6.075593394584631460e+04 1.005405520580480161e+00
6.075593420590690948e+04 1.003727135624118416e+00
6.075593446596750437e+04 1.007730090988945282e+00
6.075593472602809925e+04 9.985420290817639266e-01
6.075593498608869413e+04 9.956413071769778522e-01
6.075593524614928901e+04 1.012288707709815050e+00
6.075593550620988390e+04 1.013709757781017684e+00
6.075593576627048606e+04 1.002792233453917881e+00
6.075593602633108094e+04 1.001417415576854042e+00
6.075593628639167582e+04 1.002811282230888112e+00
6.075593654645227070e+04 9.997153795347580862e-01
6.075593680651287286e+04 9.993621256979371426e-01
6.075593706657346775e+04 1.008954642984458694e+00
6.075593732663406263e+04 1.001606974696922059e+00
6.075593758669465751e+04 9.942781430153823097e-01
6.075593784675525239e+04 1.011183699630557875e+00
6.075593810681584728e+04 1.010790256137693577e+00
6.075593836687644216e+04 1.004048642229665722e+00
6.075593862693704432e+04 9.975219346734105486e-01
6.075593888699763920e+04 9.979349831197810161e-01
6.075593914705823408e+04 1.006350327278973333e+00
6.075593940711883624e+04 1.000831376941822004e+00
6.075594106598430517e+04 1.001757678705005317e+00
6.075594132604500919e+04 1.007480896047195706e+00
6.075594158610571321e+04 1.002309047061691105e+00
6.075594184616640996e+04 9.966725600139723085e-01
6.075594210622711398e+04 1.000692620037075597e+00
6.075594236628781800e+04 9.938878382214465512e-01
6.075594262634852203e+04 1.007515272014538388e+00
6.075594288640922605e+04 9.910319531944071780e-01
6.075594314646992279e+04 1.005899818839678828e+00
6.075594340653063409e+04 9.926918343678828860e-01
6.075594366659133811e+04 9.891330796994155516e-01
6.075594392665203486e+04 9.992333493770712005e-01
6.075594418671273888e+04 9.932515864750622869e-01
6.075594444677344291e+04 9.903259043611101209e-01
6.075594470683414693e+04 9.996425516655434995e-01
6.075594496689485095e+04 9.929699382605042812e-01
6.075594522695554770e+04 9.899794179575819308e-01
6.075594548701625172e+04 9.912041425774066328e-01
6.075594574707695574e+04 9.942552992340970563e-01
6.075594600713765976e+04 9.858670948668702971e-01
6.075594626719836378e+04 1.008605279402645660e+00
6.075594652725906053e+04 1.010246264023366036e+00
6.075594678731976455e+04 9.953202373228695610e-01
6.075594704738046858e+04 1.002027769139896218e+00
6.075594730744116532e+04 9.847513004434739203e-01
6.075594756750187662e+04 9.971330138299551171e-01
6.075594782756257337e+04 1.000178406927703323e+00
6.075594808762328466e+04 9.880973108226573931e-01
6.075594834768398869e+04 9.927114492611375240e-01
6.075594860774468543e+04 9.916449586211973921e-01
6.075594886780538945e+04 9.951456322014987643e-01
6.075594912786609348e+04 1.000940457493436408e+00
6.075594938792679750e+04 9.971334909472492347e-01
6.075594964798750152e+04 9.978017848993739891e-01
6.075594990804819827e+04 9.980745865647758785e-01
6.075595016810890229e+04 9.937546444382848732e-01
6.075595042816960631e+04 9.979870426856857213e-01
6.075595068823031033e+04 9.972372600376236962e-01
6.075595094829101436e+04 9.956508955862709564e-01
6.075595120835171110e+04 9.952179206479920826e-01
6.075595146841241512e+04 9.881073688470148886e-01
6.075595172847312642e+04 9.860759724521288572e-01
6.075595198853382317e+04 9.997628381210805770e-01
6.075595224859452719e+04 9.989329097771865174e-01
6.075595250865523121e+04 9.900535183156293773e-01
6.075595276871593524e+04 1.004549679314340471e+00
6.075595302877663926e+04 9.968079566166688776e-01
6.075595328883733600e+04 1.004041173554379718e+00
6.075595354889804003e+04 9.989531681408326813e-01
6.075595380895874405e+04 1.004719568086773096e+00
6.075595406901944807e+04 9.836770164890367152e-01
6.075595432908015209e+04 9.921691683023120545e-01
6.075595458914084884e+04 9.906125960414658982e-01
6.075595484920156014e+04 9.942576500128633699e-01
6.075595510926226416e+04 9.858616858279198869e-01
6.075595536932296091e+04 1.002168182922578588e+00
6.075595562938366493e+04 9.958310954676052873e-01
6.075595588944436895e+04 9.861156343677904834e-01
6.075595614950507297e+04 9.861730778325521474e-01
6.075595640956577699e+04 9.939219874474025662e-01
6.075595666962647374e+04 9.952523862080435713e-01
6.075595692968717776e+04 9.973777916435188073e-01
6.075595718974788178e+04 9.969919330314909178e-01
6.075595744980858581e+04 9.981496810378317486e-01
6.075595770986929710e+04 9.925496246240553821e-01
6.075595796992999385e+04 9.864704127913643816e-01
6.075595822999069787e+04 9.966426314678654697e-01
6.075595849005140190e+04 9.923792587655498876e-01
6.075595875011209864e+04 9.910546297687462536e-01
6.075595901017280994e+04 9.960003787631003247e-01
6.075595927023350669e+04 9.959950115139404314e-01
6.075595953029421071e+04 9.960782286187596091e-01
6.075595979035491473e+04 1.005241209990055173e+00
6.075596005041561148e+04 9.991295940554183463e-01
6.075596031047632277e+04 9.964978222071273484e-01
6.075596057053702680e+04 9.992193669965648839e-01
6.075596083059773082e+04 1.007437488081302179e+00
6.075596109065843484e+04 9.929442816800586602e-01
6.075596135071913159e+04 9.980672536155943408e-01
6.075596161077983561e+04 9.867953137777585315e-01
6.075596187084053963e+04 9.904442402188965433e-01
6.075596213090124365e+04 9.882186961690100357e-01
6.075596239096194768e+04 9.925950941860128829e-01
6.075596265102265170e+04 9.867900932349044085e-01
6.075596291108335572e+04 9.911835129412178702e-01
6.075596317114405974e+04 9.865384299927822953e-01
6.075596343120475649e+04 9.850219632471629572e-01
6.075596369126546051e+04 9.975532533749327246e-01
6.075596395132616453e+04 9.898808412747560626e-01
6.075596421138686856e+04 9.825879230921525931e-01
6.075596447144757258e+04 9.865270579848408605e-01
6.075596473150827660e+04 9.864797746245231869e-01
6.075596499156898062e+04 9.868205709518043101e-01
6.075596525162968464e+04 9.884031971981499520e-01
6.075596551169038867e+04 9.958094692315779817e-01
6.075596577175109269e+04 9.889847950811830879e-01
6.075596603181178943e+04 9.894894958157000042e-01
6.075596629187249346e+04 9.911953072670612874e-01
6.075596655193319748e+04 9.893043016724138994e-01
6.075596681199390150e+04 9.946673831646640762e-01
6.075596707205460552e+04 9.929543290631078767e-01
6.075596733211530955e+04 9.928600153351871960e-01
6.075596759217601357e+04 9.976074868419593233e-01
6.075596785223671759e+04 1.000576029742267004e+00
6.075596811229741434e+04 9.927291109949759607e-01
6.075596837235811836e+04 9.981276068135749302e-01
6.075596863241882238e+04 9.935184578840891012e-01
6.075596889247953368e+04 9.952997192159175333e-01
6.075596915254023770e+04 1.003073189817626609e+00
6.075596941260093445e+04 9.991434293476599837e-01
6.075597102105359954e+04 9.996527320532935246e-01
6.075597128111420170e+04 9.938627310599686959e-01
6.075597154117479658e+04 9.871388741876128137e-01
6.075597180123539147e+04 9.901528861425659134e-01
6.075597206129598635e+04 9.979233875932785880e-01
6.075597232135658123e+04 9.903515888982538096e-01
6.075597258141718339e+04 9.922954813277747865e-01
6.075597284147777827e+04 9.868999408062514300e-01
6.075597310153837316e+04 9.912031122135112060e-01
6.075597336159897532e+04 9.945674510154833836e-01
6.075597362165957020e+04 9.924595006594896240e-01
6.075597388172016508e+04 9.949059556981524333e-01
6.075597414178077452e+04 9.913914720310869066e-01
6.075597440184136940e+04 9.902618340255298079e-01
6.075597466190196428e+04 9.927656976562495572e-01
6.075597492196255916e+04 9.922264228745493186e-01
6.075597518202315405e+04 9.999521785218068448e-01
6.075597544208374893e+04 9.907944544033890910e-01
6.075597570214434381e+04 9.919389111240664025e-01
6.075597596220494597e+04 9.970764224195968195e-01
6.075597622226554813e+04 9.860072461365190222e-01
6.075597648232614301e+04 9.885210633487364618e-01
6.075597674238673790e+04 9.916271920716827060e-01
6.075597700244734006e+04 9.969664888707736594e-01
6.075597726250793494e+04 9.929622711519745515e-01
6.075597752256853710e+04 9.980209751595202627e-01
6.075597778262913198e+04 1.006641678806738938e+00
6.075597804268972686e+04 1.000697799688574863e+00
6.075597830275032175e+04 1.005243624384152712e+00
6.075597856281091663e+04 9.851289124267926800e-01
6.075597882287151151e+04 1.007217134314743801e+00
6.075597908293212095e+04 9.992947839539684241e-01
6.075597934299271583e+04 1.005374004521067066e+00
6.075597960305331071e+04 9.920285002499682481e-01
6.075597986311390559e+04 9.991730568062970885e-01
6.075598012317450775e+04 1.003881274188891393e+00
6.075598038323510264e+04 9.942018758525160704e-01
6.075598064329570479e+04 9.961565758671440118e-01
6.075598090335629968e+04 9.954892928680225683e-01
6.075598116341689456e+04 9.939540653803193848e-01
6.075598142347748944e+04 1.005476978134101751e+00
6.075598168353808433e+04 9.940574267533122121e-01
6.075598194359869376e+04 9.947061692592327198e-01
6.075598220365928864e+04 1.001160726701110004e+00
6.075598246371988353e+04 9.878981859411173350e-01
6.075598272378047841e+04 9.903489563688856467e-01
6.075598298384108057e+04 9.967836125357886212e-01
6.075598324390167545e+04 1.002521375843406837e+00
6.075598350396227761e+04 1.005037330943489238e+00
6.075598376402287249e+04 1.002970481733083119e+00
6.075598402408346738e+04 9.978087804725175314e-01
6.075598428414406226e+04 1.010332830700234386e+00
6.075598454420465714e+04 9.889447864821899747e-01
6.075598480426526658e+04 9.973496210272815299e-01
6.075598506432586146e+04 1.000742386297985398e+00
6.075598532438645634e+04 1.005025324003171905e+00
6.075598558444705122e+04 1.008382330543650340e+00
6.075598584450765338e+04 1.011900976651931572e+00
6.075598610456825554e+04 1.000648928101755653e+00
6.075598636462885042e+04 9.981596408668829135e-01
6.075598662468944531e+04 1.003709893453631485e+00
6.075598688475004019e+04 9.975334984069321731e-01
6.075598714481063507e+04 1.004163688038234303e+00
6.075598740487123723e+04 1.006852068936554767e+00
6.075598766493183211e+04 1.006659157042651076e+00
6.075598792499243427e+04 1.004269951273315087e+00
6.075598818505302916e+04 1.002632440370063494e+00
6.075598844511362404e+04 1.005568112420319515e+00
6.075598870517423347e+04 1.012935685061647328e+00
6.075598896523482836e+04 1.006823189300912968e+00
6.075598922529542324e+04 9.978141941447401519e-01
6.075598948535601812e+04 1.004746298507496194e+00
6.075598974541661300e+04 1.009231475897031993e+00
6.075599000547721516e+04 1.006423148174233617e+00
6.075599026553781005e+04 1.002847286457527298e+00
6.075599052559840493e+04 1.004878064276610194e+00
6.075599078565900709e+04 1.004081055795819521e+00
6.075599104571960197e+04 1.010626031428674576e+00
6.075599130578020413e+04 1.009607693461272104e+00
6.075599156584080629e+04 1.000150495444190213e+00
6.075599182590140117e+04 1.006656857793689630e+00
6.075599208596199605e+04 1.010748934122677190e+00
6.075599234602259094e+04 1.010531332118183245e+00
6.075599260608319310e+04 1.008810489153508128e+00
6.075599286614378798e+04 1.000443675939066690e+00
6.075599312620438286e+04 1.007242879790538614e+00
6.075599338626497774e+04 1.005565778938735111e+00
6.075599364632558718e+04 1.006847726299891388e+00
6.075599390638618206e+04 1.011343965683035195e+00
6.075599416644677694e+04 1.003378763357986481e+00
6.075599442650737910e+04 9.990319590451136600e-01
6.075599468656797399e+04 1.012340358339019808e+00
6.075599494662857614e+04 1.010026794023572316e+00
6.075599520668917103e+04 1.011062388727755890e+00
6.075599546674976591e+04 9.996098255972143409e-01
6.075599572681036079e+04 1.004998852188691005e+00
6.075599598687096295e+04 1.000038718861822051e+00
6.075599624693155783e+04 1.000378946098948285e+00
6.075599650699215999e+04 1.006939263998156919e+00
6.075599676705275488e+04 1.000782387960873487e+00
6.075599702711334976e+04 1.013449423340085254e+00
6.075599728717395192e+04 1.016251871625364567e+00
6.075599754723455408e+04 1.008101203680018543e+00
6.075599780729514896e+04 1.008010840928464047e+00
6.075599806735574384e+04 1.009178676144383946e+00
6.075599832741634600e+04 1.012613914639456603e+00
6.075599858747694088e+04 1.006592072816527184e+00
6.075599884753753577e+04 1.003698759076124380e+00
6.075599910759813065e+04 1.003077144377787500e+00
6.075599936765874008e+04 1.000697740206468289e+00
6.075600091310295102e+04 1.012758251210956528e+00
6.075600117316365504e+04 1.009462079309994209e+00
6.075600143322435179e+04 1.008111689583663484e+00
6.075600169328505581e+04 1.009091136840630121e+00
6.075600195334576711e+04 1.007427865155466007e+00
6.075600221340647113e+04 1.016325673925131845e+00
6.075600247346717515e+04 1.006452948154174631e+00
6.075600273352787190e+04 1.014643335348931474e+00
6.075600299358858319e+04 1.002274379401079774e+00
6.075600325364928722e+04 1.020175784464784519e+00
6.075600351370998396e+04 1.010957266388987197e+00
6.075600377377069526e+04 1.014516112683263582e+00
6.075600403383139928e+04 1.022176377708869266e+00
6.075600429389210331e+04 1.015692213140739319e+00
6.075600455395280733e+04 1.009590292384130450e+00
6.075600481401350407e+04 1.012134086781084408e+00
6.075600507407421537e+04 1.015737291598390435e+00
6.075600533413491939e+04 1.012269017089724166e+00
6.075600559419562342e+04 1.014629006383863219e+00
6.075600585425632744e+04 1.012243230149324491e+00
6.075600611431703146e+04 1.012588996767014971e+00
6.075600637437773548e+04 1.004773728064907390e+00
6.075600663443843951e+04 1.012087725706057650e+00
6.075600689449914353e+04 1.004929277593373138e+00
6.075600715455985483e+04 9.977976212281858270e-01
6.075600741462055157e+04 9.996052461603184280e-01
6.075600767468125559e+04 1.010790610371991693e+00
6.075600793474195962e+04 1.007424423236218392e+00
6.075600819480266364e+04 1.000976334704383408e+00
6.075600845486336766e+04 1.009162928220814992e+00
6.075600871492407168e+04 1.015653632631649206e+00
6.075600897498478298e+04 1.019214587899350155e+00
6.075600923504548700e+04 1.010511113466763033e+00
6.075600949510618375e+04 1.011979883469638075e+00
6.075600975516688777e+04 1.003201625779175599e+00
6.075601001522759907e+04 1.007608614190562468e+00
6.075601027528830309e+04 1.011293753354647107e+00
6.075601053534900711e+04 9.944320417310985594e-01
6.075601079540970386e+04 1.003951550379022839e+00
6.075601105547041516e+04 1.009733482041358377e+00
6.075601131553111918e+04 1.002116137341050317e+00
6.075601157559181593e+04 1.017202156579163352e+00
6.075601183565252722e+04 1.006620081470515293e+00
6.075601209571323125e+04 1.008744185012971695e+00
6.075601235577393527e+04 1.009607987775278382e+00
6.075601261583463929e+04 1.007256589897698174e+00
6.075601287589534331e+04 1.010228188628634838e+00
6.075601313595604734e+04 9.999265646668860086e-01
6.075601339601675136e+04 1.001909654500886981e+00
6.075601365607746266e+04 1.011320825816929947e+00
6.075601391613816668e+04 1.010630044217778467e+00
6.075601417619886342e+04 1.006053649535845196e+00
6.075601443625956745e+04 1.011427478442017414e+00
6.075601469632027874e+04 1.000663000308449790e+00
6.075601495638097549e+04 1.007779916999953063e+00
6.075601521644168679e+04 1.017015618137132149e+00
6.075601547650239081e+04 1.007261625136751659e+00
6.075601573656309483e+04 1.003578215218105640e+00
6.075601599662379886e+04 1.007375233607242349e+00
6.075601625668450288e+04 1.018735004022277568e+00
6.075601651674520690e+04 1.001128787946750531e+00
6.075601677680591092e+04 1.004665113249322506e+00
6.075601703686661494e+04 9.957215502491815196e-01
6.075601729692732624e+04 1.003871579215001253e+00
6.075601755698802299e+04 1.003319131191380498e+00
6.075601781704872701e+04 1.010899677761177173e+00
6.075601807710943831e+04 1.003143295333364993e+00
6.075601833717014233e+04 1.027016410877840347e+00
6.075601859723084635e+04 1.015204164058566061e+00
6.075601885729155038e+04 1.019213866081912334e+00
6.075601911735225440e+04 1.009833564954503382e+00
6.075601937741295842e+04 1.008445157044247864e+00
6.075601963747365517e+04 1.002100187171006018e+00
6.075601989753436646e+04 1.006585546513159457e+00
6.075602015759507049e+04 1.001041707817452497e+00
6.075602041765577451e+04 9.951841248650629135e-01
6.075602067771648581e+04 9.947332542809100842e-01
6.075602093777718255e+04 1.000727881186317170e+00
6.075602119783788658e+04 9.988440318782006999e-01
6.075602145789859787e+04 1.003778851624883783e+00
6.075602171795930190e+04 1.004695614880295684e+00
6.075602197802000592e+04 1.005928918868616684e+00
6.075602223808070994e+04 9.976997407420076236e-01
6.075602249814141396e+04 1.007713785667370576e+00
6.075602275820211798e+04 9.959703096993668403e-01
6.075602301826282201e+04 1.001653933498616977e+00
6.075602327832352603e+04 1.005071291448929482e+00
6.075602353838423005e+04 1.001377226028983491e+00
6.075602379844494135e+04 9.996070272912493948e-01
6.075602405850564537e+04 9.974668627002604149e-01
6.075602431856634212e+04 1.002000359081250513e+00
6.075602457862704614e+04 9.991407726722717486e-01
6.075602483868775744e+04 9.993917896839066284e-01
6.075602509874846146e+04 9.990729349543229221e-01
6.075602535880916548e+04 9.932682910705992185e-01
6.075602561886986950e+04 1.011524886346723662e+00
6.075602587893057353e+04 9.956142033433085237e-01
6.075602613899127755e+04 9.960624287091714990e-01
6.075602639905198885e+04 9.971112214717704481e-01
6.075602665911269287e+04 9.962543375064212281e-01
6.075602691917338962e+04 9.969451871460505155e-01
6.075602717923410091e+04 9.975631319928273122e-01
6.075602743929480494e+04 1.008821411196825224e+00
6.075602769935550168e+04 1.003519914766913157e+00
6.075602795941621298e+04 9.878428415564898257e-01
6.075602821947691700e+04 1.007853416106061273e+00
6.075602847953762102e+04 9.891845842154819435e-01
6.075602873959833232e+04 1.003148176748041465e+00
6.075602899965902907e+04 1.006360893503607690e+00
6.075602925971973309e+04 9.917845023978080210e-01
6.075603093119423283e+04 9.951043869222204741e-01
6.075603119125482772e+04 9.904557773733434489e-01
6.075603145131542988e+04 9.946069959450115627e-01
6.075603171137602476e+04 9.913859041871071476e-01
6.075603197143662692e+04 9.964546827092790604e-01
6.075603223149722908e+04 9.951504340698160700e-01
6.075603249155782396e+04 9.935907885505484982e-01
6.075603275161842612e+04 1.000764175007346379e+00
6.075603301167902100e+04 9.888311564537269893e-01
6.075603327173962316e+04 9.898028718823720373e-01
6.075603353180022532e+04 9.870068933354920748e-01
6.075603379186082020e+04 9.919496935351593825e-01
6.075603405192141508e+04 9.960541477929099052e-01
6.075603431198201724e+04 9.876699924708440825e-01
6.075603457204261213e+04 9.911069388857862705e-01
6.075603483210320701e+04 9.970574920682306885e-01
6.075603509216381644e+04 9.942169323787100055e-01
6.075603535222441133e+04 9.886571923238572923e-01
6.075603561228501349e+04 1.000890439058257142e+00
6.075603587234560837e+04 9.894360452678496731e-01
6.075603613240621053e+04 9.937710207253206418e-01
6.075603639246681269e+04 9.925226947549291578e-01
6.075603665252740757e+04 9.908628593690522735e-01
6.075603691258800245e+04 9.895132573079145066e-01
6.075603717264860461e+04 9.854688541315013151e-01
6.075603743270919949e+04 9.909437667089071589e-01
6.075603769276979438e+04 9.963738817032348205e-01
6.075603795283040381e+04 9.960897326977287136e-01
6.075603821289099869e+04 9.966400612052017660e-01
6.075603847295160085e+04 1.001276253906237201e+00
6.075603873301219573e+04 9.946293565449269014e-01
6.075603899307279789e+04 9.934228402177643913e-01
6.075603925313340005e+04 9.934819473523965883e-01
6.075603951319399494e+04 9.929300669764258291e-01
6.075603977325458982e+04 9.955075159536719287e-01
6.075604003331519198e+04 9.928236352689719935e-01
6.075604029337578686e+04 9.881651427480017125e-01
6.075604055343638902e+04 9.926571868892484218e-01
6.075604081349698390e+04 9.956984223789931976e-01
6.075604107355758606e+04 9.870483724634105949e-01
6.075604133361818822e+04 9.833663579665276044e-01
6.075604159367878310e+04 9.965609622699652670e-01
6.075604185373938526e+04 9.849082537572393381e-01
6.075604211379998742e+04 9.939649207245968565e-01
6.075604237386058230e+04 9.875795545248372553e-01
6.075604263392118446e+04 9.925074479656939008e-01
6.075604289398177934e+04 9.874413845324082617e-01
6.075604315404237423e+04 9.944723555928339787e-01
6.075604341410297639e+04 1.036811606794913354e+00
6.075604367416357127e+04 9.925600904094421528e-01
6.075604393422418070e+04 9.872668579857317717e-01
6.075604419428477559e+04 9.919481922844283206e-01
6.075604445434537047e+04 9.926794581745410628e-01
6.075604471440597990e+04 9.922485555748961072e-01
6.075604497446657479e+04 9.951258750580387336e-01
6.075604523452717694e+04 9.844618811613560228e-01
6.075604549458777183e+04 9.866701252312736203e-01
6.075604575464836671e+04 9.811002586898251998e-01
6.075604601470896887e+04 9.941655227864610866e-01
6.075604627476956375e+04 9.966436024746732070e-01
6.075604653483016591e+04 9.879056039290333713e-01
6.075604679489076807e+04 9.928243027291986378e-01
6.075604705495136295e+04 9.958584974644156818e-01
6.075604731501196511e+04 9.830033686249791680e-01
6.075604757507256727e+04 9.908639152107194814e-01
6.075604783513316943e+04 9.955823894121011985e-01
6.075604809519376431e+04 9.972656361100471489e-01
6.075604835525435919e+04 1.002102640439231696e+00
6.075604861531496135e+04 9.912685661500707512e-01
6.075604887537555624e+04 9.929306922062566265e-01
6.075604913543615839e+04 9.843566066807600823e-01
6.075604939549675328e+04 9.946366900520232646e-01
6.075604965555735544e+04 9.904502998760227328e-01
6.075604991561795759e+04 9.920863335802065919e-01
6.075605017567855248e+04 9.864119547758611883e-01
6.075605043573915464e+04 9.867833946954873703e-01
6.075605069579975680e+04 1.001351431968590333e+00
6.075605095586035168e+04 9.863626555064289869e-01
6.075605121592095384e+04 9.908993598276044645e-01
6.075605147598154872e+04 9.956687736514137077e-01
6.075605173604215088e+04 9.978010078147392381e-01
6.075605199610274576e+04 9.941311251367301871e-01
6.075605225616334792e+04 1.004997212173643018e+00
6.075605251622395008e+04 9.966357440855186933e-01
6.075605277628454496e+04 9.906014711275252793e-01
6.075605303634514712e+04 9.860372855107775170e-01
6.075605329640574200e+04 9.919614247626694636e-01
6.075605355646635144e+04 1.003421180067511020e+00
6.075605381652694632e+04 9.926747681720585748e-01
6.075605407658754848e+04 9.928439562713005095e-01
6.075605433664814336e+04 1.000388226542747505e+00
6.075605459670873825e+04 9.931800769012184560e-01
6.075605485676934040e+04 9.925236158902714934e-01
6.075605511682993529e+04 9.909851909247213708e-01
6.075605537689054472e+04 9.971796095526621606e-01
6.075605563695113960e+04 9.920743106155107682e-01
6.075605589701174176e+04 9.909698931775793307e-01
6.075605615707233665e+04 1.005439124517133020e+00
6.075605641713293880e+04 9.957000175000584319e-01
6.075605667719354096e+04 1.007002730671745283e+00
6.075605693725413585e+04 1.001090350025668041e+00
6.075605719731473800e+04 1.000094678748048027e+00
6.075605745737533289e+04 9.955157852534651797e-01
6.075605771743593505e+04 9.981575903575863329e-01
6.075605797749652993e+04 9.934095203097047522e-01
6.075605823755713209e+04 1.001741942647534245e+00
6.075605849761773425e+04 9.967159322236552876e-01
6.075605875767832913e+04 9.986942074635580813e-01
6.075605901773893129e+04 9.982979589579918933e-01
6.075605927779953345e+04 1.000152061189756525e+00
6.075606082322710427e+04 9.999149662347337486e-01
6.075606108328780829e+04 9.970584782019044079e-01
6.075606134334851231e+04 1.004980589482742159e+00
6.075606160340922361e+04 1.004244092374367403e+00
6.075606186346992035e+04 9.940481818023312321e-01
6.075606212353063165e+04 9.969575069525861144e-01
6.075606238359133567e+04 9.982037069126198370e-01
6.075606264365204697e+04 1.010580844292769953e+00
6.075606290371275099e+04 1.002574501601228185e+00
6.075606316377345502e+04 1.005722578922041643e+00
6.075606342383415904e+04 9.972510161057450695e-01
6.075606368389486306e+04 9.954866887133523301e-01
6.075606394395557436e+04 1.007866224595801885e+00
6.075606420401627838e+04 1.001888847547437011e+00
6.075606446407698240e+04 1.002719141018715066e+00
6.075606472413768643e+04 1.001403034731218389e+00
6.075606498419839772e+04 9.944568966890375838e-01
6.075606524425910175e+04 1.002578571202869195e+00
6.075606550431981304e+04 9.941166857691069447e-01
6.075606576438050979e+04 9.948364433208292112e-01
6.075606602444122109e+04 1.000502179737654318e+00
6.075606628450192511e+04 1.003759821666772689e+00
6.075606654456262913e+04 9.949995094254540096e-01
6.075606680462333316e+04 1.003588735475704485e+00
6.075606706468404445e+04 1.012518938314339367e+00
6.075606732474474848e+04 1.003395107037345024e+00
6.075606758480545250e+04 1.003755291088998192e+00
6.075606784486615652e+04 1.002791418401546286e+00
6.075606810492686054e+04 1.000608914674122607e+00
6.075606836498757184e+04 1.012405539234465746e+00
6.075606862504827586e+04 1.005438102507167919e+00
6.075606888510898716e+04 1.005069723419272476e+00
6.075606914516968391e+04 1.009441403679898208e+00
6.075606940523039520e+04 1.009604507953537844e+00
6.075606966529109923e+04 1.002832787286547456e+00
6.075606992535180325e+04 1.001936044959880201e+00
6.075607018541250727e+04 1.002870001075038875e+00
6.075607044547321857e+04 1.002322562085136370e+00
6.075607070553392259e+04 1.008284204440596188e+00
6.075607096559463389e+04 1.012275219742840848e+00
6.075607122565533064e+04 1.009053237953976501e+00
6.075607148571604193e+04 1.008795124958564715e+00
6.075607174577674596e+04 1.004187495465084901e+00
6.075607200583745725e+04 1.012198055813314346e+00
6.075607226589816128e+04 1.013166389560895109e+00
6.075607252595886530e+04 1.007826628545147818e+00
6.075607278601956932e+04 1.009841837327254854e+00
6.075607304608028062e+04 9.996161631453476248e-01
6.075607330614097737e+04 1.010417540764337652e+00
6.075607356620169594e+04 1.007196027092658319e+00
6.075607382626239269e+04 1.001754304215222824e+00
6.075607408632310398e+04 1.017376989390971875e+00
6.075607434638380801e+04 1.000681279587620542e+00
6.075607460644451203e+04 9.956644240106914401e-01
6.075607486650521605e+04 9.982060907080725354e-01
6.075607512656592735e+04 1.012193978236869629e+00
6.075607538662663137e+04 1.003730448123746788e+00
6.075607564668734267e+04 1.005172680968245746e+00
6.075607590674803942e+04 1.004695939698314167e+00
6.075607616680875071e+04 1.008351989664309611e+00
6.075607642686945474e+04 1.013092506823825012e+00
6.075607668693016603e+04 1.011388542760035092e+00
6.075607694699087006e+04 1.012960855668745053e+00
6.075607720705157408e+04 1.011871432422696060e+00
6.075607746711227810e+04 1.008133253982230304e+00
6.075607772717298940e+04 1.018897464240598572e+00
6.075607798723368614e+04 1.013012078957192363e+00
6.075607824729439744e+04 1.010903688279616519e+00
6.075607850735510146e+04 1.009140627539070634e+00
6.075607876741581276e+04 1.018372669071028414e+00
6.075607902747651679e+04 1.012215466657336416e+00
6.075607928753722081e+04 1.005468703600438385e+00
6.075607954759792483e+04 1.007072765076560295e+00
6.075607980765863613e+04 1.013025801324805242e+00
6.075608006771934015e+04 1.011248065276689312e+00
6.075608032778005145e+04 1.014763512466621886e+00
6.075608058784074819e+04 1.009602121033797095e+00
6.075608084790145949e+04 1.016601660145590724e+00
6.075608110796216351e+04 1.004257554964878896e+00
6.075608136802286754e+04 1.015938199802564723e+00
6.075608162808357156e+04 1.009453938764977687e+00
6.075608188814428286e+04 1.000559108858794177e+00
6.075608214820498688e+04 1.014348972847243902e+00
6.075608240826569818e+04 1.004050162704071880e+00
6.075608266832639492e+04 1.004365927650412438e+00
6.075608292838710622e+04 1.006208246317979116e+00
6.075608318844781024e+04 1.015490110235854893e+00
6.075608344850852154e+04 1.012170453047752439e+00
6.075608370856922556e+04 1.007690949733477392e+00
6.075608396862992959e+04 1.006154292878179701e+00
6.075608422869064088e+04 1.013846038533149141e+00
6.075608448875134491e+04 1.019631125785388059e+00
6.075608474881204893e+04 1.015038310522666132e+00
6.075608500887276023e+04 1.005069061092688898e+00
6.075608526893346425e+04 1.010719154798918051e+00
6.075608552899416827e+04 1.015068267939336799e+00
6.075608578905487957e+04 1.015463235235003481e+00
6.075608604911557632e+04 1.011511389756180046e+00
6.075608630917628761e+04 1.006435891014336281e+00
6.075608656923699164e+04 1.010272013166742644e+00
6.075608682929770293e+04 1.006713605364961239e+00
6.075608708935840696e+04 1.013806224387394872e+00
6.075608734941911098e+04 1.014768140489558990e+00
6.075608760947981500e+04 1.011821808287978408e+00
6.075608786954052630e+04 1.011611685344840916e+00
6.075608812960123760e+04 1.016273283485441992e+00
6.075608838966194162e+04 1.012816016461126845e+00
6.075608864972264564e+04 1.010653470213844995e+00
6.075608890978334966e+04 1.003781433671164791e+00
6.075608916984406096e+04 1.006671391976720287e+00
6.075609076569380704e+04 1.013416896473259943e+00
6.075609102575441648e+04 1.018088567512961840e+00
6.075609128581501136e+04 1.017601546532510337e+00
6.075609154587561352e+04 1.012193778705275715e+00
6.075609180593621568e+04 1.013310822009513279e+00
6.075609206599681784e+04 1.017004248157307167e+00
6.075609232605741272e+04 1.016571752221597569e+00
6.075609258611801488e+04 1.010842248839213919e+00
6.075609284617860976e+04 1.008092482595845274e+00
6.075609310623921192e+04 1.006711894177363842e+00
6.075609336629981408e+04 1.021776858610873528e+00
6.075609362636040896e+04 1.008446856110267742e+00
6.075609388642101840e+04 1.010078543600757772e+00
6.075609414648161328e+04 1.007384098548472773e+00
6.075609440654221544e+04 1.009988071946993804e+00
6.075609466660281760e+04 1.015045735938628235e+00
6.075609492666341976e+04 1.005577372669523850e+00
6.075609518672402191e+04 1.019943546778952159e+00
6.075609544678461680e+04 1.014723982117726964e+00
6.075609570684521896e+04 1.005016302079846380e+00
6.075609596690581384e+04 1.010121918698532850e+00
6.075609622696641600e+04 1.012453203081212116e+00
6.075609648702701088e+04 1.002999683604824943e+00
6.075609674708762032e+04 1.001729591011835119e+00
6.075609700714822247e+04 1.006837160476109938e+00
6.075609726720881736e+04 1.011849413613439053e+00
6.075609752726942679e+04 1.011069815203867295e+00
6.075609778733002167e+04 1.006627931909948259e+00
6.075609804739062383e+04 1.013317609368060701e+00
6.075609830745121872e+04 9.977301348737150910e-01
6.075609856751182087e+04 1.006488863739736672e+00
6.075609882757242303e+04 1.011681330279232016e+00
6.075609908763301792e+04 1.015176131794673031e+00
6.075609934769362008e+04 1.001198378995072247e+00
6.075609960775422223e+04 1.009245072617146022e+00
6.075609986781482439e+04 1.008583608113634122e+00
6.075610012787541928e+04 1.016853031907405613e+00
6.075610038793602143e+04 9.962252052805604663e-01
6.075610064799663087e+04 1.010558796272547966e+00
6.075610090805722575e+04 1.015514603337169142e+00
6.075610116811782791e+04 1.005065345766013030e+00
6.075610142817842279e+04 1.000603374790313582e+00
6.075610168823902495e+04 1.000502768891210259e+00
6.075610194829962711e+04 1.019907138510112832e+00
6.075610220836022199e+04 1.019188401772639141e+00
6.075610246842083143e+04 1.002236520057225189e+00
6.075610272848142631e+04 1.004812360060412857e+00
6.075610298854202847e+04 1.006627251721895711e+00
6.075610324860263063e+04 1.013091980299960504e+00
6.075610350866323279e+04 1.007400475659976369e+00
6.075610376872383495e+04 1.006220495115008218e+00
6.075610402878442983e+04 1.001310228489577403e+00
6.075610428884503199e+04 1.003109203688877127e+00
6.075610454890563415e+04 1.002632699251837289e+00
6.075610480896622903e+04 1.008506117622939291e+00
6.075610506902683119e+04 1.001581954672982722e+00
6.075610532908743335e+04 1.008631381800424665e+00
6.075610558914803551e+04 1.003143391287507180e+00
6.075610584920863766e+04 1.010121990645966639e+00
6.075610610926923255e+04 1.005716854855621678e+00
6.075610636932984198e+04 1.007408412501846318e+00
6.075610662939043686e+04 1.003626465053345740e+00
6.075610688945103902e+04 1.005240713724599555e+00
6.075610714951164118e+04 9.998437282289990291e-01
6.075610740957223607e+04 1.010359681361135964e+00
6.075610766963283822e+04 1.002392987026761606e+00
6.075610792969343311e+04 9.996773315001387106e-01
6.075610818975403527e+04 9.984215899709232289e-01
6.075610844981464470e+04 1.005513881670907939e+00
6.075610870987523958e+04 9.979056794358930338e-01
6.075610896993584174e+04 1.006865133748940044e+00
6.075610922999644390e+04 1.007707566197561633e+00
6.075610949005704606e+04 9.955970443590530516e-01
6.075610975011764822e+04 9.980063389749798120e-01
6.075611001017824310e+04 1.004763930452178267e+00
6.075611027023884526e+04 9.996865627696689405e-01
6.075611053029944742e+04 9.983029406985041154e-01
6.075611079036004230e+04 1.001140067729402450e+00
6.075611105042064446e+04 9.968273028346301690e-01
6.075611131048124662e+04 1.000431247288221082e+00
6.075611157054184878e+04 1.000697331851372995e+00
6.075611183060245094e+04 9.960823126248826709e-01
6.075611209066305310e+04 9.957242511088221226e-01
6.075611235072365525e+04 1.001689375010181626e+00
6.075611261078425741e+04 1.004288725114119263e+00
6.075611287084485230e+04 9.939790308789802076e-01
6.075611313090545445e+04 1.000932708685210670e+00
6.075611339096604934e+04 1.001398994227962413e+00
6.075611365102665150e+04 9.893426170323513791e-01
6.075611391108725365e+04 9.994286580700505462e-01
6.075611417114785581e+04 9.980738101767498982e-01
6.075611443120845797e+04 9.991075701911806828e-01
6.075611469126906013e+04 9.931091723516701775e-01
6.075611495132966229e+04 9.884932721709011050e-01
6.075611521139026445e+04 9.944989779141459874e-01
6.075611547145085933e+04 9.947929031037986425e-01
6.075611573151146149e+04 1.007979336488941335e+00
6.075611599157206365e+04 1.001392193587410606e+00
6.075611625163265853e+04 9.975480688770171911e-01
6.075611651169326069e+04 1.000632956687901309e+00
6.075611677175386285e+04 1.002558491210905345e+00
6.075611703181446501e+04 9.948493679719843108e-01
6.075611729187506717e+04 9.938892221705147856e-01
6.075611755193566933e+04 9.950679988171394763e-01
6.075611781199626421e+04 9.949996110360284085e-01
6.075611807205687364e+04 9.898982684593731207e-01
6.075611833211747580e+04 9.987153063671020403e-01
6.075611859217807068e+04 1.003909092525466340e+00
6.075611885223867284e+04 9.953417251515156439e-01
6.075611911229926773e+04 9.945572663110973100e-01
6.075612077117233275e+04 9.928824798353164116e-01
6.075612103123303677e+04 9.954284438974579929e-01
6.075612129129374080e+04 9.911280325097971966e-01
6.075612155135445209e+04 9.946189405924487081e-01
6.075612181141516339e+04 9.998174415734896181e-01
6.075612207147586741e+04 9.948423604340290716e-01
6.075612233153657144e+04 1.004913031454981676e+00
6.075612259159728274e+04 9.838227735888037673e-01
6.075612285165798676e+04 9.980107585717976626e-01
6.075612311171869806e+04 9.956278131693986344e-01
6.075612337177940935e+04 9.904933942688044501e-01
6.075612363184010610e+04 9.966027403850536981e-01
6.075612389190081740e+04 9.819618249897338336e-01
6.075612415196152870e+04 9.911128610407279327e-01
6.075612441202222544e+04 9.960826691589962367e-01
6.075612467208293674e+04 9.996728602265019248e-01
6.075612493214364804e+04 9.972127111803145150e-01
6.075612519220435206e+04 9.994292566880919049e-01
6.075612545226506336e+04 9.970551867922466949e-01
6.075612571232576738e+04 9.961204270902132007e-01
6.075612597238647140e+04 9.887575511871339318e-01
6.075612623244718270e+04 9.986423987368304722e-01
6.075612649250789400e+04 9.851395109952140183e-01
6.075612675256859802e+04 9.840473760684987914e-01
6.075612701262930204e+04 9.965912232963929362e-01
6.075612727269001334e+04 9.980797568583877899e-01
6.075612753275071736e+04 9.905476662274657063e-01
6.075612779281142139e+04 9.896566345728828873e-01
6.075612805287213268e+04 9.949400890188123681e-01
6.075612831293283671e+04 9.804127433611743436e-01
6.075612857299354800e+04 1.003670617425042710e+00
6.075612883305425930e+04 9.908251354373091013e-01
6.075612909311495605e+04 9.983098072848092253e-01
6.075612935317566735e+04 9.951277854805140599e-01
6.075612961323637865e+04 9.978517517625210553e-01
6.075612987329708267e+04 9.955809861958799800e-01
6.075613013335779397e+04 9.890385775342703800e-01
6.075613039341849799e+04 9.892808341122365512e-01
6.075613065347920201e+04 9.887631307853549378e-01
6.075613091353991331e+04 9.962777644397252663e-01
6.075613117360061733e+04 9.888032626173904882e-01
6.075613143366133590e+04 9.900562007967353972e-01
6.075613169372203265e+04 9.956313594025690827e-01
6.075613195378274395e+04 9.975502178447966939e-01
6.075613221384345525e+04 9.807986810373719999e-01
6.075613247390415199e+04 9.893896062761821097e-01
6.075613273396486329e+04 9.890741457808374104e-01
6.075613299402557459e+04 9.970439130935716543e-01
6.075613325408627861e+04 9.950824647259102207e-01
6.075613351414698991e+04 9.799182578712832825e-01
6.075613377420769393e+04 9.954855607267285578e-01
6.075613403426840523e+04 1.000529129879424106e+00
6.075613429432910925e+04 9.967498189961165878e-01
6.075613455438982055e+04 9.862663062499372746e-01
6.075613481445053185e+04 9.979570011538418939e-01
6.075613507451122859e+04 1.002704358916669758e+00
6.075613533457193989e+04 9.932937275851150272e-01
6.075613559463265119e+04 9.990198432387895622e-01
6.075613585469334794e+04 9.953227081764655093e-01
6.075613611475405924e+04 1.002996846777023165e+00
6.075613637481477053e+04 1.002489646701008708e+00
6.075613663487548183e+04 9.977713692617559138e-01
6.075613689493618585e+04 9.948924193361748936e-01
6.075613715499688988e+04 9.942184467257574321e-01
6.075613741505760117e+04 9.948205444746932580e-01
6.075613767511830520e+04 9.911583704061465161e-01
6.075613793517901649e+04 1.005628214515666752e+00
6.075613819523972779e+04 9.951759429483985064e-01
6.075613845530043181e+04 9.971071533357553918e-01
6.075613871536113584e+04 9.978306713150857377e-01
6.075613897542184714e+04 1.002655371533071715e+00
6.075613923548255116e+04 9.987484178355252595e-01
6.075613949554325518e+04 9.941506757490972124e-01
6.075613975560396648e+04 9.972761291050299404e-01
6.075614001566467778e+04 1.000561533046393503e+00
6.075614027572538907e+04 9.972003251389286449e-01
6.075614053578608582e+04 9.900631283879953726e-01
6.075614079584679712e+04 9.930756196277941150e-01
6.075614105590750842e+04 9.969297552490995473e-01
6.075614131596821244e+04 9.938232465857939069e-01
6.075614157602892374e+04 1.000637302873348844e+00
6.075614183608962776e+04 1.003100577745788202e+00
6.075614209615033906e+04 1.002566229984029667e+00
6.075614235621104308e+04 9.944091793062085349e-01
6.075614261627174710e+04 9.981192169147303783e-01
6.075614287633246568e+04 9.854057773127212760e-01
6.075614313639316970e+04 9.934217108686441700e-01
6.075614339645387372e+04 9.895827184910340746e-01
6.075614365651458502e+04 9.961237477982892718e-01
6.075614391657528904e+04 9.956029552998860721e-01
6.075614417663600034e+04 9.906731100684816882e-01
6.075614443669670436e+04 1.001225735740852274e+00
6.075614469675741566e+04 1.006471970647543790e+00
6.075614495681812696e+04 1.010153251079311199e+00
6.075614521687882370e+04 1.003143766955406191e+00
6.075614547693953500e+04 1.001413885573020801e+00
6.075614573700024630e+04 1.003928990339486571e+00
6.075614599706095760e+04 9.988082829100624060e-01
6.075614625712166162e+04 1.004100988239285064e+00
6.075614651718236564e+04 1.005675457819938279e+00
6.075614677724307694e+04 1.007034361900523312e+00
6.075614703730378824e+04 9.976589394809028954e-01
6.075614729736448498e+04 9.965737799110607753e-01
6.075614755742519628e+04 1.002340134608713962e+00
6.075614781748590758e+04 1.003924576101017818e+00
6.075614807754661888e+04 1.001871058898626821e+00
6.075614833760732290e+04 1.002757095713093793e+00
6.075614859766802692e+04 1.024152377805454872e+00
6.075614885772873822e+04 1.000975121856666705e+00
6.075614911778944952e+04 1.001343174693959392e+00
