6.075585120116569306e+04 9.931645609405564956e-01
6.075585146121949219e+04 9.887685119026564662e-01
6.075585172127328406e+04 9.918277199769031105e-01
6.075585198132708319e+04 9.933517700959325625e-01
6.075585224138088233e+04 1.005980751416863272e+00
6.075585250143468147e+04 9.810504256838640247e-01
6.075585276148847333e+04 1.012963202409773000e+00
6.075585302154227247e+04 9.998795042080059758e-01
6.075585328159607161e+04 9.940334436750587477e-01
6.075585354164987803e+04 9.981321851897753117e-01
6.075585380170368444e+04 9.931410051912017423e-01
6.075585406175747630e+04 1.005079430492371806e+00
6.075585432181127544e+04 1.004366925346489969e+00
6.075585458186507458e+04 1.017413535443668415e+00
6.075585484191887372e+04 9.975925155810165812e-01
6.075585510197266558e+04 1.003186515315117822e+00
6.075585536202646472e+04 9.889340175878313932e-01
6.075585562208026386e+04 9.892347099356750828e-01
6.075585588213406299e+04 9.986466271823566387e-01
6.075585614218786213e+04 1.004884062040054538e+00
6.075585640224165400e+04 9.985008115074868185e-01
6.075585666229546041e+04 1.015194850253279268e+00
6.075585692234926682e+04 9.943923880406436711e-01
6.075585718240306596e+04 9.935555316915317681e-01
6.075585744245685783e+04 1.000471232035126334e+00
6.075585770251065696e+04 1.001356926605394992e+00
6.075585796256445610e+04 9.952907173433547250e-01
6.075585822261825524e+04 9.947339288685118630e-01
6.075585848267205438e+04 9.980241574605143162e-01
6.075585874272584624e+04 1.003600849868352851e+00
6.075585900277964538e+04 9.844230547193790759e-01
6.075585926283344452e+04 9.984131612481804696e-01
6.075585952288725093e+04 1.001566048900246919e+00
6.075585978294105735e+04 9.936602705559614002e-01
6.075586004299484921e+04 1.012806772906069464e+00
6.075586030304864835e+04 9.966447307408763390e-01
6.075586056310244749e+04 9.869313333395386412e-01
6.075586082315624662e+04 1.016865675105802724e+00
6.075586108321004576e+04 9.856161181005205218e-01
6.075586134326383763e+04 9.962217879822101718e-01
6.075586160331763676e+04 9.981375664042068108e-01
6.075586186337143590e+04 1.008965902063938103e+00
6.075586212342523504e+04 9.995844288232759167e-01
6.075586238347903418e+04 9.999781856033134186e-01
6.075586264353283332e+04 1.006727879060449471e+00
6.075586290358663973e+04 9.986192433076658270e-01
6.075586316364043887e+04 9.825180992168077720e-01
6.075586342369423801e+04 1.004558961821337748e+00
6.075586368374803715e+04 1.005079318266917543e+00
6.075586394380182901e+04 9.920801713884795925e-01
6.075586420385562815e+04 9.822172590053765973e-01
6.075586446390942729e+04 1.006731559046394997e+00
6.075586472396322642e+04 1.004081999266010827e+00
6.075586498401702556e+04 9.902255025840587255e-01
6.075586524407081743e+04 9.762981175030234215e-01
6.075586550412462384e+04 9.964887450226800336e-01
6.075586576417843025e+04 1.007991275512512885e+00
6.075586602423222939e+04 9.762239219429803549e-01
6.075586628428602853e+04 1.002183337184531675e+00
6.075586654433982039e+04 1.001993207932132979e+00
6.075586680439361953e+04 1.002414487014719802e+00
6.075586706444741867e+04 9.825527982483257539e-01
6.075586732450121781e+04 9.863553904346459289e-01
6.075586758455501695e+04 1.008551481865234578e+00
6.075586784460881609e+04 1.001297464005399540e+00
6.075586810466260795e+04 9.986035097508714209e-01
6.075586836471640709e+04 9.886962685139494278e-01
6.075586862477021350e+04 1.010104071468293396e+00
6.075586888482401991e+04 1.004459266493520131e+00
6.075586914487781905e+04 1.007323852466404768e+00
6.075586940493161092e+04 9.930735878984134901e-01
6.075586966498541005e+04 1.009213632917733472e+00
6.075586992503920919e+04 9.904085182584535518e-01
6.075587018509300833e+04 1.001234465716048350e+00
6.075587044514680747e+04 1.003480849960054266e+00
6.075587070520060661e+04 1.009466937099160244e+00
6.075587096525439847e+04 9.936524696190247585e-01
6.075587122530819761e+04 9.867995104116555893e-01
6.075587148536199675e+04 9.933834787368350794e-01
6.075587174541581044e+04 1.002036355172342796e+00
6.075587200546960958e+04 9.965563063619226059e-01
6.075587226552340871e+04 9.906662374935917281e-01
6.075587252557720058e+04 9.920649200912183829e-01
6.075587278563099972e+04 9.893167837805763032e-01
6.075587304568479885e+04 9.945799284188856504e-01
6.075587330573859799e+04 9.818240001868664413e-01
6.075587356579239713e+04 1.002535943879535374e+00
6.075587382584619627e+04 1.004472936165603736e+00
6.075587408589998813e+04 1.020254449933495566e+00
6.075587434595378727e+04 9.967255963425251108e-01
6.075587460600759368e+04 9.823246819486070036e-01
6.075587486606140010e+04 9.932552016460639566e-01
6.075587512611519924e+04 1.006039410800958711e+00
6.075587538616899838e+04 1.018731880921603938e+00
6.075587564622279751e+04 9.916522556561022661e-01
6.075587590627658938e+04 9.931962125882555226e-01
6.075587616633038851e+04 9.867563856078044315e-01
6.075587642638418765e+04 1.001681252603813466e+00
6.075587668643798679e+04 9.935190925504749915e-01
6.075587694649178593e+04 1.012208444164506504e+00
6.075587720654558507e+04 9.887899580379335696e-01
6.075587746659937693e+04 1.001073841735123260e+00
6.075587772665318334e+04 1.008022984767028118e+00
6.075587798670698976e+04 9.944020613525974550e-01
6.075587824676078890e+04 9.999160868782744904e-01
6.075587850681458804e+04 9.934381440975005306e-01
6.075587876686838717e+04 9.844342703902888569e-01
6.075587902692218631e+04 9.870045048391340448e-01
6.075587928697597818e+04 1.007834611055407503e+00
6.075587954702977731e+04 9.986180994347658713e-01
6.075588115586427011e+04 9.941101650599356576e-01
6.075588141592496686e+04 9.915787061261206459e-01
6.075588167598567088e+04 9.949936091285318529e-01
6.075588193604636763e+04 9.918185076898902164e-01
6.075588219610707165e+04 9.983939958344240084e-01
6.075588245616777567e+04 9.917423098568987072e-01
6.075588271622847242e+04 9.817786695524093332e-01
6.075588297628917644e+04 1.006911497332971139e+00
6.075588323634988046e+04 1.003155127613192699e+00
6.075588349641056993e+04 1.014755697405802293e+00
6.075588375647127395e+04 9.887316372822091415e-01
6.075588401653197798e+04 9.901365378881868962e-01
6.075588427659268200e+04 9.940306520364942111e-01
6.075588453665338602e+04 9.982949079883066679e-01
6.075588479671408277e+04 9.875856991269312823e-01
6.075588505677478679e+04 1.004666841101882424e+00
6.075588531683548354e+04 9.896769977786297190e-01
6.075588557689618756e+04 9.889864793464528958e-01
6.075588583695689158e+04 9.943826442718073366e-01
6.075588609701758833e+04 9.989421300257587122e-01
6.075588635707829235e+04 1.002564166147316360e+00
6.075588661713899637e+04 9.906674334796653492e-01
6.075588687719969312e+04 1.013331686122131092e+00
6.075588713726038986e+04 9.814878213699849141e-01
6.075588739732109389e+04 9.945532877931100302e-01
6.075588765738179791e+04 9.987227236071570813e-01
6.075588791744250193e+04 9.792037283525177882e-01
6.075588817750319868e+04 1.005544318793828218e+00
6.075588843756390270e+04 9.881051117492022362e-01
6.075588869762460672e+04 9.916382194789790105e-01
6.075588895768530347e+04 9.934417536232703627e-01
6.075588921774600749e+04 9.968919836967982118e-01
6.075588947780670424e+04 9.906659242701615353e-01
6.075588973786740826e+04 1.013580278487890673e+00
6.075588999792811228e+04 1.003113789968305802e+00
6.075589025798880903e+04 1.000910378088438080e+00
6.075589051804952032e+04 1.016496805193077169e+00
6.075589077811021707e+04 1.003579622182486863e+00
6.075589103817091382e+04 1.002300505789000207e+00
6.075589129823161784e+04 9.789439608520182912e-01
6.075589155829231458e+04 9.954593300485107266e-01
6.075589181835301861e+04 9.990416501763268453e-01
6.075589207841372263e+04 1.003183380657868717e+00
6.075589233847442665e+04 1.012337498996217056e+00
6.075589259853513067e+04 9.868631690671526568e-01
6.075589285859582742e+04 1.004356246199562097e+00
6.075589311865652417e+04 1.010629031364483676e+00
6.075589337871722819e+04 9.938697524649996451e-01
6.075589363877793221e+04 1.005100472689406610e+00
6.075589389883863623e+04 9.939135639154910162e-01
6.075589415889933298e+04 1.007763335515476255e+00
6.075589441896003700e+04 9.851456976485077899e-01
6.075589467902074102e+04 1.006576790148316025e+00
6.075589493908143777e+04 1.006450418269312141e+00
6.075589519914213452e+04 9.998313454563264591e-01
6.075589545920283854e+04 1.006746432353992082e+00
6.075589571926354256e+04 9.986400404533690711e-01
6.075589597932424658e+04 9.929587340571296439e-01
6.075589623938494333e+04 9.882858012304293061e-01
6.075589649944564735e+04 1.009598353002349569e+00
6.075589675950635137e+04 1.003505956838165236e+00
6.075589701956705539e+04 9.874568010791804351e-01
6.075589727962775942e+04 9.986339944107701649e-01
6.075589753968844889e+04 1.021699103995399538e+00
6.075589779974915291e+04 1.022273178923312820e+00
6.075589805980985693e+04 9.870549137899574665e-01
6.075589831987055368e+04 1.005465320238468907e+00
6.075589857993125770e+04 9.971481329382781977e-01
6.075589883999196172e+04 9.961062870151473625e-01
6.075589910005266574e+04 1.001089697580637594e+00
6.075589936011336977e+04 1.009475460614011499e+00
6.075589962017406651e+04 1.006643510791782825e+00
6.075589988023477054e+04 1.001028425155600088e+00
6.075590014029546728e+04 1.000348677024736066e+00
6.075590040035617130e+04 9.995489177435858963e-01
6.075590066041687533e+04 1.023051863404392137e+00
6.075590092047757207e+04 1.007886079931396894e+00
6.075590118053827609e+04 9.933117383249914223e-01
6.075590144059898012e+04 1.005648950546629283e+00
6.075590170065967686e+04 9.826104450834846071e-01
6.075590196072038816e+04 9.957028727244626731e-01
6.075590222078108491e+04 1.000518793124643979e+00
6.075590248084178893e+04 1.003984064713575597e+00
6.075590274090249295e+04 1.006601812553556741e+00
6.075590300096318242e+04 1.008498277426332024e+00
6.075590326102388644e+04 9.942561713233880605e-01
6.075590352108459047e+04 1.005332279238178250e+00
6.075590378114529449e+04 1.011985585506845808e+00
6.075590404120599851e+04 1.003477006541060756e+00
6.075590430126669526e+04 9.987514438398188421e-01
6.075590456132739928e+04 1.002380620650970222e+00
6.075590482138810330e+04 1.009778880512042676e+00
6.075590508144880732e+04 1.001218425554177616e+00
6.075590534150951135e+04 1.001597039599329886e+00
6.075590560157020809e+04 1.019978872104439827e+00
6.075590586163091211e+04 1.003853521901257650e+00
6.075590612169160886e+04 1.005806009765882081e+00
6.075590638175230561e+04 9.955811668588048224e-01
6.075590664181300963e+04 1.019615468220793186e+00
6.075590690187371365e+04 9.976521672729423695e-01
6.075590716193441767e+04 1.020369054616934168e+00
6.075590742199512169e+04 1.007442986228167525e+00
6.075590768205581844e+04 1.002882883337343545e+00
6.075590794211652246e+04 1.013690079457308046e+00
6.075590820217722649e+04 1.011378361118058899e+00
6.075590846223793051e+04 1.015238041959661164e+00
6.075590872229863453e+04 1.007458869827293269e+00
6.075590898235933128e+04 1.006398766108397735e+00
6.075590924242003530e+04 1.014492193659315866e+00
6.075590950248073932e+04 9.997925750912387555e-01
6.075591106051386305e+04 9.966452092365729598e-01
6.075591132057445793e+04 1.002438027036798962e+00
6.075591158063505281e+04 9.928847365258482993e-01
6.075591184069564770e+04 1.014192973765470684e+00
6.075591210075624258e+04 9.949784873808530383e-01
6.075591236081683746e+04 9.980017778509376880e-01
6.075591262087743235e+04 9.863771448630125338e-01
6.075591288093802723e+04 1.008744725460359204e+00
6.075591314099862211e+04 1.001164384222337000e+00
6.075591340105922427e+04 9.935540959646270709e-01
6.075591366111981915e+04 9.893192064597540192e-01
6.075591392118041404e+04 1.018629607611249543e+00
6.075591418124100892e+04 1.005388213478849657e+00
6.075591444130160380e+04 1.000850260051967755e+00
6.075591470136219868e+04 1.004143019006485726e+00
6.075591496142279357e+04 1.017018703537982072e+00
6.075591522148338845e+04 1.003308463134700013e+00
6.075591548154399061e+04 9.892261592761315558e-01
6.075591574160458549e+04 1.010116914449652237e+00
6.075591600166518037e+04 1.002111750505409127e+00
6.075591626172577526e+04 1.000161629574562561e+00
6.075591652178637742e+04 9.988001848901678636e-01
6.075591678184697230e+04 9.994539748234104737e-01
6.075591704190756718e+04 1.003170291954929239e+00
6.075591730196816206e+04 1.018301607721858515e+00
6.075591756202875695e+04 1.020141058502723519e+00
6.075591782208935183e+04 1.002724237864582424e+00
6.075591808214994671e+04 1.012663770777387562e+00
6.075591834221054160e+04 1.004691918988865895e+00
6.075591860227113648e+04 1.020101361679235374e+00
6.075591886233173136e+04 1.022180731738802972e+00
6.075591912239232624e+04 9.945342151879233983e-01
6.075591938245292840e+04 1.006408905832179235e+00
6.075591964251352329e+04 1.004654335667899856e+00
6.075591990257411817e+04 9.967723565635421279e-01
6.075592016263471305e+04 1.020098920147631150e+00
6.075592042269530793e+04 9.891435338604709360e-01
6.075592068275590282e+04 1.002181971150632789e+00
6.075592094281649770e+04 9.779682458107853416e-01
6.075592120287709986e+04 1.001307165164230684e+00
6.075592146293769474e+04 1.021003571727748582e+00
6.075592172299828962e+04 9.991546153061787727e-01
6.075592198305888451e+04 9.999762924873940584e-01
6.075592224311948667e+04 1.020249498827258572e+00
6.075592250318008155e+04 9.993743284790742587e-01
6.075592276324067643e+04 1.000638471406188890e+00
6.075592302330127131e+04 9.968238609900614833e-01
6.075592328336186620e+04 9.767331074414704606e-01
6.075592354342246108e+04 1.021749951668558420e+00
6.075592380348305596e+04 9.936547686860699446e-01
6.075592406354365812e+04 1.015427576234932738e+00
6.075592432360425300e+04 1.005414481437078456e+00
6.075592458366484789e+04 1.004650737018739637e+00
6.075592484372544277e+04 1.006636907158159566e+00
6.075592510378604493e+04 9.923477112827904234e-01
6.075592536384663981e+04 9.812594028869189300e-01
6.075592562390723469e+04 1.000033818146212949e+00
6.075592588396782958e+04 1.000468059333316395e+00
6.075592614402842446e+04 9.973462193109760010e-01
6.075592640408901934e+04 1.002756241879572574e+00
6.075592666414961423e+04 1.006847738831074812e+00
6.075592692421020911e+04 1.002132062641940768e+00
6.075592718427081127e+04 1.000122103152078390e+00
6.075592744433140615e+04 1.005122428396547418e+00
6.075592770439200103e+04 1.013074976605915500e+00
6.075592796445260319e+04 1.005122307068096577e+00
6.075592822451319807e+04 1.006377224378647739e+00
6.075592848457379296e+04 1.007086225815349234e+00
6.075592874463438784e+04 1.001142448812047947e+00
6.075592900469498272e+04 1.005303164036150498e+00
6.075592926475557761e+04 1.022732906929347596e+00
6.075592952481617249e+04 1.004956973662837427e+00
6.075592978487676737e+04 9.812425397193960119e-01
6.075593004493736953e+04 9.981238645018386535e-01
6.075593030499796441e+04 1.011468213402813676e+00
6.075593056505855930e+04 1.006107649399824000e+00
6.075593082511916145e+04 1.011567551886809913e+00
6.075593108517975634e+04 1.010832152705288367e+00
6.075593134524035122e+04 1.009445071725105114e+00
6.075593160530094610e+04 1.018717020854015498e+00
6.075593186536154099e+04 9.990852759891648560e-01
6.075593212542213587e+04 9.960716606616790703e-01
6.075593238548273075e+04 9.998639429835151082e-01
6.075593264554332563e+04 9.954240125140504380e-01
6.075593290560392779e+04 1.006111177163436787e+00
6.075593316566452268e+04 1.010613407660529761e+00
6.075593342572511756e+04 1.011480425308326936e+00
6.075593368578571244e+04 1.001113707252666130e+00
6.075593394584631460e+04 9.918171782072398024e-01
6.075593420590690948e+04 1.015662737088474543e+00
6.075593446596750437e+04 9.862501322318248942e-01
6.075593472602809925e+04 1.004069205642625917e+00
6.075593498608869413e+04 9.817464506924928891e-01
6.075593524614928901e+04 9.917916693229927860e-01
6.075593550620988390e+04 1.011479359040474479e+00
6.075593576627048606e+04 9.895391470620331642e-01
6.075593602633108094e+04 9.947144970483987603e-01
6.075593628639167582e+04 1.007362376020294326e+00
6.075593654645227070e+04 1.000706535871872971e+00
6.075593680651287286e+04 9.952983655790345052e-01
6.075593706657346775e+04 1.001649719201033628e+00
6.075593732663406263e+04 9.872942895434015931e-01
6.075593758669465751e+04 1.005573845890322504e+00
6.075593784675525239e+04 1.015796440257504152e+00
6.075593810681584728e+04 9.976405265973123937e-01
6.075593836687644216e+04 1.016560485827728177e+00
6.075593862693704432e+04 9.947834219779602138e-01
6.075593888699763920e+04 9.819325037246936505e-01
6.075593914705823408e+04 1.013871522442065132e+00
6.075593940711883624e+04 9.951464279050065143e-01
6.075594106598430517e+04 9.937491370221354092e-01
6.075594132604500919e+04 1.013250421497098763e+00
6.075594158610571321e+04 9.955348556325737119e-01
6.075594184616640996e+04 1.004794244161378636e+00
6.075594210622711398e+04 9.920937930526388948e-01
6.075594236628781800e+04 1.000650794995660897e+00
6.075594262634852203e+04 9.872340469033917820e-01
6.075594288640922605e+04 9.925065497458658292e-01
6.075594314646992279e+04 1.005665058064689754e+00
6.075594340653063409e+04 9.917228434091176492e-01
6.075594366659133811e+04 1.018501333456325986e+00
6.075594392665203486e+04 9.889707989645922792e-01
6.075594418671273888e+04 9.937288493059639460e-01
6.075594444677344291e+04 9.805573501687624427e-01
6.075594470683414693e+04 9.990723027580146187e-01
6.075594496689485095e+04 9.863025949049626373e-01
6.075594522695554770e+04 9.879895007705840060e-01
6.075594548701625172e+04 9.889530947396243388e-01
6.075594574707695574e+04 9.993468257504056762e-01
6.075594600713765976e+04 9.921019296476440985e-01
6.075594626719836378e+04 9.956386844247286927e-01
6.075594652725906053e+04 9.959332816698844848e-01
6.075594678731976455e+04 9.923871562051728157e-01
6.075594704738046858e+04 1.006848625979135159e+00
6.075594730744116532e+04 9.994864575585858946e-01
6.075594756750187662e+04 9.915955030551257821e-01
6.075594782756257337e+04 1.000032310127084934e+00
6.075594808762328466e+04 9.966855261477386430e-01
6.075594834768398869e+04 1.015974585479835657e+00
6.075594860774468543e+04 9.987411240774410892e-01
6.075594886780538945e+04 9.825793479663845753e-01
6.075594912786609348e+04 9.932608675980959534e-01
6.075594938792679750e+04 9.978592493537120633e-01
6.075594964798750152e+04 1.013477169858571170e+00
6.075594990804819827e+04 1.012281256995370304e+00
6.075595016810890229e+04 9.850947530215274917e-01
6.075595042816960631e+04 9.834606041467299775e-01
6.075595068823031033e+04 9.937715346972729735e-01
6.075595094829101436e+04 1.002987047116501440e+00
6.075595120835171110e+04 1.000170247286560121e+00
6.075595146841241512e+04 9.986762217989572088e-01
6.075595172847312642e+04 1.019718356173177742e+00
6.075595198853382317e+04 1.011474003730169047e+00
6.075595224859452719e+04 1.012689306769869457e+00
6.075595250865523121e+04 1.002947017193373647e+00
6.075595276871593524e+04 9.933481258199220454e-01
6.075595302877663926e+04 1.001416066809060812e+00
6.075595328883733600e+04 1.002386578828028618e+00
6.075595354889804003e+04 9.891394957355523765e-01
6.075595380895874405e+04 9.903196947888504020e-01
6.075595406901944807e+04 9.959484632804455062e-01
6.075595432908015209e+04 9.914770509005994548e-01
6.075595458914084884e+04 9.938241053934792069e-01
6.075595484920156014e+04 9.795109204166900785e-01
6.075595510926226416e+04 9.987532883932704886e-01
6.075595536932296091e+04 9.997131007776234313e-01
6.075595562938366493e+04 1.005954707467260345e+00
6.075595588944436895e+04 1.011947538145960834e+00
6.075595614950507297e+04 9.952596540743838816e-01
6.075595640956577699e+04 1.006659622846735935e+00
6.075595666962647374e+04 9.868290053094846970e-01
6.075595692968717776e+04 1.006452959797651481e+00
6.075595718974788178e+04 9.961659639968678537e-01
6.075595744980858581e+04 9.987225982641551036e-01
6.075595770986929710e+04 1.004242957792584212e+00
6.075595796992999385e+04 9.807316827591084918e-01
6.075595822999069787e+04 9.979215897326120244e-01
6.075595849005140190e+04 9.977484743800851819e-01
6.075595875011209864e+04 1.009660047031252228e+00
6.075595901017280994e+04 1.000919749779833001e+00
6.075595927023350669e+04 9.855685576744338539e-01
6.075595953029421071e+04 1.005540591653371729e+00
6.075595979035491473e+04 9.919045766761718230e-01
6.075596005041561148e+04 9.962771132299713672e-01
6.075596031047632277e+04 1.015219962056238101e+00
6.075596057053702680e+04 1.023741440466455543e+00
6.075596083059773082e+04 1.016994955680569079e+00
6.075596109065843484e+04 9.858839466266909879e-01
6.075596135071913159e+04 1.006734432137304180e+00
6.075596161077983561e+04 9.957997736596889693e-01
6.075596187084053963e+04 1.000337935024630198e+00
6.075596213090124365e+04 1.002048358085132262e+00
6.075596239096194768e+04 9.928700920754347514e-01
6.075596265102265170e+04 1.004241917554035357e+00
6.075596291108335572e+04 9.976920714482531150e-01
6.075596317114405974e+04 9.848716503225511953e-01
6.075596343120475649e+04 9.931435653220086479e-01
6.075596369126546051e+04 1.010456974019501075e+00
6.075596395132616453e+04 1.001349923679684784e+00
6.075596421138686856e+04 9.896266528031413268e-01
6.075596447144757258e+04 9.853334116546422772e-01
6.075596473150827660e+04 1.008293390343757423e+00
6.075596499156898062e+04 9.976955110924432546e-01
6.075596525162968464e+04 9.964984250763093687e-01
6.075596551169038867e+04 1.000438255070349225e+00
6.075596577175109269e+04 9.929706331120548013e-01
6.075596603181178943e+04 9.960045266239960782e-01
6.075596629187249346e+04 9.915013236412020259e-01
6.075596655193319748e+04 1.002438149059824646e+00
6.075596681199390150e+04 9.892189202726137109e-01
6.075596707205460552e+04 9.836888785706593419e-01
6.075596733211530955e+04 9.938630801370238466e-01
6.075596759217601357e+04 1.006591343430905061e+00
6.075596785223671759e+04 1.009326421714214606e+00
6.075596811229741434e+04 9.864592111069482305e-01
6.075596837235811836e+04 1.008520770378063869e+00
6.075596863241882238e+04 1.006158017691579198e+00
6.075596889247953368e+04 9.867437210019632809e-01
6.075596915254023770e+04 9.874046851435074323e-01
6.075596941260093445e+04 1.004659023822737751e+00
6.075597102105359954e+04 1.003929905683353496e+00
6.075597128111420170e+04 1.007258722888601854e+00
6.075597154117479658e+04 9.838125398211697847e-01
6.075597180123539147e+04 1.009562115091120038e+00
6.075597206129598635e+04 1.003848181472223988e+00
6.075597232135658123e+04 9.957378593188570548e-01
6.075597258141718339e+04 1.003290574385556466e+00
6.075597284147777827e+04 1.003132035079692397e+00
6.075597310153837316e+04 1.003406673149372930e+00
6.075597336159897532e+04 1.011180054334723355e+00
6.075597362165957020e+04 1.010329489714577589e+00
6.075597388172016508e+04 1.001528689457195975e+00
6.075597414178077452e+04 1.002359348355209567e+00
6.075597440184136940e+04 9.923241238639660677e-01
6.075597466190196428e+04 9.986646609894029858e-01
6.075597492196255916e+04 9.795106092789319652e-01
6.075597518202315405e+04 1.003507484532826455e+00
6.075597544208374893e+04 9.974776810724778064e-01
6.075597570214434381e+04 1.009536345345893871e+00
6.075597596220494597e+04 1.014091688105316580e+00
6.075597622226554813e+04 1.009232568288138898e+00
6.075597648232614301e+04 9.998368117283398249e-01
6.075597674238673790e+04 9.996247318403012061e-01
6.075597700244734006e+04 1.003516574831745167e+00
6.075597726250793494e+04 9.806925388663805254e-01
6.075597752256853710e+04 1.015595666317286483e+00
6.075597778262913198e+04 9.982607875036666467e-01
6.075597804268972686e+04 1.009129005605764018e+00
6.075597830275032175e+04 1.002605391989553674e+00
6.075597856281091663e+04 1.001579873025229217e+00
6.075597882287151151e+04 1.007199215843186613e+00
6.075597908293212095e+04 9.798483638078275826e-01
6.075597934299271583e+04 1.004074052298804087e+00
6.075597960305331071e+04 1.010350085364496220e+00
6.075597986311390559e+04 1.011228178699462132e+00
6.075598012317450775e+04 1.011525495974656019e+00
6.075598038323510264e+04 9.920025277419390886e-01
6.075598064329570479e+04 9.877911439631482660e-01
6.075598090335629968e+04 9.963088045479454591e-01
6.075598116341689456e+04 9.903452011064657334e-01
6.075598142347748944e+04 1.001439097790893795e+00
6.075598168353808433e+04 1.006436654528623631e+00
6.075598194359869376e+04 1.017528524527284706e+00
6.075598220365928864e+04 1.002156231061754443e+00
6.075598246371988353e+04 1.001174282195625764e+00
6.075598272378047841e+04 1.005079434320578669e+00
6.075598298384108057e+04 9.995992429430378134e-01
6.075598324390167545e+04 9.974346248484606825e-01
6.075598350396227761e+04 9.886938032310171875e-01
6.075598376402287249e+04 1.008483352128338950e+00
6.075598402408346738e+04 1.000821801293217739e+00
6.075598428414406226e+04 1.011646899042098813e+00
6.075598454420465714e+04 9.907848303374318100e-01
6.075598480426526658e+04 1.008997517155905133e+00
6.075598506432586146e+04 1.001201837689715379e+00
6.075598532438645634e+04 1.004504135643434104e+00
6.075598558444705122e+04 1.003563466574275864e+00
6.075598584450765338e+04 1.000234589357077430e+00
6.075598610456825554e+04 9.972938451894585166e-01
6.075598636462885042e+04 9.971303580362618213e-01
6.075598662468944531e+04 1.016103914566106603e+00
6.075598688475004019e+04 1.016371082292016670e+00
6.075598714481063507e+04 1.009346561986273594e+00
6.075598740487123723e+04 1.021124851004169942e+00
6.075598766493183211e+04 1.006349970861908361e+00
6.075598792499243427e+04 1.004761272983416331e+00
6.075598818505302916e+04 9.945053809668586986e-01
6.075598844511362404e+04 1.006864832343552951e+00
6.075598870517423347e+04 9.960644908108223783e-01
6.075598896523482836e+04 9.943675130831357567e-01
6.075598922529542324e+04 1.011187789498922740e+00
6.075598948535601812e+04 1.016773388217930396e+00
6.075598974541661300e+04 1.001654112959885046e+00
6.075599000547721516e+04 1.006995427669801213e+00
6.075599026553781005e+04 1.012951647778631559e+00
6.075599052559840493e+04 1.008556808917504766e+00
6.075599078565900709e+04 9.899295873395687062e-01
6.075599104571960197e+04 1.022870851402899461e+00
6.075599130578020413e+04 1.004511212336731685e+00
6.075599156584080629e+04 1.004593792394818719e+00
6.075599182590140117e+04 9.940359133170834083e-01
6.075599208596199605e+04 9.939392944287753773e-01
6.075599234602259094e+04 1.000940142450475134e+00
6.075599260608319310e+04 1.002429827918204452e+00
6.075599286614378798e+04 1.010468748127797634e+00
6.075599312620438286e+04 9.918873448377841795e-01
6.075599338626497774e+04 1.002639172329995443e+00
6.075599364632558718e+04 1.000854171993556196e+00
6.075599390638618206e+04 1.000818706898765287e+00
6.075599416644677694e+04 1.006517292893254867e+00
6.075599442650737910e+04 1.007472073664515744e+00
6.075599468656797399e+04 1.000845309278826090e+00
6.075599494662857614e+04 1.022845112065545514e+00
6.075599520668917103e+04 9.924473010255391303e-01
6.075599546674976591e+04 9.948203467806645550e-01
6.075599572681036079e+04 1.005762929487920898e+00
6.075599598687096295e+04 9.928196382606947479e-01
6.075599624693155783e+04 1.007645465916445993e+00
6.075599650699215999e+04 9.969657252942997205e-01
6.075599676705275488e+04 9.890855666393697510e-01
6.075599702711334976e+04 1.013755651331547769e+00
6.075599728717395192e+04 9.999143789546519612e-01
6.075599754723455408e+04 9.948655838744955293e-01
6.075599780729514896e+04 1.010923738546049222e+00
6.075599806735574384e+04 9.964765867319369530e-01
6.075599832741634600e+04 1.015009322200215891e+00
6.075599858747694088e+04 1.009105278961724084e+00
6.075599884753753577e+04 1.003264054085888368e+00
6.075599910759813065e+04 1.018807357560369109e+00
6.075599936765874008e+04 1.009806559977842300e+00
6.075600091310295102e+04 9.921928758053785158e-01
6.075600117316365504e+04 9.873667221933910554e-01
6.075600143322435179e+04 1.003336766511320421e+00
6.075600169328505581e+04 9.931572348824683205e-01
6.075600195334576711e+04 1.005792502132615063e+00
6.075600221340647113e+04 1.011811035594226027e+00
6.075600247346717515e+04 9.981507061800969360e-01
6.075600273352787190e+04 1.001388354008005077e+00
6.075600299358858319e+04 1.006720164828561970e+00
6.075600325364928722e+04 1.018594157862732441e+00
6.075600351370998396e+04 1.003524213550628819e+00
6.075600377377069526e+04 9.917535068827749711e-01
6.075600403383139928e+04 1.021394595391632132e+00
6.075600429389210331e+04 9.907244991709547310e-01
6.075600455395280733e+04 9.983854858709920732e-01
6.075600481401350407e+04 1.012970661664130301e+00
6.075600507407421537e+04 1.016454741708211040e+00
6.075600533413491939e+04 1.011067872832731362e+00
6.075600559419562342e+04 1.008583911516210074e+00
6.075600585425632744e+04 9.905592094516091350e-01
6.075600611431703146e+04 1.015073216810403522e+00
6.075600637437773548e+04 1.021793350767741471e+00
6.075600663443843951e+04 1.001389903479222632e+00
6.075600689449914353e+04 1.001769085065789655e+00
6.075600715455985483e+04 1.006560219884966578e+00
6.075600741462055157e+04 1.001481927090783985e+00
6.075600767468125559e+04 1.015147532620060522e+00
6.075600793474195962e+04 1.003986713537719622e+00
6.075600819480266364e+04 1.003775786759219857e+00
6.075600845486336766e+04 9.936266778643508824e-01
6.075600871492407168e+04 1.017228158297568408e+00
6.075600897498478298e+04 1.003787754117520858e+00
6.075600923504548700e+04 1.014098348746542699e+00
6.075600949510618375e+04 1.013247546628746276e+00
6.075600975516688777e+04 9.863632379888883639e-01
6.075601001522759907e+04 1.008776011012698870e+00
6.075601027528830309e+04 9.946299013099924036e-01
6.075601053534900711e+04 1.005059650169132901e+00
6.075601079540970386e+04 1.013467332394365039e+00
6.075601105547041516e+04 1.006254910992766316e+00
6.075601131553111918e+04 9.770132369846263876e-01
6.075601157559181593e+04 1.008683825145391566e+00
6.075601183565252722e+04 1.011077016132943207e+00
6.075601209571323125e+04 1.011807923125730202e+00
6.075601235577393527e+04 9.992318920331618726e-01
6.075601261583463929e+04 9.970016081223163074e-01
6.075601287589534331e+04 9.983235414612835479e-01
6.075601313595604734e+04 9.985017771622992644e-01
6.075601339601675136e+04 9.933104610990169947e-01
6.075601365607746266e+04 1.015639841819917955e+00
6.075601391613816668e+04 9.965331913664478014e-01
6.075601417619886342e+04 1.007717345770415829e+00
6.075601443625956745e+04 1.012139672347169617e+00
6.075601469632027874e+04 1.011823528924621796e+00
6.075601495638097549e+04 1.008617935089285655e+00
6.075601521644168679e+04 9.981438989593274247e-01
6.075601547650239081e+04 1.016234873536428829e+00
6.075601573656309483e+04 1.001020176070827716e+00
6.075601599662379886e+04 1.005005494900007346e+00
6.075601625668450288e+04 1.026815549197650945e+00
6.075601651674520690e+04 1.004535964446366947e+00
6.075601677680591092e+04 1.019489181422126300e+00
6.075601703686661494e+04 1.001348566876304913e+00
6.075601729692732624e+04 1.005769633234560034e+00
6.075601755698802299e+04 1.003164884913774868e+00
6.075601781704872701e+04 9.922998789151474819e-01
6.075601807710943831e+04 9.987557794536140454e-01
6.075601833717014233e+04 1.013357706285766602e+00
6.075601859723084635e+04 1.012174116467398965e+00
6.075601885729155038e+04 1.015259536039976540e+00
6.075601911735225440e+04 9.924376109674490909e-01
6.075601937741295842e+04 9.901194611636353615e-01
6.075601963747365517e+04 1.000542577633314778e+00
6.075601989753436646e+04 9.910141024720577896e-01
6.075602015759507049e+04 1.002779327228875195e+00
6.075602041765577451e+04 1.000018134442392181e+00
6.075602067771648581e+04 1.020827622848940797e+00
6.075602093777718255e+04 1.001121126995800026e+00
6.075602119783788658e+04 9.857029674705566347e-01
6.075602145789859787e+04 1.002224369506772961e+00
6.075602171795930190e+04 9.933063852043193531e-01
6.075602197802000592e+04 1.000698175777290588e+00
6.075602223808070994e+04 1.011883044554813482e+00
6.075602249814141396e+04 1.014142232579319680e+00
6.075602275820211798e+04 1.006966397610504549e+00
6.075602301826282201e+04 1.000372855824661400e+00
6.075602327832352603e+04 9.948830428983713725e-01
6.075602353838423005e+04 9.966002535082688629e-01
6.075602379844494135e+04 9.999831976011365198e-01
6.075602405850564537e+04 9.958319150866948855e-01
6.075602431856634212e+04 1.006865178565587327e+00
6.075602457862704614e+04 1.002119067381571860e+00
6.075602483868775744e+04 1.009199023376634363e+00
6.075602509874846146e+04 1.011839543090210070e+00
6.075602535880916548e+04 1.005125743883810818e+00
6.075602561886986950e+04 1.004812347796634420e+00
6.075602587893057353e+04 9.888344214096539408e-01
6.075602613899127755e+04 1.001337221322573745e+00
6.075602639905198885e+04 9.896161349780919769e-01
6.075602665911269287e+04 9.852608808516939431e-01
6.075602691917338962e+04 1.000902416537663875e+00
6.075602717923410091e+04 9.931801393640327102e-01
6.075602743929480494e+04 1.020000426453433917e+00
6.075602769935550168e+04 1.004495162712276679e+00
6.075602795941621298e+04 1.006450955429169847e+00
6.075602821947691700e+04 1.001224236623946773e+00
6.075602847953762102e+04 9.889215112662175233e-01
6.075602873959833232e+04 1.008617954881933398e+00
6.075602899965902907e+04 1.006586634245718814e+00
6.075602925971973309e+04 1.001164434832900740e+00
6.075603093119423283e+04 9.834021548219655795e-01
6.075603119125482772e+04 9.967534547460242811e-01
6.075603145131542988e+04 1.009026263399543710e+00
6.075603171137602476e+04 1.009255404373277321e+00
6.075603197143662692e+04 9.914282942081917849e-01
6.075603223149722908e+04 1.007964385475457192e+00
6.075603249155782396e+04 1.004483711248789879e+00
6.075603275161842612e+04 1.007540080063746624e+00
6.075603301167902100e+04 9.999164707209017289e-01
6.075603327173962316e+04 1.002625345609187368e+00
6.075603353180022532e+04 9.912064739021333448e-01
6.075603379186082020e+04 9.997611528378843593e-01
6.075603405192141508e+04 9.949109049407968142e-01
6.075603431198201724e+04 1.005657084258900547e+00
6.075603457204261213e+04 9.804512122442267108e-01
6.075603483210320701e+04 9.798682366441258118e-01
6.075603509216381644e+04 9.987771293157441388e-01
6.075603535222441133e+04 9.906301663068131091e-01
6.075603561228501349e+04 1.007791362571090810e+00
6.075603587234560837e+04 9.797542618673580339e-01
6.075603613240621053e+04 9.825190196756242722e-01
6.075603639246681269e+04 9.986018817920302437e-01
6.075603665252740757e+04 1.002650803454599338e+00
6.075603691258800245e+04 1.008150368142162412e+00
6.075603717264860461e+04 9.909749101877097788e-01
6.075603743270919949e+04 1.017096595342905863e+00
6.075603769276979438e+04 9.947607971045877573e-01
6.075603795283040381e+04 9.839901091702702995e-01
6.075603821289099869e+04 9.997471141646110393e-01
6.075603847295160085e+04 9.941189848169361687e-01
6.075603873301219573e+04 9.931766863172152293e-01
6.075603899307279789e+04 9.986176063175237205e-01
6.075603925313340005e+04 9.945338729520993848e-01
6.075603951319399494e+04 9.950571432771985192e-01
6.075603977325458982e+04 9.999744907295377017e-01
6.075604003331519198e+04 9.965090385531415462e-01
6.075604029337578686e+04 1.015277143391937642e+00
6.075604055343638902e+04 1.003563547510690768e+00
6.075604081349698390e+04 1.007093870172105499e+00
6.075604107355758606e+04 1.008806290487997526e+00
6.075604133361818822e+04 1.008777137364941678e+00
6.075604159367878310e+04 1.006193707134078075e+00
6.075604185373938526e+04 9.774379555818829557e-01
6.075604211379998742e+04 1.003401012235682677e+00
6.075604237386058230e+04 1.001866178963810361e+00
6.075604263392118446e+04 1.005627717301553981e+00
6.075604289398177934e+04 1.001083884209867492e+00
6.075604315404237423e+04 1.008324932246375427e+00
6.075604341410297639e+04 1.003916638343081313e+00
6.075604367416357127e+04 9.904039894660129351e-01
6.075604393422418070e+04 9.954743594128175888e-01
6.075604419428477559e+04 9.822908010619870733e-01
6.075604445434537047e+04 9.920664848214376663e-01
6.075604471440597990e+04 9.917845528056622451e-01
6.075604497446657479e+04 1.003082065526082367e+00
6.075604523452717694e+04 1.012678310331571074e+00
6.075604549458777183e+04 1.007979267089002429e+00
6.075604575464836671e+04 1.002686038891448472e+00
6.075604601470896887e+04 1.009467336458136355e+00
6.075604627476956375e+04 1.000324045398286898e+00
6.075604653483016591e+04 1.010723189554651125e+00
6.075604679489076807e+04 9.741728275597848485e-01
6.075604705495136295e+04 9.991711902855251459e-01
6.075604731501196511e+04 9.953920487085590185e-01
6.075604757507256727e+04 1.001910791957798530e+00
6.075604783513316943e+04 9.989008726710063568e-01
6.075604809519376431e+04 9.918153883016177508e-01
6.075604835525435919e+04 1.006396844819003933e+00
6.075604861531496135e+04 1.010838531445359623e+00
6.075604887537555624e+04 9.930806999625593212e-01
6.075604913543615839e+04 9.851950472007480197e-01
6.075604939549675328e+04 1.004299134527201209e+00
6.075604965555735544e+04 9.916913932001205634e-01
6.075604991561795759e+04 9.810106605824575610e-01
6.075605017567855248e+04 1.001929389078118904e+00
6.075605043573915464e+04 1.009891732431453137e+00
6.075605069579975680e+04 9.942163818193424651e-01
6.075605095586035168e+04 9.955601777291327448e-01
6.075605121592095384e+04 9.931093483617428053e-01
6.075605147598154872e+04 1.021018090932627409e+00
6.075605173604215088e+04 1.004475212866023259e+00
6.075605199610274576e+04 1.012569412362858801e+00
6.075605225616334792e+04 1.017248820261552833e+00
6.075605251622395008e+04 1.002524748476660177e+00
6.075605277628454496e+04 9.850211425570044588e-01
6.075605303634514712e+04 9.917898334315484732e-01
6.075605329640574200e+04 1.006331254707229172e+00
6.075605355646635144e+04 1.005480134005428461e+00
6.075605381652694632e+04 9.863501916913600676e-01
6.075605407658754848e+04 9.951109699778396545e-01
6.075605433664814336e+04 9.930075211453872619e-01
6.075605459670873825e+04 1.011631189662724362e+00
6.075605485676934040e+04 9.910366513028250335e-01
6.075605511682993529e+04 1.010673012637872459e+00
6.075605537689054472e+04 9.945583110918363445e-01
6.075605563695113960e+04 1.014541259854180977e+00
6.075605589701174176e+04 9.833647389730101329e-01
6.075605615707233665e+04 1.003036822051545762e+00
6.075605641713293880e+04 1.001372058419848221e+00
6.075605667719354096e+04 9.897534291048512012e-01
6.075605693725413585e+04 9.953709812007555113e-01
6.075605719731473800e+04 9.906060103182038334e-01
6.075605745737533289e+04 1.008102772578433504e+00
6.075605771743593505e+04 1.007722625901223967e+00
6.075605797749652993e+04 1.004272073683342592e+00
6.075605823755713209e+04 1.009917296001408227e+00
6.075605849761773425e+04 9.904766519571756023e-01
6.075605875767832913e+04 9.754892161354002944e-01
6.075605901773893129e+04 1.006353095864667369e+00
6.075605927779953345e+04 9.880317040037726040e-01
6.075606082322710427e+04 9.991268582793778608e-01
6.075606108328780829e+04 9.975837248530990964e-01
6.075606134334851231e+04 9.895844925288732608e-01
6.075606160340922361e+04 1.005332544239662784e+00
6.075606186346992035e+04 1.011358661634673695e+00
6.075606212353063165e+04 1.000888793614969297e+00
6.075606238359133567e+04 1.002191804381732165e+00
6.075606264365204697e+04 1.003021403238174791e+00
6.075606290371275099e+04 1.008206123243647445e+00
6.075606316377345502e+04 1.013230523238398684e+00
6.075606342383415904e+04 1.017094590540583487e+00
6.075606368389486306e+04 1.006633009564783521e+00
6.075606394395557436e+04 1.002659508755221474e+00
6.075606420401627838e+04 1.013044222048205212e+00
6.075606446407698240e+04 9.955749446229877897e-01
6.075606472413768643e+04 1.004285915851657274e+00
6.075606498419839772e+04 1.000426327685206118e+00
6.075606524425910175e+04 1.000973863379059692e+00
6.075606550431981304e+04 9.861443366283900724e-01
6.075606576438050979e+04 9.972726670316711672e-01
6.075606602444122109e+04 1.014034379214483694e+00
6.075606628450192511e+04 1.005249484393264003e+00
6.075606654456262913e+04 1.003859796402435389e+00
6.075606680462333316e+04 1.005034642326032124e+00
6.075606706468404445e+04 9.868674354430782003e-01
6.075606732474474848e+04 9.990859303920799350e-01
6.075606758480545250e+04 9.988733338685075180e-01
6.075606784486615652e+04 9.876158987104026732e-01
6.075606810492686054e+04 9.989988286184944277e-01
6.075606836498757184e+04 1.011957288573033020e+00
6.075606862504827586e+04 1.011412508466037918e+00
6.075606888510898716e+04 9.880637466534010205e-01
6.075606914516968391e+04 1.005784855554710200e+00
6.075606940523039520e+04 1.004907770651376930e+00
6.075606966529109923e+04 1.003823640615296497e+00
6.075606992535180325e+04 1.018111610052290006e+00
6.075607018541250727e+04 9.869928888248475918e-01
6.075607044547321857e+04 1.006625566976501407e+00
6.075607070553392259e+04 1.004371706898877115e+00
6.075607096559463389e+04 9.976520278645180095e-01
6.075607122565533064e+04 1.002526816970314094e+00
6.075607148571604193e+04 9.968429825860621873e-01
6.075607174577674596e+04 9.961830298252140059e-01
6.075607200583745725e+04 1.006975432050352559e+00
6.075607226589816128e+04 1.012638095501179114e+00
6.075607252595886530e+04 1.010228328838081557e+00
6.075607278601956932e+04 1.007306709119783594e+00
6.075607304608028062e+04 1.008601070974105784e+00
6.075607330614097737e+04 1.008578306827252691e+00
6.075607356620169594e+04 1.009656264192186903e+00
6.075607382626239269e+04 1.000842041884761446e+00
6.075607408632310398e+04 9.885362058840304611e-01
6.075607434638380801e+04 1.018618308676003004e+00
6.075607460644451203e+04 9.940816256251089333e-01
6.075607486650521605e+04 9.985673759769466695e-01
6.075607512656592735e+04 9.945896323949143802e-01
6.075607538662663137e+04 1.003586165236949768e+00
6.075607564668734267e+04 9.912614222280080600e-01
6.075607590674803942e+04 1.005981025744662416e+00
6.075607616680875071e+04 1.028205905203150472e+00
6.075607642686945474e+04 1.008265978014157849e+00
6.075607668693016603e+04 9.978755593736342577e-01
6.075607694699087006e+04 9.976588912914520213e-01
6.075607720705157408e+04 1.006828134114436057e+00
6.075607746711227810e+04 1.004855434871809283e+00
6.075607772717298940e+04 1.007271131681051202e+00
6.075607798723368614e+04 1.019140897625488984e+00
6.075607824729439744e+04 9.943559992639375844e-01
6.075607850735510146e+04 9.921676895480903147e-01
6.075607876741581276e+04 9.947545359157891065e-01
6.075607902747651679e+04 1.005281838361794966e+00
6.075607928753722081e+04 1.006009245029926280e+00
6.075607954759792483e+04 9.978337307678121215e-01
6.075607980765863613e+04 1.017108286695836972e+00
6.075608006771934015e+04 9.972860159877405817e-01
6.075608032778005145e+04 1.015179153401368328e+00
6.075608058784074819e+04 1.023475328067242174e+00
6.075608084790145949e+04 1.014067360972437104e+00
6.075608110796216351e+04 1.019810994889305933e+00
6.075608136802286754e+04 1.011702268682223016e+00
6.075608162808357156e+04 1.003903421584093625e+00
6.075608188814428286e+04 1.022619412263319205e+00
6.075608214820498688e+04 1.012217644337727984e+00
6.075608240826569818e+04 9.988440324176792728e-01
6.075608266832639492e+04 1.007841683532017418e+00
6.075608292838710622e+04 9.931614373837530652e-01
6.075608318844781024e+04 1.009216343189764942e+00
6.075608344850852154e+04 1.007847375805380974e+00
6.075608370856922556e+04 1.005116356419909263e+00
6.075608396862992959e+04 1.008460064013176449e+00
6.075608422869064088e+04 9.927079906678486498e-01
6.075608448875134491e+04 1.021400985793456506e+00
6.075608474881204893e+04 1.013880819398262467e+00
6.075608500887276023e+04 9.881062749093150188e-01
6.075608526893346425e+04 9.939520394288573479e-01
6.075608552899416827e+04 1.016902247293703265e+00
6.075608578905487957e+04 1.000226093870017596e+00
6.075608604911557632e+04 1.017310955991924226e+00
6.075608630917628761e+04 1.002898403737801480e+00
6.075608656923699164e+04 9.954964292041454943e-01
6.075608682929770293e+04 9.966442646766160429e-01
6.075608708935840696e+04 1.010571836290174774e+00
6.075608734941911098e+04 9.931225027838415098e-01
6.075608760947981500e+04 1.008958081063601187e+00
6.075608786954052630e+04 9.947925704347609921e-01
6.075608812960123760e+04 1.009259144525059160e+00
6.075608838966194162e+04 9.941975746288176374e-01
6.075608864972264564e+04 9.937989005376818286e-01
6.075608890978334966e+04 9.718464307872928254e-01
6.075608916984406096e+04 1.011184927073623507e+00
6.075609076569380704e+04 9.978417747241837832e-01
6.075609102575441648e+04 1.006889003894670287e+00
6.075609128581501136e+04 1.020111782661829558e+00
6.075609154587561352e+04 1.010004343363324342e+00
6.075609180593621568e+04 1.019318624354550229e+00
6.075609206599681784e+04 9.953557104394803456e-01
6.075609232605741272e+04 1.022958881430868550e+00
6.075609258611801488e+04 1.003730142869968756e+00
6.075609284617860976e+04 1.003122020096211431e+00
6.075609310623921192e+04 9.842940799985923084e-01
6.075609336629981408e+04 1.011161780707638069e+00
6.075609362636040896e+04 9.973689689248164125e-01
6.075609388642101840e+04 1.014757894520188497e+00
6.075609414648161328e+04 1.005835515567828464e+00
6.075609440654221544e+04 1.010451157986415494e+00
6.075609466660281760e+04 9.953913013003661270e-01
6.075609492666341976e+04 1.000929713583392777e+00
6.075609518672402191e+04 1.011185402416348245e+00
6.075609544678461680e+04 1.008199999601672392e+00
6.075609570684521896e+04 1.013638302974311678e+00
6.075609596690581384e+04 1.009941231840030706e+00
6.075609622696641600e+04 1.000424229927691533e+00
6.075609648702701088e+04 9.975321801627574647e-01
6.075609674708762032e+04 1.013957053658637975e+00
6.075609700714822247e+04 1.007077882981894490e+00
6.075609726720881736e+04 1.011697480062375254e+00
6.075609752726942679e+04 1.004677423248683921e+00
6.075609778733002167e+04 1.008760131435730178e+00
6.075609804739062383e+04 1.002723777618350187e+00
6.075609830745121872e+04 1.000177640550430347e+00
6.075609856751182087e+04 9.823209216894384088e-01
6.075609882757242303e+04 1.002550892541690608e+00
6.075609908763301792e+04 1.012802339284313513e+00
6.075609934769362008e+04 1.011090472908723337e+00
6.075609960775422223e+04 1.012561505469539602e+00
6.075609986781482439e+04 1.005974042156813963e+00
6.075610012787541928e+04 9.942450505857849397e-01
6.075610038793602143e+04 1.005437958890366135e+00
6.075610064799663087e+04 9.974116326590558579e-01
6.075610090805722575e+04 1.009943509014116447e+00
6.075610116811782791e+04 9.978135586013500147e-01
6.075610142817842279e+04 1.005061264121729359e+00
6.075610168823902495e+04 9.953311373911573057e-01
6.075610194829962711e+04 9.933982980833760967e-01
6.075610220836022199e+04 1.016050814672359692e+00
6.075610246842083143e+04 1.005233867990507735e+00
6.075610272848142631e+04 1.015989176904406266e+00
6.075610298854202847e+04 1.005822026528401913e+00
6.075610324860263063e+04 1.002108413832093703e+00
6.075610350866323279e+04 1.024114537056308283e+00
6.075610376872383495e+04 1.003526036373339592e+00
6.075610402878442983e+04 9.981657272942834336e-01
6.075610428884503199e+04 1.012414198067477900e+00
6.075610454890563415e+04 1.010330120428229783e+00
6.075610480896622903e+04 1.019280505093635547e+00
6.075610506902683119e+04 1.002214427198956370e+00
6.075610532908743335e+04 9.999513704896270117e-01
6.075610558914803551e+04 1.018673522548195542e+00
6.075610584920863766e+04 1.014819445944678433e+00
6.075610610926923255e+04 9.909969378473382218e-01
6.075610636932984198e+04 1.002715412479340040e+00
6.075610662939043686e+04 9.868793816946195285e-01
6.075610688945103902e+04 1.008073005410450085e+00
6.075610714951164118e+04 9.944655485349104262e-01
6.075610740957223607e+04 1.015119734014145569e+00
6.075610766963283822e+04 1.013118775623818690e+00
6.075610792969343311e+04 1.002938332289980305e+00
6.075610818975403527e+04 9.947557998570338844e-01
6.075610844981464470e+04 9.862192374632644531e-01
6.075610870987523958e+04 1.002841021733700266e+00
6.075610896993584174e+04 1.010189990019131789e+00
6.075610922999644390e+04 9.952523684568942430e-01
6.075610949005704606e+04 1.005604856820480730e+00
6.075610975011764822e+04 1.018657608568837913e+00
6.075611001017824310e+04 9.934165665133243284e-01
6.075611027023884526e+04 9.969735401352352033e-01
6.075611053029944742e+04 9.988657821433329920e-01
6.075611079036004230e+04 1.001529234784651390e+00
6.075611105042064446e+04 9.922459164778691942e-01
6.075611131048124662e+04 1.001089784118083692e+00
6.075611157054184878e+04 9.912915339966089645e-01
6.075611183060245094e+04 9.803579754289388770e-01
6.075611209066305310e+04 9.978451839224451447e-01
6.075611235072365525e+04 1.008780687726961389e+00
6.075611261078425741e+04 9.995050876046702726e-01
6.075611287084485230e+04 9.864915743293697359e-01
6.075611313090545445e+04 9.924848519800344437e-01
6.075611339096604934e+04 1.006029607879146193e+00
6.075611365102665150e+04 1.008532658674865967e+00
6.075611391108725365e+04 1.008852092870067718e+00
6.075611417114785581e+04 1.007769224878752423e+00
6.075611443120845797e+04 9.998797590265265933e-01
6.075611469126906013e+04 9.974385712411754090e-01
6.075611495132966229e+04 9.790608026913240058e-01
6.075611521139026445e+04 1.013012224377511261e+00
6.075611547145085933e+04 9.856753960800063163e-01
6.075611573151146149e+04 9.892465493669584387e-01
6.075611599157206365e+04 9.967144713128145428e-01
6.075611625163265853e+04 1.003796909058297215e+00
6.075611651169326069e+04 9.991579047021688087e-01
6.075611677175386285e+04 9.949826661566617547e-01
6.075611703181446501e+04 1.013758107977685397e+00
6.075611729187506717e+04 1.006122108882318233e+00
6.075611755193566933e+04 9.929842411370944921e-01
6.075611781199626421e+04 1.001687304356383201e+00
6.075611807205687364e+04 1.001632684071154467e+00
6.075611833211747580e+04 9.890168987098439946e-01
6.075611859217807068e+04 9.894301767152786642e-01
6.075611885223867284e+04 9.824236847955594154e-01
6.075611911229926773e+04 9.849433038394448392e-01
6.075612077117233275e+04 9.878896703195343409e-01
6.075612103123303677e+04 9.968896814939068873e-01
6.075612129129374080e+04 9.972101965248844069e-01
6.075612155135445209e+04 1.003428705083484029e+00
6.075612181141516339e+04 9.908496323625198832e-01
6.075612207147586741e+04 1.013220679098342902e+00
6.075612233153657144e+04 1.006188674424366214e+00
6.075612259159728274e+04 9.989439291564755630e-01
6.075612285165798676e+04 1.011787505856009295e+00
6.075612311171869806e+04 1.011543648340897494e+00
6.075612337177940935e+04 9.704109430126046654e-01
6.075612363184010610e+04 9.967504387340417882e-01
6.075612389190081740e+04 9.887052516569965199e-01
6.075612415196152870e+04 9.825348262632315199e-01
6.075612441202222544e+04 9.923203050592918073e-01
6.075612467208293674e+04 1.008881511331063852e+00
6.075612493214364804e+04 9.779384004572787559e-01
6.075612519220435206e+04 1.002707708330442760e+00
6.075612545226506336e+04 9.938387250687712449e-01
6.075612571232576738e+04 1.011500656067917614e+00
6.075612597238647140e+04 1.004630391872603168e+00
6.075612623244718270e+04 1.001243714600155377e+00
6.075612649250789400e+04 9.861463811099050458e-01
6.075612675256859802e+04 1.009639248826166069e+00
6.075612701262930204e+04 1.006538026028185095e+00
6.075612727269001334e+04 9.920387737082416724e-01
6.075612753275071736e+04 9.906552508529334888e-01
6.075612779281142139e+04 9.978227751697145154e-01
6.075612805287213268e+04 9.893883824490856682e-01
6.075612831293283671e+04 9.999315745797808797e-01
6.075612857299354800e+04 9.977685161389221458e-01
6.075612883305425930e+04 9.990271310973661834e-01
6.075612909311495605e+04 9.929692686875171148e-01
6.075612935317566735e+04 9.922881808089525357e-01
6.075612961323637865e+04 1.001586701298381232e+00
6.075612987329708267e+04 1.006678475524706684e+00
6.075613013335779397e+04 9.959174328547082400e-01
6.075613039341849799e+04 9.850880729302582406e-01
6.075613065347920201e+04 1.000844321153434358e+00
6.075613091353991331e+04 9.756396625475566298e-01
6.075613117360061733e+04 1.003975053027479358e+00
6.075613143366133590e+04 9.947521846143474455e-01
6.075613169372203265e+04 9.940137801709327814e-01
6.075613195378274395e+04 9.962903533960386637e-01
6.075613221384345525e+04 9.980954124073628808e-01
6.075613247390415199e+04 9.896640560211177329e-01
6.075613273396486329e+04 9.958810185474390453e-01
6.075613299402557459e+04 1.001512812367756133e+00
6.075613325408627861e+04 1.009468896223329137e+00
6.075613351414698991e+04 9.945545443628257543e-01
6.075613377420769393e+04 1.004772317497955703e+00
6.075613403426840523e+04 9.905386123518721275e-01
6.075613429432910925e+04 1.003203536834214482e+00
6.075613455438982055e+04 1.001664396273527879e+00
6.075613481445053185e+04 9.966851170731612086e-01
6.075613507451122859e+04 1.006905324173240635e+00
6.075613533457193989e+04 9.914286631366762137e-01
6.075613559463265119e+04 9.925444913175320849e-01
6.075613585469334794e+04 9.913261788550821185e-01
6.075613611475405924e+04 9.924630024043989973e-01
6.075613637481477053e+04 1.005483873265916817e+00
6.075613663487548183e+04 1.006086277865853251e+00
6.075613689493618585e+04 1.002961201346961539e+00
6.075613715499688988e+04 9.930871244610671722e-01
6.075613741505760117e+04 1.021877869777283010e+00
6.075613767511830520e+04 9.926535347345755156e-01
6.075613793517901649e+04 9.914626494091889342e-01
6.075613819523972779e+04 9.887918011761749337e-01
6.075613845530043181e+04 1.001505265906981856e+00
6.075613871536113584e+04 9.950435088889342250e-01
6.075613897542184714e+04 9.946923273777437124e-01
6.075613923548255116e+04 9.998115247137415729e-01
6.075613949554325518e+04 1.011824662062957625e+00
6.075613975560396648e+04 1.021422354212736527e+00
6.075614001566467778e+04 1.015465132367159296e+00
6.075614027572538907e+04 1.000579822395978757e+00
6.075614053578608582e+04 1.009145899873098440e+00
6.075614079584679712e+04 1.010185280252060558e+00
6.075614105590750842e+04 9.944632551616140459e-01
6.075614131596821244e+04 1.003700561003225245e+00
6.075614157602892374e+04 9.998090059002641139e-01
6.075614183608962776e+04 1.011828142453737422e+00
6.075614209615033906e+04 1.010646890204293769e+00
6.075614235621104308e+04 1.009148195825360306e+00
6.075614261627174710e+04 9.990128439045139475e-01
6.075614287633246568e+04 1.005900051444480914e+00
6.075614313639316970e+04 9.931590874888308607e-01
6.075614339645387372e+04 9.978604358653153650e-01
6.075614365651458502e+04 1.006478050914447975e+00
6.075614391657528904e+04 9.882654407075288638e-01
6.075614417663600034e+04 9.809976666543157586e-01
6.075614443669670436e+04 1.005333592357245953e+00
6.075614469675741566e+04 1.006397905383029867e+00
6.075614495681812696e+04 9.940291377410986895e-01
6.075614521687882370e+04 9.859468876097686740e-01
6.075614547693953500e+04 9.971435858354201764e-01
6.075614573700024630e+04 9.953513415240833329e-01
6.075614599706095760e+04 1.004931643201358415e+00
6.075614625712166162e+04 1.012257820951267373e+00
6.075614651718236564e+04 9.929123136040372000e-01
6.075614677724307694e+04 9.884267312251503457e-01
6.075614703730378824e+04 9.985642303541647502e-01
6.075614729736448498e+04 1.008328148204114649e+00
6.075614755742519628e+04 1.009416247684220558e+00
6.075614781748590758e+04 9.918073777315473682e-01
6.075614807754661888e+04 1.018923982058376643e+00
6.075614833760732290e+04 1.000909464840089358e+00
6.075614859766802692e+04 9.987125405601054995e-01
6.075614885772873822e+04 9.823230593229755891e-01
6.075614911778944952e+04 1.007264405837043020e+00
