6.075547523418369383e+04 9.956057508204477768e-01
6.075547549424438330e+04 9.858942315903460596e-01
6.075547575430508005e+04 9.929016883727619369e-01
6.075547601436576224e+04 9.952618279052892758e-01
6.075547627442645899e+04 9.873333952626314192e-01
6.075547653448714846e+04 9.879443191852526063e-01
6.075547679454784520e+04 9.933725742397068181e-01
6.075547705460853467e+04 1.006556165731257835e+00
6.075547731466922414e+04 1.006689385383982227e+00
6.075547757472991361e+04 9.998987214210137697e-01
6.075547783479061036e+04 1.002187670305840106e+00
6.075547809485129255e+04 9.919653375674191143e-01
6.075547835491198930e+04 9.907801622900221927e-01
6.075547861497267877e+04 9.875576415705719091e-01
6.075547887503337552e+04 1.001448289310786555e+00
6.075547913509406499e+04 9.856433293323236811e-01
6.075547939515475446e+04 9.960458006955573707e-01
6.075547965521544393e+04 1.007518356587098873e+00
6.075547991527614067e+04 1.015975013674953464e+00
6.075548017533683014e+04 1.002258200721514836e+00
6.075548043539752689e+04 1.000603471682298462e+00
6.075548069545820908e+04 9.973140524612469360e-01
6.075548095551890583e+04 1.005185673977295524e+00
6.075548121557959530e+04 1.004002696751373547e+00
6.075548147564028477e+04 9.879809178413929693e-01
6.075548173570098152e+04 1.000733336566438370e+00
6.075548199576167099e+04 1.003292397130856939e+00
6.075548225582236773e+04 9.985188092973086293e-01
6.075548251588305720e+04 1.003701369698023260e+00
6.075548277594374667e+04 9.937117617665414127e-01
6.075548303600443614e+04 1.011026905235144602e+00
6.075548329606513289e+04 1.000407948956210324e+00
6.075548355612582236e+04 1.004860817474789503e+00
6.075548381618651911e+04 1.009087353432100098e+00
6.075548407624720130e+04 9.937838417610995734e-01
6.075548433630789805e+04 1.001240869704320691e+00
6.075548459636858752e+04 1.000719556707145630e+00
6.075548485642928426e+04 9.952274497379102192e-01
6.075548511648997373e+04 9.904620936668216968e-01
6.075548537655066320e+04 1.008148117061523186e+00
6.075548563661135267e+04 1.000991222894214383e+00
6.075548589667204942e+04 9.820500163275348582e-01
6.075548615673273162e+04 9.993121804142778286e-01
6.075548641679342836e+04 9.872892250762250743e-01
6.075548667685411783e+04 9.963108452236265622e-01
6.075548693691481458e+04 1.000664041647024938e+00
6.075548719697551132e+04 1.011621814568764544e+00
6.075548745703619352e+04 9.887366698165579448e-01
6.075548771709689026e+04 1.004777177353128437e+00
6.075548797715757973e+04 1.004871596320513927e+00
6.075548823721827648e+04 1.001595753017477497e+00
6.075548849727896595e+04 9.930341074622972553e-01
6.075548875733965542e+04 1.020444672263829844e+00
6.075548901740034489e+04 1.009591829197028723e+00
6.075548927746104164e+04 9.934737571519378641e-01
6.075548953752172383e+04 9.981545508686190393e-01
6.075548979758242058e+04 9.988411396208546345e-01
6.075549005764311732e+04 9.889140433543071040e-01
6.075549031770380680e+04 1.005407446479188005e+00
6.075549057776450354e+04 9.984462211845028801e-01
6.075549083782518574e+04 9.956317893696110533e-01
6.075549109788588248e+04 9.864879848096569370e-01
6.075549135794657195e+04 9.934556888352205073e-01
6.075549161800726870e+04 1.005032209591228742e+00
6.075549187806795817e+04 9.954828361516588897e-01
6.075549213812864764e+04 9.940012460027223273e-01
6.075549239818933711e+04 1.015181743789743019e+00
6.075549265825003386e+04 1.004543016852799342e+00
6.075549291831072333e+04 1.000749421401555317e+00
6.075549317837142007e+04 9.954398154327142034e-01
6.075549343843210954e+04 9.991466083617335237e-01
6.075549369849279901e+04 1.007080274586311441e+00
6.075549395855349576e+04 1.002831402910258296e+00
6.075549421861417795e+04 1.022617680605461210e+00
6.075549447867487470e+04 1.007347343855911959e+00
6.075549473873556417e+04 1.008958549849845454e+00
6.075549499879626092e+04 1.007470985825012821e+00
6.075549525885695766e+04 9.893619007008362942e-01
6.075549551891763986e+04 1.005601393882836536e+00
6.075549577897833660e+04 1.023063298109500030e+00
6.075549603903902607e+04 1.009633728075206571e+00
6.075549629909972282e+04 1.017058070061912733e+00
6.075549655916041229e+04 9.938823449844609303e-01
6.075549681922110176e+04 1.002449183197367644e+00
6.075549707928179851e+04 1.013981292296804115e+00
6.075549733934248798e+04 9.934474327608991961e-01
6.075549759940317745e+04 1.002476660588679458e+00
6.075549785946386692e+04 9.975214911204721702e-01
6.075549811952456366e+04 1.006522269993693763e+00
6.075549837958525313e+04 9.871396060020927177e-01
6.075549863964594988e+04 9.999016916902434549e-01
6.075549889970663935e+04 1.005146164632799932e+00
6.075549915976732882e+04 9.937935348125680468e-01
6.075549941982802557e+04 9.902629904870725586e-01
6.075549967988871504e+04 9.968344309708049300e-01
6.075549993994941178e+04 9.874325843489766275e-01
6.075550020001009398e+04 9.927771938380568484e-01
6.075550046007079072e+04 9.863793731047478808e-01
6.075550072013148747e+04 1.010940507122740417e+00
6.075550098019216966e+04 9.976902536646893305e-01
6.075550124025286641e+04 9.959167478418065045e-01
6.075550150031355588e+04 9.890765986848586433e-01
6.075550176037425263e+04 1.008282702168738609e+00
6.075550202043494210e+04 1.027809649429508809e+00
6.075550228049563157e+04 1.000731906151788531e+00
6.075550254055632831e+04 1.001633456331441741e+00
6.075550280061701778e+04 1.004026194569892061e+00
6.075550306067771453e+04 1.001490406935248823e+00
6.075550332073840400e+04 1.021442256049196695e+00
6.075550358079909347e+04 1.013834112935813936e+00
6.075550513883041276e+04 9.918576225219474241e-01
6.075550539889110951e+04 1.009626886100879695e+00
6.075550565895179898e+04 9.943849505571410452e-01
6.075550591901248845e+04 1.009421898663095618e+00
6.075550617907318519e+04 1.011716962542621889e+00
6.075550643913387466e+04 9.988228185517744606e-01
6.075550669919457141e+04 9.995794323865930808e-01
6.075550695925526088e+04 9.769082966564337500e-01
6.075550721931595035e+04 1.012725395358370806e+00
6.075550747937664710e+04 9.755720434634591598e-01
6.075550773943733657e+04 1.005120822835429584e+00
6.075550799949803331e+04 9.848856059042369049e-01
6.075550825955872278e+04 9.987169924828691592e-01
6.075550851961941225e+04 1.000771782998000958e+00
6.075550877968010900e+04 1.015350638776493453e+00
6.075550903974079847e+04 9.908300749852873013e-01
6.075550929980148794e+04 9.986435850501316214e-01
6.075550955986217741e+04 1.003330465178654984e+00
6.075550981992287416e+04 9.900118664965913418e-01
6.075551007998357090e+04 1.002277955039354129e+00
6.075551034004426037e+04 1.004644612981615115e+00
6.075551060010494984e+04 1.000378856776264147e+00
6.075551086016564659e+04 9.895927184134698518e-01
6.075551112022633606e+04 1.012302999291694094e+00
6.075551138028703281e+04 1.008864403741031257e+00
6.075551164034772228e+04 9.966589818486866204e-01
6.075551190040841175e+04 1.002112049456222342e+00
6.075551216046910849e+04 9.849748847097324900e-01
6.075551242052979796e+04 9.990998628997552755e-01
6.075551268059049471e+04 1.004228146020693213e+00
6.075551294065118418e+04 9.972789635550651788e-01
6.075551320071187365e+04 9.922755636214712904e-01
6.075551346077257040e+04 9.954586796415825223e-01
6.075551372083325987e+04 1.025173753617229178e+00
6.075551398089394934e+04 9.985238091321978482e-01
6.075551424095464608e+04 9.971942037192444985e-01
6.075551450101533555e+04 9.936383033194213787e-01
6.075551476107603230e+04 9.944771775248314460e-01
6.075551502113672177e+04 9.964191103121929904e-01
6.075551528119741124e+04 9.928462933772366217e-01
6.075551554125810799e+04 1.010677036306454335e+00
6.075551580131879746e+04 9.929391469564839978e-01
6.075551606137949420e+04 9.980121771558542187e-01
6.075551632144019095e+04 9.966756413859939601e-01
6.075551658150087314e+04 9.967315450165806778e-01
6.075551684156156989e+04 1.000167119279969263e+00
6.075551710162226664e+04 1.001384882843860291e+00
6.075551736168294883e+04 1.013335964817698498e+00
6.075551762174364558e+04 9.776027093361212561e-01
6.075551788180433505e+04 9.946775490635332284e-01
6.075551814186503179e+04 1.000841896046614998e+00
6.075551840192572854e+04 9.909765418151870175e-01
6.075551866198641073e+04 9.940851947465298988e-01
6.075551892204710748e+04 1.006152184648677617e+00
6.075551918210780423e+04 1.003690886831464457e+00
6.075551944216849370e+04 1.006706327685079394e+00
6.075551970222919044e+04 9.942608702781210450e-01
6.075551996228987991e+04 1.002117732804075789e+00
6.075552022235056938e+04 9.985131773624760232e-01
6.075552048241126613e+04 9.809292847556463357e-01
6.075552074247194832e+04 9.832602901766265280e-01
6.075552100253265235e+04 9.975317287647855746e-01
6.075552126259334182e+04 1.012274708679693935e+00
6.075552152265403129e+04 9.888014762351327036e-01
6.075552178271472803e+04 9.882808902224328174e-01
6.075552204277541750e+04 1.012544698656052677e+00
6.075552230283610697e+04 1.014406694462070213e+00
6.075552256289680372e+04 9.977322067949597750e-01
6.075552282295750047e+04 9.820364311759646192e-01
6.075552308301818994e+04 9.948872249662807921e-01
6.075552334307887941e+04 9.753117904842391050e-01
6.075552360313957615e+04 9.748698388473834298e-01
6.075552386320026562e+04 9.926131276367411438e-01
6.075552412326096237e+04 9.911321065068010583e-01
6.075552438332165912e+04 1.001007907422571064e+00
6.075552464338234131e+04 1.010346076842602470e+00
6.075552490344303806e+04 9.793103832701354206e-01
6.075552516350373480e+04 1.022477690454676402e+00
6.075552542356441700e+04 1.024008325009100551e+00
6.075552568362511374e+04 9.957590732038328341e-01
6.075552594368581049e+04 9.963809165260645306e-01
6.075552620374649996e+04 1.006080897413414776e+00
6.075552646380719671e+04 9.951353372873630310e-01
6.075552672386788618e+04 1.014089196385014713e+00
6.075552698392857565e+04 9.934100042758859939e-01
6.075552724398927239e+04 9.849481070126402393e-01
6.075552750404996914e+04 1.002203383700569939e+00
6.075552776411065861e+04 9.861200536616093748e-01
6.075552802417134808e+04 9.894215478399522867e-01
6.075552828423204483e+04 9.964461339286095898e-01
6.075552854429273430e+04 9.916836008434202210e-01
6.075552880435342377e+04 9.957604238769096616e-01
6.075552906441412051e+04 9.746359879094418366e-01
6.075552932447480998e+04 9.813653054896744887e-01
6.075552958453550673e+04 1.008137127766608021e+00
6.075552984459620347e+04 9.876922709772810727e-01
6.075553010465688567e+04 9.887139597428212801e-01
6.075553036471758242e+04 9.776265032648694397e-01
6.075553062477827916e+04 9.713401327524752160e-01
6.075553088483896863e+04 9.968033608241134713e-01
6.075553114489966538e+04 9.807558152441826493e-01
6.075553140496035485e+04 9.872325184794517039e-01
6.075553166502104432e+04 9.871472369403928582e-01
6.075553192508174106e+04 1.004677009912505747e+00
6.075553218514243054e+04 1.003791318334283700e+00
6.075553244520312728e+04 9.902537609214898673e-01
6.075553270526381675e+04 9.960973227238952843e-01
6.075553296532451350e+04 1.011331662341856230e+00
6.075553322538520297e+04 9.868403378616154020e-01
6.075553348544589244e+04 9.923001584119424123e-01
6.075553503087646095e+04 9.956522575894062310e-01
6.075553529093715770e+04 9.979301842120210653e-01
6.075553555099784717e+04 1.009709318509068643e+00
6.075553581105853664e+04 9.994958962471562902e-01
6.075553607111923338e+04 9.976623001456286222e-01
6.075553633117992285e+04 9.892069249707530210e-01
6.075553659124061960e+04 9.827028221755067516e-01
6.075553685130131635e+04 9.898815795544412266e-01
6.075553711136199854e+04 9.920929719540109160e-01
6.075553737142269529e+04 1.004424602846107684e+00
6.075553763148339203e+04 1.003771066936987921e+00
6.075553789154408878e+04 1.008211801727628698e+00
6.075553815160477825e+04 9.816196957292622205e-01
6.075553841166546772e+04 9.881371379052538151e-01
6.075553867172616447e+04 9.975697926967072027e-01
6.075553893178685394e+04 9.821462777945042522e-01
6.075553919184754341e+04 9.842609248571134728e-01
6.075553945190824015e+04 9.941606367498222463e-01
6.075553971196892962e+04 1.007141823557198945e+00
6.075553997202962637e+04 9.909954689806759198e-01
6.075554023209032312e+04 1.000640081029721351e+00
6.075554049215101259e+04 9.909496020156028928e-01
6.075554075221170206e+04 9.929668206345769743e-01
6.075554101227239880e+04 9.938638488875651822e-01
6.075554127233309555e+04 9.960067104313211628e-01
6.075554153239378502e+04 1.001762355543254435e+00
6.075554179245447449e+04 1.014462492916023972e+00
6.075554205251517124e+04 1.007931659926078583e+00
6.075554231257586798e+04 1.010234726822039075e+00
6.075554257263655018e+04 9.918523099303260260e-01
6.075554283269725420e+04 9.980989818249152989e-01
6.075554309275794367e+04 9.935401252682648510e-01
6.075554335281863314e+04 9.875268049292770245e-01
6.075554361287932988e+04 1.009264629604825325e+00
6.075554387294001936e+04 9.788542068652328343e-01
6.075554413300071610e+04 9.972196610115264814e-01
6.075554439306140557e+04 9.898057978090322173e-01
6.075554465312210232e+04 9.897177048575648284e-01
6.075554491318279906e+04 1.001846752013872521e+00
6.075554517324348853e+04 1.004668063262873945e+00
6.075554543330417800e+04 9.973457616104853818e-01
6.075554569336487475e+04 1.002441132458180784e+00
6.075554595342557150e+04 9.958757018258874716e-01
6.075554621348626097e+04 9.954484530053536728e-01
6.075554647354695044e+04 9.837990084860779305e-01
6.075554673360764718e+04 1.009144269485559242e+00
6.075554699366834393e+04 1.000855932621441680e+00
6.075554725372902612e+04 1.006609455491450866e+00
6.075554751378972287e+04 9.958618028055011839e-01
6.075554777385041962e+04 1.006248800586398984e+00
6.075554803391111636e+04 1.009537368671836521e+00
6.075554829397180583e+04 9.905549592119717861e-01
6.075554855403249530e+04 9.973812378291375680e-01
6.075554881409319205e+04 1.005589822802722022e+00
6.075554907415388152e+04 1.001559960597564025e+00
6.075554933421457827e+04 9.798388378470002102e-01
6.075554959427527501e+04 1.003921207203953392e+00
6.075554985433596448e+04 9.977465576963115979e-01
6.075555011439665395e+04 9.983419225532580432e-01
6.075555037445735070e+04 1.005991615779290749e+00
6.075555063451804017e+04 9.921186927162070068e-01
6.075555089457873692e+04 9.984892909223336277e-01
6.075555115463942639e+04 9.978091037062116753e-01
6.075555141470012313e+04 9.975636519185635542e-01
6.075555167476081988e+04 9.934385948342104866e-01
6.075555193482150935e+04 1.020467069131941740e+00
6.075555219488219882e+04 9.789178629583392688e-01
6.075555245494289557e+04 1.004458385986612745e+00
6.075555271500359231e+04 9.955978736395638684e-01
6.075555297506428906e+04 9.723303988879107296e-01
6.075555323512497125e+04 9.959238912253435272e-01
6.075555349518566800e+04 9.942991399099672112e-01
6.075555375524636474e+04 9.861272613203084791e-01
6.075555401530705421e+04 9.822893441538371739e-01
6.075555427536775096e+04 9.951459507423475737e-01
6.075555453542844043e+04 9.948665972312100703e-01
6.075555479548913718e+04 9.862390166250216694e-01
6.075555505554983392e+04 1.004894700091762738e+00
6.075555531561051612e+04 9.937127315912813730e-01
6.075555557567121286e+04 9.976662437383965187e-01
6.075555583573190961e+04 9.962116412568322588e-01
6.075555609579260636e+04 9.849078219512653609e-01
6.075555635585329583e+04 9.997422369205981596e-01
6.075555661591398530e+04 1.010412728673334870e+00
6.075555687597468204e+04 1.004228340645182405e+00
6.075555713603537879e+04 9.985325563395355264e-01
6.075555739609607554e+04 9.993735285428110293e-01
6.075555765615676501e+04 1.006091393897880160e+00
6.075555791621745448e+04 9.863546275470354008e-01
6.075555817627815122e+04 9.952026854891480312e-01
6.075555843633884797e+04 1.016518794325576236e+00
6.075555869639953016e+04 9.922509332283451222e-01
6.075555895646022691e+04 1.002384405985494498e+00
6.075555921652092366e+04 1.004544921152414449e+00
6.075555947658162040e+04 1.012474136198920460e+00
6.075555973664230987e+04 9.861975769046417151e-01
6.075555999670299934e+04 9.858449260484043464e-01
6.075556025676369609e+04 1.001601550238977234e+00
6.075556051682439283e+04 9.946326276498531627e-01
6.075556077688508958e+04 1.001129794224864922e+00
6.075556103694577905e+04 1.005734951486106699e+00
6.075556129700646852e+04 1.021067748854269652e+00
6.075556155706716527e+04 1.012090705949209024e+00
6.075556181712786201e+04 9.981618752109975290e-01
6.075556207718854421e+04 9.864492136327518423e-01
6.075556233724924095e+04 1.020694051209982023e+00
6.075556259730993770e+04 1.002830255275258375e+00
6.075556285737063445e+04 9.997839997026655157e-01
6.075556311743133119e+04 9.914770425252713570e-01
6.075556337749201339e+04 1.004692736978022971e+00
6.075556504896522529e+04 9.869719293568705032e-01
6.075556530902591476e+04 1.008260118653453219e+00
6.075556556908661150e+04 9.941481310991686637e-01
6.075556582914730097e+04 1.000301076787222021e+00
6.075556608920799772e+04 1.014674051847657354e+00
6.075556634926869447e+04 9.930557854518021754e-01
6.075556660932938394e+04 1.021411578007769938e+00
6.075556686939008068e+04 1.002739836699121367e+00
6.075556712945077015e+04 9.908885371225421013e-01
6.075556738951146690e+04 1.010473548591364956e+00
6.075556764957216365e+04 1.000792979210969103e+00
6.075556790963285312e+04 1.015535119145196674e+00
6.075556816969354986e+04 9.895663980408454519e-01
6.075556842975423933e+04 1.013090371218887009e+00
6.075556868981492880e+04 9.978246845327694015e-01
6.075556894987563282e+04 9.973234269283164366e-01
6.075556920993632230e+04 9.929035791244724685e-01
6.075556946999701904e+04 1.010928648346100189e+00
6.075556973005770851e+04 9.982381145448175896e-01
6.075556999011839798e+04 1.000785327525194779e+00
6.075557025017909473e+04 1.031535381414324659e+00
6.075557051023979147e+04 9.951480784494814991e-01
6.075557077030048822e+04 9.881332781417947464e-01
6.075557103036117769e+04 9.965805193545577145e-01
6.075557129042186716e+04 1.003134213305637346e+00
6.075557155048256391e+04 1.017931214868104561e+00
6.075557181054326065e+04 9.872832710755830021e-01
6.075557207060395740e+04 1.001862291508190284e+00
6.075557233066464687e+04 1.005593843789510666e+00
6.075557259072533634e+04 9.962655455289641804e-01
6.075557285078603309e+04 9.969763472373376345e-01
6.075557311084672983e+04 1.007721655228303703e+00
6.075557337090741930e+04 9.990937166599795916e-01
6.075557363096811605e+04 9.944869969537252219e-01
6.075557389102880552e+04 1.005848366348501610e+00
6.075557415108950227e+04 9.997386583138819782e-01
6.075557441115019901e+04 9.988622929320050137e-01
6.075557467121088848e+04 1.001351311815923406e+00
6.075557493127158523e+04 1.018716976760428494e+00
6.075557519133227470e+04 1.045158508677096032e+00
6.075557545139297144e+04 1.003556666570565969e+00
6.075557571145366819e+04 1.018613524628532385e+00
6.075557597151435766e+04 1.018953955830768532e+00
6.075557623157505441e+04 1.004353815405407913e+00
6.075557649163575115e+04 1.003225491552029114e+00
6.075557675169643335e+04 1.003425087860592368e+00
6.075557701175713009e+04 9.982338555994619833e-01
6.075557727181782684e+04 9.993177509445663187e-01
6.075557753187852359e+04 1.007706432094714222e+00
6.075557779193922033e+04 9.918434699253135811e-01
6.075557805199990980e+04 1.005548360006635278e+00
6.075557831206059927e+04 9.860035856294148138e-01
6.075557857212129602e+04 1.013839951676365425e+00
6.075557883218199277e+04 1.012971681954377035e+00
6.075557909224268951e+04 1.001020364971534127e+00
6.075557935230337898e+04 1.004238329111867944e+00
6.075557961236407573e+04 9.887827788719568689e-01
6.075557987242476520e+04 1.008348863993761002e+00
6.075558013248546195e+04 1.003087457367184854e+00
6.075558039254615869e+04 1.002363838452085876e+00
6.075558065260684816e+04 1.015017287934015133e+00
6.075558091266754491e+04 9.990731811403256168e-01
6.075558117272824165e+04 9.989614348337929606e-01
6.075558143278892385e+04 1.001248380074426514e+00
6.075558169284962059e+04 1.004740346932280648e+00
6.075558195291031734e+04 1.009946768084185820e+00
6.075558221297101409e+04 9.963513923630312741e-01
6.075558247303171083e+04 9.975422523696649835e-01
6.075558273309240030e+04 1.011351019712247501e+00
6.075558299315309705e+04 1.000818415631728797e+00
6.075558325321378652e+04 9.969542623442937401e-01
6.075558351327448327e+04 1.017062641931019362e+00
6.075558377333518001e+04 9.973615972391973727e-01
6.075558403339586948e+04 1.004310842072924537e+00
6.075558429345656623e+04 1.007269749032686956e+00
6.075558455351726298e+04 1.000813826666183459e+00
6.075558481357794517e+04 1.009075884463508821e+00
6.075558507363864192e+04 9.892343608763539686e-01
6.075558533369933866e+04 9.976224976413669010e-01
6.075558559376003541e+04 1.019759231950314149e+00
6.075558585382073215e+04 1.001238677336950822e+00
6.075558611388142162e+04 1.007406291384533636e+00
6.075558637394211837e+04 1.004848935326086323e+00
6.075558663400280784e+04 1.014202688493713200e+00
6.075558689406350459e+04 1.022595638803246443e+00
6.075558715412420133e+04 1.008507613846719497e+00
6.075558741418489080e+04 1.013583315518940209e+00
6.075558767424558755e+04 9.977895603274605785e-01
6.075558793430628430e+04 1.005139359271949528e+00
6.075558819436697377e+04 1.006426897058280145e+00
6.075558845442767051e+04 9.995224793379463568e-01
6.075558871448835998e+04 9.977534045458570366e-01
6.075558897454905673e+04 1.027792844459478605e+00
6.075558923460975348e+04 1.007823414387027272e+00
6.075558949467044295e+04 1.024123908051614018e+00
6.075558975473113969e+04 1.000111278942799276e+00
6.075559001479183644e+04 1.015656085519933916e+00
6.075559027485253318e+04 9.978927523401360800e-01
6.075559053491322265e+04 1.015259331138063548e+00
6.075559079497391212e+04 9.985972341886940606e-01
6.075559105503460887e+04 9.994750042290490022e-01
6.075559131509530562e+04 9.809115149655197596e-01
6.075559157515600236e+04 9.952468830266282263e-01
6.075559183521669911e+04 1.011055329366688849e+00
6.075559209527738858e+04 1.011684585084440480e+00
6.075559235533808533e+04 1.004474099439362389e+00
6.075559261539877480e+04 1.002045812267140068e+00
6.075559287545946427e+04 9.961580792629650682e-01
6.075559313552016101e+04 9.955887038359328978e-01
6.075559339558085776e+04 1.012239169182743259e+00
6.075559494101491873e+04 9.884386789864724188e-01
6.075559520107561548e+04 1.006275902685319190e+00
6.075559546113631222e+04 1.030754059474471074e+00
6.075559572119700897e+04 9.856513993178810384e-01
6.075559598125769844e+04 9.859833396095885050e-01
6.075559624131839519e+04 9.944991114617864891e-01
6.075559650137908466e+04 1.003311280582478648e+00
6.075559676143977413e+04 1.001038703264510277e+00
6.075559702150047087e+04 1.015167197310884006e+00
6.075559728156116762e+04 1.014245178036141004e+00
6.075559754162186437e+04 9.967811111214303077e-01
6.075559780168256111e+04 9.958952406090900711e-01
6.075559806174325058e+04 9.990572488275868412e-01
6.075559832180394733e+04 9.878356070064668870e-01
6.075559858186464407e+04 9.983695511179824233e-01
6.075559884192533355e+04 1.005682001702636441e+00
6.075559910198603029e+04 9.861434111464869590e-01
6.075559936204671976e+04 9.894871877163967655e-01
6.075559962210741651e+04 1.002093464506535581e+00
6.075559988216811325e+04 1.000745543927049175e+00
6.075560014222880272e+04 1.002918726008008354e+00
6.075560040228950675e+04 9.929617963564961736e-01
6.075560066235019622e+04 9.832955150688934554e-01
6.075560092241089296e+04 1.000450889882047889e+00
6.075560118247158971e+04 1.011799833477311505e+00
6.075560144253227918e+04 9.859031901837682632e-01
6.075560170259296865e+04 9.942756780337543843e-01
6.075560196265366540e+04 1.000794941783651026e+00
6.075560222271436214e+04 1.006758852724506603e+00
6.075560248277505889e+04 9.961243182118982853e-01
6.075560274283574836e+04 1.013255062319381894e+00
6.075560300289644510e+04 9.939290061568299972e-01
6.075560326295714185e+04 9.877490130975798976e-01
6.075560352301783860e+04 1.012654018208613449e+00
6.075560378307853534e+04 9.938700665003431522e-01
6.075560404313922481e+04 9.930078909497535022e-01
6.075560430319992156e+04 1.007163186893242246e+00
6.075560456326061831e+04 1.000857403729730422e+00
6.075560482332130050e+04 9.939773455121384549e-01
6.075560508338199725e+04 9.843056502613953818e-01
6.075560534344269399e+04 1.000597217399443073e+00
6.075560560350339074e+04 1.004294252595775427e+00
6.075560586356408749e+04 9.843407115360672810e-01
6.075560612362477696e+04 9.947653989844639222e-01
6.075560638368547370e+04 9.898296702162514560e-01
6.075560664374617045e+04 9.855795557929912798e-01
6.075560690380686719e+04 9.841490601714875108e-01
6.075560716386756394e+04 9.900181858263834567e-01
6.075560742392825341e+04 9.938197196514029219e-01
6.075560768398895016e+04 9.839871426661351839e-01
6.075560794404964690e+04 1.000257758174351697e+00
6.075560820411032910e+04 9.757411571472914824e-01
6.075560846417102584e+04 1.009718641183517507e+00
6.075560872423172259e+04 1.000054227104688165e+00
6.075560898429241934e+04 1.008289240529681940e+00
6.075560924435311608e+04 9.962813667888582581e-01
6.075560950441380555e+04 9.891835945391991292e-01
6.075560976447450230e+04 1.000146392790935757e+00
6.075561002453519905e+04 1.003765435441831722e+00
6.075561028459589579e+04 9.941199591038186734e-01
6.075561054465659254e+04 9.945906129564684450e-01
6.075561080471728201e+04 9.834284049058807931e-01
6.075561106477797875e+04 1.004070694226834037e+00
6.075561132483867550e+04 9.851617932433505143e-01
6.075561158489937225e+04 1.007695599881088366e+00
6.075561184496006899e+04 1.012007600316545908e+00
6.075561210502075846e+04 9.916012078559929277e-01
6.075561236508144793e+04 9.909203085963053104e-01
6.075561262514214468e+04 1.008466280951273442e+00
6.075561288520283415e+04 9.951238464076361812e-01
6.075561314526353090e+04 1.002767437668528494e+00
6.075561340532422764e+04 9.899653863035171586e-01
6.075561366538492439e+04 9.942908062413573500e-01
6.075561392544562113e+04 9.888233645397501714e-01
6.075561418550631060e+04 9.994301166879484555e-01
6.075561444556700735e+04 9.824950713293020277e-01
6.075561470562770410e+04 9.989869391898511530e-01
6.075561496568840084e+04 9.989203626783886847e-01
6.075561522574909759e+04 9.828190323042679255e-01
6.075561548580978706e+04 9.868741487999359574e-01
6.075561574587048381e+04 9.944105033484740286e-01
6.075561600593118055e+04 1.001910670212640353e+00
6.075561626599187002e+04 9.918338793004060072e-01
6.075561652605256677e+04 1.004125242597595946e+00
6.075561678611326352e+04 9.970482648016724125e-01
6.075561704617396026e+04 9.909781964263111309e-01
6.075561730623465701e+04 1.004506999270449619e+00
6.075561756629534648e+04 9.945311283122860724e-01
6.075561782635604322e+04 1.003821133260428322e+00
6.075561808641673269e+04 9.994475177857424786e-01
6.075561834647742944e+04 1.009968591363591628e+00
6.075561860653812619e+04 9.951057626369762543e-01
6.075561886659881566e+04 1.012589864245708515e+00
6.075561912665951240e+04 9.916574975320419094e-01
6.075561938672020915e+04 1.003078949944972376e+00
6.075561964678089862e+04 1.001776792367680802e+00
6.075561990684160264e+04 1.005513147062099710e+00
6.075562016690229211e+04 1.009444482035442681e+00
6.075562042696298886e+04 9.908798564225665961e-01
6.075562068702368560e+04 9.869353447633043563e-01
6.075562094708437508e+04 1.001838279364515749e+00
6.075562120714507182e+04 9.937518898191782801e-01
6.075562146720576857e+04 9.937217283714722127e-01
6.075562172726646531e+04 9.963071659785672773e-01
6.075562198732716206e+04 9.931212544895393624e-01
6.075562224738785153e+04 1.015359557621636100e+00
6.075562250744854828e+04 1.031910485776695197e+00
6.075562276750924502e+04 1.015216480868171622e+00
6.075562302756994177e+04 9.942074863966388065e-01
6.075562328763063852e+04 9.937657144464152603e-01
6.075562490904599690e+04 1.013169380256054408e+00
6.075562516909990518e+04 1.009064876818437373e+00
6.075562542915379890e+04 9.953130491643381594e-01
6.075562568920769263e+04 9.963620843522719150e-01
6.075562594926160091e+04 1.004217200785116226e+00
6.075562620931549463e+04 9.890662664702414286e-01
6.075562646936939564e+04 9.843196034403668415e-01
6.075562672942329664e+04 9.954266065731743884e-01
6.075562698947719036e+04 9.956594934727261981e-01
6.075562724953109864e+04 9.949788184172182470e-01
6.075562750958499237e+04 1.009926689836173841e+00
6.075562776963889337e+04 1.021699656631504638e+00
6.075562802969280165e+04 9.816822908892028909e-01
6.075562828974669537e+04 1.001917503074884808e+00
6.075562854980059637e+04 1.000020362891073322e+00
6.075562880985449738e+04 1.015335540300421169e+00
6.075562906990839110e+04 9.941578739427178180e-01
6.075562932996229938e+04 9.974629436337864030e-01
6.075562959001619311e+04 1.012296600293717042e+00
6.075562985007009411e+04 9.970949362930495719e-01
6.075563011012399511e+04 1.002686397590437428e+00
6.075563037017788884e+04 9.956670422854615454e-01
6.075563063023179711e+04 9.921029993023992022e-01
6.075563089028569084e+04 9.990212037724364169e-01
6.075563115033958456e+04 9.898883663091420093e-01
6.075563141039349284e+04 1.004369825087020995e+00
6.075563167044738657e+04 1.009238151302368491e+00
6.075563193050128757e+04 1.005332096826696553e+00
6.075563219055518857e+04 9.902798722424847044e-01
6.075563245060908230e+04 9.846908415956309168e-01
6.075563271066299058e+04 1.008864296998734034e+00
6.075563297071688430e+04 9.836425755538760196e-01
6.075563323077078530e+04 9.958786621884411216e-01
6.075563349082468631e+04 1.012957378781871087e+00
6.075563375087858003e+04 1.002881681199770947e+00
6.075563401093248831e+04 9.810069061837632942e-01
6.075563427098638203e+04 1.002016825889629814e+00
6.075563453104027576e+04 1.005464164503793389e+00
6.075563479109418404e+04 1.003218386800574846e+00
6.075563505114807776e+04 9.999595327848148640e-01
6.075563531120197877e+04 1.003962636639134987e+00
6.075563557125588704e+04 1.004641204698078383e+00
6.075563583130978077e+04 9.997068847446025641e-01
6.075563609136368905e+04 9.834095881762459079e-01
6.075563635141758277e+04 9.770607303360241414e-01
6.075563661147148377e+04 9.977909670019059485e-01
6.075563687152538478e+04 9.942231181946130647e-01
6.075563713157927850e+04 9.911249534656104698e-01
6.075563739163318678e+04 9.952819203293767902e-01
6.075563765168708051e+04 1.001656993931415274e+00
6.075563791174097423e+04 1.017875508816832753e+00
6.075563817179488251e+04 9.812683347772858111e-01
6.075563843184877624e+04 9.836436855439929516e-01
6.075563869190267724e+04 1.012758612794690150e+00
6.075563895195657824e+04 9.909209978948572140e-01
6.075563921201047197e+04 1.018755608099431997e+00
6.075563947206438024e+04 9.874008134361823563e-01
6.075563973211827397e+04 1.007984121797329768e+00
6.075563999217217497e+04 9.970464657042051870e-01
6.075564025222608325e+04 9.964300041341404013e-01
6.075564051227997697e+04 1.009436509402440230e+00
6.075564077233388525e+04 9.894366720653026137e-01
6.075564103238777898e+04 9.994678097589736465e-01
6.075564129244167270e+04 9.983668321576664173e-01
6.075564155249558098e+04 1.013103047175785143e+00
6.075564181254947471e+04 1.003197040604991264e+00
6.075564207260337571e+04 1.005015184935770245e+00
6.075564233265727671e+04 1.002801190503396667e+00
6.075564259271117044e+04 1.007673879715325294e+00
6.075564285276507871e+04 9.891677930611368907e-01
6.075564311281897244e+04 9.965821175700920742e-01
6.075564337287286617e+04 1.004576565313520575e+00
6.075564363292677444e+04 9.929539879255236956e-01
6.075564389298066817e+04 9.998507203069252336e-01
6.075564415303458372e+04 9.968350029314483329e-01
6.075564441308847745e+04 1.005866487351920080e+00
6.075564467314237118e+04 1.000250794953397415e+00
6.075564493319627945e+04 1.019150993979073938e+00
6.075564519325017318e+04 9.906294719549691985e-01
6.075564545330407418e+04 1.019182793515254870e+00
6.075564571335797518e+04 1.019108825152678754e+00
6.075564597341186891e+04 1.004216694025297896e+00
6.075564623346577719e+04 9.946358801613058853e-01
6.075564649351967091e+04 9.859055573016919372e-01
6.075564675357356464e+04 1.008459017923502676e+00
6.075564701362747292e+04 1.003614598904991384e+00
6.075564727368136664e+04 9.993075229483169286e-01
6.075564753373527492e+04 9.935833149624824223e-01
6.075564779378917592e+04 9.949204593301806954e-01
6.075564805384306965e+04 1.007540229197360970e+00
6.075564831389697792e+04 9.996287642586589861e-01
6.075564857395087165e+04 1.010439244457650654e+00
6.075564883400477265e+04 1.001932953569600881e+00
6.075564909405867365e+04 9.886370835995325068e-01
6.075564935411256738e+04 9.916472789942527566e-01
6.075564961416647566e+04 1.011669916015546677e+00
6.075564987422036938e+04 1.009297699097775558e+00
6.075565013427426311e+04 1.004790782483277134e+00
6.075565039432817866e+04 9.903122892963652779e-01
6.075565065438207239e+04 1.002962856005713332e+00
6.075565091443597339e+04 1.004013413197110127e+00
6.075565117448987439e+04 9.927556792217752113e-01
6.075565143454376812e+04 1.019976009176438048e+00
6.075565169459767640e+04 9.976796744351312807e-01
6.075565195465157012e+04 1.001102452339691418e+00
6.075565221470547112e+04 1.002490329836009497e+00
6.075565247475937213e+04 9.831976921462858288e-01
6.075565273481326585e+04 1.005274676946343426e+00
6.075565299486718141e+04 1.010125660294579175e+00
6.075565325492107513e+04 1.002922893477939503e+00
6.075565492676799477e+04 9.894433595646826562e-01
6.075565518682868424e+04 1.018052160944822315e+00
6.075565544688938098e+04 9.875604201145130601e-01
6.075565570695007773e+04 1.009346974323807711e+00
6.075565596701077448e+04 9.923424070638161565e-01
6.075565622707147122e+04 1.009917665962224209e+00
6.075565648713216069e+04 1.014125958287755980e+00
6.075565674719285744e+04 1.007798141938697434e+00
6.075565700725356146e+04 9.936698484030794809e-01
6.075565726731425821e+04 9.944464196844756687e-01
6.075565752737495495e+04 9.936372832775791641e-01
6.075565778743564442e+04 1.003677805083649455e+00
6.075565804749634117e+04 1.007376691164795890e+00
6.075565830755703792e+04 9.972984287862979302e-01
6.075565856761772739e+04 1.010230577923915130e+00
6.075565882767842413e+04 1.012750910093282330e+00
6.075565908773912088e+04 9.931335605020190638e-01
6.075565934779981762e+04 9.909746668643483192e-01
6.075565960786051437e+04 1.005308320622881224e+00
6.075565986792121112e+04 1.004193270678167771e+00
6.075566012798190786e+04 1.002054526730940642e+00
6.075566038804260461e+04 1.002428697640068256e+00
6.075566064810330136e+04 1.009884288644774752e+00
6.075566090816399810e+04 9.955148223328236234e-01
6.075566116822468757e+04 9.935859288820245716e-01
6.075566142828538432e+04 1.003476082697423388e+00
6.075566168834608106e+04 9.924557145632195709e-01
6.075566194840677781e+04 1.019264645468959118e+00
6.075566220846748183e+04 1.007084077656116738e+00
6.075566246852817130e+04 9.977681169609836642e-01
6.075566272858886805e+04 1.016344709926735534e+00
6.075566298864956480e+04 1.013530949607630349e+00
6.075566324871025427e+04 9.935247002101167402e-01
6.075566350877095101e+04 1.003204045191566696e+00
6.075566376883164776e+04 1.005075308908469411e+00
6.075566402889234450e+04 1.013169341519758015e+00
6.075566428895304125e+04 1.009116652330048103e+00
6.075566454901373800e+04 1.008128638726263127e+00
6.075566480907443474e+04 1.008285010970288331e+00
6.075566506913513149e+04 1.005694549706428242e+00
6.075566532919582824e+04 1.006778678318862585e+00
6.075566558925652498e+04 1.008537759673374001e+00
6.075566584931721445e+04 9.808707997207001261e-01
6.075566610937791120e+04 9.965650965087865520e-01
6.075566636943860794e+04 1.001958713355786568e+00
6.075566662949930469e+04 1.014677529992218163e+00
6.075566688956000144e+04 9.936421804110198153e-01
6.075566714962069818e+04 9.844083912171576189e-01
6.075566740968139493e+04 9.914775654953729145e-01
6.075566766974209168e+04 1.002847157931084254e+00
6.075566792980278115e+04 9.858021872926980844e-01
6.075566818986347789e+04 9.915913312360942200e-01
6.075566844992417464e+04 9.925853138657928509e-01
6.075566870998487866e+04 1.004467877129581632e+00
6.075566897004557541e+04 1.001615199658753674e+00
6.075566923010626488e+04 1.000807686321444345e+00
6.075566949016696162e+04 1.012232027667304024e+00
6.075566975022765837e+04 1.000426897071915455e+00
6.075567001028834784e+04 9.939601671609963329e-01
6.075567027034905186e+04 9.842010676966136407e-01
6.075567053040974133e+04 1.017344635779279916e+00
6.075567079047044535e+04 1.010020394261942567e+00
6.075567105053114210e+04 1.005370137631683036e+00
6.075567131059183157e+04 9.929948203061524925e-01
6.075567157065252832e+04 1.002942648721546703e+00
6.075567183071322506e+04 9.992137793108453181e-01
6.075567209077392181e+04 1.008231015553561649e+00
6.075567235083461856e+04 9.926627679175594743e-01
6.075567261089531530e+04 1.001009726565849745e+00
6.075567287095601205e+04 1.008066556745261133e+00
6.075567313101670879e+04 1.003333573375334353e+00
6.075567339107740554e+04 1.005575094280047210e+00
6.075567365113810229e+04 9.952792875363341007e-01
6.075567391119879176e+04 1.010512996970569288e+00
6.075567417125948850e+04 9.859730693126196321e-01
6.075567443132019253e+04 1.000942111617662444e+00
6.075567469138088200e+04 9.994297121181704435e-01
6.075567495144157874e+04 1.003326350856368565e+00
6.075567521150227549e+04 1.010721858472088730e+00
6.075567547156297223e+04 1.002854511871617449e+00
6.075567573162366898e+04 1.007942129941297393e+00
6.075567599168436573e+04 1.000364963899381898e+00
6.075567625174506247e+04 1.032658860428507186e+00
6.075567651180575922e+04 1.011803453466089797e+00
6.075567677186645597e+04 1.010674488913235303e+00
6.075567703192715271e+04 1.000600816334991983e+00
6.075567729198784218e+04 1.002887635357661011e+00
6.075567755204853893e+04 1.010038687795350665e+00
6.075567781210924295e+04 9.967027139884770959e-01
6.075567807216993242e+04 1.011028724500889320e+00
6.075567833223062917e+04 9.969617519553095608e-01
6.075567859229132591e+04 1.001888287054103266e+00
6.075567885235202266e+04 1.004354899457526207e+00
6.075567911241271941e+04 1.009682395441769964e+00
6.075567937247341615e+04 1.004609279621448747e+00
6.075567963253411290e+04 9.929628292053730432e-01
6.075567989259480964e+04 9.985774200649306653e-01
6.075568015265550639e+04 1.002898257508080038e+00
6.075568041271620314e+04 9.893721718212075134e-01
6.075568067277689261e+04 9.974196400286877706e-01
6.075568093283759663e+04 1.012466732367275801e+00
6.075568119289829338e+04 1.020823230910407720e+00
6.075568145295898285e+04 9.986127770817520011e-01
6.075568171301968687e+04 1.004432683660495540e+00
6.075568197308037634e+04 1.013308748059774667e+00
6.075568223314107308e+04 9.920308632169649865e-01
6.075568249320177711e+04 1.014528825463091533e+00
6.075568275326246658e+04 1.002288221695028181e+00
6.075568301332316332e+04 1.008811362080616503e+00
6.075568327338386007e+04 1.002366219631561028e+00
6.075568483179301256e+04 9.781474988764479184e-01
6.075568509184680443e+04 1.008429964502374876e+00
6.075568535190059629e+04 1.000723562972306135e+00
6.075568561195438815e+04 1.000073365388536528e+00
6.075568587200818729e+04 9.921592401697147956e-01
6.075568613206199370e+04 9.960124113245695243e-01
6.075568639211578557e+04 9.936834987009156572e-01
6.075568665216957743e+04 1.003690747972559416e+00
6.075568691222336929e+04 9.946007790145533489e-01
6.075568717227716115e+04 9.913305830853011980e-01
6.075568743233096029e+04 1.010240002613981281e+00
6.075568769238475215e+04 9.943314819186657161e-01
6.075568795243854402e+04 9.945056992066731993e-01
6.075568821249233588e+04 1.015077682461438036e+00
6.075568847254613502e+04 9.898135213068344207e-01
6.075568873259992688e+04 9.922855924558907637e-01
6.075568899265372602e+04 9.981863096107467248e-01
6.075568925270752516e+04 9.968670805683558234e-01
6.075568951276131702e+04 9.955571142908603566e-01
6.075568977281511616e+04 9.990465201105426241e-01
6.075569003286890802e+04 9.885627635668213786e-01
6.075569029292269988e+04 1.000518821305131256e+00
6.075569055297649174e+04 1.004972593816762183e+00
6.075569081303029088e+04 1.005583988207445989e+00
6.075569107308408275e+04 1.001410261742192498e+00
6.075569133313787461e+04 1.000649912195416658e+00
6.075569159319166647e+04 1.004797620032706007e+00
6.075569185324547288e+04 1.010040568010685647e+00
6.075569211329927202e+04 9.960858304788402506e-01
6.075569237335306389e+04 1.006146907976198213e+00
6.075569263340685575e+04 9.880015170120095558e-01
6.075569289346064761e+04 1.001339699777672232e+00
6.075569315351444675e+04 1.013494235753624295e+00
6.075569341356823861e+04 1.002773066345973296e+00
6.075569367362203047e+04 9.959033973811267648e-01
6.075569393367582234e+04 9.977588051401680147e-01
6.075569419372962147e+04 9.953666310030543363e-01
6.075569445378341334e+04 1.021540230161884777e+00
6.075569471383720520e+04 1.016059308948863871e+00
6.075569497389100434e+04 9.998019727630844677e-01
6.075569523394481075e+04 9.950589165307589523e-01
6.075569549399860261e+04 9.988515189804955119e-01
6.075569575405239448e+04 9.948876746570955998e-01
6.075569601410618634e+04 1.000391037430298447e+00
6.075569627415998548e+04 1.005750287278123212e+00
6.075569653421377734e+04 1.019010516583150894e+00
6.075569679426756920e+04 1.004812719704093249e+00
6.075569705432136107e+04 1.001530739187351582e+00
6.075569731437516020e+04 1.011964655253069001e+00
6.075569757442895207e+04 1.002101160745934028e+00
6.075569783448274393e+04 9.958426063775476234e-01
6.075569809453654307e+04 9.754108285649303323e-01
6.075569835459034948e+04 1.003255953900586306e+00
6.075569861464414134e+04 1.004213562918609748e+00
6.075569887469793321e+04 1.003163404737863251e+00
6.075569913475172507e+04 1.005058454083981090e+00
6.075569939480552421e+04 1.001389204724004056e+00
6.075569965485931607e+04 1.013471059713629163e+00
6.075569991491310793e+04 9.969980270924343468e-01
6.075570017496689979e+04 1.001606486454810430e+00
6.075570043502069893e+04 1.010212925795001437e+00
6.075570069507449080e+04 1.011745729175336450e+00
6.075570095512828993e+04 1.018084746351413994e+00
6.075570121518208907e+04 9.933470276497285978e-01
6.075570147523588821e+04 1.000949808658964324e+00
6.075570173528968007e+04 1.002466052090331905e+00
6.075570199534347194e+04 1.007799998467163505e+00
6.075570225539727107e+04 1.001589168481836545e+00
6.075570251545106294e+04 9.905249984547787045e-01
6.075570277550485480e+04 9.872762541460340380e-01
6.075570303555864666e+04 9.857797293147139150e-01
6.075570329561244580e+04 1.002138147542688928e+00
6.075570355566623766e+04 9.965122665252411638e-01
6.075570381572002952e+04 1.008920911652221752e+00
6.075570407577382866e+04 1.004695183225983612e+00
6.075570433582763508e+04 9.879477794218426423e-01
6.075570459588142694e+04 9.986268265552823431e-01
6.075570485593521880e+04 9.872652384073933307e-01
6.075570511598901066e+04 9.982378086438115083e-01
6.075570537604280980e+04 9.879537216762344087e-01
6.075570563609660167e+04 9.888515020416542844e-01
6.075570589615039353e+04 9.977416107049881244e-01
6.075570615620419267e+04 9.856322938993393734e-01
6.075570641625798453e+04 1.007708999607040967e+00
6.075570667631177639e+04 9.917220329949563151e-01
6.075570693636557553e+04 9.976972992520702910e-01
6.075570719641938194e+04 1.002041307352015798e+00
6.075570745647317381e+04 9.858308192007988469e-01
6.075570771652696567e+04 9.955740390172783671e-01
6.075570797658076481e+04 9.919026580356481437e-01
6.075570823663455667e+04 1.000050933405679077e+00
6.075570849668834853e+04 9.770619957217072660e-01
6.075570875674214039e+04 9.957840604129969408e-01
6.075570901679593953e+04 9.994911656604262840e-01
6.075570927684973140e+04 1.012480754472173450e+00
6.075570953690352326e+04 9.897197346472808022e-01
6.075570979695732240e+04 1.001241598681102074e+00
6.075571005701112153e+04 9.959243449834371820e-01
6.075571031706492067e+04 1.002403264505546066e+00
6.075571057711871254e+04 1.026578601939698965e+00
6.075571083717251167e+04 9.820579260573620850e-01
6.075571109722630354e+04 9.984887724952357102e-01
6.075571135728009540e+04 1.017722856261033204e+00
6.075571161733389454e+04 1.008705597617515881e+00
6.075571187738768640e+04 1.016675464671830786e+00
6.075571213744147826e+04 1.002046030586265513e+00
6.075571239749527740e+04 1.007937464273325867e+00
6.075571265754906926e+04 9.974801778094551929e-01
6.075571291760286840e+04 9.996292005508607970e-01
6.075571317765666754e+04 9.982514856019792937e-01
6.075571474868715450e+04 9.839118276169053212e-01
6.075571500874785124e+04 1.016921498619575370e+00
6.075571526880854799e+04 9.844636478825352643e-01
6.075571552886924474e+04 9.877715357636307481e-01
6.075571578892994148e+04 1.009349651824633431e+00
6.075571604899063823e+04 9.966387719431525349e-01
6.075571630905133497e+04 9.880738122196288664e-01
6.075571656911203172e+04 1.002744659370147007e+00
6.075571682917273574e+04 1.009220724808510106e+00
6.075571708923342521e+04 9.890581991509629356e-01
6.075571734929412196e+04 9.984242451356586390e-01
6.075571760935482598e+04 9.995334160611161201e-01
6.075571786941552273e+04 9.945530218560800773e-01
6.075571812947621947e+04 1.016952927292856801e+00
6.075571838953690894e+04 9.988132146286360369e-01
6.075571864959761297e+04 1.015765168428323761e+00
6.075571890965830971e+04 9.912521686756274875e-01
6.075571916971899918e+04 1.009891987424551107e+00
6.075571942977970320e+04 1.001130518071083220e+00
6.075571968984039995e+04 9.954621320237749815e-01
6.075571994990109670e+04 9.923986315337158803e-01
6.075572020996180072e+04 9.967680556249474133e-01
6.075572047002249019e+04 9.959779095753906741e-01
6.075572073008318694e+04 1.016249337680613651e+00
6.075572099014388368e+04 1.003510009125962998e+00
6.075572125020458770e+04 1.009493723993160730e+00
6.075572151026528445e+04 1.002730243798138021e+00
6.075572177032597392e+04 1.009991936982183924e+00
6.075572203038667794e+04 9.923614860599339060e-01
6.075572229044737469e+04 9.936662951629969820e-01
6.075572255050806416e+04 9.702185903320489357e-01
6.075572281056877546e+04 9.999801514552006942e-01
6.075572307062946493e+04 9.988747914580533571e-01
6.075572333069016167e+04 1.003438632500408767e+00
6.075572359075086570e+04 9.978805213641112060e-01
6.075572385081155517e+04 9.917332031390835301e-01
6.075572411087225191e+04 9.862202530278477708e-01
6.075572437093294866e+04 9.815509162840367896e-01
6.075572463099365268e+04 9.970290351262326434e-01
6.075572489105434943e+04 9.928406385619518160e-01
6.075572515111503890e+04 9.856462358501555387e-01
6.075572541117574292e+04 1.006329479031931484e+00
6.075572567123643967e+04 9.971981498198129179e-01
6.075572593129713641e+04 9.933355874279503617e-01
6.075572619135784043e+04 9.876692152444059847e-01
6.075572645141852990e+04 9.960058702619111193e-01
6.075572671147922665e+04 9.978108800741369855e-01
6.075572697153993067e+04 9.909091476190972081e-01
6.075572723160062014e+04 9.993267341736102871e-01
6.075572749166131689e+04 1.001874020125658182e+00
6.075572775172202091e+04 1.013788313574974786e+00
6.075572801178271766e+04 1.008193169217972196e+00
6.075572827184341440e+04 1.012164520431831694e+00
6.075572853190411115e+04 9.984925555671774200e-01
6.075572879196480790e+04 1.002390956652260634e+00
6.075572905202550464e+04 1.025250338354387836e+00
6.075572931208620867e+04 1.000345304141050828e+00
6.075572957214690541e+04 9.998370820562985095e-01
6.075572983220759488e+04 1.008692682277893216e+00
6.075573009226829890e+04 9.957343276335732796e-01
6.075573035232899565e+04 9.973809402594514539e-01
6.075573061238968512e+04 1.006939829813791265e+00
6.075573087245038914e+04 9.968827375355008291e-01
6.075573113251108589e+04 9.933410775030209194e-01
6.075573139257178264e+04 9.860330508295821472e-01
6.075573165263248666e+04 1.010017693864420307e+00
6.075573191269317613e+04 1.004937970346559517e+00
6.075573217275387287e+04 1.009623171342245218e+00
6.075573243281457690e+04 9.960451958933849159e-01
6.075573269287527364e+04 9.945561457157711116e-01
6.075573295293597039e+04 9.981249848805826552e-01
6.075573321299666713e+04 9.983229002099358596e-01
6.075573347305736388e+04 9.903978359584836300e-01
6.075573373311806063e+04 1.003922042476643517e+00
6.075573399317875737e+04 9.963356230533517710e-01
6.075573425323946140e+04 9.843300663929921424e-01
6.075573451330015087e+04 9.985542543951956285e-01
6.075573477336085489e+04 9.816322391374595613e-01
6.075573503342155163e+04 9.977128888968153086e-01
6.075573529348224110e+04 1.008419123210568147e+00
6.075573555354294513e+04 9.971147503632549203e-01
6.075573581360364187e+04 9.905259853316905616e-01
6.075573607366434589e+04 1.012665176449814908e+00
6.075573633372504264e+04 9.928733801482720889e-01
6.075573659378573211e+04 1.003054317902927872e+00
6.075573685384643613e+04 1.020655866418556101e+00
6.075573711390713288e+04 9.945115600626195373e-01
6.075573737396782963e+04 1.000314934853164583e+00
6.075573763402853365e+04 9.896648059127441943e-01
6.075573789408922312e+04 1.004632555760115009e+00
6.075573815414991986e+04 1.002213637448676753e+00
6.075573841421062389e+04 9.962199930813061544e-01
6.075573867427131336e+04 1.007898176795873457e+00
6.075573893433201010e+04 9.889680588572514752e-01
6.075573919439271413e+04 9.998080796937085513e-01
6.075573945445341087e+04 1.006822820538687990e+00
6.075573971451411489e+04 9.988733975721643121e-01
6.075573997457480436e+04 1.008292559569716973e+00
6.075574023463550111e+04 9.977342491013612147e-01
6.075574049469620513e+04 9.979750108993115099e-01
6.075574075475690188e+04 1.011277289929394474e+00
6.075574101481759863e+04 1.000810892473086522e+00
6.075574127487829537e+04 1.020012248574830194e+00
6.075574153493899212e+04 9.999423212913289838e-01
6.075574179499969614e+04 9.916272358682914900e-01
6.075574205506038561e+04 9.951953151734181935e-01
6.075574231512108236e+04 9.847621542299495045e-01
6.075574257518178638e+04 9.994638247992883029e-01
6.075574283524248312e+04 1.003702073365870584e+00
6.075574309530317987e+04 9.981124604215327878e-01
6.075574483016229351e+04 1.010808475932701178e+00
6.075574509021608537e+04 1.016824682752816900e+00
6.075574535026989179e+04 1.015189772113192390e+00
6.075574561032369093e+04 9.766428887565128392e-01
6.075574587037748279e+04 1.004114190716711708e+00
6.075574613043128193e+04 1.005097583909144277e+00
6.075574639048507379e+04 1.001305260464596669e+00
6.075574665053887293e+04 9.955131855636528693e-01
6.075574691059266479e+04 1.003054882227842226e+00
6.075574717064645665e+04 1.022730489320880620e+00
6.075574743070025579e+04 9.895432456713103564e-01
6.075574769075404765e+04 1.008363615477249287e+00
6.075574795080784679e+04 1.000157086966675823e+00
6.075574821086163865e+04 9.875564090985797794e-01
6.075574847091544507e+04 9.873952666139580447e-01
6.075574873096924421e+04 9.856055866336701499e-01
6.075574899102303607e+04 9.989310043449520782e-01
6.075574925107683521e+04 9.898540313275553393e-01
6.075574951113062707e+04 9.925140869837181246e-01
6.075574977118442621e+04 1.009499183436285863e+00
6.075575003123821807e+04 9.939781025357385946e-01
6.075575029129201721e+04 1.000717067230043389e+00
6.075575055134580907e+04 1.012029616612253768e+00
6.075575081139960093e+04 1.004256844707683838e+00
6.075575107145340007e+04 1.010275742846300728e+00
6.075575133150719921e+04 1.004506596523643047e+00
6.075575159156100563e+04 1.015109361875504490e+00
6.075575185161479749e+04 1.012636383207811797e+00
6.075575211166859663e+04 9.989012601929806445e-01
6.075575237172238849e+04 1.005863282570862660e+00
6.075575263177618035e+04 9.929467185996151413e-01
6.075575289182997949e+04 1.004901550920095143e+00
6.075575315188377135e+04 9.859006208110308034e-01
6.075575341193757049e+04 1.008204910943552690e+00
6.075575367199136235e+04 1.016542973789335003e+00
6.075575393204516149e+04 1.019888329637107516e+00
6.075575419209895335e+04 9.928688268245097204e-01
6.075575445215275249e+04 1.005734930468771493e+00
6.075575471220655891e+04 9.943430015782237508e-01
6.075575497226035077e+04 1.002763690092957294e+00
6.075575523231414991e+04 1.010810227015817464e+00
6.075575549236794177e+04 9.970431995779307499e-01
6.075575575242174091e+04 9.905783435962176586e-01
6.075575601247553277e+04 1.026437430883521573e+00
6.075575627252933191e+04 1.008667509260854356e+00
6.075575653258312377e+04 1.007121682987285327e+00
6.075575679263691563e+04 1.013287981219801681e+00
6.075575705269071477e+04 1.008087572644938756e+00
6.075575731274451391e+04 1.001685504705700058e+00
6.075575757279832033e+04 1.007482191873239952e+00
6.075575783285211219e+04 1.005799761324674524e+00
6.075575809290591133e+04 9.866377523408182970e-01
6.075575835295970319e+04 1.028253442527255146e+00
6.075575861301350233e+04 1.009351609916740555e+00
6.075575887306729419e+04 1.013106675836266790e+00
6.075575913312109333e+04 1.017578339021997236e+00
6.075575939317488519e+04 1.012533086567027896e+00
6.075575965322867705e+04 1.014703960069605726e+00
6.075575991328247619e+04 9.909470268392013281e-01
6.075576017333626805e+04 9.839244455791937849e-01
6.075576043339007447e+04 1.011187618812356304e+00
6.075576069344387361e+04 9.882795119286067465e-01
6.075576095349767274e+04 1.016504661895377026e+00
6.075576121355146461e+04 9.989693462882448527e-01
6.075576147360526375e+04 9.887526867705285216e-01
6.075576173365905561e+04 1.009708133209008762e+00
6.075576199371285475e+04 9.948403435978406817e-01
6.075576225376664661e+04 1.010521728370465055e+00
6.075576251382044575e+04 1.002544746284517174e+00
6.075576277387423761e+04 9.976535627870950496e-01
6.075576303392802947e+04 9.931509843013288652e-01
6.075576329398183589e+04 1.002899459568926233e+00
6.075576355403563502e+04 1.020091877903639199e+00
6.075576381408943416e+04 1.007011702379402962e+00
6.075576407414322603e+04 9.930290893255671048e-01
6.075576433419702516e+04 1.015535849873692609e+00
6.075576459425081703e+04 1.010859920073083007e+00
6.075576485430461616e+04 9.982166498204557703e-01
6.075576511435840803e+04 9.945778740509481075e-01
6.075576537441220717e+04 9.968568159632731351e-01
6.075576563446599903e+04 9.957027132200643171e-01
6.075576589451979817e+04 1.015807563107345546e+00
6.075576615457359003e+04 9.952116994054965859e-01
6.075576641462739644e+04 9.956777225108747187e-01
6.075576667468119558e+04 1.002801813203892500e+00
6.075576693473499472e+04 9.933136943091573912e-01
6.075576719478878658e+04 9.851685825797087404e-01
6.075576745484258572e+04 9.873208522546261801e-01
6.075576771489637758e+04 1.016256270695037989e+00
6.075576797495017672e+04 9.913443172488569655e-01
6.075576823500396858e+04 1.001543970727080346e+00
6.075576849505776045e+04 9.968962518321889954e-01
6.075576875511155959e+04 9.942797230928130947e-01
6.075576901516535145e+04 9.994093699509311035e-01
6.075576927521915786e+04 9.847339567117012749e-01
6.075576953527295700e+04 1.007993211904623321e+00
6.075576979532675614e+04 1.000140544154800137e+00
6.075577005538054800e+04 1.002077482390083318e+00
6.075577031543434714e+04 9.861960685981180363e-01
6.075577057548813900e+04 1.001877059608050624e+00
6.075577083554193814e+04 1.000521773518514346e+00
6.075577109559573000e+04 1.012139199678861790e+00
6.075577135564952914e+04 1.007520819174458460e+00
6.075577161570332100e+04 1.002104336588320210e+00
6.075577187575712014e+04 1.001976921750347804e+00
6.075577213581091200e+04 9.923101768975592929e-01
6.075577239586471842e+04 9.842982511406095369e-01
6.075577265591851756e+04 1.001050848278692840e+00
6.075577291597231670e+04 9.975898067000507075e-01
6.075577317602610856e+04 1.012433166240195970e+00
