6.075585120116569306e+04 1.011507137488870889e+00
6.075585146121949219e+04 1.000104677311273838e+00
6.075585172127328406e+04 1.007184450132844411e+00
6.075585198132708319e+04 1.002562756462253457e+00
6.075585224138088233e+04 9.985064264866225781e-01
6.075585250143468147e+04 1.008036942207864550e+00
6.075585276148847333e+04 9.976776447628173949e-01
6.075585302154227247e+04 1.002261800512745049e+00
6.075585328159607161e+04 9.910565033314017169e-01
6.075585354164987803e+04 9.898901452739949924e-01
6.075585380170368444e+04 1.013372819995612906e+00
6.075585406175747630e+04 1.004584906285757029e+00
6.075585432181127544e+04 1.000919773643583088e+00
6.075585458186507458e+04 1.003702689979928619e+00
6.075585484191887372e+04 1.015058866139481042e+00
6.075585510197266558e+04 1.005393715862636483e+00
6.075585536202646472e+04 1.005826833682253785e+00
6.075585562208026386e+04 1.010366803516554945e+00
6.075585588213406299e+04 1.003507235405613818e+00
6.075585614218786213e+04 1.013729434611024605e+00
6.075585640224165400e+04 1.006312166597471025e+00
6.075585666229546041e+04 9.997825745364812278e-01
6.075585692234926682e+04 1.002053077105118595e+00
6.075585718240306596e+04 1.006295849436814160e+00
6.075585744245685783e+04 1.007979199080132338e+00
6.075585770251065696e+04 1.012100936959371866e+00
6.075585796256445610e+04 9.980306379486839630e-01
6.075585822261825524e+04 1.003869501155214117e+00
6.075585848267205438e+04 1.004644487107508866e+00
6.075585874272584624e+04 1.000272881915535317e+00
6.075585900277964538e+04 9.965249423093125447e-01
6.075585926283344452e+04 9.966290688768273398e-01
6.075585952288725093e+04 9.947275948842637661e-01
6.075585978294105735e+04 1.015003827962992711e+00
6.075586004299484921e+04 9.992857933997862929e-01
6.075586030304864835e+04 1.010713357955951297e+00
6.075586056310244749e+04 1.000979318856195066e+00
6.075586082315624662e+04 9.967096118471107102e-01
6.075586108321004576e+04 9.994930104307685470e-01
6.075586134326383763e+04 1.006114367467026094e+00
6.075586160331763676e+04 1.000953489413539677e+00
6.075586186337143590e+04 9.967298907965246313e-01
6.075586212342523504e+04 1.006050086560142054e+00
6.075586238347903418e+04 1.004897331092486468e+00
6.075586264353283332e+04 1.007804781294013186e+00
6.075586290358663973e+04 1.003956754994990375e+00
6.075586316364043887e+04 1.001641977526681604e+00
6.075586342369423801e+04 9.984924616422115040e-01
6.075586368374803715e+04 9.919676135243469250e-01
6.075586394380182901e+04 9.976444753172908353e-01
6.075586420385562815e+04 1.005085329977493114e+00
6.075586446390942729e+04 1.009946630037643622e+00
6.075586472396322642e+04 1.005900536715401250e+00
6.075586498401702556e+04 1.000438856800924814e+00
6.075586524407081743e+04 1.003497036274703769e+00
6.075586550412462384e+04 9.958924635932769887e-01
6.075586576417843025e+04 1.001879479349802038e+00
6.075586602423222939e+04 9.932079403962735809e-01
6.075586628428602853e+04 9.969152446973218451e-01
6.075586654433982039e+04 9.986209822453254725e-01
6.075586680439361953e+04 1.005568301908330575e+00
6.075586706444741867e+04 9.992678446672587089e-01
6.075586732450121781e+04 9.937013464079161862e-01
6.075586758455501695e+04 1.001961464358841924e+00
6.075586784460881609e+04 1.012805026981136614e+00
6.075586810466260795e+04 1.001972589735409036e+00
6.075586836471640709e+04 1.007212119563520414e+00
6.075586862477021350e+04 9.958334388630837308e-01
6.075586888482401991e+04 1.000338529893731288e+00
6.075586914487781905e+04 1.003438097068030554e+00
6.075586940493161092e+04 9.997884227201986329e-01
6.075586966498541005e+04 1.005543334543740563e+00
6.075586992503920919e+04 9.954733257949018865e-01
6.075587018509300833e+04 1.000177471026344245e+00
6.075587044514680747e+04 1.002297590286450379e+00
6.075587070520060661e+04 1.002618835655555873e+00
6.075587096525439847e+04 1.005128694368626396e+00
6.075587122530819761e+04 9.927062482223931728e-01
6.075587148536199675e+04 9.945455445510195114e-01
6.075587174541581044e+04 1.006705876571006408e+00
6.075587200546960958e+04 9.983914109625522393e-01
6.075587226552340871e+04 9.898855948831447593e-01
6.075587252557720058e+04 1.002451633955936394e+00
6.075587278563099972e+04 1.009856158352225641e+00
6.075587304568479885e+04 1.008143489809760540e+00
6.075587330573859799e+04 9.945655101194523784e-01
6.075587356579239713e+04 9.965865192230068947e-01
6.075587382584619627e+04 1.004940055423109602e+00
6.075587408589998813e+04 9.936240219716863109e-01
6.075587434595378727e+04 1.007321703647228839e+00
6.075587460600759368e+04 1.003271812641614691e+00
6.075587486606140010e+04 9.930070999730183923e-01
6.075587512611519924e+04 9.929392260484042332e-01
6.075587538616899838e+04 9.926715249703301769e-01
6.075587564622279751e+04 1.004463967644951161e+00
6.075587590627658938e+04 1.004698353504249519e+00
6.075587616633038851e+04 9.844526598195166844e-01
6.075587642638418765e+04 9.997905550814384368e-01
6.075587668643798679e+04 9.992529585482544663e-01
6.075587694649178593e+04 9.993137272785713732e-01
6.075587720654558507e+04 1.003313015242387030e+00
6.075587746659937693e+04 9.927808916258569205e-01
6.075587772665318334e+04 9.990666497375397803e-01
6.075587798670698976e+04 9.932839301121370035e-01
6.075587824676078890e+04 1.007227196536475189e+00
6.075587850681458804e+04 9.965848072888713327e-01
6.075587876686838717e+04 9.959770376527649072e-01
6.075587902692218631e+04 9.964228819032188156e-01
6.075587928697597818e+04 9.957106848324221993e-01
6.075587954702977731e+04 9.852910887910659721e-01
6.075588115586427011e+04 9.966324164209083847e-01
6.075588141592496686e+04 9.964679173653187005e-01
6.075588167598567088e+04 9.872044596531627247e-01
6.075588193604636763e+04 9.985952782083222790e-01
6.075588219610707165e+04 9.846630905646677201e-01
6.075588245616777567e+04 9.987148234197849028e-01
6.075588271622847242e+04 1.000359597740168915e+00
6.075588297628917644e+04 9.930248133585376502e-01
6.075588323634988046e+04 9.966596397295460763e-01
6.075588349641056993e+04 9.927044282244517071e-01
6.075588375647127395e+04 1.001673364745325978e+00
6.075588401653197798e+04 9.844828736878297182e-01
6.075588427659268200e+04 9.967773679710177914e-01
6.075588453665338602e+04 9.843661528978630004e-01
6.075588479671408277e+04 9.956023192883467487e-01
6.075588505677478679e+04 9.927429996982325422e-01
6.075588531683548354e+04 9.890547030528271666e-01
6.075588557689618756e+04 9.966457018988080785e-01
6.075588583695689158e+04 9.921434977400309663e-01
6.075588609701758833e+04 9.942094105607999222e-01
6.075588635707829235e+04 1.002505485301962596e+00
6.075588661713899637e+04 9.991024946127395889e-01
6.075588687719969312e+04 9.976632001340426381e-01
6.075588713726038986e+04 9.910795186785601452e-01
6.075588739732109389e+04 9.879341911041279456e-01
6.075588765738179791e+04 9.946358191301322149e-01
6.075588791744250193e+04 9.959672588975584384e-01
6.075588817750319868e+04 9.880272678924421070e-01
6.075588843756390270e+04 9.969380104853615698e-01
6.075588869762460672e+04 9.822876613383199063e-01
6.075588895768530347e+04 9.973336039899417527e-01
6.075588921774600749e+04 1.000167289899884127e+00
6.075588947780670424e+04 9.918676505736749860e-01
6.075588973786740826e+04 9.945182976521255158e-01
6.075588999792811228e+04 9.984678129202100294e-01
6.075589025798880903e+04 9.991677744615666823e-01
6.075589051804952032e+04 9.969732189935475164e-01
6.075589077811021707e+04 9.930498756629982937e-01
6.075589103817091382e+04 9.998226836230017511e-01
6.075589129823161784e+04 9.852576234286841705e-01
6.075589155829231458e+04 9.978267096561955762e-01
6.075589181835301861e+04 1.001245213717129934e+00
6.075589207841372263e+04 1.005356686842836522e+00
6.075589233847442665e+04 9.998996875652872429e-01
6.075589259853513067e+04 1.000395295975718524e+00
6.075589285859582742e+04 9.985733119525921353e-01
6.075589311865652417e+04 9.998312838077434428e-01
6.075589337871722819e+04 9.982307068139318895e-01
6.075589363877793221e+04 9.894651573951041001e-01
6.075589389883863623e+04 9.863104854799050747e-01
6.075589415889933298e+04 9.937227235849956930e-01
6.075589441896003700e+04 9.923827267639033778e-01
6.075589467902074102e+04 9.948273197110771848e-01
6.075589493908143777e+04 9.935690002941224286e-01
6.075589519914213452e+04 9.984080231913268211e-01
6.075589545920283854e+04 9.929317177320756693e-01
6.075589571926354256e+04 1.001453271167433767e+00
6.075589597932424658e+04 9.942402785738889692e-01
6.075589623938494333e+04 9.984992072181982925e-01
6.075589649944564735e+04 9.872914691951230060e-01
6.075589675950635137e+04 9.957987675609176748e-01
6.075589701956705539e+04 9.890039355498881912e-01
6.075589727962775942e+04 9.921296901447511640e-01
6.075589753968844889e+04 9.873341977139702408e-01
6.075589779974915291e+04 1.002723828820428098e+00
6.075589805980985693e+04 1.001296432103345291e+00
6.075589831987055368e+04 9.919654563852912110e-01
6.075589857993125770e+04 9.973330567465936713e-01
6.075589883999196172e+04 9.901272764111322955e-01
6.075589910005266574e+04 9.993147779626431193e-01
6.075589936011336977e+04 9.902802809168663734e-01
6.075589962017406651e+04 9.835614485634438520e-01
6.075589988023477054e+04 9.966781949789833561e-01
6.075590014029546728e+04 9.892870708001618718e-01
6.075590040035617130e+04 1.005884529549550876e+00
6.075590066041687533e+04 9.946118859338534124e-01
6.075590092047757207e+04 9.949401744987548257e-01
6.075590118053827609e+04 1.002586949819771700e+00
6.075590144059898012e+04 1.010628007094846126e+00
6.075590170065967686e+04 9.971957974361198573e-01
6.075590196072038816e+04 9.928620686712980037e-01
6.075590222078108491e+04 9.915500237427895547e-01
6.075590248084178893e+04 1.003762461546289009e+00
6.075590274090249295e+04 9.905463228729929348e-01
6.075590300096318242e+04 1.000366240157103626e+00
6.075590326102388644e+04 1.005146866408050288e+00
6.075590352108459047e+04 9.941886045002289451e-01
6.075590378114529449e+04 9.933945391910102840e-01
6.075590404120599851e+04 9.960023083883058348e-01
6.075590430126669526e+04 1.000080901062053718e+00
6.075590456132739928e+04 9.974010054770298117e-01
6.075590482138810330e+04 9.999515258021300923e-01
6.075590508144880732e+04 9.985601807743686997e-01
6.075590534150951135e+04 9.948662005736682579e-01
6.075590560157020809e+04 9.987570480338477941e-01
6.075590586163091211e+04 1.007991629377107623e+00
6.075590612169160886e+04 9.925180104498367850e-01
6.075590638175230561e+04 9.972723746597335071e-01
6.075590664181300963e+04 1.004792903873139354e+00
6.075590690187371365e+04 1.001036782524394209e+00
6.075590716193441767e+04 1.007324349209115288e+00
6.075590742199512169e+04 1.002498310505682610e+00
6.075590768205581844e+04 1.000201735758552646e+00
6.075590794211652246e+04 1.003650295820539995e+00
6.075590820217722649e+04 1.002995914061258986e+00
6.075590846223793051e+04 9.970381732076442072e-01
6.075590872229863453e+04 1.000467061146572467e+00
6.075590898235933128e+04 9.973834684885678481e-01
6.075590924242003530e+04 9.959266981307990374e-01
6.075590950248073932e+04 1.007913099071445329e+00
6.075591106051386305e+04 9.986116062907978153e-01
6.075591132057445793e+04 9.970552184224821257e-01
6.075591158063505281e+04 1.001004441574989912e+00
6.075591184069564770e+04 1.000729037630845752e+00
6.075591210075624258e+04 1.001605850028709943e+00
6.075591236081683746e+04 1.012180371297772385e+00
6.075591262087743235e+04 1.003967504785227227e+00
6.075591288093802723e+04 1.001200715277376752e+00
6.075591314099862211e+04 1.003462618354703739e+00
6.075591340105922427e+04 1.004803955255646697e+00
6.075591366111981915e+04 9.975821464904536251e-01
6.075591392118041404e+04 9.998852742839942076e-01
6.075591418124100892e+04 1.004804950163009636e+00
6.075591444130160380e+04 9.955531446564075404e-01
6.075591470136219868e+04 1.007043541419056831e+00
6.075591496142279357e+04 9.983757364064956841e-01
6.075591522148338845e+04 1.007441672964756840e+00
6.075591548154399061e+04 9.992584266940937043e-01
6.075591574160458549e+04 1.001672057157576123e+00
6.075591600166518037e+04 1.002050373463894584e+00
6.075591626172577526e+04 1.010686932073455058e+00
6.075591652178637742e+04 9.969734031894356141e-01
6.075591678184697230e+04 1.008593440825318099e+00
6.075591704190756718e+04 9.989525696728387416e-01
6.075591730196816206e+04 1.002024419751012418e+00
6.075591756202875695e+04 9.966713065119698900e-01
6.075591782208935183e+04 9.994345120272311034e-01
6.075591808214994671e+04 9.933455507497614967e-01
6.075591834221054160e+04 1.004218053568164848e+00
6.075591860227113648e+04 1.005586313301253254e+00
6.075591886233173136e+04 1.006961086290001584e+00
6.075591912239232624e+04 9.991625026592723113e-01
6.075591938245292840e+04 1.008454607766288147e+00
6.075591964251352329e+04 9.965911964772290466e-01
6.075591990257411817e+04 1.010016915818876759e+00
6.075592016263471305e+04 1.005976061296216528e+00
6.075592042269530793e+04 1.006177934748333724e+00
6.075592068275590282e+04 1.006597450814885608e+00
6.075592094281649770e+04 9.963660325286710640e-01
6.075592120287709986e+04 1.003034872909140951e+00
6.075592146293769474e+04 9.958502310948744718e-01
6.075592172299828962e+04 9.974595359434115238e-01
6.075592198305888451e+04 1.001803688957003446e+00
6.075592224311948667e+04 1.009208922311197965e+00
6.075592250318008155e+04 1.009485157456744497e+00
6.075592276324067643e+04 1.001570329090830436e+00
6.075592302330127131e+04 1.003157403711855356e+00
6.075592328336186620e+04 1.008900801274595693e+00
6.075592354342246108e+04 1.010163035797462472e+00
6.075592380348305596e+04 1.003019107133365617e+00
6.075592406354365812e+04 1.006730530161374260e+00
6.075592432360425300e+04 1.001850640268083348e+00
6.075592458366484789e+04 9.980293652646132774e-01
6.075592484372544277e+04 1.008154999524707218e+00
6.075592510378604493e+04 1.009306122169727038e+00
6.075592536384663981e+04 1.002345066831190845e+00
6.075592562390723469e+04 9.980929172983197262e-01
6.075592588396782958e+04 1.016326668127299326e+00
6.075592614402842446e+04 1.003091112725290834e+00
6.075592640408901934e+04 1.005593801754236516e+00
6.075592666414961423e+04 1.010837488453006694e+00
6.075592692421020911e+04 1.008232521924225411e+00
6.075592718427081127e+04 9.994395898917544097e-01
6.075592744433140615e+04 1.003734049409436224e+00
6.075592770439200103e+04 1.009118166681111983e+00
6.075592796445260319e+04 1.006196522002527516e+00
6.075592822451319807e+04 1.004953144663679909e+00
6.075592848457379296e+04 9.942345023242479263e-01
6.075592874463438784e+04 9.978659342380795660e-01
6.075592900469498272e+04 1.003461062634890544e+00
6.075592926475557761e+04 1.004679281019239312e+00
6.075592952481617249e+04 9.940757104696071877e-01
6.075592978487676737e+04 1.004974990741314356e+00
6.075593004493736953e+04 1.000108215360392183e+00
6.075593030499796441e+04 1.003298978084065984e+00
6.075593056505855930e+04 1.008388767302455635e+00
6.075593082511916145e+04 1.000746906100457689e+00
6.075593108517975634e+04 9.998631060720067909e-01
6.075593134524035122e+04 1.007932290962586075e+00
6.075593160530094610e+04 1.012225809793316111e+00
6.075593186536154099e+04 1.010648371492827824e+00
6.075593212542213587e+04 1.002621957106830219e+00
6.075593238548273075e+04 1.007120632674030736e+00
6.075593264554332563e+04 1.009133268584323506e+00
6.075593290560392779e+04 1.001973192390688272e+00
6.075593316566452268e+04 1.004852666446904852e+00
6.075593342572511756e+04 1.002053271722063377e+00
6.075593368578571244e+04 1.007842766614138741e+00
6.075593394584631460e+04 1.010573195636466526e+00
6.075593420590690948e+04 9.965928363311566951e-01
6.075593446596750437e+04 1.008348812580312837e+00
6.075593472602809925e+04 1.004144301329565669e+00
6.075593498608869413e+04 1.002576009748151309e+00
6.075593524614928901e+04 1.001685821344031169e+00
6.075593550620988390e+04 1.014034665164797344e+00
6.075593576627048606e+04 1.003924500085781268e+00
6.075593602633108094e+04 9.946319234270011300e-01
6.075593628639167582e+04 1.006903290582529475e+00
6.075593654645227070e+04 9.917664739728726531e-01
6.075593680651287286e+04 1.010455305387201852e+00
6.075593706657346775e+04 1.007392742982917699e+00
6.075593732663406263e+04 9.969668648293159574e-01
6.075593758669465751e+04 9.957477929255990068e-01
6.075593784675525239e+04 1.013176250077782115e+00
6.075593810681584728e+04 1.009307392630823808e+00
6.075593836687644216e+04 1.006401190729257156e+00
6.075593862693704432e+04 1.014647996781498085e+00
6.075593888699763920e+04 1.010116403919164574e+00
6.075593914705823408e+04 1.000367672037570044e+00
6.075593940711883624e+04 9.976982900757636052e-01
6.075594106598430517e+04 1.001755184613931204e+00
6.075594132604500919e+04 1.005376041549445709e+00
6.075594158610571321e+04 9.978998261125959779e-01
6.075594184616640996e+04 1.003454348779591720e+00
6.075594210622711398e+04 1.010987004407401413e+00
6.075594236628781800e+04 1.000757188527941599e+00
6.075594262634852203e+04 1.012040847227859475e+00
6.075594288640922605e+04 1.006036019649181101e+00
6.075594314646992279e+04 1.005649787715598542e+00
6.075594340653063409e+04 1.004742387000267412e+00
6.075594366659133811e+04 1.002758225102905021e+00
6.075594392665203486e+04 1.008247425546584752e+00
6.075594418671273888e+04 1.003816772266606705e+00
6.075594444677344291e+04 1.009650133577179476e+00
6.075594470683414693e+04 1.006962490318833447e+00
6.075594496689485095e+04 9.983934844449788848e-01
6.075594522695554770e+04 9.951629204986319754e-01
6.075594548701625172e+04 1.005891182290798547e+00
6.075594574707695574e+04 1.000875378549568318e+00
6.075594600713765976e+04 9.937896190353775472e-01
6.075594626719836378e+04 1.018696089477234556e+00
6.075594652725906053e+04 1.003614991244973442e+00
6.075594678731976455e+04 1.001035936117285363e+00
6.075594704738046858e+04 1.004861636760575827e+00
6.075594730744116532e+04 9.988962632417657250e-01
6.075594756750187662e+04 1.000274363220525542e+00
6.075594782756257337e+04 1.011272752926843266e+00
6.075594808762328466e+04 9.958915710425022549e-01
6.075594834768398869e+04 9.987287016600265854e-01
6.075594860774468543e+04 1.003547047977573214e+00
6.075594886780538945e+04 1.004633862889065643e+00
6.075594912786609348e+04 1.005247709546762014e+00
6.075594938792679750e+04 1.000983345447429507e+00
6.075594964798750152e+04 1.003283979896689937e+00
6.075594990804819827e+04 1.008994389425650340e+00
6.075595016810890229e+04 1.011431203859791239e+00
6.075595042816960631e+04 1.006020079154789304e+00
6.075595068823031033e+04 1.000167557158924581e+00
6.075595094829101436e+04 9.977523825398536550e-01
6.075595120835171110e+04 9.944299349443462832e-01
6.075595146841241512e+04 1.001023876951043556e+00
6.075595172847312642e+04 9.994605271675770508e-01
6.075595198853382317e+04 9.950669403013697734e-01
6.075595224859452719e+04 9.963478869789496040e-01
6.075595250865523121e+04 9.939293711449774804e-01
6.075595276871593524e+04 1.001318418068318783e+00
6.075595302877663926e+04 9.984211827027740238e-01
6.075595328883733600e+04 1.009008146593841637e+00
6.075595354889804003e+04 1.009465086586576188e+00
6.075595380895874405e+04 9.964580802661130443e-01
6.075595406901944807e+04 9.951621480773668038e-01
6.075595432908015209e+04 9.992519749480247571e-01
6.075595458914084884e+04 1.004642024663105815e+00
6.075595484920156014e+04 9.955670442214501481e-01
6.075595510926226416e+04 9.985998315109755330e-01
6.075595536932296091e+04 1.002225632894958141e+00
6.075595562938366493e+04 1.006503566134890448e+00
6.075595588944436895e+04 1.002866467937290729e+00
6.075595614950507297e+04 9.964022795185570880e-01
6.075595640956577699e+04 9.982062648521151660e-01
6.075595666962647374e+04 9.995819625166738609e-01
6.075595692968717776e+04 9.980220953365223080e-01
6.075595718974788178e+04 1.001361866924847632e+00
6.075595744980858581e+04 1.001068555559600837e+00
6.075595770986929710e+04 1.001523357844929629e+00
6.075595796992999385e+04 9.941035407208098640e-01
6.075595822999069787e+04 1.003402505574518822e+00
6.075595849005140190e+04 9.994518277017393482e-01
6.075595875011209864e+04 9.901105310289306516e-01
6.075595901017280994e+04 9.988696586127427945e-01
6.075595927023350669e+04 9.981326234386358465e-01
6.075595953029421071e+04 9.897221849263804216e-01
6.075595979035491473e+04 9.968757732356435808e-01
6.075596005041561148e+04 1.000313940967423765e+00
6.075596031047632277e+04 9.910198823326202833e-01
6.075596057053702680e+04 1.005588900103296046e+00
6.075596083059773082e+04 9.983689561296636983e-01
6.075596109065843484e+04 9.966886725786381351e-01
6.075596135071913159e+04 9.940596002578835355e-01
6.075596161077983561e+04 9.924815349208107040e-01
6.075596187084053963e+04 9.992799195164290271e-01
6.075596213090124365e+04 9.930593263741925858e-01
6.075596239096194768e+04 1.003909430473881814e+00
6.075596265102265170e+04 9.967500632305610342e-01
6.075596291108335572e+04 1.000632472298066178e+00
6.075596317114405974e+04 9.948909212822774073e-01
6.075596343120475649e+04 9.961580307379930277e-01
6.075596369126546051e+04 9.925016930946365390e-01
6.075596395132616453e+04 9.911521355366315067e-01
6.075596421138686856e+04 9.892343680092451352e-01
6.075596447144757258e+04 9.944702819567348140e-01
6.075596473150827660e+04 9.934643968801759595e-01
6.075596499156898062e+04 9.947163811235738562e-01
6.075596525162968464e+04 9.922393711795262083e-01
6.075596551169038867e+04 1.002508848891416005e+00
6.075596577175109269e+04 9.925961300077903449e-01
6.075596603181178943e+04 1.001692164294971210e+00
6.075596629187249346e+04 9.958434158769492450e-01
6.075596655193319748e+04 9.994906639664821180e-01
6.075596681199390150e+04 9.963333176666936408e-01
6.075596707205460552e+04 9.918580566031620638e-01
6.075596733211530955e+04 9.844639785496567264e-01
6.075596759217601357e+04 9.943476754191211686e-01
6.075596785223671759e+04 1.002458762476784448e+00
6.075596811229741434e+04 9.996449327390604100e-01
6.075596837235811836e+04 9.996490244056496222e-01
6.075596863241882238e+04 9.973053578904448324e-01
6.075596889247953368e+04 1.005441966984142343e+00
6.075596915254023770e+04 9.967231171074313334e-01
6.075596941260093445e+04 9.898585528003788214e-01
6.075597102105359954e+04 9.875407375078820715e-01
6.075597128111420170e+04 1.000658518945694242e+00
6.075597154117479658e+04 9.921393374793321396e-01
6.075597180123539147e+04 9.837088361417325455e-01
6.075597206129598635e+04 9.849464393151263764e-01
6.075597232135658123e+04 9.884461477681861785e-01
6.075597258141718339e+04 9.954522734225087488e-01
6.075597284147777827e+04 9.951839757042963974e-01
6.075597310153837316e+04 9.945987985863196101e-01
6.075597336159897532e+04 1.012263249335523696e+00
6.075597362165957020e+04 9.873551809834718584e-01
6.075597388172016508e+04 9.950028859336391696e-01
6.075597414178077452e+04 9.898707424234464147e-01
6.075597440184136940e+04 9.928183659697443764e-01
6.075597466190196428e+04 9.984335320531251279e-01
6.075597492196255916e+04 9.903977034096935750e-01
6.075597518202315405e+04 1.002939465362831406e+00
6.075597544208374893e+04 9.999871342936752505e-01
6.075597570214434381e+04 9.971187390758253777e-01
6.075597596220494597e+04 9.906765852141580231e-01
6.075597622226554813e+04 9.828329152605714825e-01
6.075597648232614301e+04 9.908197072368347680e-01
6.075597674238673790e+04 9.999145497786382508e-01
6.075597700244734006e+04 9.969878808479317733e-01
6.075597726250793494e+04 9.964005501813710808e-01
6.075597752256853710e+04 1.002184855473719161e+00
6.075597778262913198e+04 9.964946781605864556e-01
6.075597804268972686e+04 9.939092057925904555e-01
6.075597830275032175e+04 9.999651910414878442e-01
6.075597856281091663e+04 9.890103197855303341e-01
6.075597882287151151e+04 9.972910972169242161e-01
6.075597908293212095e+04 9.953260953804710098e-01
6.075597934299271583e+04 9.943082816190368378e-01
6.075597960305331071e+04 9.930944662936093126e-01
6.075597986311390559e+04 9.896074082682153605e-01
6.075598012317450775e+04 1.004511595841838689e+00
6.075598038323510264e+04 9.818690055142847983e-01
6.075598064329570479e+04 9.916083383377379823e-01
6.075598090335629968e+04 9.958121213767398006e-01
6.075598116341689456e+04 9.959111882523891124e-01
6.075598142347748944e+04 9.995943853218083319e-01
6.075598168353808433e+04 1.000263098518499705e+00
6.075598194359869376e+04 1.004268011109638037e+00
6.075598220365928864e+04 9.993528584502848755e-01
6.075598246371988353e+04 9.994263044913848093e-01
6.075598272378047841e+04 9.971776558444686023e-01
6.075598298384108057e+04 1.000157879476786027e+00
6.075598324390167545e+04 9.943703272805033411e-01
6.075598350396227761e+04 9.984506870836382664e-01
6.075598376402287249e+04 1.003087277207687089e+00
6.075598402408346738e+04 1.003753892672478276e+00
6.075598428414406226e+04 9.939945857122021167e-01
6.075598454420465714e+04 9.892443060216902229e-01
6.075598480426526658e+04 1.000619381548856879e+00
6.075598506432586146e+04 9.885524431128267508e-01
6.075598532438645634e+04 9.882874400682747362e-01
6.075598558444705122e+04 1.000011174634508837e+00
6.075598584450765338e+04 1.001172425334511118e+00
6.075598610456825554e+04 1.008150134054642599e+00
6.075598636462885042e+04 9.918938664361984792e-01
6.075598662468944531e+04 9.977566668552155793e-01
6.075598688475004019e+04 1.007647037697044112e+00
6.075598714481063507e+04 1.001481360250490393e+00
6.075598740487123723e+04 9.995271806825973826e-01
6.075598766493183211e+04 9.994904963892503602e-01
6.075598792499243427e+04 9.938860428338733843e-01
6.075598818505302916e+04 9.955458075274525864e-01
6.075598844511362404e+04 9.990558433420451134e-01
6.075598870517423347e+04 1.006522288918770602e+00
6.075598896523482836e+04 9.898591363081051808e-01
6.075598922529542324e+04 9.913190666424623876e-01
6.075598948535601812e+04 1.000026744978816495e+00
6.075598974541661300e+04 9.967045222493622347e-01
6.075599000547721516e+04 9.990166705326570806e-01
6.075599026553781005e+04 9.992779766697761357e-01
6.075599052559840493e+04 1.013093822003482636e+00
6.075599078565900709e+04 9.997197898103734603e-01
6.075599104571960197e+04 9.988223117710206544e-01
6.075599130578020413e+04 1.006172045890533884e+00
6.075599156584080629e+04 1.000352292007180566e+00
6.075599182590140117e+04 9.964133346518527778e-01
6.075599208596199605e+04 9.927305110093697094e-01
6.075599234602259094e+04 9.971526303222337795e-01
6.075599260608319310e+04 1.002846125289752477e+00
6.075599286614378798e+04 9.999813970235462701e-01
6.075599312620438286e+04 1.003196213333338527e+00
6.075599338626497774e+04 1.012937214588665258e+00
6.075599364632558718e+04 9.951814002356245137e-01
6.075599390638618206e+04 1.001944180679113616e+00
6.075599416644677694e+04 1.001317743447704078e+00
6.075599442650737910e+04 1.004418478149294414e+00
6.075599468656797399e+04 1.002834439229479013e+00
6.075599494662857614e+04 1.008864741494224448e+00
6.075599520668917103e+04 1.002380828932584622e+00
6.075599546674976591e+04 1.001887617266001618e+00
6.075599572681036079e+04 1.009478090072647660e+00
6.075599598687096295e+04 9.975203444581673962e-01
6.075599624693155783e+04 1.000404904706869491e+00
6.075599650699215999e+04 1.005089560412679495e+00
6.075599676705275488e+04 1.001456423875299429e+00
6.075599702711334976e+04 9.976276422242126296e-01
6.075599728717395192e+04 9.984114593015044337e-01
6.075599754723455408e+04 9.958997152948451115e-01
6.075599780729514896e+04 1.004251695851827053e+00
6.075599806735574384e+04 1.003356825822224074e+00
6.075599832741634600e+04 1.007298666872964432e+00
6.075599858747694088e+04 1.008842495148708940e+00
6.075599884753753577e+04 9.942578397754577857e-01
6.075599910759813065e+04 9.999670631337722604e-01
6.075599936765874008e+04 9.945139415833585961e-01
6.075600091310295102e+04 9.983296028776268427e-01
6.075600117316365504e+04 9.963475285905789569e-01
6.075600143322435179e+04 1.001701816959510882e+00
6.075600169328505581e+04 1.006921257737580344e+00
6.075600195334576711e+04 1.000331428589936289e+00
6.075600221340647113e+04 1.013817629380900920e+00
6.075600247346717515e+04 1.009684422646594415e+00
6.075600273352787190e+04 1.008448480457674767e+00
6.075600299358858319e+04 1.000605301076723963e+00
6.075600325364928722e+04 1.001708148659627096e+00
6.075600351370998396e+04 1.006954363412770448e+00
6.075600377377069526e+04 1.005972298453997604e+00
6.075600403383139928e+04 1.001625829686142666e+00
6.075600429389210331e+04 1.009210990176306444e+00
6.075600455395280733e+04 1.004399732228942854e+00
6.075600481401350407e+04 1.008772559808506220e+00
6.075600507407421537e+04 9.959304866401343936e-01
6.075600533413491939e+04 1.001659511352835041e+00
6.075600559419562342e+04 1.008871056865382698e+00
6.075600585425632744e+04 1.000075056738253032e+00
6.075600611431703146e+04 1.013089252205018331e+00
6.075600637437773548e+04 1.009808407754214876e+00
6.075600663443843951e+04 1.004871755105806175e+00
6.075600689449914353e+04 1.000305443360501645e+00
6.075600715455985483e+04 1.000393967106149695e+00
6.075600741462055157e+04 1.007601298251887822e+00
6.075600767468125559e+04 1.004809349030151067e+00
6.075600793474195962e+04 9.995625213337856474e-01
6.075600819480266364e+04 1.003470803403137435e+00
6.075600845486336766e+04 1.012826501295605475e+00
6.075600871492407168e+04 1.008668285634658046e+00
6.075600897498478298e+04 1.003927750140766184e+00
6.075600923504548700e+04 1.010997733361167050e+00
6.075600949510618375e+04 1.005476329804221747e+00
6.075600975516688777e+04 1.003654751028439929e+00
6.075601001522759907e+04 1.015724655873176729e+00
6.075601027528830309e+04 1.008056434059593220e+00
6.075601053534900711e+04 1.000766119407490384e+00
6.075601079540970386e+04 1.004548372683635726e+00
6.075601105547041516e+04 1.012254617996936723e+00
6.075601131553111918e+04 1.000208280836870411e+00
6.075601157559181593e+04 1.010322314153411227e+00
6.075601183565252722e+04 1.010406351201057040e+00
6.075601209571323125e+04 1.009200232863569857e+00
6.075601235577393527e+04 1.001941613512715046e+00
6.075601261583463929e+04 1.002926222794539912e+00
6.075601287589534331e+04 9.993235076438740094e-01
6.075601313595604734e+04 1.000497923695702562e+00
6.075601339601675136e+04 1.004834250633913850e+00
6.075601365607746266e+04 1.005861426319596852e+00
6.075601391613816668e+04 1.004900558999973104e+00
6.075601417619886342e+04 1.009000970562496047e+00
6.075601443625956745e+04 1.017935137103545218e+00
6.075601469632027874e+04 1.008245577667824078e+00
6.075601495638097549e+04 1.008251096502104538e+00
6.075601521644168679e+04 1.003691184362182298e+00
6.075601547650239081e+04 1.003478860510882864e+00
6.075601573656309483e+04 1.008744546102086970e+00
6.075601599662379886e+04 1.000892893343159118e+00
6.075601625668450288e+04 1.006225020592117048e+00
6.075601651674520690e+04 9.969325911297032272e-01
6.075601677680591092e+04 1.012973730530866368e+00
6.075601703686661494e+04 1.004608844125830291e+00
6.075601729692732624e+04 1.007107007404307364e+00
6.075601755698802299e+04 1.004278341895214588e+00
6.075601781704872701e+04 1.008827151814375434e+00
6.075601807710943831e+04 1.010536699027890117e+00
6.075601833717014233e+04 1.006635762342361406e+00
6.075601859723084635e+04 1.003626706294256987e+00
6.075601885729155038e+04 1.012672726469491913e+00
6.075601911735225440e+04 1.007161531184894043e+00
6.075601937741295842e+04 1.014957707022895672e+00
6.075601963747365517e+04 1.010424618763364091e+00
6.075601989753436646e+04 1.004932501122570931e+00
6.075602015759507049e+04 9.950606357310791683e-01
6.075602041765577451e+04 1.011258847127161742e+00
6.075602067771648581e+04 1.002348138484605800e+00
6.075602093777718255e+04 1.008651301457985872e+00
6.075602119783788658e+04 1.001085378696206174e+00
6.075602145789859787e+04 1.004668630938275298e+00
6.075602171795930190e+04 1.004138633664873881e+00
6.075602197802000592e+04 1.004811208512618848e+00
6.075602223808070994e+04 1.005034807923850471e+00
6.075602249814141396e+04 1.013487455118436076e+00
6.075602275820211798e+04 1.005904411452923419e+00
6.075602301826282201e+04 1.008581299579824231e+00
6.075602327832352603e+04 1.003199193284725732e+00
6.075602353838423005e+04 1.006351272972756172e+00
6.075602379844494135e+04 1.009543157114961787e+00
6.075602405850564537e+04 9.984724146735430850e-01
6.075602431856634212e+04 1.010822736546081346e+00
6.075602457862704614e+04 1.009825209276468128e+00
6.075602483868775744e+04 1.004133730014351356e+00
6.075602509874846146e+04 1.001470199302667563e+00
6.075602535880916548e+04 9.968184041449749122e-01
6.075602561886986950e+04 1.009941013217450445e+00
6.075602587893057353e+04 1.003624051347493440e+00
6.075602613899127755e+04 1.002448044472894040e+00
6.075602639905198885e+04 9.982906726435031297e-01
6.075602665911269287e+04 1.002585503990661486e+00
6.075602691917338962e+04 1.003549697130477814e+00
6.075602717923410091e+04 1.002777883140170134e+00
6.075602743929480494e+04 1.006008765000032223e+00
6.075602769935550168e+04 1.006622626482575500e+00
6.075602795941621298e+04 9.916034602587926461e-01
6.075602821947691700e+04 1.007647634043214779e+00
6.075602847953762102e+04 1.005579789397363477e+00
6.075602873959833232e+04 1.006728183170152224e+00
6.075602899965902907e+04 1.001877764926623282e+00
6.075602925971973309e+04 1.005625077578750526e+00
6.075603093119423283e+04 9.992905995178867906e-01
6.075603119125482772e+04 9.981080283031807943e-01
6.075603145131542988e+04 9.973356842076029904e-01
6.075603171137602476e+04 9.982851010518928314e-01
6.075603197143662692e+04 9.981113117427564685e-01
6.075603223149722908e+04 1.004941744036915718e+00
6.075603249155782396e+04 9.992642548048236151e-01
6.075603275161842612e+04 9.973032814682638580e-01
6.075603301167902100e+04 9.995578899056222211e-01
6.075603327173962316e+04 9.956914074687043259e-01
6.075603353180022532e+04 9.978491532983467804e-01
6.075603379186082020e+04 9.999180411129499069e-01
6.075603405192141508e+04 1.001607535289202655e+00
6.075603431198201724e+04 9.994740459319735315e-01
6.075603457204261213e+04 9.985059323197166270e-01
6.075603483210320701e+04 1.001072933653257779e+00
6.075603509216381644e+04 1.004919007103173056e+00
6.075603535222441133e+04 9.920477569385250938e-01
6.075603561228501349e+04 1.010876623179065792e+00
6.075603587234560837e+04 1.003210613822511643e+00
6.075603613240621053e+04 1.006321410654661186e+00
6.075603639246681269e+04 9.894663538343934084e-01
6.075603665252740757e+04 9.960456552716158152e-01
6.075603691258800245e+04 1.010607110110619766e+00
6.075603717264860461e+04 9.968312740573780362e-01
6.075603743270919949e+04 1.001122690636153667e+00
6.075603769276979438e+04 1.002957930609494452e+00
6.075603795283040381e+04 9.969167186190340813e-01
6.075603821289099869e+04 9.972653654728972361e-01
6.075603847295160085e+04 9.920199714701771754e-01
6.075603873301219573e+04 1.002320305507152565e+00
6.075603899307279789e+04 9.942754403710341027e-01
6.075603925313340005e+04 9.973500428435592147e-01
6.075603951319399494e+04 9.996725839544837733e-01
6.075603977325458982e+04 1.002426027326554614e+00
6.075604003331519198e+04 1.006732781345224259e+00
6.075604029337578686e+04 9.954255142084881269e-01
6.075604055343638902e+04 1.001791811494910922e+00
6.075604081349698390e+04 1.001885536398300136e+00
6.075604107355758606e+04 9.961271863640217550e-01
6.075604133361818822e+04 9.991167644280116722e-01
6.075604159367878310e+04 1.000708068670825179e+00
6.075604185373938526e+04 1.000797867441257427e+00
6.075604211379998742e+04 9.974468308310283637e-01
6.075604237386058230e+04 9.910240566847418053e-01
6.075604263392118446e+04 9.978458907188706428e-01
6.075604289398177934e+04 9.994195459024612926e-01
6.075604315404237423e+04 9.914767984175144599e-01
6.075604341410297639e+04 9.921984292717127563e-01
6.075604367416357127e+04 1.011963867460091926e+00
6.075604393422418070e+04 1.001285635021841758e+00
6.075604419428477559e+04 1.000614463144514410e+00
6.075604445434537047e+04 9.985032140299501258e-01
6.075604471440597990e+04 1.002656586725347410e+00
6.075604497446657479e+04 9.957991427235270976e-01
6.075604523452717694e+04 9.982919133279543056e-01
6.075604549458777183e+04 1.004850035794043084e+00
6.075604575464836671e+04 1.007297761693186411e+00
6.075604601470896887e+04 1.004328574550559239e+00
6.075604627476956375e+04 1.003132318823507951e+00
6.075604653483016591e+04 9.927203703437260662e-01
6.075604679489076807e+04 9.940990335607760020e-01
6.075604705495136295e+04 9.962179642958726156e-01
6.075604731501196511e+04 9.921628402291424731e-01
6.075604757507256727e+04 9.937195288471856180e-01
6.075604783513316943e+04 1.004185242295946745e+00
6.075604809519376431e+04 1.000531514245548648e+00
6.075604835525435919e+04 9.925066614279024479e-01
6.075604861531496135e+04 9.830864221731199226e-01
6.075604887537555624e+04 9.961700449207973040e-01
6.075604913543615839e+04 9.877244084482885711e-01
6.075604939549675328e+04 9.956519955201849070e-01
6.075604965555735544e+04 9.956698171482600834e-01
6.075604991561795759e+04 9.960955609129645838e-01
6.075605017567855248e+04 9.964588747596064833e-01
6.075605043573915464e+04 9.914199069004938636e-01
6.075605069579975680e+04 9.983020053636507685e-01
6.075605095586035168e+04 9.864058429163988784e-01
6.075605121592095384e+04 9.969802479470913914e-01
6.075605147598154872e+04 1.000122552194859127e+00
6.075605173604215088e+04 9.902667620419879357e-01
6.075605199610274576e+04 9.996544150330952672e-01
6.075605225616334792e+04 9.990369708209003718e-01
6.075605251622395008e+04 9.871894722168985670e-01
6.075605277628454496e+04 9.991716944913662246e-01
6.075605303634514712e+04 9.987815515529445687e-01
6.075605329640574200e+04 1.006237549499586992e+00
6.075605355646635144e+04 1.005030652588423390e+00
6.075605381652694632e+04 1.002283186937694692e+00
6.075605407658754848e+04 1.000591564676566625e+00
6.075605433664814336e+04 1.002652243585748115e+00
6.075605459670873825e+04 1.007225817424786118e+00
6.075605485676934040e+04 9.921003223937806537e-01
6.075605511682993529e+04 9.906652138100797700e-01
6.075605537689054472e+04 1.000523302179623597e+00
6.075605563695113960e+04 9.998667717025101487e-01
6.075605589701174176e+04 9.894025600480937932e-01
6.075605615707233665e+04 9.936198143041949926e-01
6.075605641713293880e+04 9.909858025032733941e-01
6.075605667719354096e+04 1.000385025664467076e+00
6.075605693725413585e+04 9.994747515637411039e-01
6.075605719731473800e+04 9.910997285026752479e-01
6.075605745737533289e+04 9.996322562211396034e-01
6.075605771743593505e+04 1.004845952374320062e+00
6.075605797749652993e+04 9.950040160401435463e-01
6.075605823755713209e+04 9.938550491408543186e-01
6.075605849761773425e+04 9.974761612074517503e-01
6.075605875767832913e+04 9.948609972916163668e-01
6.075605901773893129e+04 9.946333025535794015e-01
6.075605927779953345e+04 9.907394256171858649e-01
6.075606082322710427e+04 9.894408864921165891e-01
6.075606108328780829e+04 9.965168592669533254e-01
6.075606134334851231e+04 9.961260023604998626e-01
6.075606160340922361e+04 9.956851127939300161e-01
6.075606186346992035e+04 9.957700423395874356e-01
6.075606212353063165e+04 9.884409077637725805e-01
6.075606238359133567e+04 9.899288795707074096e-01
6.075606264365204697e+04 9.968884795620563954e-01
6.075606290371275099e+04 9.942148182929667621e-01
6.075606316377345502e+04 9.864711483131081149e-01
6.075606342383415904e+04 9.964941065961459010e-01
6.075606368389486306e+04 9.955835346493849825e-01
6.075606394395557436e+04 9.971271999160047361e-01
6.075606420401627838e+04 9.886522328024439643e-01
6.075606446407698240e+04 9.924809731876247376e-01
6.075606472413768643e+04 9.839949203285446311e-01
6.075606498419839772e+04 1.001422139743538775e+00
6.075606524425910175e+04 9.953838298415185193e-01
6.075606550431981304e+04 9.911810518780608259e-01
6.075606576438050979e+04 9.939781958510944815e-01
6.075606602444122109e+04 1.004103358265924673e+00
6.075606628450192511e+04 9.932009739852398766e-01
6.075606654456262913e+04 1.002528487810456115e+00
6.075606680462333316e+04 9.926605564281976157e-01
6.075606706468404445e+04 9.926882044074352152e-01
6.075606732474474848e+04 9.934518207295884862e-01
6.075606758480545250e+04 9.870340349776778321e-01
6.075606784486615652e+04 1.000094925960272052e+00
6.075606810492686054e+04 9.960599989187007841e-01
6.075606836498757184e+04 1.001356383280326279e+00
6.075606862504827586e+04 9.928450085860064389e-01
6.075606888510898716e+04 9.998221870538671618e-01
6.075606914516968391e+04 1.007739474830176452e+00
6.075606940523039520e+04 9.941126948463359092e-01
6.075606966529109923e+04 9.981507931981377091e-01
6.075606992535180325e+04 9.926238809042020605e-01
6.075607018541250727e+04 9.987461235181219754e-01
6.075607044547321857e+04 9.963451219359333866e-01
6.075607070553392259e+04 9.893929959068339386e-01
6.075607096559463389e+04 1.006060446540293807e+00
6.075607122565533064e+04 9.996401198803077648e-01
6.075607148571604193e+04 1.002057525084153911e+00
6.075607174577674596e+04 9.961760982759128025e-01
6.075607200583745725e+04 9.955565048492569513e-01
6.075607226589816128e+04 9.917006206169343141e-01
6.075607252595886530e+04 9.964006443286304027e-01
6.075607278601956932e+04 9.963458277661467744e-01
6.075607304608028062e+04 9.934259003471852534e-01
6.075607330614097737e+04 9.992447383905067593e-01
6.075607356620169594e+04 9.947422413573506761e-01
6.075607382626239269e+04 9.865114463944959500e-01
6.075607408632310398e+04 9.991466155765064139e-01
6.075607434638380801e+04 9.975664349635648964e-01
6.075607460644451203e+04 9.866671142120330140e-01
6.075607486650521605e+04 1.001949628983690666e+00
6.075607512656592735e+04 9.982922151313807779e-01
6.075607538662663137e+04 9.983819186442915994e-01
6.075607564668734267e+04 1.002877611337623653e+00
6.075607590674803942e+04 9.918045221538108747e-01
6.075607616680875071e+04 1.004168104411576889e+00
6.075607642686945474e+04 9.989497023674466236e-01
6.075607668693016603e+04 9.965462973206059560e-01
6.075607694699087006e+04 1.005263977817802301e+00
6.075607720705157408e+04 9.932802026643049453e-01
6.075607746711227810e+04 9.924251483567250176e-01
6.075607772717298940e+04 1.001061588285018900e+00
6.075607798723368614e+04 1.007433503777333206e+00
6.075607824729439744e+04 9.926336197453652366e-01
6.075607850735510146e+04 1.006275577453145553e+00
6.075607876741581276e+04 1.002817932956858282e+00
6.075607902747651679e+04 9.880550968714345572e-01
6.075607928753722081e+04 9.978450513459391491e-01
6.075607954759792483e+04 1.004875610451331447e+00
6.075607980765863613e+04 1.000692285545672799e+00
6.075608006771934015e+04 1.003275705706995202e+00
6.075608032778005145e+04 9.983305706882342756e-01
6.075608058784074819e+04 9.985022018589928550e-01
6.075608084790145949e+04 9.942990818775087059e-01
6.075608110796216351e+04 1.000542252503528351e+00
6.075608136802286754e+04 1.001285440618551625e+00
6.075608162808357156e+04 1.009161232710293232e+00
6.075608188814428286e+04 1.001537788810236140e+00
6.075608214820498688e+04 9.963485439086774420e-01
6.075608240826569818e+04 9.997228840119871673e-01
6.075608266832639492e+04 9.976759347200752082e-01
6.075608292838710622e+04 1.000149001712912433e+00
6.075608318844781024e+04 1.001277352917781638e+00
6.075608344850852154e+04 1.004239922026057164e+00
6.075608370856922556e+04 1.007836266092480448e+00
6.075608396862992959e+04 1.005279216989513058e+00
6.075608422869064088e+04 1.003121344645373947e+00
6.075608448875134491e+04 1.003655967304760033e+00
6.075608474881204893e+04 1.009443777015280874e+00
6.075608500887276023e+04 9.992956818295758437e-01
6.075608526893346425e+04 9.990538186821572575e-01
6.075608552899416827e+04 9.943257418126164593e-01
6.075608578905487957e+04 1.009068806858160361e+00
6.075608604911557632e+04 1.007158571508380840e+00
6.075608630917628761e+04 1.004607839333824693e+00
6.075608656923699164e+04 1.000644700217877769e+00
6.075608682929770293e+04 1.000972316832279052e+00
6.075608708935840696e+04 9.997121415885403817e-01
6.075608734941911098e+04 1.012544717768788738e+00
6.075608760947981500e+04 1.013602415715003646e+00
6.075608786954052630e+04 1.014224229985856596e+00
6.075608812960123760e+04 1.012172708841651225e+00
6.075608838966194162e+04 1.012620950277293819e+00
6.075608864972264564e+04 1.007330611550398158e+00
6.075608890978334966e+04 1.010397115911219501e+00
6.075608916984406096e+04 9.987398485993947972e-01
6.075609076569380704e+04 9.987521849178219169e-01
6.075609102575441648e+04 1.005714758234426798e+00
6.075609128581501136e+04 9.980173286154440104e-01
6.075609154587561352e+04 1.005968617272475107e+00
6.075609180593621568e+04 9.918164600697156885e-01
6.075609206599681784e+04 1.007614143276227336e+00
6.075609232605741272e+04 1.005017792641256458e+00
6.075609258611801488e+04 9.985566972705411937e-01
6.075609284617860976e+04 1.002580502607265167e+00
6.075609310623921192e+04 9.959048836697439455e-01
6.075609336629981408e+04 1.006267621856041350e+00
6.075609362636040896e+04 1.004312316649259129e+00
6.075609388642101840e+04 1.009300790453781849e+00
6.075609414648161328e+04 1.006512407138468346e+00
6.075609440654221544e+04 9.884351616627650161e-01
6.075609466660281760e+04 1.000971396271566505e+00
6.075609492666341976e+04 1.000251998927476516e+00
6.075609518672402191e+04 1.005804192741899250e+00
6.075609544678461680e+04 1.005256077690539263e+00
6.075609570684521896e+04 9.968464029261626669e-01
6.075609596690581384e+04 1.009729371454903823e+00
6.075609622696641600e+04 1.005700234501701873e+00
6.075609648702701088e+04 1.003670638048952846e+00
6.075609674708762032e+04 1.006273196863931574e+00
6.075609700714822247e+04 1.003695716550133454e+00
6.075609726720881736e+04 1.004127717052976765e+00
6.075609752726942679e+04 1.004427900256326334e+00
6.075609778733002167e+04 1.011694587763119602e+00
6.075609804739062383e+04 1.019717347868340562e+00
6.075609830745121872e+04 1.003147489420242344e+00
6.075609856751182087e+04 1.007612841327063524e+00
6.075609882757242303e+04 1.000535002661647965e+00
6.075609908763301792e+04 1.003448298351034218e+00
6.075609934769362008e+04 9.996967944434321796e-01
6.075609960775422223e+04 1.010176017659808245e+00
6.075609986781482439e+04 1.004844327845630714e+00
6.075610012787541928e+04 1.018296960238532112e+00
6.075610038793602143e+04 1.008566690936611776e+00
6.075610064799663087e+04 1.005514031533101038e+00
6.075610090805722575e+04 9.985390406253190632e-01
6.075610116811782791e+04 1.002090438101624237e+00
6.075610142817842279e+04 9.969996243111569623e-01
6.075610168823902495e+04 1.006641780844352407e+00
6.075610194829962711e+04 1.013168352282691753e+00
6.075610220836022199e+04 1.007324470993384180e+00
6.075610246842083143e+04 9.973515710045485205e-01
6.075610272848142631e+04 1.001408741194685925e+00
6.075610298854202847e+04 1.013017766642541284e+00
6.075610324860263063e+04 1.006685946278622179e+00
6.075610350866323279e+04 1.014832169215665436e+00
6.075610376872383495e+04 1.013616583438281316e+00
6.075610402878442983e+04 1.006615015602307928e+00
6.075610428884503199e+04 1.002575701306245737e+00
6.075610454890563415e+04 1.009410967318753904e+00
6.075610480896622903e+04 1.006310635230972528e+00
6.075610506902683119e+04 1.001903586526926793e+00
6.075610532908743335e+04 1.008002836249478840e+00
6.075610558914803551e+04 1.007270268188098061e+00
6.075610584920863766e+04 1.005238426039285038e+00
6.075610610926923255e+04 1.003724728009424583e+00
6.075610636932984198e+04 1.009035567259809696e+00
6.075610662939043686e+04 1.008250973893487723e+00
6.075610688945103902e+04 1.001568529736271307e+00
6.075610714951164118e+04 9.976628035374882630e-01
6.075610740957223607e+04 9.976305270747887199e-01
6.075610766963283822e+04 1.007431823625928535e+00
6.075610792969343311e+04 1.000035668614750906e+00
6.075610818975403527e+04 9.965231347368538328e-01
6.075610844981464470e+04 1.001640146782528440e+00
6.075610870987523958e+04 1.015768281329802569e+00
6.075610896993584174e+04 1.005599576691646124e+00
6.075610922999644390e+04 1.010095185767787562e+00
6.075610949005704606e+04 1.001861720327881011e+00
6.075610975011764822e+04 9.981086606684685947e-01
6.075611001017824310e+04 1.001894616303107499e+00
6.075611027023884526e+04 1.008281411515031811e+00
6.075611053029944742e+04 1.000829742071370321e+00
6.075611079036004230e+04 1.000937443390269577e+00
6.075611105042064446e+04 9.972676522365234719e-01
6.075611131048124662e+04 9.999566293625516966e-01
6.075611157054184878e+04 9.992734166874843726e-01
6.075611183060245094e+04 1.002146823513860641e+00
6.075611209066305310e+04 1.008245165569903623e+00
6.075611235072365525e+04 1.006949086145997763e+00
6.075611261078425741e+04 1.005607171045494352e+00
6.075611287084485230e+04 1.000500831329377061e+00
6.075611313090545445e+04 9.977558723117347927e-01
6.075611339096604934e+04 1.004557578707947929e+00
6.075611365102665150e+04 9.998792273577720158e-01
6.075611391108725365e+04 1.002270685482023804e+00
6.075611417114785581e+04 1.005900501450056606e+00
6.075611443120845797e+04 9.979567362957505461e-01
6.075611469126906013e+04 9.999788484129107369e-01
6.075611495132966229e+04 9.900255328229738971e-01
6.075611521139026445e+04 9.957000665024854369e-01
6.075611547145085933e+04 9.978796192830535761e-01
6.075611573151146149e+04 9.983485103161866547e-01
6.075611599157206365e+04 1.004314896445472893e+00
6.075611625163265853e+04 9.937663588010069438e-01
6.075611651169326069e+04 9.993574657431518737e-01
6.075611677175386285e+04 9.987196410817245074e-01
6.075611703181446501e+04 1.006649454139504352e+00
6.075611729187506717e+04 9.994391733229638364e-01
6.075611755193566933e+04 9.918925645816396575e-01
6.075611781199626421e+04 9.945467727163191940e-01
6.075611807205687364e+04 9.898121416349886514e-01
6.075611833211747580e+04 1.005222797714401706e+00
6.075611859217807068e+04 1.001071114902828851e+00
6.075611885223867284e+04 9.957733825615211476e-01
6.075611911229926773e+04 9.883050538987350198e-01
6.075612077117233275e+04 1.005912519666689153e+00
6.075612103123303677e+04 1.007126344059727119e+00
6.075612129129374080e+04 9.997075339091910928e-01
6.075612155135445209e+04 1.013208101660147520e+00
6.075612181141516339e+04 1.000525607344234347e+00
6.075612207147586741e+04 9.985315284358556864e-01
6.075612233153657144e+04 9.963806488642438230e-01
6.075612259159728274e+04 9.929039318841744732e-01
6.075612285165798676e+04 9.979290367057370714e-01
6.075612311171869806e+04 1.004594284181658415e+00
6.075612337177940935e+04 9.935521186946798533e-01
6.075612363184010610e+04 9.883625819097596743e-01
6.075612389190081740e+04 9.926094008179628947e-01
6.075612415196152870e+04 9.933942506450277321e-01
6.075612441202222544e+04 9.970260151061630660e-01
6.075612467208293674e+04 1.001688037238571249e+00
6.075612493214364804e+04 9.950508060180359715e-01
6.075612519220435206e+04 9.976201722645265946e-01
6.075612545226506336e+04 9.967527369993595121e-01
6.075612571232576738e+04 1.005302214023979568e+00
6.075612597238647140e+04 9.929288552239681209e-01
6.075612623244718270e+04 9.970899040008548431e-01
6.075612649250789400e+04 9.948517158069555277e-01
6.075612675256859802e+04 1.003795960152248812e+00
6.075612701262930204e+04 1.006540821301127098e+00
6.075612727269001334e+04 1.005059736164434891e+00
6.075612753275071736e+04 9.987636368405180542e-01
6.075612779281142139e+04 9.972715159093673565e-01
6.075612805287213268e+04 9.999877171920155128e-01
6.075612831293283671e+04 9.855947538443666778e-01
6.075612857299354800e+04 9.998286606324422454e-01
6.075612883305425930e+04 9.946596135010389306e-01
6.075612909311495605e+04 1.000984966725855685e+00
6.075612935317566735e+04 9.873394571732186931e-01
6.075612961323637865e+04 9.948143866279980374e-01
6.075612987329708267e+04 9.982245612458062745e-01
6.075613013335779397e+04 9.983430318785161406e-01
6.075613039341849799e+04 1.006623267090239304e+00
6.075613065347920201e+04 9.978298456557583851e-01
6.075613091353991331e+04 9.908408681133664686e-01
6.075613117360061733e+04 1.000002364885434369e+00
6.075613143366133590e+04 9.961646425813246442e-01
6.075613169372203265e+04 9.967831907453154061e-01
6.075613195378274395e+04 9.888738409993347300e-01
6.075613221384345525e+04 9.928451942344599379e-01
6.075613247390415199e+04 9.901233483762785781e-01
6.075613273396486329e+04 9.920880258264089813e-01
6.075613299402557459e+04 9.948765336160075856e-01
6.075613325408627861e+04 1.001007149202426172e+00
6.075613351414698991e+04 9.863744157614640073e-01
6.075613377420769393e+04 9.917985725503810635e-01
6.075613403426840523e+04 9.900306645552072737e-01
6.075613429432910925e+04 9.974603933649243137e-01
6.075613455438982055e+04 9.889763501232996523e-01
6.075613481445053185e+04 9.976013874681238791e-01
6.075613507451122859e+04 1.005039368172604197e+00
6.075613533457193989e+04 9.996277256263673694e-01
6.075613559463265119e+04 1.001297360396472547e+00
6.075613585469334794e+04 9.970894638931490084e-01
6.075613611475405924e+04 1.000735798049443570e+00
6.075613637481477053e+04 9.934872875018851968e-01
6.075613663487548183e+04 9.929023012278658245e-01
6.075613689493618585e+04 9.913884740193437128e-01
6.075613715499688988e+04 9.885565798960825878e-01
6.075613741505760117e+04 9.933287369692359592e-01
6.075613767511830520e+04 9.928082295880131802e-01
6.075613793517901649e+04 9.972816420212794464e-01
6.075613819523972779e+04 9.815931323906921246e-01
6.075613845530043181e+04 9.997103912394020853e-01
6.075613871536113584e+04 9.960936087299931962e-01
6.075613897542184714e+04 9.981883103963579140e-01
6.075613923548255116e+04 9.905952535980382390e-01
6.075613949554325518e+04 9.936388337814555660e-01
6.075613975560396648e+04 1.000300061564908027e+00
6.075614001566467778e+04 1.003301458977242655e+00
6.075614027572538907e+04 9.994287367912020326e-01
6.075614053578608582e+04 1.001066195491283173e+00
6.075614079584679712e+04 9.948173843839297481e-01
6.075614105590750842e+04 9.915289246346226104e-01
6.075614131596821244e+04 9.981247491744855704e-01
6.075614157602892374e+04 9.940389391372058681e-01
6.075614183608962776e+04 9.934934783901768762e-01
6.075614209615033906e+04 9.917570336629952799e-01
6.075614235621104308e+04 9.949179575029688527e-01
6.075614261627174710e+04 9.947396957437556475e-01
6.075614287633246568e+04 9.982480286005405157e-01
6.075614313639316970e+04 9.941084576130084782e-01
6.075614339645387372e+04 9.881364881438188252e-01
6.075614365651458502e+04 1.007384927561031596e+00
6.075614391657528904e+04 9.898711421790400422e-01
6.075614417663600034e+04 1.000877850356397536e+00
6.075614443669670436e+04 1.001345842694844945e+00
6.075614469675741566e+04 9.974746783916715875e-01
6.075614495681812696e+04 9.977312474909612039e-01
6.075614521687882370e+04 9.942026254445772704e-01
6.075614547693953500e+04 1.001266165650281481e+00
6.075614573700024630e+04 9.971950211813946918e-01
6.075614599706095760e+04 9.963120208806084399e-01
6.075614625712166162e+04 1.000670810075697581e+00
6.075614651718236564e+04 9.930692338839240962e-01
6.075614677724307694e+04 9.984087614176375691e-01
6.075614703730378824e+04 9.946650023556213860e-01
6.075614729736448498e+04 9.922337916648856782e-01
6.075614755742519628e+04 9.980801241673763480e-01
6.075614781748590758e+04 9.937642340538413999e-01
6.075614807754661888e+04 1.001526544671649033e+00
6.075614833760732290e+04 9.876356955723414321e-01
6.075614859766802692e+04 1.002504652654627515e+00
6.075614885772873822e+04 9.973242018326882175e-01
6.075614911778944952e+04 1.001187687371129620e+00
