6.075547523418369383e+04 9.949626840159337959e-01
6.075547549424438330e+04 9.908596305982602104e-01
6.075547575430508005e+04 9.978368542844192612e-01
6.075547601436576224e+04 9.862199761118248809e-01
6.075547627442645899e+04 9.928667597261133793e-01
6.075547653448714846e+04 9.765382969990266115e-01
6.075547679454784520e+04 1.016471126462966224e+00
6.075547705460853467e+04 9.911584374741437831e-01
6.075547731466922414e+04 9.966433554997232713e-01
6.075547757472991361e+04 9.907410259543113495e-01
6.075547783479061036e+04 9.916046562967719691e-01
6.075547809485129255e+04 9.982549797316303541e-01
6.075547835491198930e+04 9.910034838861515594e-01
6.075547861497267877e+04 9.894803402760202760e-01
6.075547887503337552e+04 9.972942281985149870e-01
6.075547913509406499e+04 9.997020272550327658e-01
6.075547939515475446e+04 9.957425772360856131e-01
6.075547965521544393e+04 1.006612522067579896e+00
6.075547991527614067e+04 9.962177697146024080e-01
6.075548017533683014e+04 9.888313658786224147e-01
6.075548043539752689e+04 9.909080682727449130e-01
6.075548069545820908e+04 9.904583434896688798e-01
6.075548095551890583e+04 9.938969546283409340e-01
6.075548121557959530e+04 9.953536135630247639e-01
6.075548147564028477e+04 1.000104746713947890e+00
6.075548173570098152e+04 9.921516767924168922e-01
6.075548199576167099e+04 9.892102340439736796e-01
6.075548225582236773e+04 9.929992918307128935e-01
6.075548251588305720e+04 9.926230928377133278e-01
6.075548277594374667e+04 9.955372411934968468e-01
6.075548303600443614e+04 9.952209505466349526e-01
6.075548329606513289e+04 9.970580005974618576e-01
6.075548355612582236e+04 9.885312264257978265e-01
6.075548381618651911e+04 9.968060395255672335e-01
6.075548407624720130e+04 9.956438103333331568e-01
6.075548433630789805e+04 9.950946555648275682e-01
6.075548459636858752e+04 9.892018929354153833e-01
6.075548485642928426e+04 9.955406161381352703e-01
6.075548511648997373e+04 9.976982939837243380e-01
6.075548537655066320e+04 9.936881657765814779e-01
6.075548563661135267e+04 9.948180905104020422e-01
6.075548589667204942e+04 9.952954508758464769e-01
6.075548615673273162e+04 1.001702509764565985e+00
6.075548641679342836e+04 1.000998051544193634e+00
6.075548667685411783e+04 1.001785937310972319e+00
6.075548693691481458e+04 9.949563203548386081e-01
6.075548719697551132e+04 9.974730539755409797e-01
6.075548745703619352e+04 1.008763454672763293e+00
6.075548771709689026e+04 9.976018596542477468e-01
6.075548797715757973e+04 9.943548851771444319e-01
6.075548823721827648e+04 9.950382308953081845e-01
6.075548849727896595e+04 9.896320274188430410e-01
6.075548875733965542e+04 1.000027524574864435e+00
6.075548901740034489e+04 9.953931494384337109e-01
6.075548927746104164e+04 1.001538683911238792e+00
6.075548953752172383e+04 1.001312545230690798e+00
6.075548979758242058e+04 9.936009620630007477e-01
6.075549005764311732e+04 9.964992356605529844e-01
6.075549031770380680e+04 9.915362883547110817e-01
6.075549057776450354e+04 9.960036819002107134e-01
6.075549083782518574e+04 9.903792065704845049e-01
6.075549109788588248e+04 9.958428781484555126e-01
6.075549135794657195e+04 9.961883094683360307e-01
6.075549161800726870e+04 9.983076540810899013e-01
6.075549187806795817e+04 9.895719780843351687e-01
6.075549213812864764e+04 1.005835398888524468e+00
6.075549239818933711e+04 1.005381377367409845e+00
6.075549265825003386e+04 9.897511159052678753e-01
6.075549291831072333e+04 1.002492884975097365e+00
6.075549317837142007e+04 1.002427754837144747e+00
6.075549343843210954e+04 9.889824895863910115e-01
6.075549369849279901e+04 9.876698170108776376e-01
6.075549395855349576e+04 9.965017336839047113e-01
6.075549421861417795e+04 1.003768015337510144e+00
6.075549447867487470e+04 9.929809433653424833e-01
6.075549473873556417e+04 9.939060097531440263e-01
6.075549499879626092e+04 1.000233840567773314e+00
6.075549525885695766e+04 1.003178918581439039e+00
6.075549551891763986e+04 9.897315836799011057e-01
6.075549577897833660e+04 1.003371591034500687e+00
6.075549603903902607e+04 9.971532290878269977e-01
6.075549629909972282e+04 9.964057706085333033e-01
6.075549655916041229e+04 9.999017506989628101e-01
6.075549681922110176e+04 1.001180737581946367e+00
6.075549707928179851e+04 9.938695704521238738e-01
6.075549733934248798e+04 1.002882537446367017e+00
6.075549759940317745e+04 1.000672314394958518e+00
6.075549785946386692e+04 9.927382392432723135e-01
6.075549811952456366e+04 1.002722719696636844e+00
6.075549837958525313e+04 1.001664929551193461e+00
6.075549863964594988e+04 1.000869673201408183e+00
6.075549889970663935e+04 9.995966749416860253e-01
6.075549915976732882e+04 9.981096004840011027e-01
6.075549941982802557e+04 9.941273733508355637e-01
6.075549967988871504e+04 9.957860026754061789e-01
6.075549993994941178e+04 9.993838104831916924e-01
6.075550020001009398e+04 9.977562641484303274e-01
6.075550046007079072e+04 1.009978323832233960e+00
6.075550072013148747e+04 1.003519350783941722e+00
6.075550098019216966e+04 9.952072562065705785e-01
6.075550124025286641e+04 9.960054750497490117e-01
6.075550150031355588e+04 1.003343737666524405e+00
6.075550176037425263e+04 1.006343973354468568e+00
6.075550202043494210e+04 1.002307183639135513e+00
6.075550228049563157e+04 9.987926456915421358e-01
6.075550254055632831e+04 1.000992709587025020e+00
6.075550280061701778e+04 9.967916202778653867e-01
6.075550306067771453e+04 1.000316290607285330e+00
6.075550332073840400e+04 1.010553210357012066e+00
6.075550358079909347e+04 9.859581130776472468e-01
6.075550513883041276e+04 9.975008541755803204e-01
6.075550539889110951e+04 1.007818469455484145e+00
6.075550565895179898e+04 9.968168789585010181e-01
6.075550591901248845e+04 1.005556786294638849e+00
6.075550617907318519e+04 9.947213500016177656e-01
6.075550643913387466e+04 1.003911819160290042e+00
6.075550669919457141e+04 9.936373908954501122e-01
6.075550695925526088e+04 1.003571722292288637e+00
6.075550721931595035e+04 9.913828723111658414e-01
6.075550747937664710e+04 1.002647547471962497e+00
6.075550773943733657e+04 9.955097522259824805e-01
6.075550799949803331e+04 9.954771995009196184e-01
6.075550825955872278e+04 9.933241330217870146e-01
6.075550851961941225e+04 9.895666692783341434e-01
6.075550877968010900e+04 9.988009163271581725e-01
6.075550903974079847e+04 9.935372683508036928e-01
6.075550929980148794e+04 9.939518918885007492e-01
6.075550955986217741e+04 1.006342035013304326e+00
6.075550981992287416e+04 9.958679595799604378e-01
6.075551007998357090e+04 9.968813733293396817e-01
6.075551034004426037e+04 9.980705849911455374e-01
6.075551060010494984e+04 9.974203809160233636e-01
6.075551086016564659e+04 1.000873893413283477e+00
6.075551112022633606e+04 1.006263927774718514e+00
6.075551138028703281e+04 1.006639359458890048e+00
6.075551164034772228e+04 9.971791927590089033e-01
6.075551190040841175e+04 1.002730917179624148e+00
6.075551216046910849e+04 1.000726905900339414e+00
6.075551242052979796e+04 1.005869119816994894e+00
6.075551268059049471e+04 1.005074776364899725e+00
6.075551294065118418e+04 1.005389111805783831e+00
6.075551320071187365e+04 1.007798351100999579e+00
6.075551346077257040e+04 1.000215042310909075e+00
6.075551372083325987e+04 1.005817386599081154e+00
6.075551398089394934e+04 9.986061830907416725e-01
6.075551424095464608e+04 9.993487645188340318e-01
6.075551450101533555e+04 1.013883919248613541e+00
6.075551476107603230e+04 1.011023011542646399e+00
6.075551502113672177e+04 1.013679755354619072e+00
6.075551528119741124e+04 1.004771530004208158e+00
6.075551554125810799e+04 1.003770275592497097e+00
6.075551580131879746e+04 1.003684379405862970e+00
6.075551606137949420e+04 9.997385083928956861e-01
6.075551632144019095e+04 1.009732832444341977e+00
6.075551658150087314e+04 1.003940294682050371e+00
6.075551684156156989e+04 1.000208886345827386e+00
6.075551710162226664e+04 9.930443340343456660e-01
6.075551736168294883e+04 1.003839397034104630e+00
6.075551762174364558e+04 9.967966828388445943e-01
6.075551788180433505e+04 1.001628942815249390e+00
6.075551814186503179e+04 1.000960838882622550e+00
6.075551840192572854e+04 9.981557752507959069e-01
6.075551866198641073e+04 1.000688090763471427e+00
6.075551892204710748e+04 1.011913882728645575e+00
6.075551918210780423e+04 1.001605189146397956e+00
6.075551944216849370e+04 1.001310675576063014e+00
6.075551970222919044e+04 9.980393811892570577e-01
6.075551996228987991e+04 1.006785605339507228e+00
6.075552022235056938e+04 1.011047661281029519e+00
6.075552048241126613e+04 9.982845147748529158e-01
6.075552074247194832e+04 9.970401336653604840e-01
6.075552100253265235e+04 1.000448185168424819e+00
6.075552126259334182e+04 1.006555545836676391e+00
6.075552152265403129e+04 1.000008078768690245e+00
6.075552178271472803e+04 1.004499537099062811e+00
6.075552204277541750e+04 1.005690743229087358e+00
6.075552230283610697e+04 9.982479997134529048e-01
6.075552256289680372e+04 9.990200485609014303e-01
6.075552282295750047e+04 1.001681675150981832e+00
6.075552308301818994e+04 1.000730541380046468e+00
6.075552334307887941e+04 9.967201358656452292e-01
6.075552360313957615e+04 1.007724793958048704e+00
6.075552386320026562e+04 9.953951901960742532e-01
6.075552412326096237e+04 1.009334791603266890e+00
6.075552438332165912e+04 1.008100481834649065e+00
6.075552464338234131e+04 9.911136542043822439e-01
6.075552490344303806e+04 9.980285781050255434e-01
6.075552516350373480e+04 1.011074456305077529e+00
6.075552542356441700e+04 1.002387229024175319e+00
6.075552568362511374e+04 9.994009625427345833e-01
6.075552594368581049e+04 1.002400364823303525e+00
6.075552620374649996e+04 9.898366649125156513e-01
6.075552646380719671e+04 1.002454532158288281e+00
6.075552672386788618e+04 1.010175916888027992e+00
6.075552698392857565e+04 1.004842036788979431e+00
6.075552724398927239e+04 9.904684149336334675e-01
6.075552750404996914e+04 9.947879842937130679e-01
6.075552776411065861e+04 9.937983604775966207e-01
6.075552802417134808e+04 9.912149626660284873e-01
6.075552828423204483e+04 9.988226095248919911e-01
6.075552854429273430e+04 1.002144318497283360e+00
6.075552880435342377e+04 1.009177171742887014e+00
6.075552906441412051e+04 1.004147645308713255e+00
6.075552932447480998e+04 9.952096240140111405e-01
6.075552958453550673e+04 9.969872018178379536e-01
6.075552984459620347e+04 1.004465701300633729e+00
6.075553010465688567e+04 1.006025119993165573e+00
6.075553036471758242e+04 9.937239823537873384e-01
6.075553062477827916e+04 9.912921643124160687e-01
6.075553088483896863e+04 1.010115131592709270e+00
6.075553114489966538e+04 9.963691747168614832e-01
6.075553140496035485e+04 1.004803873490138333e+00
6.075553166502104432e+04 9.827304637576304014e-01
6.075553192508174106e+04 1.008549871483689353e+00
6.075553218514243054e+04 9.958268315572437190e-01
6.075553244520312728e+04 9.911633604838919753e-01
6.075553270526381675e+04 9.971999323167616280e-01
6.075553296532451350e+04 9.989015006056101154e-01
6.075553322538520297e+04 1.007052906899206901e+00
6.075553348544589244e+04 9.964075543773164290e-01
6.075553503087646095e+04 9.914687691362981115e-01
6.075553529093715770e+04 9.962462053470754197e-01
6.075553555099784717e+04 9.950098454001883308e-01
6.075553581105853664e+04 1.009322934514961023e+00
6.075553607111923338e+04 9.992323082260787803e-01
6.075553633117992285e+04 9.954157202278048899e-01
6.075553659124061960e+04 9.946599062230866428e-01
6.075553685130131635e+04 9.895625424680077886e-01
6.075553711136199854e+04 9.952699736910283201e-01
6.075553737142269529e+04 9.949717201030079394e-01
6.075553763148339203e+04 9.977125139310428770e-01
6.075553789154408878e+04 9.948047011022156383e-01
6.075553815160477825e+04 1.002400689217633145e+00
6.075553841166546772e+04 9.924670286865999724e-01
6.075553867172616447e+04 9.941138305561596500e-01
6.075553893178685394e+04 9.932117722440865215e-01
6.075553919184754341e+04 9.940406328997822838e-01
6.075553945190824015e+04 9.949954604070188058e-01
6.075553971196892962e+04 1.002221806966395734e+00
6.075553997202962637e+04 1.007146480458651627e+00
6.075554023209032312e+04 9.910203621294212395e-01
6.075554049215101259e+04 9.928971256258621869e-01
6.075554075221170206e+04 9.999646304558182930e-01
6.075554101227239880e+04 9.994159732350377245e-01
6.075554127233309555e+04 1.009108768024624236e+00
6.075554153239378502e+04 9.933721184241384172e-01
6.075554179245447449e+04 1.000255582600150905e+00
6.075554205251517124e+04 1.015174846700348077e+00
6.075554231257586798e+04 9.978862075168088985e-01
6.075554257263655018e+04 9.971661069369553987e-01
6.075554283269725420e+04 9.974492870761805241e-01
6.075554309275794367e+04 1.001857946698405666e+00
6.075554335281863314e+04 1.003725537858503936e+00
6.075554361287932988e+04 9.971993572985866638e-01
6.075554387294001936e+04 9.982148819081066993e-01
6.075554413300071610e+04 9.916037212243882237e-01
6.075554439306140557e+04 9.984568393033728118e-01
6.075554465312210232e+04 9.938687622729206472e-01
6.075554491318279906e+04 9.928557992564519541e-01
6.075554517324348853e+04 9.951968611753317928e-01
6.075554543330417800e+04 1.002257807140958690e+00
6.075554569336487475e+04 9.965005161012395751e-01
6.075554595342557150e+04 9.944301355293156952e-01
6.075554621348626097e+04 9.981373604438037450e-01
6.075554647354695044e+04 9.888384100168060575e-01
6.075554673360764718e+04 9.922811546575996955e-01
6.075554699366834393e+04 9.911047173035544278e-01
6.075554725372902612e+04 9.929600351453565787e-01
6.075554751378972287e+04 9.991617440515880855e-01
6.075554777385041962e+04 9.953995777770410225e-01
6.075554803391111636e+04 9.993622447391113939e-01
6.075554829397180583e+04 9.959921029364569023e-01
6.075554855403249530e+04 9.912563998645745889e-01
6.075554881409319205e+04 1.013674013570226240e+00
6.075554907415388152e+04 9.887510291879758606e-01
6.075554933421457827e+04 9.932124507303674577e-01
6.075554959427527501e+04 9.992978249634385524e-01
6.075554985433596448e+04 9.910537573705068271e-01
6.075555011439665395e+04 9.973142532551180217e-01
6.075555037445735070e+04 9.949223239732597479e-01
6.075555063451804017e+04 9.929390107276985233e-01
6.075555089457873692e+04 9.831619979816886845e-01
6.075555115463942639e+04 9.938853991340367289e-01
6.075555141470012313e+04 9.891838973442589333e-01
6.075555167476081988e+04 9.942751149362615282e-01
6.075555193482150935e+04 1.002426848046178431e+00
6.075555219488219882e+04 9.951657536506901547e-01
6.075555245494289557e+04 9.999424721542433669e-01
6.075555271500359231e+04 9.979946622623354635e-01
6.075555297506428906e+04 9.916537273106088568e-01
6.075555323512497125e+04 9.933351631878046817e-01
6.075555349518566800e+04 9.951076637489491006e-01
6.075555375524636474e+04 9.978785648054439017e-01
6.075555401530705421e+04 9.919124311790360471e-01
6.075555427536775096e+04 9.948111545134193934e-01
6.075555453542844043e+04 1.003566161309126681e+00
6.075555479548913718e+04 9.852899748022491133e-01
6.075555505554983392e+04 1.000023267022676521e+00
6.075555531561051612e+04 9.859395991715433905e-01
6.075555557567121286e+04 9.957100274844578047e-01
6.075555583573190961e+04 9.853177889337112472e-01
6.075555609579260636e+04 9.940118851925552335e-01
6.075555635585329583e+04 9.836429762119469622e-01
6.075555661591398530e+04 1.006609860132945622e+00
6.075555687597468204e+04 9.946996444240837620e-01
6.075555713603537879e+04 9.937179475115421878e-01
6.075555739609607554e+04 9.985678271658653404e-01
6.075555765615676501e+04 9.986711209151734048e-01
6.075555791621745448e+04 9.982654165423839876e-01
6.075555817627815122e+04 1.000057803418697988e+00
6.075555843633884797e+04 9.791138303185012992e-01
6.075555869639953016e+04 9.980196799504945648e-01
6.075555895646022691e+04 9.906550943048606506e-01
6.075555921652092366e+04 9.948737972215959680e-01
6.075555947658162040e+04 9.980205350993525126e-01
6.075555973664230987e+04 9.873285902630681843e-01
6.075555999670299934e+04 9.843703521309643545e-01
6.075556025676369609e+04 9.897313818675143038e-01
6.075556051682439283e+04 9.996355883311996982e-01
6.075556077688508958e+04 1.005328630364958675e+00
6.075556103694577905e+04 9.883781197080864223e-01
6.075556129700646852e+04 1.004564409955352788e+00
6.075556155706716527e+04 1.000271737369852199e+00
6.075556181712786201e+04 9.871649789029364186e-01
6.075556207718854421e+04 9.989208637467533736e-01
6.075556233724924095e+04 1.005111304497280145e+00
6.075556259730993770e+04 9.900430459269183858e-01
6.075556285737063445e+04 1.009618853293699159e+00
6.075556311743133119e+04 1.002418075173320267e+00
6.075556337749201339e+04 1.003067519810117103e+00
6.075556504896522529e+04 9.941039355679096579e-01
6.075556530902591476e+04 1.005261269827285808e+00
6.075556556908661150e+04 9.948296815913287849e-01
6.075556582914730097e+04 9.968080642482025633e-01
6.075556608920799772e+04 9.886922087648565283e-01
6.075556634926869447e+04 9.975312389705768279e-01
6.075556660932938394e+04 1.002279300219526936e+00
6.075556686939008068e+04 1.003274876367904467e+00
6.075556712945077015e+04 9.991164490456652114e-01
6.075556738951146690e+04 9.993494994901731543e-01
6.075556764957216365e+04 1.001348724231311937e+00
6.075556790963285312e+04 1.003981124077607978e+00
6.075556816969354986e+04 9.925274028712799401e-01
6.075556842975423933e+04 9.979583734717827337e-01
6.075556868981492880e+04 9.891586077316807391e-01
6.075556894987563282e+04 9.999460437046394645e-01
6.075556920993632230e+04 9.971663476681232874e-01
6.075556946999701904e+04 1.003591978635889115e+00
6.075556973005770851e+04 1.002402541533588876e+00
6.075556999011839798e+04 9.983168371106860839e-01
6.075557025017909473e+04 9.988779025768422803e-01
6.075557051023979147e+04 9.875028631430488035e-01
6.075557077030048822e+04 1.007828842444069561e+00
6.075557103036117769e+04 9.914942190160944691e-01
6.075557129042186716e+04 9.942361863564144198e-01
6.075557155048256391e+04 9.944784972630146269e-01
6.075557181054326065e+04 1.004709769455644830e+00
6.075557207060395740e+04 9.945293166351718561e-01
6.075557233066464687e+04 1.001656810808317033e+00
6.075557259072533634e+04 1.003184688335839292e+00
6.075557285078603309e+04 9.994260624601036813e-01
6.075557311084672983e+04 9.893453603445833133e-01
6.075557337090741930e+04 9.958775947001621276e-01
6.075557363096811605e+04 1.002248494546072788e+00
6.075557389102880552e+04 9.964219706836219270e-01
6.075557415108950227e+04 1.003864649137939935e+00
6.075557441115019901e+04 9.930677206986373573e-01
6.075557467121088848e+04 9.999795720264218479e-01
6.075557493127158523e+04 1.001324302685550949e+00
6.075557519133227470e+04 1.009956236927421758e+00
6.075557545139297144e+04 9.934706675911436635e-01
6.075557571145366819e+04 1.005205438053450751e+00
6.075557597151435766e+04 9.882917994431196229e-01
6.075557623157505441e+04 9.925173586058991804e-01
6.075557649163575115e+04 9.904461195067885138e-01
6.075557675169643335e+04 9.926211663565013277e-01
6.075557701175713009e+04 9.984429780614080263e-01
6.075557727181782684e+04 1.008806188428151396e+00
6.075557753187852359e+04 1.010518875607629763e+00
6.075557779193922033e+04 9.970842419745934437e-01
6.075557805199990980e+04 9.990354288959653051e-01
6.075557831206059927e+04 1.002509478101492935e+00
6.075557857212129602e+04 9.943112392658011167e-01
6.075557883218199277e+04 1.001077112227886090e+00
6.075557909224268951e+04 9.900590629160687106e-01
6.075557935230337898e+04 9.954686478391220339e-01
6.075557961236407573e+04 9.972866783138656377e-01
6.075557987242476520e+04 9.983717199119580554e-01
6.075558013248546195e+04 9.972899566691240114e-01
6.075558039254615869e+04 1.000652383533180423e+00
6.075558065260684816e+04 9.962865087838318479e-01
6.075558091266754491e+04 1.003674635886299793e+00
6.075558117272824165e+04 9.884969344581223671e-01
6.075558143278892385e+04 1.005089704263069317e+00
6.075558169284962059e+04 1.004162588999772954e+00
6.075558195291031734e+04 9.970122882937576536e-01
6.075558221297101409e+04 1.006180381300564308e+00
6.075558247303171083e+04 9.972768876237116942e-01
6.075558273309240030e+04 1.007569311744007878e+00
6.075558299315309705e+04 1.001705041024854470e+00
6.075558325321378652e+04 9.958596915696044105e-01
6.075558351327448327e+04 9.982587129198958742e-01
6.075558377333518001e+04 1.005480284967922522e+00
6.075558403339586948e+04 1.008042433942653249e+00
6.075558429345656623e+04 1.002292276474468391e+00
6.075558455351726298e+04 1.000715214298797839e+00
6.075558481357794517e+04 1.004268369257398597e+00
6.075558507363864192e+04 9.968400165823776415e-01
6.075558533369933866e+04 1.006985094293961103e+00
6.075558559376003541e+04 9.980876277795707185e-01
6.075558585382073215e+04 9.954869159981578619e-01
6.075558611388142162e+04 1.002088254516920296e+00
6.075558637394211837e+04 1.008001906397151259e+00
6.075558663400280784e+04 9.984637114371732736e-01
6.075558689406350459e+04 1.003887607602041099e+00
6.075558715412420133e+04 1.010946380862631999e+00
6.075558741418489080e+04 1.002345811970224654e+00
6.075558767424558755e+04 1.001172922148893640e+00
6.075558793430628430e+04 1.005738783611251241e+00
6.075558819436697377e+04 1.003095598990055182e+00
6.075558845442767051e+04 1.000768223619607822e+00
6.075558871448835998e+04 1.010604764597050620e+00
6.075558897454905673e+04 1.010289785147499453e+00
6.075558923460975348e+04 1.001110623725929738e+00
6.075558949467044295e+04 9.995287212573950031e-01
6.075558975473113969e+04 1.002591331153785736e+00
6.075559001479183644e+04 1.002592525242967714e+00
6.075559027485253318e+04 1.000103346836928919e+00
6.075559053491322265e+04 1.002007005956963237e+00
6.075559079497391212e+04 1.010600818252353372e+00
6.075559105503460887e+04 9.997604241459426833e-01
6.075559131509530562e+04 1.001037885784554993e+00
6.075559157515600236e+04 1.009161060048996195e+00
6.075559183521669911e+04 1.006455058664281976e+00
6.075559209527738858e+04 1.004909414710760007e+00
6.075559235533808533e+04 9.904632349924077372e-01
6.075559261539877480e+04 1.005151419798074208e+00
6.075559287545946427e+04 9.975681529895308319e-01
6.075559313552016101e+04 1.005100012299915413e+00
6.075559339558085776e+04 1.007870551481175214e+00
6.075559494101491873e+04 1.004780722396492854e+00
6.075559520107561548e+04 1.001314767832599761e+00
6.075559546113631222e+04 1.006956613214498475e+00
6.075559572119700897e+04 1.012445842909984961e+00
6.075559598125769844e+04 1.012638384740671915e+00
6.075559624131839519e+04 1.009172317937532259e+00
6.075559650137908466e+04 1.007663818018419644e+00
6.075559676143977413e+04 9.985730343353598215e-01
6.075559702150047087e+04 9.955747616911566622e-01
6.075559728156116762e+04 1.006624392745319785e+00
6.075559754162186437e+04 1.000053984935319384e+00
6.075559780168256111e+04 1.004860941001852526e+00
6.075559806174325058e+04 1.003162986396343603e+00
6.075559832180394733e+04 9.961861146521551191e-01
6.075559858186464407e+04 1.017374007324762575e+00
6.075559884192533355e+04 1.001414504952211626e+00
6.075559910198603029e+04 1.006343817355503045e+00
6.075559936204671976e+04 9.989093147687522212e-01
6.075559962210741651e+04 9.990412780784829749e-01
6.075559988216811325e+04 1.003327844576449301e+00
6.075560014222880272e+04 1.002258662171003012e+00
6.075560040228950675e+04 9.989154973201984644e-01
6.075560066235019622e+04 9.977241133820271557e-01
6.075560092241089296e+04 1.000697508453958884e+00
6.075560118247158971e+04 1.010775991467446344e+00
6.075560144253227918e+04 1.004873391957460171e+00
6.075560170259296865e+04 1.005911501799390706e+00
6.075560196265366540e+04 1.003676400324695406e+00
6.075560222271436214e+04 1.014132844435802427e+00
6.075560248277505889e+04 1.004609561202146617e+00
6.075560274283574836e+04 1.007912708624638887e+00
6.075560300289644510e+04 1.004975330288162327e+00
6.075560326295714185e+04 9.991977382898346027e-01
6.075560352301783860e+04 1.010696340623538303e+00
6.075560378307853534e+04 9.948884049411699237e-01
6.075560404313922481e+04 9.901790662656720921e-01
6.075560430319992156e+04 1.001012072295135891e+00
6.075560456326061831e+04 1.001385486404911429e+00
6.075560482332130050e+04 9.939623941996388323e-01
6.075560508338199725e+04 9.989454632250287514e-01
6.075560534344269399e+04 9.895669860626666869e-01
6.075560560350339074e+04 1.001907347021621986e+00
6.075560586356408749e+04 1.007360866050507120e+00
6.075560612362477696e+04 1.010756724648970595e+00
6.075560638368547370e+04 1.002488816765723101e+00
6.075560664374617045e+04 1.014899057230346457e+00
6.075560690380686719e+04 9.965427047529625826e-01
6.075560716386756394e+04 1.011206098742958748e+00
6.075560742392825341e+04 1.001976360999068394e+00
6.075560768398895016e+04 1.009357918761323969e+00
6.075560794404964690e+04 9.952664943101231509e-01
6.075560820411032910e+04 1.011612740148656320e+00
6.075560846417102584e+04 1.008901153468837464e+00
6.075560872423172259e+04 1.006831738945943355e+00
6.075560898429241934e+04 1.004570941796948169e+00
6.075560924435311608e+04 1.007016152650382468e+00
6.075560950441380555e+04 1.011374154756270904e+00
6.075560976447450230e+04 1.009536252311886706e+00
6.075561002453519905e+04 1.005320805365063963e+00
6.075561028459589579e+04 1.007934710296618963e+00
6.075561054465659254e+04 9.980644553130312291e-01
6.075561080471728201e+04 1.006408124256080505e+00
6.075561106477797875e+04 9.953642352644779256e-01
6.075561132483867550e+04 9.982353110461202883e-01
6.075561158489937225e+04 1.003327398038969198e+00
6.075561184496006899e+04 1.003656112202734985e+00
6.075561210502075846e+04 9.901622485432105547e-01
6.075561236508144793e+04 1.000457460551259503e+00
6.075561262514214468e+04 1.005848295256823066e+00
6.075561288520283415e+04 1.002547543585892820e+00
6.075561314526353090e+04 9.993939902848062440e-01
6.075561340532422764e+04 1.001737246493867639e+00
6.075561366538492439e+04 1.009518544544404151e+00
6.075561392544562113e+04 1.005621423777170564e+00
6.075561418550631060e+04 1.011925121377612591e+00
6.075561444556700735e+04 9.897112109057337737e-01
6.075561470562770410e+04 1.016210653635740258e+00
6.075561496568840084e+04 1.001949407186071728e+00
6.075561522574909759e+04 9.977780114816225954e-01
6.075561548580978706e+04 9.974353565207627614e-01
6.075561574587048381e+04 9.978521418941680432e-01
6.075561600593118055e+04 1.000611451179600264e+00
6.075561626599187002e+04 9.837060163775687149e-01
6.075561652605256677e+04 1.001246819474680194e+00
6.075561678611326352e+04 9.985037919095349768e-01
6.075561704617396026e+04 9.948262146091960689e-01
6.075561730623465701e+04 9.920419720311831613e-01
6.075561756629534648e+04 1.004069833426507685e+00
6.075561782635604322e+04 9.999863695253273788e-01
6.075561808641673269e+04 1.007834423492119935e+00
6.075561834647742944e+04 9.949895169262167327e-01
6.075561860653812619e+04 9.954971552905454990e-01
6.075561886659881566e+04 9.944224876119777123e-01
6.075561912665951240e+04 1.003387721856785708e+00
6.075561938672020915e+04 9.924098075794010043e-01
6.075561964678089862e+04 1.001629088184577299e+00
6.075561990684160264e+04 1.001799004626048317e+00
6.075562016690229211e+04 9.951725853477068062e-01
6.075562042696298886e+04 9.893183771578425434e-01
6.075562068702368560e+04 1.001352655009437376e+00
6.075562094708437508e+04 9.970502375924522598e-01
6.075562120714507182e+04 9.949255312169597021e-01
6.075562146720576857e+04 9.924909425092326432e-01
6.075562172726646531e+04 1.000581683108077824e+00
6.075562198732716206e+04 1.006027770424995138e+00
6.075562224738785153e+04 1.001034408793366248e+00
6.075562250744854828e+04 1.001886272529797006e+00
6.075562276750924502e+04 9.910242536737993158e-01
6.075562302756994177e+04 9.959417742466065704e-01
6.075562328763063852e+04 1.002050316355398429e+00
6.075562490904599690e+04 1.004511476154000604e+00
6.075562516909990518e+04 1.001958383367835825e+00
6.075562542915379890e+04 9.988744286768513891e-01
6.075562568920769263e+04 1.000331207261339506e+00
6.075562594926160091e+04 9.936502729584024696e-01
6.075562620931549463e+04 9.992230264700173725e-01
6.075562646936939564e+04 9.932227002975847485e-01
6.075562672942329664e+04 1.007253885582183317e+00
6.075562698947719036e+04 1.010625264906319432e+00
6.075562724953109864e+04 9.948355811393998493e-01
6.075562750958499237e+04 9.965418275943239701e-01
6.075562776963889337e+04 9.977687426597070530e-01
6.075562802969280165e+04 9.967964857843315540e-01
6.075562828974669537e+04 9.832696245731574747e-01
6.075562854980059637e+04 9.965315463464515799e-01
6.075562880985449738e+04 9.897750889224663506e-01
6.075562906990839110e+04 9.855822286727000670e-01
6.075562932996229938e+04 9.971533224634255843e-01
6.075562959001619311e+04 9.880448201231752936e-01
6.075562985007009411e+04 1.001453529274267895e+00
6.075563011012399511e+04 9.896849887887896324e-01
6.075563037017788884e+04 9.918178294041692933e-01
6.075563063023179711e+04 9.974637253331339881e-01
6.075563089028569084e+04 1.003656508657243540e+00
6.075563115033958456e+04 9.953334641376456737e-01
6.075563141039349284e+04 9.996109795825605104e-01
6.075563167044738657e+04 9.998870620880224713e-01
6.075563193050128757e+04 9.879908171125518779e-01
6.075563219055518857e+04 1.000274033678603125e+00
6.075563245060908230e+04 9.958939591648655609e-01
6.075563271066299058e+04 9.973420417602790744e-01
6.075563297071688430e+04 9.955000823107219565e-01
6.075563323077078530e+04 9.969438203038942792e-01
6.075563349082468631e+04 9.937704260560255021e-01
6.075563375087858003e+04 9.999089016012036035e-01
6.075563401093248831e+04 9.926432957677571167e-01
6.075563427098638203e+04 9.976061617555725958e-01
6.075563453104027576e+04 9.900526344093468767e-01
6.075563479109418404e+04 9.944228032623422253e-01
6.075563505114807776e+04 1.011240258679350301e+00
6.075563531120197877e+04 9.894821294344947615e-01
6.075563557125588704e+04 9.917995535511976435e-01
6.075563583130978077e+04 9.918747595774038972e-01
6.075563609136368905e+04 9.908655856678024731e-01
6.075563635141758277e+04 1.006788783548714816e+00
6.075563661147148377e+04 9.938826243842943109e-01
6.075563687152538478e+04 9.935569488056968934e-01
6.075563713157927850e+04 9.983073571583277461e-01
6.075563739163318678e+04 9.976730033621961091e-01
6.075563765168708051e+04 9.851445182137086309e-01
6.075563791174097423e+04 9.945223147162629562e-01
6.075563817179488251e+04 9.915449956139715804e-01
6.075563843184877624e+04 9.981433761179826503e-01
6.075563869190267724e+04 9.900205817301390709e-01
6.075563895195657824e+04 9.900630864049034807e-01
6.075563921201047197e+04 9.943015668469058488e-01
6.075563947206438024e+04 9.953640655930180436e-01
6.075563973211827397e+04 9.989370426422626847e-01
6.075563999217217497e+04 9.903259444065295458e-01
6.075564025222608325e+04 9.894933910334591243e-01
6.075564051227997697e+04 9.931907790398921687e-01
6.075564077233388525e+04 9.997028607233877651e-01
6.075564103238777898e+04 9.963583245964973134e-01
6.075564129244167270e+04 9.874234264540907580e-01
6.075564155249558098e+04 9.953392555548484788e-01
6.075564181254947471e+04 9.954830637231852908e-01
6.075564207260337571e+04 9.932898616846468354e-01
6.075564233265727671e+04 9.910958374980124441e-01
6.075564259271117044e+04 9.845499047411371274e-01
6.075564285276507871e+04 1.000832865606841038e+00
6.075564311281897244e+04 9.923894365418484131e-01
6.075564337287286617e+04 9.965301940337542019e-01
6.075564363292677444e+04 9.908126768126240824e-01
6.075564389298066817e+04 9.957923277797771089e-01
6.075564415303458372e+04 1.002563316690084694e+00
6.075564441308847745e+04 9.938941461966809277e-01
6.075564467314237118e+04 9.955575006376764513e-01
6.075564493319627945e+04 1.000737677007152771e+00
6.075564519325017318e+04 9.934743129250610538e-01
6.075564545330407418e+04 9.959245682827978507e-01
6.075564571335797518e+04 9.984498546912996542e-01
6.075564597341186891e+04 1.001146191278045050e+00
6.075564623346577719e+04 9.925805773310331093e-01
6.075564649351967091e+04 9.937022883771530202e-01
6.075564675357356464e+04 9.996715723177852508e-01
6.075564701362747292e+04 9.928360642029879779e-01
6.075564727368136664e+04 9.965599842359512683e-01
6.075564753373527492e+04 9.841829487442356195e-01
6.075564779378917592e+04 9.949736394777372039e-01
6.075564805384306965e+04 9.990775956968365179e-01
6.075564831389697792e+04 9.946289745047404152e-01
6.075564857395087165e+04 9.974019803484766022e-01
6.075564883400477265e+04 1.002859044578038317e+00
6.075564909405867365e+04 9.833295865388651524e-01
6.075564935411256738e+04 9.978287400604484159e-01
6.075564961416647566e+04 9.952369076384623980e-01
6.075564987422036938e+04 9.897873207564071851e-01
6.075565013427426311e+04 9.967272307501811035e-01
6.075565039432817866e+04 9.915637464812553370e-01
6.075565065438207239e+04 9.991106838291710091e-01
6.075565091443597339e+04 1.009288018369976392e+00
6.075565117448987439e+04 1.004364227808995258e+00
6.075565143454376812e+04 1.009702219887266050e+00
6.075565169459767640e+04 9.963668367008323701e-01
6.075565195465157012e+04 1.004802504913179684e+00
6.075565221470547112e+04 1.002854710508386926e+00
6.075565247475937213e+04 9.960413055302342888e-01
6.075565273481326585e+04 1.001363625317933437e+00
6.075565299486718141e+04 9.883916801073189262e-01
6.075565325492107513e+04 1.012137703358086505e+00
6.075565492676799477e+04 9.959762943219379050e-01
6.075565518682868424e+04 9.942732479402183188e-01
6.075565544688938098e+04 9.899271929042875451e-01
6.075565570695007773e+04 9.968559280360593799e-01
6.075565596701077448e+04 1.010732177049032288e+00
6.075565622707147122e+04 9.893869836019268948e-01
6.075565648713216069e+04 1.007094724973031541e+00
6.075565674719285744e+04 9.969949149863955862e-01
6.075565700725356146e+04 9.961824563784498210e-01
6.075565726731425821e+04 1.003017843409689025e+00
6.075565752737495495e+04 9.996830280591557649e-01
6.075565778743564442e+04 1.002910547591756352e+00
6.075565804749634117e+04 9.966112410633175545e-01
6.075565830755703792e+04 1.001545380652932415e+00
6.075565856761772739e+04 9.970656203188734690e-01
6.075565882767842413e+04 1.002444357329867142e+00
6.075565908773912088e+04 9.922301276232395884e-01
6.075565934779981762e+04 1.014191608485532470e+00
6.075565960786051437e+04 9.976793638600843783e-01
6.075565986792121112e+04 1.003509281772262174e+00
6.075566012798190786e+04 9.992272184326782547e-01
6.075566038804260461e+04 1.004414535964263999e+00
6.075566064810330136e+04 9.994732936128759571e-01
6.075566090816399810e+04 9.990300283204675003e-01
6.075566116822468757e+04 1.005183472042797455e+00
6.075566142828538432e+04 1.002289227602984889e+00
6.075566168834608106e+04 9.942956252473217349e-01
6.075566194840677781e+04 1.000210578003791095e+00
6.075566220846748183e+04 9.968755293110075355e-01
6.075566246852817130e+04 1.011418617856217894e+00
6.075566272858886805e+04 1.003657049230907594e+00
6.075566298864956480e+04 9.921229583287523024e-01
6.075566324871025427e+04 9.960516261868859189e-01
6.075566350877095101e+04 9.980294036150201276e-01
6.075566376883164776e+04 9.898895332180509543e-01
6.075566402889234450e+04 1.002537310088598588e+00
6.075566428895304125e+04 9.990576743032371088e-01
6.075566454901373800e+04 9.968936463658308877e-01
6.075566480907443474e+04 9.997370009248035538e-01
6.075566506913513149e+04 9.977778737263297559e-01
6.075566532919582824e+04 9.986558507206280133e-01
6.075566558925652498e+04 1.003813325749854934e+00
6.075566584931721445e+04 9.999967045295772294e-01
6.075566610937791120e+04 1.003861407982574061e+00
6.075566636943860794e+04 1.004249029807925631e+00
6.075566662949930469e+04 1.000689539258553973e+00
6.075566688956000144e+04 9.952981374976761497e-01
6.075566714962069818e+04 1.007364800828650209e+00
6.075566740968139493e+04 9.958547216050308570e-01
6.075566766974209168e+04 1.002741614849362861e+00
6.075566792980278115e+04 9.900725247452090150e-01
6.075566818986347789e+04 1.003432818470426202e+00
6.075566844992417464e+04 1.004087576662813674e+00
6.075566870998487866e+04 1.012977842187997135e+00
6.075566897004557541e+04 1.015511912711707154e+00
6.075566923010626488e+04 1.000279936588168272e+00
6.075566949016696162e+04 1.000548584102810334e+00
6.075566975022765837e+04 9.999636058206523570e-01
6.075567001028834784e+04 1.010259577585371771e+00
6.075567027034905186e+04 9.997339949866453912e-01
6.075567053040974133e+04 1.006903723353712143e+00
6.075567079047044535e+04 9.900469733705176134e-01
6.075567105053114210e+04 1.000699181186305742e+00
6.075567131059183157e+04 9.964645880178738535e-01
6.075567157065252832e+04 9.986033699067413671e-01
6.075567183071322506e+04 1.006795475688332386e+00
6.075567209077392181e+04 9.990387463191728878e-01
6.075567235083461856e+04 1.004612532808059511e+00
6.075567261089531530e+04 1.011234470781043449e+00
6.075567287095601205e+04 1.003945228921358623e+00
6.075567313101670879e+04 1.001227782206079109e+00
6.075567339107740554e+04 1.005280449995672454e+00
6.075567365113810229e+04 9.999567352762018801e-01
6.075567391119879176e+04 9.981919506735958958e-01
6.075567417125948850e+04 1.002775061928997680e+00
6.075567443132019253e+04 9.979102839834386174e-01
6.075567469138088200e+04 1.000438310284543553e+00
6.075567495144157874e+04 9.961008085533684664e-01
6.075567521150227549e+04 1.005764930525194112e+00
6.075567547156297223e+04 1.003638463156494964e+00
6.075567573162366898e+04 1.007085323436240243e+00
6.075567599168436573e+04 1.004226452703657291e+00
6.075567625174506247e+04 1.005909159499308814e+00
6.075567651180575922e+04 1.000778854463932221e+00
6.075567677186645597e+04 1.003908363407528981e+00
6.075567703192715271e+04 9.993360860899571652e-01
6.075567729198784218e+04 1.006341786260250171e+00
6.075567755204853893e+04 1.003415552480441564e+00
6.075567781210924295e+04 1.004179035864071423e+00
6.075567807216993242e+04 1.000363504215009414e+00
6.075567833223062917e+04 9.975017504372257759e-01
6.075567859229132591e+04 9.974499260447871052e-01
6.075567885235202266e+04 1.013060282607733287e+00
6.075567911241271941e+04 1.006230282380151886e+00
6.075567937247341615e+04 1.002930457145925436e+00
6.075567963253411290e+04 9.999534381755661450e-01
6.075567989259480964e+04 1.004314975263851828e+00
6.075568015265550639e+04 9.981839539219404811e-01
6.075568041271620314e+04 1.008824270661075717e+00
6.075568067277689261e+04 1.002779844442834634e+00
6.075568093283759663e+04 1.010471419969166229e+00
6.075568119289829338e+04 1.004289639216056518e+00
6.075568145295898285e+04 1.008236720013467203e+00
6.075568171301968687e+04 1.002073271608029836e+00
6.075568197308037634e+04 9.989050451441073841e-01
6.075568223314107308e+04 1.011503142133756805e+00
6.075568249320177711e+04 1.003003394302325102e+00
6.075568275326246658e+04 9.992733619254241528e-01
6.075568301332316332e+04 1.008288486714321586e+00
6.075568327338386007e+04 1.007798601717359022e+00
6.075568483179301256e+04 1.006440389678349590e+00
6.075568509184680443e+04 1.004441992113389137e+00
6.075568535190059629e+04 1.007293268081803861e+00
6.075568561195438815e+04 1.006053025068731399e+00
6.075568587200818729e+04 1.006625815337431007e+00
6.075568613206199370e+04 1.000685043588853906e+00
6.075568639211578557e+04 9.984586990159449726e-01
6.075568665216957743e+04 9.985386079093061529e-01
6.075568691222336929e+04 1.007071534052669026e+00
6.075568717227716115e+04 9.994649900801592102e-01
6.075568743233096029e+04 9.963579667568311926e-01
6.075568769238475215e+04 1.004458478155204615e+00
6.075568795243854402e+04 1.007288180680538714e+00
6.075568821249233588e+04 1.006198556959848389e+00
6.075568847254613502e+04 1.005492739675581504e+00
6.075568873259992688e+04 1.012275421397258235e+00
6.075568899265372602e+04 1.008710390845530602e+00
6.075568925270752516e+04 9.970278012649038679e-01
6.075568951276131702e+04 1.002412246705712384e+00
6.075568977281511616e+04 1.000538080024375720e+00
6.075569003286890802e+04 1.001543624790458775e+00
6.075569029292269988e+04 1.000932891600387009e+00
6.075569055297649174e+04 9.987130736545308807e-01
6.075569081303029088e+04 1.005023708239016322e+00
6.075569107308408275e+04 9.983077006019750455e-01
6.075569133313787461e+04 1.011154001306658667e+00
6.075569159319166647e+04 9.977181071545242474e-01
6.075569185324547288e+04 1.002155330524102439e+00
6.075569211329927202e+04 9.928192187032346405e-01
6.075569237335306389e+04 1.006663747429036970e+00
6.075569263340685575e+04 1.006837174752501562e+00
6.075569289346064761e+04 9.985116315960188560e-01
6.075569315351444675e+04 1.009325358641986581e+00
6.075569341356823861e+04 1.003739279659744632e+00
6.075569367362203047e+04 1.001111169620413799e+00
6.075569393367582234e+04 1.000132006464727663e+00
6.075569419372962147e+04 1.008252740493875921e+00
6.075569445378341334e+04 9.959710989035820417e-01
6.075569471383720520e+04 1.003534702482393071e+00
6.075569497389100434e+04 1.004376275886193826e+00
6.075569523394481075e+04 1.035846742975744306e+00
6.075569549399860261e+04 1.002183349549442992e+00
6.075569575405239448e+04 1.001836684357664709e+00
6.075569601410618634e+04 9.981616284552313756e-01
6.075569627415998548e+04 1.000944024234434293e+00
6.075569653421377734e+04 1.002896437740521396e+00
6.075569679426756920e+04 9.975316369761322299e-01
6.075569705432136107e+04 9.981894276393715737e-01
6.075569731437516020e+04 1.003679069972406523e+00
6.075569757442895207e+04 1.001278757027953104e+00
6.075569783448274393e+04 1.005017544882405023e+00
6.075569809453654307e+04 1.012294480570691935e+00
6.075569835459034948e+04 1.006697728160057759e+00
6.075569861464414134e+04 9.983506203754177744e-01
6.075569887469793321e+04 9.949211466415075478e-01
6.075569913475172507e+04 1.004159453021002735e+00
6.075569939480552421e+04 1.004354450353470929e+00
6.075569965485931607e+04 1.011825022843821920e+00
6.075569991491310793e+04 9.951908792327385234e-01
6.075570017496689979e+04 9.969476885436009406e-01
6.075570043502069893e+04 1.002042354229528920e+00
6.075570069507449080e+04 1.007883292899323990e+00
6.075570095512828993e+04 1.000916346866689510e+00
6.075570121518208907e+04 9.992900672337566848e-01
6.075570147523588821e+04 9.972679332719387446e-01
6.075570173528968007e+04 1.000891017993363885e+00
6.075570199534347194e+04 1.007679566416297412e+00
6.075570225539727107e+04 9.933563656063838510e-01
6.075570251545106294e+04 9.996579849699104292e-01
6.075570277550485480e+04 1.001426098074972515e+00
6.075570303555864666e+04 1.012872709242158109e+00
6.075570329561244580e+04 9.926948207401294910e-01
6.075570355566623766e+04 9.993811415582076751e-01
6.075570381572002952e+04 1.005519513097428819e+00
6.075570407577382866e+04 9.953591732515532087e-01
6.075570433582763508e+04 9.863223675714362093e-01
6.075570459588142694e+04 1.004291309964293832e+00
6.075570485593521880e+04 1.001190580275407305e+00
6.075570511598901066e+04 1.002411792815689262e+00
6.075570537604280980e+04 9.954728329606635784e-01
6.075570563609660167e+04 1.000963215704246068e+00
6.075570589615039353e+04 9.940007005712284682e-01
6.075570615620419267e+04 9.944100812728630112e-01
6.075570641625798453e+04 1.000296716645525441e+00
6.075570667631177639e+04 9.972297087777075575e-01
6.075570693636557553e+04 1.004393594556791003e+00
6.075570719641938194e+04 9.960700917027288659e-01
6.075570745647317381e+04 9.974928629949493253e-01
6.075570771652696567e+04 9.991823629809191143e-01
6.075570797658076481e+04 1.010977521412905977e+00
6.075570823663455667e+04 1.003253282998175067e+00
6.075570849668834853e+04 9.863005724506394012e-01
6.075570875674214039e+04 1.000261778813201996e+00
6.075570901679593953e+04 9.954770474218750387e-01
6.075570927684973140e+04 1.005721752590317042e+00
6.075570953690352326e+04 9.932218489377865334e-01
6.075570979695732240e+04 9.995168421542857118e-01
6.075571005701112153e+04 9.978678402718008655e-01
6.075571031706492067e+04 9.916027203630116693e-01
6.075571057711871254e+04 9.946054206047760804e-01
6.075571083717251167e+04 1.008535315647343333e+00
6.075571109722630354e+04 9.912397051618115906e-01
6.075571135728009540e+04 1.001859766553325537e+00
6.075571161733389454e+04 9.993389335936972984e-01
6.075571187738768640e+04 9.959332875088942050e-01
6.075571213744147826e+04 9.991329341166480527e-01
6.075571239749527740e+04 1.007505074588562310e+00
6.075571265754906926e+04 9.838724244166547894e-01
6.075571291760286840e+04 1.007269068170256743e+00
6.075571317765666754e+04 9.929859373018287139e-01
6.075571474868715450e+04 1.002012323664823734e+00
6.075571500874785124e+04 9.934313858761714133e-01
6.075571526880854799e+04 9.902635239063762862e-01
6.075571552886924474e+04 9.873477233548502152e-01
6.075571578892994148e+04 9.941313998413930930e-01
6.075571604899063823e+04 9.953434759289193634e-01
6.075571630905133497e+04 1.000782045360773864e+00
6.075571656911203172e+04 9.907619891715396809e-01
6.075571682917273574e+04 1.001011174636273759e+00
6.075571708923342521e+04 1.000724106199532226e+00
6.075571734929412196e+04 9.857720586918645722e-01
6.075571760935482598e+04 9.918798607389240907e-01
6.075571786941552273e+04 9.973801005289436583e-01
6.075571812947621947e+04 9.916885113779730920e-01
6.075571838953690894e+04 9.939571188606103336e-01
6.075571864959761297e+04 1.007235973758031422e+00
6.075571890965830971e+04 9.933629217671235967e-01
6.075571916971899918e+04 9.928731994187249832e-01
6.075571942977970320e+04 9.903294250087065764e-01
6.075571968984039995e+04 9.928342304785199302e-01
6.075571994990109670e+04 9.934170731412930166e-01
6.075572020996180072e+04 9.981549295178953063e-01
6.075572047002249019e+04 9.907717928093291437e-01
6.075572073008318694e+04 1.001493781456060272e+00
6.075572099014388368e+04 9.964925772514285907e-01
6.075572125020458770e+04 9.980651517721218502e-01
6.075572151026528445e+04 9.885806651188604466e-01
6.075572177032597392e+04 9.932464416067189328e-01
6.075572203038667794e+04 1.000783059101981731e+00
6.075572229044737469e+04 9.916643273366949618e-01
6.075572255050806416e+04 9.941743439672930949e-01
6.075572281056877546e+04 9.971514678336507176e-01
6.075572307062946493e+04 9.935136246057848508e-01
6.075572333069016167e+04 9.891543144813152999e-01
6.075572359075086570e+04 9.904061675002300280e-01
6.075572385081155517e+04 9.908004225075648375e-01
6.075572411087225191e+04 9.879977987456439736e-01
6.075572437093294866e+04 9.959804565672674137e-01
6.075572463099365268e+04 9.902872905228102818e-01
6.075572489105434943e+04 9.837117184419009730e-01
6.075572515111503890e+04 9.997972236278772629e-01
6.075572541117574292e+04 9.992041230030535015e-01
6.075572567123643967e+04 1.003540133080043750e+00
6.075572593129713641e+04 9.819947314687935691e-01
6.075572619135784043e+04 9.883523000134756265e-01
6.075572645141852990e+04 9.994645484361979193e-01
6.075572671147922665e+04 9.953559711448058955e-01
6.075572697153993067e+04 1.005386348740214153e+00
6.075572723160062014e+04 9.926081844700347379e-01
6.075572749166131689e+04 9.979353649792904735e-01
6.075572775172202091e+04 1.003678562058498480e+00
6.075572801178271766e+04 9.864124029060545862e-01
6.075572827184341440e+04 9.979268220538162204e-01
6.075572853190411115e+04 9.973773127517215897e-01
6.075572879196480790e+04 9.945604425940867133e-01
6.075572905202550464e+04 9.938260777924969869e-01
6.075572931208620867e+04 1.003116677163775172e+00
6.075572957214690541e+04 9.944795661523386787e-01
6.075572983220759488e+04 9.940401468714314959e-01
6.075573009226829890e+04 9.956687327205856475e-01
6.075573035232899565e+04 1.006275835771381910e+00
6.075573061238968512e+04 9.931165752947260783e-01
6.075573087245038914e+04 1.006761982487820450e+00
6.075573113251108589e+04 1.000217241526911716e+00
6.075573139257178264e+04 9.947284381355174787e-01
6.075573165263248666e+04 9.940270633319321369e-01
6.075573191269317613e+04 9.951608491624689412e-01
6.075573217275387287e+04 9.975863901300996428e-01
6.075573243281457690e+04 9.879413216544000731e-01
6.075573269287527364e+04 9.999408415555598451e-01
6.075573295293597039e+04 9.949459869447511151e-01
6.075573321299666713e+04 9.980473294033248566e-01
6.075573347305736388e+04 9.982795961394752560e-01
6.075573373311806063e+04 9.957474520611695468e-01
6.075573399317875737e+04 9.931606696759730513e-01
6.075573425323946140e+04 9.907133458473353915e-01
6.075573451330015087e+04 9.925840915554725585e-01
6.075573477336085489e+04 1.005829729630462577e+00
6.075573503342155163e+04 9.950731460937185524e-01
6.075573529348224110e+04 9.996646899770550432e-01
6.075573555354294513e+04 9.852979953065668095e-01
6.075573581360364187e+04 9.961009591936001994e-01
6.075573607366434589e+04 1.000207936132702535e+00
6.075573633372504264e+04 9.926071950392436616e-01
6.075573659378573211e+04 1.000530631673106852e+00
6.075573685384643613e+04 1.010869156763980703e+00
6.075573711390713288e+04 9.966694430454872133e-01
6.075573737396782963e+04 9.991779260797082340e-01
6.075573763402853365e+04 1.000705842351391039e+00
6.075573789408922312e+04 1.007461241340342095e+00
6.075573815414991986e+04 1.007313712193431465e+00
6.075573841421062389e+04 9.976047423623251031e-01
6.075573867427131336e+04 1.005989436734141318e+00
6.075573893433201010e+04 9.993211173454855656e-01
6.075573919439271413e+04 1.005256158383724507e+00
6.075573945445341087e+04 9.959439104085806571e-01
6.075573971451411489e+04 9.905288854483523808e-01
6.075573997457480436e+04 9.946953290079618704e-01
6.075574023463550111e+04 9.958970310382400104e-01
6.075574049469620513e+04 9.975564295641339285e-01
6.075574075475690188e+04 9.968003057467892392e-01
6.075574101481759863e+04 9.906484647714389746e-01
6.075574127487829537e+04 1.003358460357999915e+00
6.075574153493899212e+04 9.966894764152709474e-01
6.075574179499969614e+04 9.979325760627704156e-01
6.075574205506038561e+04 1.000208490492429769e+00
6.075574231512108236e+04 9.955634383924908404e-01
6.075574257518178638e+04 9.989930110935608676e-01
6.075574283524248312e+04 9.930200198209239160e-01
6.075574309530317987e+04 1.003666798779922598e+00
6.075574483016229351e+04 1.002055511991046144e+00
6.075574509021608537e+04 1.005165165054338283e+00
6.075574535026989179e+04 1.006187780708715840e+00
6.075574561032369093e+04 1.002956912104802534e+00
6.075574587037748279e+04 9.999679934440837137e-01
6.075574613043128193e+04 9.967862268746049415e-01
6.075574639048507379e+04 1.002511820794670383e+00
6.075574665053887293e+04 1.001062970403722385e+00
6.075574691059266479e+04 9.972218384352122822e-01
6.075574717064645665e+04 1.004955423089625599e+00
6.075574743070025579e+04 1.002381027129492841e+00
6.075574769075404765e+04 1.005303602374306493e+00
6.075574795080784679e+04 9.981943430126087868e-01
6.075574821086163865e+04 1.001614504055967858e+00
6.075574847091544507e+04 1.007016404287325528e+00
6.075574873096924421e+04 1.002111121142776229e+00
6.075574899102303607e+04 1.010831943504137742e+00
6.075574925107683521e+04 1.003125113968484472e+00
6.075574951113062707e+04 1.005050873222770091e+00
6.075574977118442621e+04 9.982061644898194697e-01
6.075575003123821807e+04 1.007999067235651358e+00
6.075575029129201721e+04 9.995085584823524272e-01
6.075575055134580907e+04 1.001488639701955563e+00
6.075575081139960093e+04 1.000345512592560659e+00
6.075575107145340007e+04 9.980269835704482784e-01
6.075575133150719921e+04 9.986970224298211685e-01
6.075575159156100563e+04 1.008918617036323795e+00
6.075575185161479749e+04 1.004154847563215380e+00
6.075575211166859663e+04 1.004868236778390100e+00
6.075575237172238849e+04 1.011470948207773946e+00
6.075575263177618035e+04 1.004014019644102751e+00
6.075575289182997949e+04 9.996067477468210116e-01
6.075575315188377135e+04 1.003538487958998804e+00
6.075575341193757049e+04 9.979016641612132865e-01
6.075575367199136235e+04 9.998589050791988342e-01
6.075575393204516149e+04 1.012628635248042253e+00
6.075575419209895335e+04 9.980328179635428176e-01
6.075575445215275249e+04 9.960570038564628970e-01
6.075575471220655891e+04 1.014855715021767635e+00
6.075575497226035077e+04 9.942073516981521086e-01
6.075575523231414991e+04 1.003769703210088293e+00
6.075575549236794177e+04 1.000796890697892128e+00
6.075575575242174091e+04 1.011224743566190964e+00
6.075575601247553277e+04 1.005441512469250620e+00
6.075575627252933191e+04 1.009066409036059930e+00
6.075575653258312377e+04 1.005929047260733844e+00
6.075575679263691563e+04 1.002540980510103763e+00
6.075575705269071477e+04 1.003018281995909478e+00
6.075575731274451391e+04 1.006814329249210438e+00
6.075575757279832033e+04 1.013024920684704622e+00
6.075575783285211219e+04 1.005595083188644878e+00
6.075575809290591133e+04 1.006580087915118771e+00
6.075575835295970319e+04 9.977575551086697025e-01
6.075575861301350233e+04 1.003019264221543638e+00
6.075575887306729419e+04 9.990522467610603030e-01
6.075575913312109333e+04 1.006322476080592221e+00
6.075575939317488519e+04 1.010698755053805131e+00
6.075575965322867705e+04 9.977341804388041302e-01
6.075575991328247619e+04 1.004232449476924360e+00
6.075576017333626805e+04 9.944455282947806118e-01
6.075576043339007447e+04 1.002811069965487523e+00
6.075576069344387361e+04 1.009991674092544311e+00
6.075576095349767274e+04 9.920720970818541762e-01
6.075576121355146461e+04 1.004365668392166677e+00
6.075576147360526375e+04 1.004796625050606851e+00
6.075576173365905561e+04 1.008910037823950168e+00
6.075576199371285475e+04 1.005086388820978227e+00
6.075576225376664661e+04 1.002419540423115318e+00
6.075576251382044575e+04 9.998895927386680649e-01
6.075576277387423761e+04 1.009998039523200664e+00
6.075576303392802947e+04 9.997466670205109596e-01
6.075576329398183589e+04 1.019129264880714647e+00
6.075576355403563502e+04 1.005508784418524648e+00
6.075576381408943416e+04 1.007441066918369987e+00
6.075576407414322603e+04 1.006173818783996143e+00
6.075576433419702516e+04 1.006146635344457252e+00
6.075576459425081703e+04 1.009167974562496406e+00
6.075576485430461616e+04 1.007292234166285549e+00
6.075576511435840803e+04 1.002196450939384142e+00
6.075576537441220717e+04 9.983277729695284597e-01
6.075576563446599903e+04 1.014274838878135965e+00
6.075576589451979817e+04 1.003998502855189656e+00
6.075576615457359003e+04 1.002663052007451538e+00
6.075576641462739644e+04 1.005231182680389912e+00
6.075576667468119558e+04 1.001185826780535804e+00
6.075576693473499472e+04 1.002788020907662281e+00
6.075576719478878658e+04 1.006196526179465423e+00
6.075576745484258572e+04 1.008639662521334301e+00
6.075576771489637758e+04 1.004697959291549703e+00
6.075576797495017672e+04 9.931292321943255841e-01
6.075576823500396858e+04 1.006187646039386152e+00
6.075576849505776045e+04 1.000643520588450741e+00
6.075576875511155959e+04 1.007740146988801655e+00
6.075576901516535145e+04 9.983276015152996452e-01
6.075576927521915786e+04 1.013349838350922960e+00
6.075576953527295700e+04 1.003146678652574897e+00
6.075576979532675614e+04 9.932214635300373740e-01
6.075577005538054800e+04 9.985265623846516503e-01
6.075577031543434714e+04 1.005075829132081378e+00
6.075577057548813900e+04 1.011104658587389737e+00
6.075577083554193814e+04 9.991784777770507109e-01
6.075577109559573000e+04 1.010629297339092680e+00
6.075577135564952914e+04 1.004635271222152237e+00
6.075577161570332100e+04 9.977170611239692954e-01
6.075577187575712014e+04 1.002154319561127105e+00
6.075577213581091200e+04 1.008097414254411239e+00
6.075577239586471842e+04 1.005729271776719447e+00
6.075577265591851756e+04 1.006868571225481013e+00
6.075577291597231670e+04 1.001044764690780964e+00
6.075577317602610856e+04 1.011385350757240786e+00
