6.075585120116569306e+04 1.005836432786561652e+00
6.075585146121949219e+04 9.946830257917241846e-01
6.075585172127328406e+04 1.001899595589083258e+00
6.075585198132708319e+04 9.976481801857480791e-01
6.075585224138088233e+04 9.938691755789877957e-01
6.075585250143468147e+04 1.003356527303574719e+00
6.075585276148847333e+04 9.943893911788059814e-01
6.075585302154227247e+04 1.000497057540887802e+00
6.075585328159607161e+04 9.880343300088217928e-01
6.075585354164987803e+04 9.852793037127992593e-01
6.075585380170368444e+04 1.008416491011366434e+00
6.075585406175747630e+04 9.995581119695297057e-01
6.075585432181127544e+04 9.959671682931666714e-01
6.075585458186507458e+04 9.993902663300159306e-01
6.075585484191887372e+04 1.011036244169660092e+00
6.075585510197266558e+04 1.001138543649565671e+00
6.075585536202646472e+04 1.001329536697518119e+00
6.075585562208026386e+04 1.005591866122832911e+00
6.075585588213406299e+04 9.986369365602606463e-01
6.075585614218786213e+04 1.008922286722792938e+00
6.075585640224165400e+04 1.001650455581469590e+00
6.075585666229546041e+04 9.957252775036065096e-01
6.075585692234926682e+04 9.983302200987222985e-01
6.075585718240306596e+04 1.002601109400731438e+00
6.075585744245685783e+04 1.004464762641152475e+00
6.075585770251065696e+04 1.008606045453537270e+00
6.075585796256445610e+04 9.943300290161691812e-01
6.075585822261825524e+04 1.000012715169076971e+00
6.075585848267205438e+04 1.001223020830275257e+00
6.075585874272584624e+04 9.972419887525983961e-01
6.075585900277964538e+04 9.941055965599721045e-01
6.075585926283344452e+04 9.951953407459136480e-01
6.075585952288725093e+04 9.934889194184667316e-01
6.075585978294105735e+04 1.012878468632166795e+00
6.075586004299484921e+04 9.966065799998651276e-01
6.075586030304864835e+04 1.008021235149630712e+00
6.075586056310244749e+04 9.984285280799395368e-01
6.075586082315624662e+04 9.945999519739153749e-01
6.075586108321004576e+04 9.975400411169056403e-01
6.075586134326383763e+04 1.004010244264822660e+00
6.075586160331763676e+04 9.986836680077141315e-01
6.075586186337143590e+04 9.939431926946609153e-01
6.075586212342523504e+04 1.003308540726839615e+00
6.075586238347903418e+04 1.002875888074905131e+00
6.075586264353283332e+04 1.006083295610219697e+00
6.075586290358663973e+04 1.002228669835397268e+00
6.075586316364043887e+04 1.000171315756674728e+00
6.075586342369423801e+04 9.967966275121414865e-01
6.075586368374803715e+04 9.897246008292113206e-01
6.075586394380182901e+04 9.953982702235398827e-01
6.075586420385562815e+04 1.002827011145566605e+00
6.075586446390942729e+04 1.006993839407431368e+00
6.075586472396322642e+04 1.002783180991581036e+00
6.075586498401702556e+04 9.982321107556713091e-01
6.075586524407081743e+04 1.002028467271132595e+00
6.075586550412462384e+04 9.947631532248610853e-01
6.075586576417843025e+04 1.001757104466738380e+00
6.075586602423222939e+04 9.939003354854741845e-01
6.075586628428602853e+04 9.968693752988941892e-01
6.075586654433982039e+04 9.979783365769615555e-01
6.075586680439361953e+04 1.004868470537245484e+00
6.075586706444741867e+04 9.985886915367990779e-01
6.075586732450121781e+04 9.932232679381040041e-01
6.075586758455501695e+04 1.001606371257398820e+00
6.075586784460881609e+04 1.012556002649950715e+00
6.075586810466260795e+04 1.001921485460946615e+00
6.075586836471640709e+04 1.007128409872160013e+00
6.075586862477021350e+04 9.951600458043841080e-01
6.075586888482401991e+04 9.986931901512732246e-01
6.075586914487781905e+04 1.002004450852772122e+00
6.075586940493161092e+04 9.995101975397495675e-01
6.075586966498541005e+04 1.005828499363759176e+00
6.075586992503920919e+04 9.954226132248682468e-01
6.075587018509300833e+04 9.994833567924674700e-01
6.075587044514680747e+04 1.001762301504430352e+00
6.075587070520060661e+04 1.002804116480611407e+00
6.075587096525439847e+04 1.005691864983974559e+00
6.075587122530819761e+04 9.928769949803757378e-01
6.075587148536199675e+04 9.942341963257266269e-01
6.075587174541581044e+04 1.006721504228003772e+00
6.075587200546960958e+04 9.993105113937998940e-01
6.075587226552340871e+04 9.914963904174675102e-01
6.075587252557720058e+04 1.004247199089095099e+00
6.075587278563099972e+04 1.011360926710785257e+00
6.075587304568479885e+04 1.009792445360208291e+00
6.075587330573859799e+04 9.967287962985161842e-01
6.075587356579239713e+04 9.988945299270696188e-01
6.075587382584619627e+04 1.006679806393456778e+00
6.075587408589998813e+04 9.950168726484801551e-01
6.075587434595378727e+04 1.008981868898608303e+00
6.075587460600759368e+04 1.005180859399555482e+00
6.075587486606140010e+04 9.950887560413298472e-01
6.075587512611519924e+04 9.951211994248305714e-01
6.075587538616899838e+04 9.950812519385724420e-01
6.075587564622279751e+04 1.007486923562832315e+00
6.075587590627658938e+04 1.007893138173338254e+00
6.075587616633038851e+04 9.869402725537946841e-01
6.075587642638418765e+04 1.001472503158344241e+00
6.075587668643798679e+04 1.001031419914487186e+00
6.075587694649178593e+04 1.001707883837122504e+00
6.075587720654558507e+04 1.005886813124502455e+00
6.075587746659937693e+04 9.955847694699222483e-01
6.075587772665318334e+04 1.002585892586396632e+00
6.075587798670698976e+04 9.972381866414692375e-01
6.075587824676078890e+04 1.010815479928867999e+00
6.075587850681458804e+04 9.995380309242661854e-01
6.075587876686838717e+04 9.989161077286574653e-01
6.075587902692218631e+04 1.000045841701701521e+00
6.075587928697597818e+04 9.998928088344720688e-01
6.075587954702977731e+04 9.896968323885303453e-01
6.075588115586427011e+04 1.001244008227571314e+00
6.075588141592496686e+04 1.000646513176650654e+00
6.075588167598567088e+04 9.911187958672983411e-01
6.075588193604636763e+04 1.002316123410042836e+00
6.075588219610707165e+04 9.881208257191306243e-01
6.075588245616777567e+04 1.002141771166806805e+00
6.075588271622847242e+04 1.004258379955755842e+00
6.075588297628917644e+04 9.972902599046138405e-01
6.075588323634988046e+04 1.000717815747153461e+00
6.075588349641056993e+04 9.964955767119434427e-01
6.075588375647127395e+04 1.005399960893343048e+00
6.075588401653197798e+04 9.879319897155490748e-01
6.075588427659268200e+04 9.999132674965468537e-01
6.075588453665338602e+04 9.877821444261654094e-01
6.075588479671408277e+04 1.000022312646492217e+00
6.075588505677478679e+04 9.978890274012546246e-01
6.075588531683548354e+04 9.935926040519771352e-01
6.075588557689618756e+04 1.000545622889303710e+00
6.075588583695689158e+04 9.961498239166762803e-01
6.075588609701758833e+04 9.986496955395078867e-01
6.075588635707829235e+04 1.006575191522886215e+00
6.075588661713899637e+04 1.002472545992813879e+00
6.075588687719969312e+04 1.001124158542231468e+00
6.075588713726038986e+04 9.946832656144664053e-01
6.075588739732109389e+04 9.915369202857841069e-01
6.075588765738179791e+04 9.983912610230829543e-01
6.075588791744250193e+04 9.996996300277225522e-01
6.075588817750319868e+04 9.918125293124457897e-01
6.075588843756390270e+04 1.001212840208743460e+00
6.075588869762460672e+04 9.868179144393934843e-01
6.075588895768530347e+04 1.001673389409223569e+00
6.075588921774600749e+04 1.004650201906821971e+00
6.075588947780670424e+04 9.960847227777419599e-01
6.075588973786740826e+04 9.982182772404151194e-01
6.075588999792811228e+04 1.002573737543372312e+00
6.075589025798880903e+04 1.004021524587310310e+00
6.075589051804952032e+04 1.002033217801874043e+00
6.075589077811021707e+04 9.974820681667164735e-01
6.075589103817091382e+04 1.003436437842520013e+00
6.075589129823161784e+04 9.888226747072259570e-01
6.075589155829231458e+04 1.001243086163901230e+00
6.075589181835301861e+04 1.004316706601809717e+00
6.075589207841372263e+04 1.008250678655521204e+00
6.075589233847442665e+04 1.002780113698315878e+00
6.075589259853513067e+04 1.003603614787199172e+00
6.075589285859582742e+04 1.002233051845687894e+00
6.075589311865652417e+04 1.004096710406026771e+00
6.075589337871722819e+04 1.003327952633624953e+00
6.075589363877793221e+04 9.950529045929151772e-01
6.075589389883863623e+04 9.918734098490962214e-01
6.075589415889933298e+04 9.990768934433211790e-01
6.075589441896003700e+04 9.974547816596854855e-01
6.075589467902074102e+04 9.992782662126180604e-01
6.075589493908143777e+04 9.969761460781493279e-01
6.075589519914213452e+04 1.000902330822390107e+00
6.075589545920283854e+04 9.953203564928430058e-01
6.075589571926354256e+04 1.004274569972966713e+00
6.075589597932424658e+04 9.978165984718896375e-01
6.075589623938494333e+04 1.002748762844717589e+00
6.075589649944564735e+04 9.921259540803011312e-01
6.075589675950635137e+04 1.001235779727344566e+00
6.075589701956705539e+04 9.946025866383416680e-01
6.075589727962775942e+04 9.977606997250795251e-01
6.075589753968844889e+04 9.928218306363641998e-01
6.075589779974915291e+04 1.007740274167489236e+00
6.075589805980985693e+04 1.005752340149637769e+00
6.075589831987055368e+04 9.954371672464071841e-01
6.075589857993125770e+04 1.000217316964436831e+00
6.075589883999196172e+04 9.932437385667431951e-01
6.075589910005266574e+04 1.002922888639249166e+00
6.075589936011336977e+04 9.938032954548864373e-01
6.075589962017406651e+04 9.865469889722673358e-01
6.075589988023477054e+04 9.995394093176644956e-01
6.075590014029546728e+04 9.919620804309348117e-01
6.075590040035617130e+04 1.007843433137104672e+00
6.075590066041687533e+04 9.964395035881639107e-01
6.075590092047757207e+04 9.974285985556201606e-01
6.075590118053827609e+04 1.005304918692402794e+00
6.075590144059898012e+04 1.013248087342010662e+00
6.075590170065967686e+04 9.999482430438880742e-01
6.075590196072038816e+04 9.954007408266096757e-01
6.075590222078108491e+04 9.941294210541603560e-01
6.075590248084178893e+04 1.006627837960186511e+00
6.075590274090249295e+04 9.932843517279414947e-01
6.075590300096318242e+04 1.003185143088529463e+00
6.075590326102388644e+04 1.007961360368143655e+00
6.075590352108459047e+04 9.968402492861371256e-01
6.075590378114529449e+04 9.959549793421005326e-01
6.075590404120599851e+04 9.979723291643216587e-01
6.075590430126669526e+04 1.001843415226643774e+00
6.075590456132739928e+04 9.994545993690997499e-01
6.075590482138810330e+04 1.001473099272419454e+00
6.075590508144880732e+04 9.992695185460988005e-01
6.075590534150951135e+04 9.954919124202659120e-01
6.075590560157020809e+04 9.997109993812888229e-01
6.075590586163091211e+04 1.009331147951399110e+00
6.075590612169160886e+04 9.941326265524008665e-01
6.075590638175230561e+04 9.987264018217255623e-01
6.075590664181300963e+04 1.006070523941333894e+00
6.075590690187371365e+04 1.002032340370907271e+00
6.075590716193441767e+04 1.007594712637449597e+00
6.075590742199512169e+04 1.002125346788840687e+00
6.075590768205581844e+04 9.998076860270607158e-01
6.075590794211652246e+04 1.003060750417730684e+00
6.075590820217722649e+04 1.002094165067951792e+00
6.075590846223793051e+04 9.963741396576212273e-01
6.075590872229863453e+04 9.996109766915889372e-01
6.075590898235933128e+04 9.963658493124616378e-01
6.075590924242003530e+04 9.954043911895070762e-01
6.075590950248073932e+04 1.008010919699696917e+00
6.075591106051386305e+04 9.988112970522766698e-01
6.075591132057445793e+04 9.973795160407772364e-01
6.075591158063505281e+04 1.000698978634533498e+00
6.075591184069564770e+04 9.996942492138397585e-01
6.075591210075624258e+04 1.000316891326539004e+00
6.075591236081683746e+04 1.011012188879471196e+00
6.075591262087743235e+04 1.003217737788143271e+00
6.075591288093802723e+04 1.000338940733840110e+00
6.075591314099862211e+04 1.001821337363043574e+00
6.075591340105922427e+04 1.002829225499960453e+00
6.075591366111981915e+04 9.957812221573468792e-01
6.075591392118041404e+04 9.983735685022359085e-01
6.075591418124100892e+04 1.003940546862481131e+00
6.075591444130160380e+04 9.947035015855506535e-01
6.075591470136219868e+04 1.005812885436428328e+00
6.075591496142279357e+04 9.966392145984684925e-01
6.075591522148338845e+04 1.004892365307559210e+00
6.075591548154399061e+04 9.969500727306387367e-01
6.075591574160458549e+04 1.000187658141094449e+00
6.075591600166518037e+04 1.000459124014998480e+00
6.075591626172577526e+04 1.008631894211674762e+00
6.075591652178637742e+04 9.943843616901363314e-01
6.075591678184697230e+04 1.005393016261439731e+00
6.075591704190756718e+04 9.953438591492362875e-01
6.075591730196816206e+04 9.980125434280817665e-01
6.075591756202875695e+04 9.928579386477709434e-01
6.075591782208935183e+04 9.960593407404436661e-01
6.075591808214994671e+04 9.902710573201717326e-01
6.075591834221054160e+04 1.001235266942766877e+00
6.075591860227113648e+04 1.002246187466536931e+00
6.075591886233173136e+04 1.003270761854943682e+00
6.075591912239232624e+04 9.955014912195736532e-01
6.075591938245292840e+04 1.005027437094045295e+00
6.075591964251352329e+04 9.928410050488045702e-01
6.075591990257411817e+04 1.005586689224318375e+00
6.075592016263471305e+04 1.001362455434375631e+00
6.075592042269530793e+04 1.001521173096447503e+00
6.075592068275590282e+04 1.001886330594069285e+00
6.075592094281649770e+04 9.915439011399334035e-01
6.075592120287709986e+04 9.980741627737556021e-01
6.075592146293769474e+04 9.910759591572602112e-01
6.075592172299828962e+04 9.927171661890721310e-01
6.075592198305888451e+04 9.967825720064950046e-01
6.075592224311948667e+04 1.003737418825908279e+00
6.075592250318008155e+04 1.004108489540984195e+00
6.075592276324067643e+04 9.974311897407639460e-01
6.075592302330127131e+04 1.000076066035212596e+00
6.075592328336186620e+04 1.005312579698315556e+00
6.075592354342246108e+04 1.006022887914787445e+00
6.075592380348305596e+04 9.986542695795715963e-01
6.075592406354365812e+04 1.002063355012309476e+00
6.075592432360425300e+04 9.968899904746599816e-01
6.075592458366484789e+04 9.927035468835643250e-01
6.075592484372544277e+04 1.002374428480062640e+00
6.075592510378604493e+04 1.003242495990183114e+00
6.075592536384663981e+04 9.965154575510095647e-01
6.075592562390723469e+04 9.922948167553157228e-01
6.075592588396782958e+04 1.010217713008366491e+00
6.075592614402842446e+04 9.967671223614266163e-01
6.075592640408901934e+04 9.991748390719997763e-01
6.075592666414961423e+04 1.004654458396576633e+00
6.075592692421020911e+04 1.002571990065997953e+00
6.075592718427081127e+04 9.944514316510386642e-01
6.075592744433140615e+04 9.992614555150216571e-01
6.075592770439200103e+04 1.004199788821769967e+00
6.075592796445260319e+04 1.000784764061776411e+00
6.075592822451319807e+04 9.995182936772946114e-01
6.075592848457379296e+04 9.891341588768691739e-01
6.075592874463438784e+04 9.931636399692217454e-01
6.075592900469498272e+04 9.984632878091086461e-01
6.075592926475557761e+04 9.991674037494414629e-01
6.075592952481617249e+04 9.884057810039192926e-01
6.075592978487676737e+04 9.995985635005096848e-01
6.075593004493736953e+04 9.948328105586351500e-01
6.075593030499796441e+04 9.976228112973967166e-01
6.075593056505855930e+04 1.002692488984687325e+00
6.075593082511916145e+04 9.956628148728033922e-01
6.075593108517975634e+04 9.948417552413205689e-01
6.075593134524035122e+04 1.001772439406369841e+00
6.075593160530094610e+04 1.005651710686017219e+00
6.075593186536154099e+04 1.005309393458280853e+00
6.075593212542213587e+04 9.982613182847628330e-01
6.075593238548273075e+04 1.002495741767646553e+00
6.075593264554332563e+04 1.003680804931028403e+00
6.075593290560392779e+04 9.967535611378847138e-01
6.075593316566452268e+04 1.000825071722040605e+00
6.075593342572511756e+04 9.985511037030814219e-01
6.075593368578571244e+04 1.003743903823273831e+00
6.075593394584631460e+04 1.005296737499178361e+00
6.075593420590690948e+04 9.905057491055430097e-01
6.075593446596750437e+04 1.002371367308726890e+00
6.075593472602809925e+04 9.987680767614766086e-01
6.075593498608869413e+04 9.972827544192064408e-01
6.075593524614928901e+04 9.961115074601277763e-01
6.075593550620988390e+04 1.008439598201650522e+00
6.075593576627048606e+04 9.987896375349158973e-01
6.075593602633108094e+04 9.901901830640592594e-01
6.075593628639167582e+04 1.002946939190912712e+00
6.075593654645227070e+04 9.876823786329959054e-01
6.075593680651287286e+04 1.006217635269171629e+00
6.075593706657346775e+04 1.003054831208559650e+00
6.075593732663406263e+04 9.925148039599721583e-01
6.075593758669465751e+04 9.916709777310019902e-01
6.075593784675525239e+04 1.009479212494043043e+00
6.075593810681584728e+04 1.005088602458510394e+00
6.075593836687644216e+04 1.001410054205390754e+00
6.075593862693704432e+04 1.009746043210420163e+00
6.075593888699763920e+04 1.005971800299975794e+00
6.075593914705823408e+04 9.968801124420760829e-01
6.075593940711883624e+04 9.944769846816653436e-01
6.075594106598430517e+04 9.986807931433673291e-01
6.075594132604500919e+04 1.001797009700324370e+00
6.075594158610571321e+04 9.939513826923467299e-01
6.075594184616640996e+04 9.991686203231386898e-01
6.075594210622711398e+04 1.006627845613444983e+00
6.075594236628781800e+04 9.974656705336647500e-01
6.075594262634852203e+04 1.009618236123693613e+00
6.075594288640922605e+04 1.003462825329014541e+00
6.075594314646992279e+04 1.002687736060959622e+00
6.075594340653063409e+04 1.001449720278487332e+00
6.075594366659133811e+04 9.990767847326899043e-01
6.075594392665203486e+04 1.004404746060426623e+00
6.075594418671273888e+04 9.998924093439920391e-01
6.075594444677344291e+04 1.005372017745279178e+00
6.075594470683414693e+04 1.002848335654212164e+00
6.075594496689485095e+04 9.950831449585916255e-01
6.075594522695554770e+04 9.921679933841986987e-01
6.075594548701625172e+04 1.002673641958665041e+00
6.075594574707695574e+04 9.977474589117454329e-01
6.075594600713765976e+04 9.913373915816481308e-01
6.075594626719836378e+04 1.016903042081943154e+00
6.075594652725906053e+04 1.001714710374376427e+00
6.075594678731976455e+04 9.989390927138057652e-01
6.075594704738046858e+04 1.002938747331482361e+00
6.075594730744116532e+04 9.971986006820097170e-01
6.075594756750187662e+04 9.985981400678923814e-01
6.075594782756257337e+04 1.009545464700450923e+00
6.075594808762328466e+04 9.941682430789182678e-01
6.075594834768398869e+04 9.971377789751031395e-01
6.075594860774468543e+04 1.002277886354251857e+00
6.075594886780538945e+04 1.003480647995115271e+00
6.075594912786609348e+04 1.004068815052827413e+00
6.075594938792679750e+04 9.999632727558490641e-01
6.075594964798750152e+04 1.002714082904342163e+00
6.075594990804819827e+04 1.008512095086655957e+00
6.075595016810890229e+04 1.011027736873682858e+00
6.075595042816960631e+04 1.005880757475102971e+00
6.075595068823031033e+04 9.999332968985402692e-01
6.075595094829101436e+04 9.970848082015564273e-01
6.075595120835171110e+04 9.936780117065515672e-01
6.075595146841241512e+04 1.000757308816653035e+00
6.075595172847312642e+04 9.991740887195025289e-01
6.075595198853382317e+04 9.941968901448111628e-01
6.075595224859452719e+04 9.958957699281800746e-01
6.075595250865523121e+04 9.945087147126524529e-01
6.075595276871593524e+04 1.002417670700030961e+00
6.075595302877663926e+04 9.994276329015300275e-01
6.075595328883733600e+04 1.009785047112395917e+00
6.075595354889804003e+04 1.009477986387753212e+00
6.075595380895874405e+04 9.957497109603632435e-01
6.075595406901944807e+04 9.943261037829477234e-01
6.075595432908015209e+04 9.988843496386030640e-01
6.075595458914084884e+04 1.005281554577278191e+00
6.075595484920156014e+04 9.967639175708730148e-01
6.075595510926226416e+04 9.994030150564787718e-01
6.075595536932296091e+04 1.002546636519278334e+00
6.075595562938366493e+04 1.006939598014451542e+00
6.075595588944436895e+04 1.003557106679860089e+00
6.075595614950507297e+04 9.973485217860844632e-01
6.075595640956577699e+04 9.994710617198473424e-01
6.075595666962647374e+04 1.001454859812279885e+00
6.075595692968717776e+04 1.000570726919223219e+00
6.075595718974788178e+04 1.004060543211699352e+00
6.075595744980858581e+04 1.003395702233995435e+00
6.075595770986929710e+04 1.003187000194865508e+00
6.075595796992999385e+04 9.957754126861831923e-01
6.075595822999069787e+04 1.005995584578067259e+00
6.075595849005140190e+04 1.002471534531936381e+00
6.075595875011209864e+04 9.924805544380705946e-01
6.075595901017280994e+04 1.000693712840523997e+00
6.075595927023350669e+04 1.000317381432067831e+00
6.075595953029421071e+04 9.929758546675829800e-01
6.075595979035491473e+04 1.001387310898042449e+00
6.075596005041561148e+04 1.005146859523778469e+00
6.075596031047632277e+04 9.951676117619542294e-01
6.075596057053702680e+04 1.009454428881049859e+00
6.075596083059773082e+04 1.002244187607162607e+00
6.075596109065843484e+04 1.000144064397532118e+00
6.075596135071913159e+04 9.968115384940887669e-01
6.075596161077983561e+04 9.949548537954336913e-01
6.075596187084053963e+04 1.002041147350416050e+00
6.075596213090124365e+04 9.966305123421315137e-01
6.075596239096194768e+04 1.007943783765715251e+00
6.075596265102265170e+04 1.000366788694512232e+00
6.075596291108335572e+04 1.003953805901918850e+00
6.075596317114405974e+04 9.988718439046339048e-01
6.075596343120475649e+04 1.000996611221509403e+00
6.075596369126546051e+04 9.973555607536768175e-01
6.075596395132616453e+04 9.958108104484331147e-01
6.075596421138686856e+04 9.940285205679326719e-01
6.075596447144757258e+04 9.989548593719499436e-01
6.075596473150827660e+04 9.976148261023692898e-01
6.075596499156898062e+04 9.989005833975186377e-01
6.075596525162968464e+04 9.959434714298749380e-01
6.075596551169038867e+04 1.005676099164077408e+00
6.075596577175109269e+04 9.962574536916783963e-01
6.075596603181178943e+04 1.006228985343494475e+00
6.075596629187249346e+04 9.999412556819600173e-01
6.075596655193319748e+04 1.002796625414161591e+00
6.075596681199390150e+04 1.000350717100456199e+00
6.075596707205460552e+04 9.967771821583417680e-01
6.075596733211530955e+04 9.894296124369735823e-01
6.075596759217601357e+04 9.990174201250281438e-01
6.075596785223671759e+04 1.006919225973350818e+00
6.075596811229741434e+04 1.003754648697590568e+00
6.075596837235811836e+04 1.003505783339433854e+00
6.075596863241882238e+04 1.001488698578177905e+00
6.075596889247953368e+04 1.010514547942716002e+00
6.075596915254023770e+04 1.002642711389461150e+00
6.075596941260093445e+04 9.954223978888727675e-01
6.075597102105359954e+04 9.921737940069126349e-01
6.075597128111420170e+04 1.004751392197575033e+00
6.075597154117479658e+04 9.959467054685406939e-01
6.075597180123539147e+04 9.876297341657067630e-01
6.075597206129598635e+04 9.893820150388007439e-01
6.075597232135658123e+04 9.927233590145635445e-01
6.075597258141718339e+04 9.993182734998625749e-01
6.075597284147777827e+04 9.992760997850698157e-01
6.075597310153837316e+04 9.991340110768034410e-01
6.075597336159897532e+04 1.017150815686483245e+00
6.075597362165957020e+04 9.922838995980672872e-01
6.075597388172016508e+04 9.995404156109499727e-01
6.075597414178077452e+04 9.933820407181939149e-01
6.075597440184136940e+04 9.957743357488276770e-01
6.075597466190196428e+04 1.002027294364017607e+00
6.075597492196255916e+04 9.946006451700331041e-01
6.075597518202315405e+04 1.007169794192991352e+00
6.075597544208374893e+04 1.003880007363331828e+00
6.075597570214434381e+04 1.000556109214024492e+00
6.075597596220494597e+04 9.943853002506404248e-01
6.075597622226554813e+04 9.869291061342219118e-01
6.075597648232614301e+04 9.950407613061580392e-01
6.075597674238673790e+04 1.004252378048063665e+00
6.075597700244734006e+04 1.000772550226362689e+00
6.075597726250793494e+04 9.995730637673428953e-01
6.075597752256853710e+04 1.005399186795432387e+00
6.075597778262913198e+04 1.000071172928281404e+00
6.075597804268972686e+04 9.978900336575404761e-01
6.075597830275032175e+04 1.004598554091508555e+00
6.075597856281091663e+04 9.936915889420422365e-01
6.075597882287151151e+04 1.001619019726124993e+00
6.075597908293212095e+04 9.992586358687396419e-01
6.075597934299271583e+04 9.972852474549105395e-01
6.075597960305331071e+04 9.956023095397898981e-01
6.075597986311390559e+04 9.925725815011238184e-01
6.075598012317450775e+04 1.008345119757803277e+00
6.075598038323510264e+04 9.861949146616899586e-01
6.075598064329570479e+04 9.956009063777658818e-01
6.075598090335629968e+04 9.992924980240314170e-01
6.075598116341689456e+04 9.992198842727301189e-01
6.075598142347748944e+04 1.002723316956295463e+00
6.075598168353808433e+04 1.003092133686126486e+00
6.075598194359869376e+04 1.006710643379925108e+00
6.075598220365928864e+04 1.001383814497829317e+00
6.075598246371988353e+04 1.001147855901843409e+00
6.075598272378047841e+04 9.988577443182575788e-01
6.075598298384108057e+04 1.002118675156945304e+00
6.075598324390167545e+04 9.966421262524113311e-01
6.075598350396227761e+04 1.000998626547422443e+00
6.075598376402287249e+04 1.005841222970048410e+00
6.075598402408346738e+04 1.006358545438992724e+00
6.075598428414406226e+04 9.963254489792802149e-01
6.075598454420465714e+04 9.914909509918002906e-01
6.075598480426526658e+04 1.002637183430536982e+00
6.075598506432586146e+04 9.902232454530347505e-01
6.075598532438645634e+04 9.897264266069895067e-01
6.075598558444705122e+04 1.001304440556578745e+00
6.075598584450765338e+04 1.002483948839401062e+00
6.075598610456825554e+04 1.009907966435352744e+00
6.075598636462885042e+04 9.939710536006959307e-01
6.075598662468944531e+04 9.995945712202275457e-01
6.075598688475004019e+04 1.008965612876033591e+00
6.075598714481063507e+04 1.002608794218963650e+00
6.075598740487123723e+04 1.001028697703558734e+00
6.075598766493183211e+04 1.001114432191271053e+00
6.075598792499243427e+04 9.952597993922635000e-01
6.075598818505302916e+04 9.964733627087035694e-01
6.075598844511362404e+04 9.995896371249055612e-01
6.075598870517423347e+04 1.007446064301564581e+00
6.075598896523482836e+04 9.912368319691715612e-01
6.075598922529542324e+04 9.923858020347929854e-01
6.075598948535601812e+04 1.000514886546698401e+00
6.075598974541661300e+04 9.967683870431439663e-01
6.075599000547721516e+04 9.990000218297359069e-01
6.075599026553781005e+04 9.995390075637222704e-01
6.075599052559840493e+04 1.013914359405933441e+00
6.075599078565900709e+04 1.000741705231992240e+00
6.075599104571960197e+04 9.994798868254006763e-01
6.075599130578020413e+04 1.006322324474102192e+00
6.075599156584080629e+04 1.000042577645639863e+00
6.075599182590140117e+04 9.958319210072232863e-01
6.075599208596199605e+04 9.921923240541430378e-01
6.075599234602259094e+04 9.964813130396394936e-01
6.075599260608319310e+04 1.001568154214885986e+00
6.075599286614378798e+04 9.978185453683939832e-01
6.075599312620438286e+04 1.000624484048312279e+00
6.075599338626497774e+04 1.011063521662691311e+00
6.075599364632558718e+04 9.945533212293702352e-01
6.075599390638618206e+04 1.001695410243507389e+00
6.075599416644677694e+04 1.000383213381173642e+00
6.075599442650737910e+04 1.003052352677907155e+00
6.075599468656797399e+04 1.001477847617900707e+00
6.075599494662857614e+04 1.007231706797258264e+00
6.075599520668917103e+04 1.000657807345374017e+00
6.075599546674976591e+04 1.000023086490324120e+00
6.075599572681036079e+04 1.007246354627489904e+00
6.075599598687096295e+04 9.955030941121245647e-01
6.075599624693155783e+04 9.987540968503353378e-01
6.075599650699215999e+04 1.003067866035366684e+00
6.075599676705275488e+04 9.989774835588097757e-01
6.075599702711334976e+04 9.959225328391873022e-01
6.075599728717395192e+04 9.974080086060095329e-01
6.075599754723455408e+04 9.943938406506119820e-01
6.075599780729514896e+04 1.001998484674187395e+00
6.075599806735574384e+04 1.000679138632264875e+00
6.075599832741634600e+04 1.004625499475090722e+00
6.075599858747694088e+04 1.006327339172471635e+00
6.075599884753753577e+04 9.914094708021524704e-01
6.075599910759813065e+04 9.965630755329296653e-01
6.075599936765874008e+04 9.911589282908905840e-01
6.075600091310295102e+04 9.955222530061678121e-01
6.075600117316365504e+04 9.941134396361821501e-01
6.075600143322435179e+04 9.990531753065795550e-01
6.075600169328505581e+04 1.003750800543321331e+00
6.075600195334576711e+04 9.972094511930823524e-01
6.075600221340647113e+04 1.010906561467192599e+00
6.075600247346717515e+04 1.006480625751460911e+00
6.075600273352787190e+04 1.005077302947226192e+00
6.075600299358858319e+04 9.976083057894713502e-01
6.075600325364928722e+04 9.983844160878285745e-01
6.075600351370998396e+04 1.002852549057297260e+00
6.075600377377069526e+04 1.001847828682433050e+00
6.075600403383139928e+04 9.979873538215972006e-01
6.075600429389210331e+04 1.005495755736642183e+00
6.075600455395280733e+04 1.000174278551047236e+00
6.075600481401350407e+04 1.004564825678065487e+00
6.075600507407421537e+04 9.917689183959241817e-01
6.075600533413491939e+04 9.976753074449982162e-01
6.075600559419562342e+04 1.005828181546987166e+00
6.075600585425632744e+04 9.969391776114275849e-01
6.075600611431703146e+04 1.009212978129982341e+00
6.075600637437773548e+04 1.005583108783825841e+00
6.075600663443843951e+04 1.000499368330697525e+00
6.075600689449914353e+04 9.958528039792340358e-01
6.075600715455985483e+04 9.956124636038234943e-01
6.075600741462055157e+04 1.002199305165679011e+00
6.075600767468125559e+04 9.997498237395801013e-01
6.075600793474195962e+04 9.952515394466293630e-01
6.075600819480266364e+04 9.989596671195888344e-01
6.075600845486336766e+04 1.008362073255787639e+00
6.075600871492407168e+04 1.004344707598940900e+00
6.075600897498478298e+04 9.993449736920314574e-01
6.075600923504548700e+04 1.005986397842667746e+00
6.075600949510618375e+04 9.996938609680091625e-01
6.075600975516688777e+04 9.971299974663069277e-01
6.075601001522759907e+04 1.009271615815419354e+00
6.075601027528830309e+04 1.002221429678660014e+00
6.075601053534900711e+04 9.951023650709311941e-01
6.075601079540970386e+04 9.988563230013821626e-01
6.075601105547041516e+04 1.006716148335596417e+00
6.075601131553111918e+04 9.947836698573211400e-01
6.075601157559181593e+04 1.004735930331408067e+00
6.075601183565252722e+04 1.005010977598052468e+00
6.075601209571323125e+04 1.003932137497897781e+00
6.075601235577393527e+04 9.956692474373880497e-01
6.075601261583463929e+04 9.956777988599714302e-01
6.075601287589534331e+04 9.935163468781247342e-01
6.075601313595604734e+04 9.956648050014771378e-01
6.075601339601675136e+04 9.997478732670209700e-01
6.075601365607746266e+04 1.000808125329665232e+00
6.075601391613816668e+04 1.000017780687825208e+00
6.075601417619886342e+04 1.003989816797206780e+00
6.075601443625956745e+04 1.012601426018744366e+00
6.075601469632027874e+04 1.003109276339872347e+00
6.075601495638097549e+04 1.003302967155145220e+00
6.075601521644168679e+04 9.982453149545386095e-01
6.075601547650239081e+04 9.974144481237254833e-01
6.075601573656309483e+04 1.002395624946817110e+00
6.075601599662379886e+04 9.949326930732304008e-01
6.075601625668450288e+04 1.001014192395521141e+00
6.075601651674520690e+04 9.921314406993144708e-01
6.075601677680591092e+04 1.007774878683599384e+00
6.075601703686661494e+04 9.984199834731078971e-01
6.075601729692732624e+04 1.000080483580213508e+00
6.075601755698802299e+04 9.977562429384100318e-01
6.075601781704872701e+04 1.003537371234713760e+00
6.075601807710943831e+04 1.006052329161843728e+00
6.075601833717014233e+04 1.002320066102656115e+00
6.075601859723084635e+04 9.994576888485379174e-01
6.075601885729155038e+04 1.008373457189559508e+00
6.075601911735225440e+04 1.002380269273192681e+00
6.075601937741295842e+04 1.010485351032405887e+00
6.075601963747365517e+04 1.006656874816060920e+00
6.075601989753436646e+04 1.001425891259746015e+00
6.075602015759507049e+04 9.912309895950871530e-01
6.075602041765577451e+04 1.006631800104584640e+00
6.075602067771648581e+04 9.973331844409289992e-01
6.075602093777718255e+04 1.004183416200160606e+00
6.075602119783788658e+04 9.970911013198262562e-01
6.075602145789859787e+04 1.000752527399675795e+00
6.075602171795930190e+04 1.000002721428523644e+00
6.075602197802000592e+04 1.000114113869656096e+00
6.075602223808070994e+04 9.999256998536001362e-01
6.075602249814141396e+04 1.008369498982795376e+00
6.075602275820211798e+04 1.000765695887105400e+00
6.075602301826282201e+04 1.003654117711522575e+00
6.075602327832352603e+04 9.984374713078346675e-01
6.075602353838423005e+04 1.001379924659361320e+00
6.075602379844494135e+04 1.004667371215077321e+00
6.075602405850564537e+04 9.939635840213359996e-01
6.075602431856634212e+04 1.006874575641249825e+00
6.075602457862704614e+04 1.006116880072868369e+00
6.075602483868775744e+04 9.997858697487976842e-01
6.075602509874846146e+04 9.970128826493999119e-01
6.075602535880916548e+04 9.935836174090821871e-01
6.075602561886986950e+04 1.007393298618018074e+00
6.075602587893057353e+04 1.000756796259980597e+00
6.075602613899127755e+04 9.994124957002643583e-01
6.075602639905198885e+04 9.954379254268539423e-01
6.075602665911269287e+04 1.000005563413447485e+00
6.075602691917338962e+04 1.001205145664965102e+00
6.075602717923410091e+04 1.000643259504409910e+00
6.075602743929480494e+04 1.003945304213668344e+00
6.075602769935550168e+04 1.004256453123327564e+00
6.075602795941621298e+04 9.894421389204715034e-01
6.075602821947691700e+04 1.005913161033939796e+00
6.075602847953762102e+04 1.003870915977101541e+00
6.075602873959833232e+04 1.004797282212397835e+00
6.075602899965902907e+04 9.995494146204791930e-01
6.075602925971973309e+04 1.003046988231732994e+00
6.075603093119423283e+04 9.973294730337490810e-01
6.075603119125482772e+04 9.960281498652110432e-01
6.075603145131542988e+04 9.948557201911985004e-01
6.075603171137602476e+04 9.957353209411010653e-01
6.075603197143662692e+04 9.956562548191838502e-01
6.075603223149722908e+04 1.002983162911207371e+00
6.075603249155782396e+04 9.979732198056642245e-01
6.075603275161842612e+04 9.958725283792069227e-01
6.075603301167902100e+04 9.983070563167650846e-01
6.075603327173962316e+04 9.947406242468763704e-01
6.075603353180022532e+04 9.962981359055428365e-01
6.075603379186082020e+04 9.982309210729219950e-01
6.075603405192141508e+04 1.000493104765649122e+00
6.075603431198201724e+04 9.986717250909719068e-01
6.075603457204261213e+04 9.975372142782942264e-01
6.075603483210320701e+04 9.994785646635440113e-01
6.075603509216381644e+04 1.003412869091045545e+00
6.075603535222441133e+04 9.915423031070710325e-01
6.075603561228501349e+04 1.011149039090461166e+00
6.075603587234560837e+04 1.003500067621825975e+00
6.075603613240621053e+04 1.006725822277621640e+00
6.075603639246681269e+04 9.899684987346373255e-01
6.075603665252740757e+04 9.959974396561873666e-01
6.075603691258800245e+04 1.010058032275898743e+00
6.075603717264860461e+04 9.967193857915647159e-01
6.075603743270919949e+04 1.001982302777184808e+00
6.075603769276979438e+04 1.004119747938053031e+00
6.075603795283040381e+04 9.981121962702281802e-01
6.075603821289099869e+04 9.984793987025778472e-01
6.075603847295160085e+04 9.936471110856223143e-01
6.075603873301219573e+04 1.004213467051249919e+00
6.075603899307279789e+04 9.957622067144697997e-01
6.075603925313340005e+04 9.986370625528262490e-01
6.075603951319399494e+04 1.001037893017409530e+00
6.075603977325458982e+04 1.003749536474000115e+00
6.075604003331519198e+04 1.007906961610959939e+00
6.075604029337578686e+04 9.965653249815059622e-01
6.075604055343638902e+04 1.003195659652478922e+00
6.075604081349698390e+04 1.003706897164737155e+00
6.075604107355758606e+04 9.982826677825232808e-01
6.075604133361818822e+04 1.001322908250108279e+00
6.075604159367878310e+04 1.002932026056905901e+00
6.075604185373938526e+04 1.002827677792871075e+00
6.075604211379998742e+04 9.992173886209851918e-01
6.075604237386058230e+04 9.928121389903404870e-01
6.075604263392118446e+04 9.996719106561916535e-01
6.075604289398177934e+04 1.001495289561873836e+00
6.075604315404237423e+04 9.939619611856289616e-01
6.075604341410297639e+04 9.945338059211373816e-01
6.075604367416357127e+04 1.014326617106512618e+00
6.075604393422418070e+04 1.004011040648257191e+00
6.075604419428477559e+04 1.003541724211570507e+00
6.075604445434537047e+04 1.001101680515133818e+00
6.075604471440597990e+04 1.004716022167157385e+00
6.075604497446657479e+04 9.978605590482085841e-01
6.075604523452717694e+04 1.000510140740901832e+00
6.075604549458777183e+04 1.007035918383485829e+00
6.075604575464836671e+04 1.009486769133983941e+00
6.075604601470896887e+04 1.006933101277304399e+00
6.075604627476956375e+04 1.006408501237649356e+00
6.075604653483016591e+04 9.965618330289379712e-01
6.075604679489076807e+04 9.981398493958774099e-01
6.075604705495136295e+04 1.000656857875594330e+00
6.075604731501196511e+04 9.968497893024256262e-01
6.075604757507256727e+04 9.980715356073087685e-01
6.075604783513316943e+04 1.008415084547787499e+00
6.075604809519376431e+04 1.004913768569287713e+00
6.075604835525435919e+04 9.969833942389664250e-01
6.075604861531496135e+04 9.872308102096559734e-01
6.075604887537555624e+04 9.998423048077073050e-01
6.075604913543615839e+04 9.911356829264518220e-01
6.075604939549675328e+04 9.989890238976872894e-01
6.075604965555735544e+04 9.987942054604568298e-01
6.075604991561795759e+04 9.987537706534408422e-01
6.075605017567855248e+04 9.989447575959481407e-01
6.075605043573915464e+04 9.943072382732525138e-01
6.075605069579975680e+04 1.002024748590089276e+00
6.075605095586035168e+04 9.912123277522124631e-01
6.075605121592095384e+04 1.002143694629102910e+00
6.075605147598154872e+04 1.005025586752661182e+00
6.075605173604215088e+04 9.952760478226903018e-01
6.075605199610274576e+04 1.004539096218346250e+00
6.075605225616334792e+04 1.003654610417563431e+00
6.075605251622395008e+04 9.914603447804980485e-01
6.075605277628454496e+04 1.002482050998876328e+00
6.075605303634514712e+04 1.001466539934578570e+00
6.075605329640574200e+04 1.008991188265549566e+00
6.075605355646635144e+04 1.008221848751562622e+00
6.075605381652694632e+04 1.006231948062424220e+00
6.075605407658754848e+04 1.004849467445646294e+00
6.075605433664814336e+04 1.006648355459644151e+00
6.075605459670873825e+04 1.011127570904010176e+00
6.075605485676934040e+04 9.958742455620064327e-01
6.075605511682993529e+04 9.942668101651338519e-01
6.075605537689054472e+04 1.004591662807925445e+00
6.075605563695113960e+04 1.004231808957975369e+00
6.075605589701174176e+04 9.936313982983399073e-01
6.075605615707233665e+04 9.979928732743306163e-01
6.075605641713293880e+04 9.956224361241828857e-01
6.075605667719354096e+04 1.004937653309841306e+00
6.075605693725413585e+04 1.004117267081446441e+00
6.075605719731473800e+04 9.960550667516796519e-01
6.075605745737533289e+04 1.004460115642408002e+00
6.075605771743593505e+04 1.009457412125247311e+00
6.075605797749652993e+04 9.993811409121117206e-01
6.075605823755713209e+04 9.980352537138693636e-01
6.075605849761773425e+04 1.001806148247604611e+00
6.075605875767832913e+04 9.988893919706003377e-01
6.075605901773893129e+04 9.984477565597154047e-01
6.075605927779953345e+04 9.954766150784544188e-01
6.075606082322710427e+04 9.948759642401779901e-01
6.075606108328780829e+04 1.001880236725615658e+00
6.075606134334851231e+04 1.000866155567424975e+00
6.075606160340922361e+04 9.996311074923772688e-01
6.075606186346992035e+04 9.993214297247462463e-01
6.075606212353063165e+04 9.919908988064322086e-01
6.075606238359133567e+04 9.938992971070975679e-01
6.075606264365204697e+04 1.001501339421686509e+00
6.075606290371275099e+04 9.992397371316315002e-01
6.075606316377345502e+04 9.914469034117524560e-01
6.075606342383415904e+04 1.001172133392291386e+00
6.075606368389486306e+04 1.000259139133607977e+00
6.075606394395557436e+04 1.001901816353591101e+00
6.075606420401627838e+04 9.928870639458134972e-01
6.075606446407698240e+04 9.962110291389827399e-01
6.075606472413768643e+04 9.877512395152093783e-01
6.075606498419839772e+04 1.004983690957218068e+00
6.075606524425910175e+04 9.988631909092223760e-01
6.075606550431981304e+04 9.949558260535682486e-01
6.075606576438050979e+04 9.979852088189253845e-01
6.075606602444122109e+04 1.007856737682836457e+00
6.075606628450192511e+04 9.962731665562607475e-01
6.075606654456262913e+04 1.005407519254127191e+00
6.075606680462333316e+04 9.956824225517081350e-01
6.075606706468404445e+04 9.956688603262372483e-01
6.075606732474474848e+04 9.963859168557388513e-01
6.075606758480545250e+04 9.900051913840162143e-01
6.075606784486615652e+04 1.002726535049676793e+00
6.075606810492686054e+04 9.983638967766809147e-01
6.075606836498757184e+04 1.003623546404417199e+00
6.075606862504827586e+04 9.954177562019291825e-01
6.075606888510898716e+04 1.002469417292475740e+00
6.075606914516968391e+04 1.010339239316447202e+00
6.075606940523039520e+04 9.968835038550911687e-01
6.075606966529109923e+04 1.000955156300209925e+00
6.075606992535180325e+04 9.950038297667805898e-01
6.075607018541250727e+04 1.000915450376321791e+00
6.075607044547321857e+04 9.986323458102489559e-01
6.075607070553392259e+04 9.916483941762763710e-01
6.075607096559463389e+04 1.008165392819831085e+00
6.075607122565533064e+04 1.001756639087942657e+00
6.075607148571604193e+04 1.004005667586759687e+00
6.075607174577674596e+04 9.977646776560650244e-01
6.075607200583745725e+04 9.968352127124436857e-01
6.075607226589816128e+04 9.934057403903046035e-01
6.075607252595886530e+04 9.983927427329845061e-01
6.075607278601956932e+04 9.983305600138789870e-01
6.075607304608028062e+04 9.952565500595421666e-01
6.075607330614097737e+04 1.000341670105097114e+00
6.075607356620169594e+04 9.951882891367099804e-01
6.075607382626239269e+04 9.868974603990250394e-01
6.075607408632310398e+04 9.998444531462432616e-01
6.075607434638380801e+04 9.986874069349725991e-01
6.075607460644451203e+04 9.881042817119329857e-01
6.075607486650521605e+04 1.003266121946791323e+00
6.075607512656592735e+04 9.989470826172580642e-01
6.075607538662663137e+04 9.982540534454212855e-01
6.075607564668734267e+04 1.002629515555308881e+00
6.075607590674803942e+04 9.916953107574849602e-01
6.075607616680875071e+04 1.004224091873809899e+00
6.075607642686945474e+04 9.991513387572471538e-01
6.075607668693016603e+04 9.968268789720008405e-01
6.075607694699087006e+04 1.005498972956143655e+00
6.075607720705157408e+04 9.934881343523453978e-01
6.075607746711227810e+04 9.928575912176088591e-01
6.075607772717298940e+04 1.001540339245623912e+00
6.075607798723368614e+04 1.007340232933690682e+00
6.075607824729439744e+04 9.918626182094499866e-01
6.075607850735510146e+04 1.005708378024512628e+00
6.075607876741581276e+04 1.002786861382633177e+00
6.075607902747651679e+04 9.877784606206440055e-01
6.075607928753722081e+04 9.965001917736774351e-01
6.075607954759792483e+04 1.002748438499539096e+00
6.075607980765863613e+04 9.985513707223208080e-01
6.075608006771934015e+04 1.000860325466959688e+00
6.075608032778005145e+04 9.958846785135648805e-01
6.075608058784074819e+04 9.964461489596165844e-01
6.075608084790145949e+04 9.925505186718367456e-01
6.075608110796216351e+04 9.990478193993600486e-01
6.075608136802286754e+04 9.995181306999273430e-01
6.075608162808357156e+04 1.006875937083404171e+00
6.075608188814428286e+04 9.992880033336206669e-01
6.075608214820498688e+04 9.942941455245384308e-01
6.075608240826569818e+04 9.977270918195134675e-01
6.075608266832639492e+04 9.958699889933448901e-01
6.075608292838710622e+04 9.983266833194025525e-01
6.075608318844781024e+04 9.988397447264721896e-01
6.075608344850852154e+04 1.000974544107554820e+00
6.075608370856922556e+04 1.004393997252211346e+00
6.075608396862992959e+04 1.002254980391566130e+00
6.075608422869064088e+04 1.000484609030546590e+00
6.075608448875134491e+04 1.001007963135375656e+00
6.075608474881204893e+04 1.006661556334244256e+00
6.075608500887276023e+04 9.963040201701789389e-01
6.075608526893346425e+04 9.959792054736897882e-01
6.075608552899416827e+04 9.912215082745564620e-01
6.075608578905487957e+04 1.005764422484328735e+00
6.075608604911557632e+04 1.003857947107824389e+00
6.075608630917628761e+04 1.001475182248144247e+00
6.075608656923699164e+04 9.975257403085753261e-01
6.075608682929770293e+04 9.978549823921213369e-01
6.075608708935840696e+04 9.966909249431453732e-01
6.075608734941911098e+04 1.009374991706246671e+00
6.075608760947981500e+04 1.009970962303784026e+00
6.075608786954052630e+04 1.010253505615036129e+00
6.075608812960123760e+04 1.008080709879336512e+00
6.075608838966194162e+04 1.008153955816337488e+00
6.075608864972264564e+04 1.002365280567224515e+00
6.075608890978334966e+04 1.005318671257466434e+00
6.075608916984406096e+04 9.938548602472755400e-01
6.075609076569380704e+04 9.943143959300916324e-01
6.075609102575441648e+04 1.002007121594332917e+00
6.075609128581501136e+04 9.945612989618443089e-01
6.075609154587561352e+04 1.002600920069876889e+00
6.075609180593621568e+04 9.879561362598423546e-01
6.075609206599681784e+04 1.003187467690705326e+00
6.075609232605741272e+04 1.001138134981040206e+00
6.075609258611801488e+04 9.950409895544186645e-01
6.075609284617860976e+04 9.986761891388504786e-01
6.075609310623921192e+04 9.918650283041894333e-01
6.075609336629981408e+04 1.001995225870757622e+00
6.075609362636040896e+04 9.995681670510170314e-01
6.075609388642101840e+04 1.004500754953908892e+00
6.075609414648161328e+04 1.001883368344317571e+00
6.075609440654221544e+04 9.842208340339776429e-01
6.075609466660281760e+04 9.971764810423555669e-01
6.075609492666341976e+04 9.965238739859759720e-01
6.075609518672402191e+04 1.001807514967282708e+00
6.075609544678461680e+04 1.000729486592802031e+00
6.075609570684521896e+04 9.915518575022957970e-01
6.075609596690581384e+04 1.003895954103198873e+00
6.075609622696641600e+04 1.000101138811946289e+00
6.075609648702701088e+04 9.982781237359947824e-01
6.075609674708762032e+04 1.000570514233939390e+00
6.075609700714822247e+04 9.980144847481147163e-01
6.075609726720881736e+04 9.990888193981413146e-01
6.075609752726942679e+04 9.998361043590971997e-01
6.075609778733002167e+04 1.007080140871872587e+00
6.075609804739062383e+04 1.014466676382040689e+00
6.075609830745121872e+04 9.973108735251390300e-01
6.075609856751182087e+04 1.002078632462064967e+00
6.075609882757242303e+04 9.958975395160440947e-01
6.075609908763301792e+04 9.994985887609073583e-01
6.075609934769362008e+04 9.957647401993470204e-01
6.075609960775422223e+04 1.005694208554861691e+00
6.075609986781482439e+04 9.996253295221522173e-01
6.075610012787541928e+04 1.013023841231524447e+00
6.075610038793602143e+04 1.003856845909828488e+00
6.075610064799663087e+04 1.000794039367921995e+00
6.075610090805722575e+04 9.934780739020421247e-01
6.075610116811782791e+04 9.969868743762035912e-01
6.075610142817842279e+04 9.917769733209320648e-01
6.075610168823902495e+04 1.001401584195011907e+00
6.075610194829962711e+04 1.008087708458719645e+00
6.075610220836022199e+04 1.002222665557370718e+00
6.075610246842083143e+04 9.922439352196000817e-01
6.075610272848142631e+04 9.960623088135971415e-01
6.075610298854202847e+04 1.007163648160585234e+00
6.075610324860263063e+04 1.001010033193139304e+00
6.075610350866323279e+04 1.010257278254273583e+00
6.075610376872383495e+04 1.009401427513999305e+00
6.075610402878442983e+04 1.001968687008437220e+00
6.075610428884503199e+04 9.987495146389814282e-01
6.075610454890563415e+04 1.006527375150183312e+00
6.075610480896622903e+04 1.003214301937796593e+00
6.075610506902683119e+04 9.983634072880492871e-01
6.075610532908743335e+04 1.004293068239568543e+00
6.075610558914803551e+04 1.003484200909068980e+00
6.075610584920863766e+04 1.001515601597920080e+00
6.075610610926923255e+04 1.000216948880724877e+00
6.075610636932984198e+04 1.005497584458407312e+00
6.075610662939043686e+04 1.004658093095696980e+00
6.075610688945103902e+04 9.983023258238614694e-01
6.075610714951164118e+04 9.948932231175767749e-01
6.075610740957223607e+04 9.946591249999990891e-01
6.075610766963283822e+04 1.003651800111722281e+00
6.075610792969343311e+04 9.961859167360426204e-01
6.075610818975403527e+04 9.930679988000097325e-01
6.075610844981464470e+04 9.983972549103035110e-01
6.075610870987523958e+04 1.012456449402663106e+00
6.075610896993584174e+04 1.002563639536354856e+00
6.075610922999644390e+04 1.007462923077741879e+00
6.075610949005704606e+04 9.993942253510114115e-01
6.075610975011764822e+04 9.957996936973759761e-01
6.075611001017824310e+04 9.996217053426178500e-01
6.075611027023884526e+04 1.006038239647309984e+00
6.075611053029944742e+04 9.984918040587090760e-01
6.075611079036004230e+04 9.981820163878304397e-01
6.075611105042064446e+04 9.938428385708136803e-01
6.075611131048124662e+04 9.965103420651056920e-01
6.075611157054184878e+04 9.967231148645712135e-01
6.075611183060245094e+04 1.000364594406552232e+00
6.075611209066305310e+04 1.006283218369772525e+00
6.075611235072365525e+04 1.004763392207355999e+00
6.075611261078425741e+04 1.004100697644704665e+00
6.075611287084485230e+04 9.995770419335712198e-01
6.075611313090545445e+04 9.966940787503429933e-01
6.075611339096604934e+04 1.002929162239514449e+00
6.075611365102665150e+04 9.978277308572274240e-01
6.075611391108725365e+04 1.000195933484673727e+00
6.075611417114785581e+04 1.004383161128068247e+00
6.075611443120845797e+04 9.969832254233654822e-01
6.075611469126906013e+04 9.992328677865875974e-01
6.075611495132966229e+04 9.891712783597765846e-01
6.075611521139026445e+04 9.947890593198844833e-01
6.075611547145085933e+04 9.970472799851154422e-01
6.075611573151146149e+04 9.976256512079245686e-01
6.075611599157206365e+04 1.003374590939087874e+00
6.075611625163265853e+04 9.926136124250194426e-01
6.075611651169326069e+04 9.982704724243713912e-01
6.075611677175386285e+04 9.979883047377817729e-01
6.075611703181446501e+04 1.006202203118705008e+00
6.075611729187506717e+04 9.987290237579777852e-01
6.075611755193566933e+04 9.909236371194105608e-01
6.075611781199626421e+04 9.935504889748031365e-01
6.075611807205687364e+04 9.890548501525239233e-01
6.075611833211747580e+04 1.004989516367904567e+00
6.075611859217807068e+04 1.001757580344563081e+00
6.075611885223867284e+04 9.970328246791642091e-01
6.075611911229926773e+04 9.893304556707720465e-01
6.075612077117233275e+04 1.006650509162740237e+00
6.075612103123303677e+04 1.006865514085596880e+00
6.075612129129374080e+04 9.997205713589956133e-01
6.075612155135445209e+04 1.014190603037866456e+00
6.075612181141516339e+04 1.001736313940213785e+00
6.075612207147586741e+04 9.992327078719872580e-01
6.075612233153657144e+04 9.972257539916157265e-01
6.075612259159728274e+04 9.944274222762484738e-01
6.075612285165798676e+04 9.995788435839476627e-01
6.075612311171869806e+04 1.005784003392519610e+00
6.075612337177940935e+04 9.944873871315544900e-01
6.075612363184010610e+04 9.891654466982886529e-01
6.075612389190081740e+04 9.938462585643017544e-01
6.075612415196152870e+04 9.955138642446375030e-01
6.075612441202222544e+04 9.997002075659099374e-01
6.075612467208293674e+04 1.004813108698459967e+00
6.075612493214364804e+04 9.981911437788464347e-01
6.075612519220435206e+04 9.998496753392701608e-01
6.075612545226506336e+04 9.985706131865125235e-01
6.075612571232576738e+04 1.007547150628476995e+00
6.075612597238647140e+04 9.953677437748913448e-01
6.075612623244718270e+04 9.994383313486234766e-01
6.075612649250789400e+04 9.970902647356548743e-01
6.075612675256859802e+04 1.005634155146164277e+00
6.075612701262930204e+04 1.008435099228793819e+00
6.075612727269001334e+04 1.007298325726466048e+00
6.075612753275071736e+04 1.000762272143103981e+00
6.075612779281142139e+04 9.988580733169396542e-01
6.075612805287213268e+04 1.002062816302990766e+00
6.075612831293283671e+04 9.884266650732169701e-01
6.075612857299354800e+04 1.003239137849758045e+00
6.075612883305425930e+04 9.986658670711329178e-01
6.075612909311495605e+04 1.005401887634667757e+00
6.075612935317566735e+04 9.918187088475948210e-01
6.075612961323637865e+04 9.987353693166054480e-01
6.075612987329708267e+04 1.001287469817192299e+00
6.075613013335779397e+04 1.001106541603495881e+00
6.075613039341849799e+04 1.009376977687953092e+00
6.075613065347920201e+04 1.000764485438626172e+00
6.075613091353991331e+04 9.939642629942324614e-01
6.075613117360061733e+04 1.003123911956061098e+00
6.075613143366133590e+04 9.994604608903617793e-01
6.075613169372203265e+04 1.000720612580435098e+00
6.075613195378274395e+04 9.932886263214695255e-01
6.075613221384345525e+04 9.971952333659266365e-01
6.075613247390415199e+04 9.944963624061439189e-01
6.075613273396486329e+04 9.964418358410993548e-01
6.075613299402557459e+04 9.991812817894992760e-01
6.075613325408627861e+04 1.005281794604147683e+00
6.075613351414698991e+04 9.908755492272939280e-01
6.075613377420769393e+04 9.965581405709216245e-01
6.075613403426840523e+04 9.941439996192845685e-01
6.075613429432910925e+04 1.000778809058513685e+00
6.075613455438982055e+04 9.928192596692168026e-01
6.075613481445053185e+04 1.002410958267332619e+00
6.075613507451122859e+04 1.010293572544773477e+00
6.075613533457193989e+04 1.004826975117710797e+00
6.075613559463265119e+04 1.006313505283665144e+00
6.075613585469334794e+04 1.001700861593933345e+00
6.075613611475405924e+04 1.005000685015847717e+00
6.075613637481477053e+04 9.978264033690906754e-01
6.075613663487548183e+04 9.972318036771330441e-01
6.075613689493618585e+04 9.957123920058095212e-01
6.075613715499688988e+04 9.933656553225101993e-01
6.075613741505760117e+04 9.982722265682716367e-01
6.075613767511830520e+04 9.976472313929858338e-01
6.075613793517901649e+04 1.002744478027712383e+00
6.075613819523972779e+04 9.876741313891613805e-01
6.075613845530043181e+04 1.005161402551499217e+00
6.075613871536113584e+04 1.000183178997149369e+00
6.075613897542184714e+04 1.002028772047256933e+00
6.075613923548255116e+04 9.952849732496489299e-01
6.075613949554325518e+04 9.988650815518860249e-01
6.075613975560396648e+04 1.005817016178646828e+00
6.075614001566467778e+04 1.008930212162600260e+00
6.075614027572538907e+04 1.004616425024930759e+00
6.075614053578608582e+04 1.005548572711232547e+00
6.075614079584679712e+04 9.989956994351207875e-01
6.075614105590750842e+04 9.955916620990533650e-01
6.075614131596821244e+04 1.001963296190039987e+00
6.075614157602892374e+04 9.975128031194228084e-01
6.075614183608962776e+04 9.971928651618308104e-01
6.075614209615033906e+04 9.961992823987816381e-01
6.075614235621104308e+04 9.996668861339350620e-01
6.075614261627174710e+04 9.991285087668263509e-01
6.075614287633246568e+04 1.002432346184505718e+00
6.075614313639316970e+04 9.985518512654339984e-01
6.075614339645387372e+04 9.925611898110571207e-01
6.075614365651458502e+04 1.011647150250208238e+00
6.075614391657528904e+04 9.941411487725452245e-01
6.075614417663600034e+04 1.004928001972539287e+00
6.075614443669670436e+04 1.005228468603187597e+00
6.075614469675741566e+04 1.001644537632861098e+00
6.075614495681812696e+04 1.002306161021429443e+00
6.075614521687882370e+04 9.989496263831507683e-01
6.075614547693953500e+04 1.005539930647787683e+00
6.075614573700024630e+04 1.000833408924928447e+00
6.075614599706095760e+04 9.994304432916909509e-01
6.075614625712166162e+04 1.003985426368086076e+00
6.075614651718236564e+04 9.966664973156208474e-01
6.075614677724307694e+04 1.001999919443763432e+00
6.075614703730378824e+04 9.982376070404023194e-01
6.075614729736448498e+04 9.957532726419815461e-01
6.075614755742519628e+04 1.001569491475780227e+00
6.075614781748590758e+04 9.968305385728952750e-01
6.075614807754661888e+04 1.004197573072129090e+00
6.075614833760732290e+04 9.905576638332561634e-01
6.075614859766802692e+04 1.006176782562948402e+00
6.075614885772873822e+04 1.001215538388475546e+00
6.075614911778944952e+04 1.004916255651338686e+00
