6.075547523418369383e+04 1.002915966007006388e+00
6.075547549424438330e+04 9.979015010328532442e-01
6.075547575430508005e+04 1.003852525036174503e+00
6.075547601436576224e+04 9.920164039944726619e-01
6.075547627442645899e+04 9.992699708502724709e-01
6.075547653448714846e+04 9.835916749283732941e-01
6.075547679454784520e+04 1.023779514082052255e+00
6.075547705460853467e+04 9.978328424978842870e-01
6.075547731466922414e+04 1.002925382724101588e+00
6.075547757472991361e+04 9.970951823275364667e-01
6.075547783479061036e+04 9.978145649544932771e-01
6.075547809485129255e+04 1.004109468576262154e+00
6.075547835491198930e+04 9.974003819941421600e-01
6.075547861497267877e+04 9.967826760808803366e-01
6.075547887503337552e+04 1.004434987974244908e+00
6.075547913509406499e+04 1.006044464197408228e+00
6.075547939515475446e+04 1.001402803422283938e+00
6.075547965521544393e+04 1.011664949501399180e+00
6.075547991527614067e+04 1.001267981185238298e+00
6.075548017533683014e+04 9.947071663890030280e-01
6.075548043539752689e+04 9.973179331350738863e-01
6.075548069545820908e+04 9.966321411474865499e-01
6.075548095551890583e+04 9.995251760157302101e-01
6.075548121557959530e+04 1.000727784084169736e+00
6.075548147564028477e+04 1.005893902537188689e+00
6.075548173570098152e+04 9.983409427522683677e-01
6.075548199576167099e+04 9.952384552699552467e-01
6.075548225582236773e+04 9.983686282565332748e-01
6.075548251588305720e+04 9.975057467304579983e-01
6.075548277594374667e+04 1.000331052581117541e+00
6.075548303600443614e+04 1.000050364123402646e+00
6.075548329606513289e+04 1.002120058246683376e+00
6.075548355612582236e+04 9.940892570356706370e-01
6.075548381618651911e+04 1.002000269760991991e+00
6.075548407624720130e+04 9.999745532035752005e-01
6.075548433630789805e+04 9.993408768672509268e-01
6.075548459636858752e+04 9.934589401049248591e-01
6.075548485642928426e+04 9.996959943318890485e-01
6.075548511648997373e+04 1.002135694632572127e+00
6.075548537655066320e+04 9.982843317670321293e-01
6.075548563661135267e+04 9.988584982731945061e-01
6.075548589667204942e+04 9.991176306211404512e-01
6.075548615673273162e+04 1.005946669355815670e+00
6.075548641679342836e+04 1.005314279299933888e+00
6.075548667685411783e+04 1.006087064596489888e+00
6.075548693691481458e+04 9.994289495404290458e-01
6.075548719697551132e+04 1.001402923560375857e+00
6.075548745703619352e+04 1.011561928670224431e+00
6.075548771709689026e+04 9.999227208832356384e-01
6.075548797715757973e+04 9.973780349839310722e-01
6.075548823721827648e+04 9.988031528145814297e-01
6.075548849727896595e+04 9.934139645547318542e-01
6.075548875733965542e+04 1.003619787041647893e+00
6.075548901740034489e+04 9.988431157137963590e-01
6.075548927746104164e+04 1.004689380840891655e+00
6.075548953752172383e+04 1.003867648054296513e+00
6.075548979758242058e+04 9.956322732812725729e-01
6.075549005764311732e+04 9.984610084654671480e-01
6.075549031770380680e+04 9.938740273904481670e-01
6.075549057776450354e+04 9.987243193290029630e-01
6.075549083782518574e+04 9.928864214532314714e-01
6.075549109788588248e+04 9.983091789658482540e-01
6.075549135794657195e+04 9.990132288015159956e-01
6.075549161800726870e+04 1.000782007100440962e+00
6.075549187806795817e+04 9.912943886742974220e-01
6.075549213812864764e+04 1.007564832124515863e+00
6.075549239818933711e+04 1.007361347444557742e+00
6.075549265825003386e+04 9.918828437369073825e-01
6.075549291831072333e+04 1.004114517631523817e+00
6.075549317837142007e+04 1.003227394033596509e+00
6.075549343843210954e+04 9.895630091516193216e-01
6.075549369849279901e+04 9.882737624289400502e-01
6.075549395855349576e+04 9.969961020831866749e-01
6.075549421861417795e+04 1.004493104177266227e+00
6.075549447867487470e+04 9.941022779044221824e-01
6.075549473873556417e+04 9.953682284243562384e-01
6.075549499879626092e+04 1.001567144374407636e+00
6.075549525885695766e+04 1.003882528365787730e+00
6.075549551891763986e+04 9.903815642453839274e-01
6.075549577897833660e+04 1.004392891354810358e+00
6.075549603903902607e+04 9.980651000761313618e-01
6.075549629909972282e+04 9.973337885228820143e-01
6.075549655916041229e+04 1.000742013671278130e+00
6.075549681922110176e+04 1.001325902834808268e+00
6.075549707928179851e+04 9.938609258197871332e-01
6.075549733934248798e+04 1.003524811094693270e+00
6.075549759940317745e+04 1.001480384211692387e+00
6.075549785946386692e+04 9.929816818010778201e-01
6.075549811952456366e+04 1.002614337711256187e+00
6.075549837958525313e+04 1.001620253036426877e+00
6.075549863964594988e+04 1.000873020569055027e+00
6.075549889970663935e+04 9.994333350293576057e-01
6.075549915976732882e+04 9.974518835002881278e-01
6.075549941982802557e+04 9.931203523897135232e-01
6.075549967988871504e+04 9.945773727254360042e-01
6.075549993994941178e+04 9.978186429827579085e-01
6.075550020001009398e+04 9.956252393998198391e-01
6.075550046007079072e+04 1.007356634413769436e+00
6.075550072013148747e+04 1.001046969218147620e+00
6.075550098019216966e+04 9.931685993298423609e-01
6.075550124025286641e+04 9.941268303793308059e-01
6.075550150031355588e+04 1.001308239456782267e+00
6.075550176037425263e+04 1.004322782308747275e+00
6.075550202043494210e+04 1.000705541156858613e+00
6.075550228049563157e+04 9.976290760786000744e-01
6.075550254055632831e+04 1.000194620638807486e+00
6.075550280061701778e+04 9.964600271330081860e-01
6.075550306067771453e+04 9.997318118843873114e-01
6.075550332073840400e+04 1.009257375154933190e+00
6.075550358079909347e+04 9.842123286282483674e-01
6.075550513883041276e+04 9.955306259307821204e-01
6.075550539889110951e+04 1.005880805230303432e+00
6.075550565895179898e+04 9.945423695108519535e-01
6.075550591901248845e+04 1.002849463864404322e+00
6.075550617907318519e+04 9.916045924366974074e-01
6.075550643913387466e+04 1.000943074014558620e+00
6.075550669919457141e+04 9.907921163032670231e-01
6.075550695925526088e+04 1.000310380312295910e+00
6.075550721931595035e+04 9.877968914776156240e-01
6.075550747937664710e+04 9.991673786129268153e-01
6.075550773943733657e+04 9.925968096762390891e-01
6.075550799949803331e+04 9.929724781195831129e-01
6.075550825955872278e+04 9.910846494117880878e-01
6.075550851961941225e+04 9.871626708574160469e-01
6.075550877968010900e+04 9.958151429318730097e-01
6.075550903974079847e+04 9.900803333345005175e-01
6.075550929980148794e+04 9.906817874340914098e-01
6.075550955986217741e+04 1.003898708731690181e+00
6.075550981992287416e+04 9.938616942664061371e-01
6.075551007998357090e+04 9.946623775003892165e-01
6.075551034004426037e+04 9.952462553720807792e-01
6.075551060010494984e+04 9.936946024026003244e-01
6.075551086016564659e+04 9.964616457061129529e-01
6.075551112022633606e+04 1.002183858822388141e+00
6.075551138028703281e+04 1.003105123695498424e+00
6.075551164034772228e+04 9.941304424677137597e-01
6.075551190040841175e+04 1.000240491648827446e+00
6.075551216046910849e+04 9.984323026818915370e-01
6.075551242052979796e+04 1.003257678143557152e+00
6.075551268059049471e+04 1.001758222478131621e+00
6.075551294065118418e+04 1.001609572812927063e+00
6.075551320071187365e+04 1.003933560829489480e+00
6.075551346077257040e+04 9.968176859736688211e-01
6.075551372083325987e+04 1.002737467633039392e+00
6.075551398089394934e+04 9.947642530028714125e-01
6.075551424095464608e+04 9.943372446037883616e-01
6.075551450101533555e+04 1.008684037413301704e+00
6.075551476107603230e+04 1.006784146610750330e+00
6.075551502113672177e+04 1.010214423438459574e+00
6.075551528119741124e+04 1.001248915410253737e+00
6.075551554125810799e+04 1.000006879562672424e+00
6.075551580131879746e+04 1.000017724293849497e+00
6.075551606137949420e+04 9.961868154884259141e-01
6.075551632144019095e+04 1.006175377613534927e+00
6.075551658150087314e+04 1.000380063627358762e+00
6.075551684156156989e+04 9.968944843036683379e-01
6.075551710162226664e+04 9.903281021431251663e-01
6.075551736168294883e+04 1.001838519919547421e+00
6.075551762174364558e+04 9.948810680249901006e-01
6.075551788180433505e+04 9.991766816700956566e-01
6.075551814186503179e+04 9.979354442323234986e-01
6.075551840192572854e+04 9.953146506785244263e-01
6.075551866198641073e+04 9.981566679150754018e-01
6.075551892204710748e+04 1.009024961179647351e+00
6.075551918210780423e+04 9.986545881964513649e-01
6.075551944216849370e+04 9.990210612022171199e-01
6.075551970222919044e+04 9.955030206707757845e-01
6.075551996228987991e+04 1.003363065259109677e+00
6.075552022235056938e+04 1.007438306445926024e+00
6.075552048241126613e+04 9.953103541441913338e-01
6.075552074247194832e+04 9.946364895541895956e-01
6.075552100253265235e+04 9.980709630898588758e-01
6.075552126259334182e+04 1.004010105683480258e+00
6.075552152265403129e+04 9.973528699363002348e-01
6.075552178271472803e+04 1.001875766122529487e+00
6.075552204277541750e+04 1.003087999872993130e+00
6.075552230283610697e+04 9.960079836416622090e-01
6.075552256289680372e+04 9.971197605292889676e-01
6.075552282295750047e+04 9.997077467565298470e-01
6.075552308301818994e+04 9.985001669528510426e-01
6.075552334307887941e+04 9.939215647700448963e-01
6.075552360313957615e+04 1.004684746195958711e+00
6.075552386320026562e+04 9.925895929508339322e-01
6.075552412326096237e+04 1.006279583845192338e+00
6.075552438332165912e+04 1.004673577945762730e+00
6.075552464338234131e+04 9.878911501669477291e-01
6.075552490344303806e+04 9.951387041299839531e-01
6.075552516350373480e+04 1.008540903497316288e+00
6.075552542356441700e+04 1.000488895638536491e+00
6.075552568362511374e+04 9.980827785527661700e-01
6.075552594368581049e+04 1.001349786570094214e+00
6.075552620374649996e+04 9.889486682147077268e-01
6.075552646380719671e+04 1.001323195659691523e+00
6.075552672386788618e+04 1.008661483687320892e+00
6.075552698392857565e+04 1.003413209000181938e+00
6.075552724398927239e+04 9.895862627043819915e-01
6.075552750404996914e+04 9.945000275505821996e-01
6.075552776411065861e+04 9.933839675574800410e-01
6.075552802417134808e+04 9.902495667126518519e-01
6.075552828423204483e+04 9.978303662220394665e-01
6.075552854429273430e+04 1.001759187297108333e+00
6.075552880435342377e+04 1.009498352050161030e+00
6.075552906441412051e+04 1.004532243491469856e+00
6.075552932447480998e+04 9.950371968196563000e-01
6.075552958453550673e+04 9.965438410729818841e-01
6.075552984459620347e+04 1.003969307621149998e+00
6.075553010465688567e+04 1.005483029650674931e+00
6.075553036471758242e+04 9.935172654550873395e-01
6.075553062477827916e+04 9.915845688693982751e-01
6.075553088483896863e+04 1.010288217332330651e+00
6.075553114489966538e+04 9.961306155286316910e-01
6.075553140496035485e+04 1.004338137432500222e+00
6.075553166502104432e+04 9.821619344460431611e-01
6.075553192508174106e+04 1.008076215692863764e+00
6.075553218514243054e+04 9.959580536049279509e-01
6.075553244520312728e+04 9.917710970525082104e-01
6.075553270526381675e+04 9.976973756757393508e-01
6.075553296532451350e+04 9.994058296652377216e-01
6.075553322538520297e+04 1.007712380976959254e+00
6.075553348544589244e+04 9.972853596073016913e-01
6.075553503087646095e+04 9.933536189537265360e-01
6.075553529093715770e+04 9.984281792468517880e-01
6.075553555099784717e+04 9.967691778125012947e-01
6.075553581105853664e+04 1.010820800026073218e+00
6.075553607111923338e+04 1.000679727788192475e+00
6.075553633117992285e+04 9.971021303591243168e-01
6.075553659124061960e+04 9.969548778903150055e-01
6.075553685130131635e+04 9.922359430013080184e-01
6.075553711136199854e+04 9.977451002872002039e-01
6.075553737142269529e+04 9.971268287375841810e-01
6.075553763148339203e+04 9.999858745767360446e-01
6.075553789154408878e+04 9.974073934486529236e-01
6.075553815160477825e+04 1.005236080100065266e+00
6.075553841166546772e+04 9.954154768921440466e-01
6.075553867172616447e+04 9.973537051039632617e-01
6.075553893178685394e+04 9.963681227489199488e-01
6.075553919184754341e+04 9.969283014667974507e-01
6.075553945190824015e+04 9.978018483308473963e-01
6.075553971196892962e+04 1.005239951379204744e+00
6.075553997202962637e+04 1.010364644712843152e+00
6.075554023209032312e+04 9.943767314825776582e-01
6.075554049215101259e+04 9.965179395540456619e-01
6.075554075221170206e+04 1.003687104305111877e+00
6.075554101227239880e+04 1.002646333086976149e+00
6.075554127233309555e+04 1.011539789179328297e+00
6.075554153239378502e+04 9.953788599643563773e-01
6.075554179245447449e+04 1.002552144148635360e+00
6.075554205251517124e+04 1.018036678369615089e+00
6.075554231257586798e+04 1.001112092829209210e+00
6.075554257263655018e+04 1.001159339143363081e+00
6.075554283269725420e+04 1.001937258421631949e+00
6.075554309275794367e+04 1.006096736191652852e+00
6.075554335281863314e+04 1.007529845964042270e+00
6.075554361287932988e+04 1.000511921355487832e+00
6.075554387294001936e+04 1.001534638863695426e+00
6.075554413300071610e+04 9.955553328463061513e-01
6.075554439306140557e+04 1.003150107260533108e+00
6.075554465312210232e+04 9.988006856260812638e-01
6.075554491318279906e+04 9.976717422848345729e-01
6.075554517324348853e+04 1.000256801093827752e+00
6.075554543330417800e+04 1.007681840108149096e+00
6.075554569336487475e+04 1.001818252136175813e+00
6.075554595342557150e+04 9.996765406652253771e-01
6.075554621348626097e+04 1.003581514120031271e+00
6.075554647354695044e+04 9.947330450288508485e-01
6.075554673360764718e+04 9.983501058893454738e-01
6.075554699366834393e+04 9.965096967562419028e-01
6.075554725372902612e+04 9.977244623123747713e-01
6.075554751378972287e+04 1.003717172391168422e+00
6.075554777385041962e+04 1.000143582692762934e+00
6.075554803391111636e+04 1.004744950305574980e+00
6.075554829397180583e+04 1.001829761990751022e+00
6.075554855403249530e+04 9.967560509714035177e-01
6.075554881409319205e+04 1.018854044082633248e+00
6.075554907415388152e+04 9.942348794250236432e-01
6.075554933421457827e+04 9.990535591042262187e-01
6.075554959427527501e+04 1.004902431854100442e+00
6.075554985433596448e+04 9.967191742024646972e-01
6.075555011439665395e+04 1.003247487420916073e+00
6.075555037445735070e+04 1.000869747212395744e+00
6.075555063451804017e+04 9.990119751798560710e-01
6.075555089457873692e+04 9.890807427597597679e-01
6.075555115463942639e+04 9.994558570711502554e-01
6.075555141470012313e+04 9.949653673763649842e-01
6.075555167476081988e+04 1.000486895414085975e+00
6.075555193482150935e+04 1.008570320363687323e+00
6.075555219488219882e+04 1.000741659352940349e+00
6.075555245494289557e+04 1.004976363727691169e+00
6.075555271500359231e+04 1.003054194001505861e+00
6.075555297506428906e+04 9.971159845315701320e-01
6.075555323512497125e+04 9.992928807955527848e-01
6.075555349518566800e+04 1.001458495209553989e+00
6.075555375524636474e+04 1.004323451011353008e+00
6.075555401530705421e+04 9.983576550240254033e-01
6.075555427536775096e+04 1.001528473302956579e+00
6.075555453542844043e+04 1.011117083424429408e+00
6.075555479548913718e+04 9.932359327238776681e-01
6.075555505554983392e+04 1.007653716621601747e+00
6.075555531561051612e+04 9.933821209666933161e-01
6.075555557567121286e+04 1.003565364183355069e+00
6.075555583573190961e+04 9.932254114138924228e-01
6.075555609579260636e+04 1.001784696911283579e+00
6.075555635585329583e+04 9.913484520141254697e-01
6.075555661591398530e+04 1.014017742621677654e+00
6.075555687597468204e+04 1.001808944351623820e+00
6.075555713603537879e+04 1.000704909919482688e+00
6.075555739609607554e+04 1.005242736898503964e+00
6.075555765615676501e+04 1.005143391643481321e+00
6.075555791621745448e+04 1.004464143876270921e+00
6.075555817627815122e+04 1.006128008358804449e+00
6.075555843633884797e+04 9.852997874560943670e-01
6.075555869639953016e+04 1.004383037087477559e+00
6.075555895646022691e+04 9.970374085529852826e-01
6.075555921652092366e+04 1.001225847731213037e+00
6.075555947658162040e+04 1.004570312892224981e+00
6.075555973664230987e+04 9.940289245263309592e-01
6.075555999670299934e+04 9.907432968738302259e-01
6.075556025676369609e+04 9.959932712193352300e-01
6.075556051682439283e+04 1.006042612205551245e+00
6.075556077688508958e+04 1.012093703562277458e+00
6.075556103694577905e+04 9.953046820340857304e-01
6.075556129700646852e+04 1.011081931771760978e+00
6.075556155706716527e+04 1.005799959435882185e+00
6.075556181712786201e+04 9.922563671968179788e-01
6.075556207718854421e+04 1.004371884585670616e+00
6.075556233724924095e+04 1.010747646896839935e+00
6.075556259730993770e+04 9.953777720966239251e-01
6.075556285737063445e+04 1.014925475951127254e+00
6.075556311743133119e+04 1.007389770942353602e+00
6.075556337749201339e+04 1.007448516024195495e+00
6.075556504896522529e+04 9.986123191512207287e-01
6.075556530902591476e+04 1.010720312122088682e+00
6.075556556908661150e+04 1.000651861041364388e+00
6.075556582914730097e+04 1.002516846254702276e+00
6.075556608920799772e+04 9.940568393603969044e-01
6.075556634926869447e+04 1.002992774559966938e+00
6.075556660932938394e+04 1.007838874327142031e+00
6.075556686939008068e+04 1.008467419548541910e+00
6.075556712945077015e+04 1.003896119451670010e+00
6.075556738951146690e+04 1.003821180895364762e+00
6.075556764957216365e+04 1.005528830211059432e+00
6.075556790963285312e+04 1.007836322404488838e+00
6.075556816969354986e+04 9.967821567510475322e-01
6.075556842975423933e+04 1.002866012102367144e+00
6.075556868981492880e+04 9.939164133540436818e-01
6.075556894987563282e+04 1.004288285399640657e+00
6.075556920993632230e+04 1.001556042245025147e+00
6.075556946999701904e+04 1.007989528574029903e+00
6.075556973005770851e+04 1.006087364093243508e+00
6.075556999011839798e+04 1.001785723557364172e+00
6.075557025017909473e+04 1.002540479300987775e+00
6.075557051023979147e+04 9.911762868615020539e-01
6.075557077030048822e+04 1.011569064353459391e+00
6.075557103036117769e+04 9.953483306363989369e-01
6.075557129042186716e+04 9.980595201501786251e-01
6.075557155048256391e+04 9.981436284495767142e-01
6.075557181054326065e+04 1.008668929882102328e+00
6.075557207060395740e+04 9.987649080392564382e-01
6.075557233066464687e+04 1.005924913560091838e+00
6.075557259072533634e+04 1.007582062432671011e+00
6.075557285078603309e+04 1.003637718486120267e+00
6.075557311084672983e+04 9.929491872457206769e-01
6.075557337090741930e+04 9.990807248020608933e-01
6.075557363096811605e+04 1.005063083165625981e+00
6.075557389102880552e+04 9.985243399821708277e-01
6.075557415108950227e+04 1.005894267453286250e+00
6.075557441115019901e+04 9.956741373275582729e-01
6.075557467121088848e+04 1.002943131913679453e+00
6.075557493127158523e+04 1.004091841951853858e+00
6.075557519133227470e+04 1.012191637100914976e+00
6.075557545139297144e+04 9.956245465407248529e-01
6.075557571145366819e+04 1.007729836200233153e+00
6.075557597151435766e+04 9.904197520561544010e-01
6.075557623157505441e+04 9.942546768908182564e-01
6.075557649163575115e+04 9.923503553173568248e-01
6.075557675169643335e+04 9.947252568044249177e-01
6.075557701175713009e+04 1.000378046966151180e+00
6.075557727181782684e+04 1.010258914282956333e+00
6.075557753187852359e+04 1.011660016155746078e+00
6.075557779193922033e+04 9.982312974553829710e-01
6.075557805199990980e+04 9.998875849567276930e-01
6.075557831206059927e+04 1.003207520242400674e+00
6.075557857212129602e+04 9.954320079982086344e-01
6.075557883218199277e+04 1.002685019135591382e+00
6.075557909224268951e+04 9.918850781504856551e-01
6.075557935230337898e+04 9.969083888370315893e-01
6.075557961236407573e+04 9.983821890275563771e-01
6.075557987242476520e+04 9.996722373977996456e-01
6.075558013248546195e+04 9.984074677519028107e-01
6.075558039254615869e+04 1.001593283309503812e+00
6.075558065260684816e+04 9.972765735112596452e-01
6.075558091266754491e+04 1.004384942052171770e+00
6.075558117272824165e+04 9.887428309059631548e-01
6.075558143278892385e+04 1.005169829915257607e+00
6.075558169284962059e+04 1.004413053292636970e+00
6.075558195291031734e+04 9.973026773289792590e-01
6.075558221297101409e+04 1.005951502097871542e+00
6.075558247303171083e+04 9.964223446809611362e-01
6.075558273309240030e+04 1.006709840009708534e+00
6.075558299315309705e+04 1.000851390458541434e+00
6.075558325321378652e+04 9.946349318899870839e-01
6.075558351327448327e+04 9.968280915091065619e-01
6.075558377333518001e+04 1.004106166898883323e+00
6.075558403339586948e+04 1.006582223577598745e+00
6.075558429345656623e+04 1.000786773203380386e+00
6.075558455351726298e+04 9.990050222860819007e-01
6.075558481357794517e+04 1.002369904777255405e+00
6.075558507363864192e+04 9.948901671833327853e-01
6.075558533369933866e+04 1.005369961715438798e+00
6.075558559376003541e+04 9.970594068605234117e-01
6.075558585382073215e+04 9.942588052051426484e-01
6.075558611388142162e+04 1.000485048070159033e+00
6.075558637394211837e+04 1.006506676487589180e+00
6.075558663400280784e+04 9.970586563910679434e-01
6.075558689406350459e+04 1.002052950804724452e+00
6.075558715412420133e+04 1.008886848448474094e+00
6.075558741418489080e+04 1.000688629362159299e+00
6.075558767424558755e+04 9.999397594991752403e-01
6.075558793430628430e+04 1.004608908168930892e+00
6.075558819436697377e+04 1.001533405523895359e+00
6.075558845442767051e+04 9.989835775492342806e-01
6.075558871448835998e+04 1.008852376428458708e+00
6.075558897454905673e+04 1.007923610909207346e+00
6.075558923460975348e+04 9.976992223418359451e-01
6.075558949467044295e+04 9.961487307945477987e-01
6.075558975473113969e+04 1.000239412792106819e+00
6.075559001479183644e+04 1.000873940604522838e+00
6.075559027485253318e+04 9.984413640855286376e-01
6.075559053491322265e+04 9.997140994172498685e-01
6.075559079497391212e+04 1.007348649314331768e+00
6.075559105503460887e+04 9.961675153253167769e-01
6.075559131509530562e+04 9.979934243796593218e-01
6.075559157515600236e+04 1.006679943985137715e+00
6.075559183521669911e+04 1.003997936035053495e+00
6.075559209527738858e+04 1.002008322192097234e+00
6.075559235533808533e+04 9.872511427166361653e-01
6.075559261539877480e+04 1.002448556426591919e+00
6.075559287545946427e+04 9.951588171048795228e-01
6.075559313552016101e+04 1.002250919705310439e+00
6.075559339558085776e+04 1.004360956432930996e+00
6.075559494101491873e+04 1.000978914726056157e+00
6.075559520107561548e+04 9.978785449802882734e-01
6.075559546113631222e+04 1.003790318086256184e+00
6.075559572119700897e+04 1.009106759772302686e+00
6.075559598125769844e+04 1.008905746627683175e+00
6.075559624131839519e+04 1.005248682639071633e+00
6.075559650137908466e+04 1.003666923873069106e+00
6.075559676143977413e+04 9.946693444685688057e-01
6.075559702150047087e+04 9.923404546982755869e-01
6.075559728156116762e+04 1.004154368491612992e+00
6.075559754162186437e+04 9.972773469758776654e-01
6.075559780168256111e+04 1.001689877579779120e+00
6.075559806174325058e+04 1.000199733884576059e+00
6.075559832180394733e+04 9.932129114039625062e-01
6.075559858186464407e+04 1.013973821985070245e+00
6.075559884192533355e+04 9.979721536227793566e-01
6.075559910198603029e+04 1.002956261691553719e+00
6.075559936204671976e+04 9.956281128306750938e-01
6.075559962210741651e+04 9.967369652401080193e-01
6.075559988216811325e+04 1.001653454485518013e+00
6.075560014222880272e+04 1.000567959666378348e+00
6.075560040228950675e+04 9.969636199938869403e-01
6.075560066235019622e+04 9.952633816920865018e-01
6.075560092241089296e+04 9.975361387552764691e-01
6.075560118247158971e+04 1.007282517746297845e+00
6.075560144253227918e+04 1.001295163991577475e+00
6.075560170259296865e+04 1.002478923213872442e+00
6.075560196265366540e+04 1.000322955951136406e+00
6.075560222271436214e+04 1.010543632586927476e+00
6.075560248277505889e+04 1.001151367658807301e+00
6.075560274283574836e+04 1.004620865254227891e+00
6.075560300289644510e+04 1.001831511802759866e+00
6.075560326295714185e+04 9.965985613975542057e-01
6.075560352301783860e+04 1.008496405015631980e+00
6.075560378307853534e+04 9.923862747624593306e-01
6.075560404313922481e+04 9.874065150223300114e-01
6.075560430319992156e+04 9.981938261091034548e-01
6.075560456326061831e+04 9.984091454821756306e-01
6.075560482332130050e+04 9.908528117350282605e-01
6.075560508338199725e+04 9.962388434518159031e-01
6.075560534344269399e+04 9.873544078533368351e-01
6.075560560350339074e+04 9.995493771178424192e-01
6.075560586356408749e+04 1.004783389894214674e+00
6.075560612362477696e+04 1.008162970369730571e+00
6.075560638368547370e+04 1.000383371322149273e+00
6.075560664374617045e+04 1.013294353058878272e+00
6.075560690380686719e+04 9.943092635624355413e-01
6.075560716386756394e+04 1.008177917162555559e+00
6.075560742392825341e+04 9.988493618783046424e-01
6.075560768398895016e+04 1.006526507618763278e+00
6.075560794404964690e+04 9.928082444593924194e-01
6.075560820411032910e+04 1.009359439538948688e+00
6.075560846417102584e+04 1.006777758888097285e+00
6.075560872423172259e+04 1.005166742962980253e+00
6.075560898429241934e+04 1.003212935580127363e+00
6.075560924435311608e+04 1.005682948241472863e+00
6.075560950441380555e+04 1.010016435432250503e+00
6.075560976447450230e+04 1.007809210214693163e+00
6.075561002453519905e+04 1.003160511896000084e+00
6.075561028459589579e+04 1.006208094516364060e+00
6.075561054465659254e+04 9.973996796374706708e-01
6.075561080471728201e+04 1.006369279359567104e+00
6.075561106477797875e+04 9.948983799209363266e-01
6.075561132483867550e+04 9.974581250171803415e-01
6.075561158489937225e+04 1.002583846620165975e+00
6.075561184496006899e+04 1.002536938325365279e+00
6.075561210502075846e+04 9.885764286436812265e-01
6.075561236508144793e+04 9.988538202716806813e-01
6.075561262514214468e+04 1.005069638501385532e+00
6.075561288520283415e+04 1.002612879099020526e+00
6.075561314526353090e+04 9.991204826569793918e-01
6.075561340532422764e+04 1.000960111889599657e+00
6.075561366538492439e+04 1.009111577032854479e+00
6.075561392544562113e+04 1.005658818560352996e+00
6.075561418550631060e+04 1.012185722274917765e+00
6.075561444556700735e+04 9.899988291299398613e-01
6.075561470562770410e+04 1.016522275936390995e+00
6.075561496568840084e+04 1.002248758146653929e+00
6.075561522574909759e+04 9.979573517419673134e-01
6.075561548580978706e+04 9.974455381828938316e-01
6.075561574587048381e+04 9.975504359468150284e-01
6.075561600593118055e+04 9.999455468820842574e-01
6.075561626599187002e+04 9.826859049578681171e-01
6.075561652605256677e+04 1.000584402694500996e+00
6.075561678611326352e+04 9.986925428090482892e-01
6.075561704617396026e+04 9.953937256199939521e-01
6.075561730623465701e+04 9.931195582128791166e-01
6.075561756629534648e+04 1.005927752514584217e+00
6.075561782635604322e+04 1.001815305693178004e+00
6.075561808641673269e+04 1.009537892319935404e+00
6.075561834647742944e+04 9.969228088470666327e-01
6.075561860653812619e+04 9.972800564642764209e-01
6.075561886659881566e+04 9.956804975153028536e-01
6.075561912665951240e+04 1.004246029429010978e+00
6.075561938672020915e+04 9.932627156827396053e-01
6.075561964678089862e+04 1.002489228794061438e+00
6.075561990684160264e+04 1.002552372940164416e+00
6.075562016690229211e+04 9.966150517088872007e-01
6.075562042696298886e+04 9.920017503683599136e-01
6.075562068702368560e+04 1.004555567642688496e+00
6.075562094708437508e+04 9.998363359783907223e-01
6.075562120714507182e+04 9.974519761317336419e-01
6.075562146720576857e+04 9.954490797739143915e-01
6.075562172726646531e+04 1.003675445851982095e+00
6.075562198732716206e+04 1.008913070358416153e+00
6.075562224738785153e+04 1.003763816045644797e+00
6.075562250744854828e+04 1.004139782863118002e+00
6.075562276750924502e+04 9.929856362684001958e-01
6.075562302756994177e+04 9.980062245440176616e-01
6.075562328763063852e+04 1.004402231692066438e+00
6.075562490904599690e+04 1.007322624999973826e+00
6.075562516909990518e+04 1.004735108171630475e+00
6.075562542915379890e+04 1.001941796633685211e+00
6.075562568920769263e+04 1.003432628320825026e+00
6.075562594926160091e+04 9.967400566764860192e-01
6.075562620931549463e+04 1.002914201017566009e+00
6.075562646936939564e+04 9.973766056468540420e-01
6.075562672942329664e+04 1.011482790877874738e+00
6.075562698947719036e+04 1.014911250398403242e+00
6.075562724953109864e+04 9.990845303413967704e-01
6.075562750958499237e+04 1.000629920732441391e+00
6.075562776963889337e+04 1.002217046678594681e+00
6.075562802969280165e+04 1.001821657473943805e+00
6.075562828974669537e+04 9.886840324778987110e-01
6.075562854980059637e+04 1.001915760202576777e+00
6.075562880985449738e+04 9.945555340119408561e-01
6.075562906990839110e+04 9.898360910943461155e-01
6.075562932996229938e+04 1.001311053322619049e+00
6.075562959001619311e+04 9.927735167798021898e-01
6.075562985007009411e+04 1.006885140577679971e+00
6.075563011012399511e+04 9.952189333341434629e-01
6.075563037017788884e+04 9.971845736067708188e-01
6.075563063023179711e+04 1.002725180035552333e+00
6.075563089028569084e+04 1.009077427436934293e+00
6.075563115033958456e+04 1.000751008008160969e+00
6.075563141039349284e+04 1.005160803597538788e+00
6.075563167044738657e+04 1.005743173349506359e+00
6.075563193050128757e+04 9.939897856925771213e-01
6.075563219055518857e+04 1.006410728444668168e+00
6.075563245060908230e+04 1.002123728076724340e+00
6.075563271066299058e+04 1.003688933634258262e+00
6.075563297071688430e+04 1.001959395260349162e+00
6.075563323077078530e+04 1.003583425526860751e+00
6.075563349082468631e+04 1.000515800888222673e+00
6.075563375087858003e+04 1.006315214107253331e+00
6.075563401093248831e+04 9.986220703486107242e-01
6.075563427098638203e+04 1.003692702560155192e+00
6.075563453104027576e+04 9.963587353628242660e-01
6.075563479109418404e+04 1.000554433556295919e+00
6.075563505114807776e+04 1.016976849167847030e+00
6.075563531120197877e+04 9.952242493948617597e-01
6.075563557125588704e+04 9.981579816373256087e-01
6.075563583130978077e+04 9.985997196742617543e-01
6.075563609136368905e+04 9.976966229213660720e-01
6.075563635141758277e+04 1.013898690565755878e+00
6.075563661147148377e+04 1.001063182659294837e+00
6.075563687152538478e+04 1.000199815845174589e+00
6.075563713157927850e+04 1.004376345590091146e+00
6.075563739163318678e+04 1.003914325904013749e+00
6.075563765168708051e+04 9.913894299041787761e-01
6.075563791174097423e+04 1.000200233674316541e+00
6.075563817179488251e+04 9.973926915380569858e-01
6.075563843184877624e+04 1.004533236726738776e+00
6.075563869190267724e+04 9.964696930223696514e-01
6.075563895195657824e+04 9.963965026327640251e-01
6.075563921201047197e+04 1.000395525099128990e+00
6.075563947206438024e+04 1.001479959583335244e+00
6.075563973211827397e+04 1.005336136327997343e+00
6.075563999217217497e+04 9.968728398591641948e-01
6.075564025222608325e+04 9.959843177819539539e-01
6.075564051227997697e+04 9.999011208271507689e-01
6.075564077233388525e+04 1.006362087500569880e+00
6.075564103238777898e+04 1.002766539235411036e+00
6.075564129244167270e+04 9.945422537270591778e-01
6.075564155249558098e+04 1.003070076221846074e+00
6.075564181254947471e+04 1.002786800888653129e+00
6.075564207260337571e+04 9.995638486133260336e-01
6.075564233265727671e+04 9.966874189268065676e-01
6.075564259271117044e+04 9.902626516497783360e-01
6.075564285276507871e+04 1.007107088375177151e+00
6.075564311281897244e+04 9.987338650724855160e-01
6.075564337287286617e+04 1.002465360572556863e+00
6.075564363292677444e+04 9.968873430811538983e-01
6.075564389298066817e+04 1.002019832803834110e+00
6.075564415303458372e+04 1.008264499896955435e+00
6.075564441308847745e+04 9.989756155384230674e-01
6.075564467314237118e+04 1.000580926766031720e+00
6.075564493319627945e+04 1.005924438698725609e+00
6.075564519325017318e+04 9.986364538387016987e-01
6.075564545330407418e+04 1.000921027788090667e+00
6.075564571335797518e+04 1.003792695615598918e+00
6.075564597341186891e+04 1.006949011075143341e+00
6.075564623346577719e+04 9.983643791542904378e-01
6.075564649351967091e+04 9.992372735774270875e-01
6.075564675357356464e+04 1.004847503554427091e+00
6.075564701362747292e+04 9.980425015117886378e-01
6.075564727368136664e+04 1.002826640001455383e+00
6.075564753373527492e+04 9.910828959922688419e-01
6.075564779378917592e+04 1.001068422664394886e+00
6.075564805384306965e+04 1.004467297022482164e+00
6.075564831389697792e+04 1.000259483726974263e+00
6.075564857395087165e+04 1.003115960865875955e+00
6.075564883400477265e+04 1.008065877939732014e+00
6.075564909405867365e+04 9.882343714029738768e-01
6.075564935411256738e+04 1.002402576116118382e+00
6.075564961416647566e+04 9.995307142006424339e-01
6.075564987422036938e+04 9.941918881951474773e-01
6.075565013427426311e+04 1.001207978650033859e+00
6.075565039432817866e+04 9.960342445005468948e-01
6.075565065438207239e+04 1.003573785106078642e+00
6.075565091443597339e+04 1.013584567972382722e+00
6.075565117448987439e+04 1.008507636647624661e+00
6.075565143454376812e+04 1.013978180942732177e+00
6.075565169459767640e+04 1.000963922608500756e+00
6.075565195465157012e+04 1.009337474160101555e+00
6.075565221470547112e+04 1.006464515847582897e+00
6.075565247475937213e+04 9.988027685643969811e-01
6.075565273481326585e+04 1.004111520478989217e+00
6.075565299486718141e+04 9.917406600684208762e-01
6.075565325492107513e+04 1.016013947799386363e+00
6.075565492676799477e+04 9.993822789711894750e-01
6.075565518682868424e+04 9.981442796444683907e-01
6.075565544688938098e+04 9.942951633863278404e-01
6.075565570695007773e+04 1.000793123469623680e+00
6.075565596701077448e+04 1.013650159256346495e+00
6.075565622707147122e+04 9.920432697564846025e-01
6.075565648713216069e+04 1.010681543937948401e+00
6.075565674719285744e+04 1.000900762197801441e+00
6.075565700725356146e+04 9.992928956639945959e-01
6.075565726731425821e+04 1.005327497539584503e+00
6.075565752737495495e+04 1.001863287479961562e+00
6.075565778743564442e+04 1.005066500501327509e+00
6.075565804749634117e+04 9.986668492006550713e-01
6.075565830755703792e+04 1.003744384354374519e+00
6.075565856761772739e+04 9.993934861031055217e-01
6.075565882767842413e+04 1.004772679566853899e+00
6.075565908773912088e+04 9.941832414560656250e-01
6.075565934779981762e+04 1.016088279751558243e+00
6.075565960786051437e+04 9.995973506535392739e-01
6.075565986792121112e+04 1.005532217254868188e+00
6.075566012798190786e+04 1.001116080130452168e+00
6.075566038804260461e+04 1.005823525217913517e+00
6.075566064810330136e+04 1.000653673091754570e+00
6.075566090816399810e+04 9.998757662786436073e-01
6.075566116822468757e+04 1.005901188843085547e+00
6.075566142828538432e+04 1.003279556167898656e+00
6.075566168834608106e+04 9.953587845994664729e-01
6.075566194840677781e+04 1.001461855312910432e+00
6.075566220846748183e+04 9.977713104725918214e-01
6.075566246852817130e+04 1.011783837122478102e+00
6.075566272858886805e+04 1.003959604796157201e+00
6.075566298864956480e+04 9.922181261302132071e-01
6.075566324871025427e+04 9.961177209082415773e-01
6.075566350877095101e+04 9.982820617063881130e-01
6.075566376883164776e+04 9.900522905455237943e-01
6.075566402889234450e+04 1.002948967611127395e+00
6.075566428895304125e+04 9.996005985694429441e-01
6.075566454901373800e+04 9.969217851949906395e-01
6.075566480907443474e+04 9.992928935484086672e-01
6.075566506913513149e+04 9.970480105510776125e-01
6.075566532919582824e+04 9.979890966388489382e-01
6.075566558925652498e+04 1.003608732669097447e+00
6.075566584931721445e+04 9.999401693661285062e-01
6.075566610937791120e+04 1.003607352889130500e+00
6.075566636943860794e+04 1.003955501132541173e+00
6.075566662949930469e+04 1.000655337387087007e+00
6.075566688956000144e+04 9.952559719313450737e-01
6.075566714962069818e+04 1.006959017277954338e+00
6.075566740968139493e+04 9.954515437201619799e-01
6.075566766974209168e+04 1.002478572851597693e+00
6.075566792980278115e+04 9.890721210493806925e-01
6.075566818986347789e+04 1.001517133414953298e+00
6.075566844992417464e+04 1.002127038904524925e+00
6.075566870998487866e+04 1.011584163793650903e+00
6.075566897004557541e+04 1.014136255783225860e+00
6.075566923010626488e+04 9.984689957844077313e-01
6.075566949016696162e+04 9.983992098181044827e-01
6.075566975022765837e+04 9.979977474480816735e-01
6.075567001028834784e+04 1.008835845215751759e+00
6.075567027034905186e+04 9.983178387191505854e-01
6.075567053040974133e+04 1.005449222979909685e+00
6.075567079047044535e+04 9.888677982211295792e-01
6.075567105053114210e+04 9.995815353624539767e-01
6.075567131059183157e+04 9.948301518164692769e-01
6.075567157065252832e+04 9.962687106107125379e-01
6.075567183071322506e+04 1.003979925145688012e+00
6.075567209077392181e+04 9.961826383654298622e-01
6.075567235083461856e+04 1.002338939779476412e+00
6.075567261089531530e+04 1.009228178713077240e+00
6.075567287095601205e+04 1.001663762464844565e+00
6.075567313101670879e+04 9.990072903556770356e-01
6.075567339107740554e+04 1.003223045900035526e+00
6.075567365113810229e+04 9.977885058054437595e-01
6.075567391119879176e+04 9.962400111130034208e-01
6.075567417125948850e+04 1.001131814828323696e+00
6.075567443132019253e+04 9.962100388537363793e-01
6.075567469138088200e+04 9.982736575282153968e-01
6.075567495144157874e+04 9.934583582169350668e-01
6.075567521150227549e+04 1.002940860450997729e+00
6.075567547156297223e+04 1.000651233844207511e+00
6.075567573162366898e+04 1.004187717780287148e+00
6.075567599168436573e+04 1.001482745047319600e+00
6.075567625174506247e+04 1.003012468782206623e+00
6.075567651180575922e+04 9.976814254996725362e-01
6.075567677186645597e+04 1.000773816069176370e+00
6.075567703192715271e+04 9.962839973904631385e-01
6.075567729198784218e+04 1.003377283005252973e+00
6.075567755204853893e+04 1.000747135177438407e+00
6.075567781210924295e+04 1.001524184612364810e+00
6.075567807216993242e+04 9.969845431255992541e-01
6.075567833223062917e+04 9.935589364407872992e-01
6.075567859229132591e+04 9.935802918443706888e-01
6.075567885235202266e+04 1.009864815556595685e+00
6.075567911241271941e+04 1.003352104289820801e+00
6.075567937247341615e+04 9.996261882197756687e-01
6.075567963253411290e+04 9.963018307007701635e-01
6.075567989259480964e+04 1.000565926431380870e+00
6.075568015265550639e+04 9.941003063812124951e-01
6.075568041271620314e+04 1.004849472577154623e+00
6.075568067277689261e+04 9.995540640424518397e-01
6.075568093283759663e+04 1.007922156465355101e+00
6.075568119289829338e+04 1.001541646498173899e+00
6.075568145295898285e+04 1.005109033540924957e+00
6.075568171301968687e+04 9.985556287206871495e-01
6.075568197308037634e+04 9.951530925364623359e-01
6.075568223314107308e+04 1.007761705659163232e+00
6.075568249320177711e+04 9.993583337256376486e-01
6.075568275326246658e+04 9.954661081587193872e-01
6.075568301332316332e+04 1.004136144407100861e+00
6.075568327338386007e+04 1.003658464529112671e+00
6.075568483179301256e+04 1.003033923294593954e+00
6.075568509184680443e+04 1.001596395489642966e+00
6.075568535190059629e+04 1.004493454038611677e+00
6.075568561195438815e+04 1.003394609145704885e+00
6.075568587200818729e+04 1.004436000678230689e+00
6.075568613206199370e+04 9.986168776037219752e-01
6.075568639211578557e+04 9.964440969040029294e-01
6.075568665216957743e+04 9.965848002100129444e-01
6.075568691222336929e+04 1.004802630380918993e+00
6.075568717227716115e+04 9.966470556344603215e-01
6.075568743233096029e+04 9.931453911574886773e-01
6.075568769238475215e+04 1.000929579289552285e+00
6.075568795243854402e+04 1.003794628865324334e+00
6.075568821249233588e+04 1.003453522325184366e+00
6.075568847254613502e+04 1.002915893723651308e+00
6.075568873259992688e+04 1.008950595618765878e+00
6.075568899265372602e+04 1.004927363930751216e+00
6.075568925270752516e+04 9.937286608041581148e-01
6.075568951276131702e+04 9.996976743262134812e-01
6.075568977281511616e+04 9.979157493264384504e-01
6.075569003286890802e+04 9.990087122977924228e-01
6.075569029292269988e+04 9.991449862852553876e-01
6.075569055297649174e+04 9.976499414929193010e-01
6.075569081303029088e+04 1.003533805516446664e+00
6.075569107308408275e+04 9.960371371443588195e-01
6.075569133313787461e+04 1.008888137506866123e+00
6.075569159319166647e+04 9.960331639659474323e-01
6.075569185324547288e+04 1.000521896501674890e+00
6.075569211329927202e+04 9.910284505889255247e-01
6.075569237335306389e+04 1.005089759450535691e+00
6.075569263340685575e+04 1.005435162746923572e+00
6.075569289346064761e+04 9.971518844337505794e-01
6.075569315351444675e+04 1.007582863217896252e+00
6.075569341356823861e+04 1.001140650803465038e+00
6.075569367362203047e+04 9.984165646919703763e-01
6.075569393367582234e+04 9.981296422061742835e-01
6.075569419372962147e+04 1.006973020830785881e+00
6.075569445378341334e+04 9.952236879451724638e-01
6.075569471383720520e+04 1.003526221031140642e+00
6.075569497389100434e+04 1.004663469459686986e+00
6.075569523394481075e+04 1.035903848810950656e+00
6.075569549399860261e+04 1.002328693504629831e+00
6.075569575405239448e+04 1.002338041278605374e+00
6.075569601410618634e+04 9.982018383782936821e-01
6.075569627415998548e+04 1.000055501966799598e+00
6.075569653421377734e+04 1.001828618695618234e+00
6.075569679426756920e+04 9.970645221741449848e-01
6.075569705432136107e+04 9.983432624556599633e-01
6.075569731437516020e+04 1.004276221592526941e+00
6.075569757442895207e+04 1.002018227625911972e+00
6.075569783448274393e+04 1.005748917192923919e+00
6.075569809453654307e+04 1.013188352794279101e+00
6.075569835459034948e+04 1.007409468004709208e+00
6.075569861464414134e+04 9.984703620795836176e-01
6.075569887469793321e+04 9.945661260014936333e-01
6.075569913475172507e+04 1.003547696365642450e+00
6.075569939480552421e+04 1.004146042111645931e+00
6.075569965485931607e+04 1.012293793579079004e+00
6.075569991491310793e+04 9.958001507796806484e-01
6.075570017496689979e+04 9.974615887438150752e-01
6.075570043502069893e+04 1.002452363933824531e+00
6.075570069507449080e+04 1.008386608802773754e+00
6.075570095512828993e+04 1.001769939678821553e+00
6.075570121518208907e+04 1.000296756654012409e+00
6.075570147523588821e+04 9.981883372539575028e-01
6.075570173528968007e+04 1.001837545904112226e+00
6.075570199534347194e+04 1.008597577437253534e+00
6.075570225539727107e+04 9.942619913628145678e-01
6.075570251545106294e+04 1.001082529361192908e+00
6.075570277550485480e+04 1.003507492999474726e+00
6.075570303555864666e+04 1.015526750448734639e+00
6.075570329561244580e+04 9.954894029993219817e-01
6.075570355566623766e+04 1.002255843762051235e+00
6.075570381572002952e+04 1.008628821296455369e+00
6.075570407577382866e+04 9.986520674807639608e-01
6.075570433582763508e+04 9.893551068378948488e-01
6.075570459588142694e+04 1.007027956195872376e+00
6.075570485593521880e+04 1.003814420656247375e+00
6.075570511598901066e+04 1.005071016063375344e+00
6.075570537604280980e+04 9.980899607025707221e-01
6.075570563609660167e+04 1.003520037807391851e+00
6.075570589615039353e+04 9.963616939659926119e-01
6.075570615620419267e+04 9.968198071537737182e-01
6.075570641625798453e+04 1.003206580063953135e+00
6.075570667631177639e+04 1.001114125692736279e+00
6.075570693636557553e+04 1.009408798313855549e+00
6.075570719641938194e+04 1.001476210877972894e+00
6.075570745647317381e+04 1.002390363472626555e+00
6.075570771652696567e+04 1.003413373915244655e+00
6.075570797658076481e+04 1.014346940251679374e+00
6.075570823663455667e+04 1.005818953821679518e+00
6.075570849668834853e+04 9.888865505636532660e-01
6.075570875674214039e+04 1.003669989717451694e+00
6.075570901679593953e+04 9.999082480631042991e-01
6.075570927684973140e+04 1.010882926210816990e+00
6.075570953690352326e+04 9.987383439398376250e-01
6.075570979695732240e+04 1.005294664037276187e+00
6.075571005701112153e+04 1.003325482576296723e+00
6.075571031706492067e+04 9.962460783481050797e-01
6.075571057711871254e+04 9.988468449865843812e-01
6.075571083717251167e+04 1.012629575532507875e+00
6.075571109722630354e+04 9.948967152655282531e-01
6.075571135728009540e+04 1.005369950504783949e+00
6.075571161733389454e+04 1.003541885155011970e+00
6.075571187738768640e+04 1.000936789906773150e+00
6.075571213744147826e+04 1.004592139981161036e+00
6.075571239749527740e+04 1.013075529748530768e+00
6.075571265754906926e+04 9.892263623928745364e-01
6.075571291760286840e+04 1.012636586800057303e+00
6.075571317765666754e+04 9.984582906169870986e-01
6.075571474868715450e+04 1.007965065988174702e+00
6.075571500874785124e+04 9.996039481900298451e-01
6.075571526880854799e+04 9.963928465735651940e-01
6.075571552886924474e+04 9.936022634256979069e-01
6.075571578892994148e+04 1.000384436247736319e+00
6.075571604899063823e+04 1.001347595002908042e+00
6.075571630905133497e+04 1.006914534116894577e+00
6.075571656911203172e+04 9.971631935025435656e-01
6.075571682917273574e+04 1.007411080342057064e+00
6.075571708923342521e+04 1.006899672299006676e+00
6.075571734929412196e+04 9.919302715369444634e-01
6.075571760935482598e+04 9.978591027286666248e-01
6.075571786941552273e+04 1.003036015957729399e+00
6.075571812947621947e+04 9.970518748053276425e-01
6.075571838953690894e+04 9.992564438873687838e-01
6.075571864959761297e+04 1.012523476376282705e+00
6.075571890965830971e+04 9.986687835489079790e-01
6.075571916971899918e+04 9.981316110750165782e-01
6.075571942977970320e+04 9.956333217935640079e-01
6.075571968984039995e+04 9.982530460923700888e-01
6.075571994990109670e+04 9.993025685546392811e-01
6.075572020996180072e+04 1.004575349871737799e+00
6.075572047002249019e+04 9.970506584670268957e-01
6.075572073008318694e+04 1.007820445298969858e+00
6.075572099014388368e+04 1.002803662867373546e+00
6.075572125020458770e+04 1.003786299746187938e+00
6.075572151026528445e+04 9.940652353085883686e-01
6.075572177032597392e+04 9.991524543344466602e-01
6.075572203038667794e+04 1.006814468110942107e+00
6.075572229044737469e+04 9.975052512325635057e-01
6.075572255050806416e+04 1.000545801509867383e+00
6.075572281056877546e+04 1.004200908197297348e+00
6.075572307062946493e+04 1.000152090717389752e+00
6.075572333069016167e+04 9.952108571852493757e-01
6.075572359075086570e+04 9.965700449118671811e-01
6.075572385081155517e+04 9.976603840796798295e-01
6.075572411087225191e+04 9.954428988253424260e-01
6.075572437093294866e+04 1.003295865740907677e+00
6.075572463099365268e+04 9.970534595749299678e-01
6.075572489105434943e+04 9.899943028066342521e-01
6.075572515111503890e+04 1.005980355995429232e+00
6.075572541117574292e+04 1.005630472404753784e+00
6.075572567123643967e+04 1.010068221560339818e+00
6.075572593129713641e+04 9.885784285578655961e-01
6.075572619135784043e+04 9.950175723206182710e-01
6.075572645141852990e+04 1.005969005600570121e+00
6.075572671147922665e+04 1.001812950961273652e+00
6.075572697153993067e+04 1.011594014262891417e+00
6.075572723160062014e+04 9.982772991050059552e-01
6.075572749166131689e+04 1.003420083620294001e+00
6.075572775172202091e+04 1.009051173648092936e+00
6.075572801178271766e+04 9.915245706154276473e-01
6.075572827184341440e+04 1.003155213568547977e+00
6.075572853190411115e+04 1.003070874183655592e+00
6.075572879196480790e+04 1.000523250214444326e+00
6.075572905202550464e+04 9.994529843644934797e-01
6.075572931208620867e+04 1.008472241039468864e+00
6.075572957214690541e+04 9.999328111649341544e-01
6.075572983220759488e+04 9.996160981154957881e-01
6.075573009226829890e+04 1.000992574002903979e+00
6.075573035232899565e+04 1.011014999008138737e+00
6.075573061238968512e+04 9.977072466947893847e-01
6.075573087245038914e+04 1.011865870997860739e+00
6.075573113251108589e+04 1.005987114784102410e+00
6.075573139257178264e+04 1.000538219223160885e+00
6.075573165263248666e+04 9.994982204066389375e-01
6.075573191269317613e+04 1.000571513760710740e+00
6.075573217275387287e+04 1.003053860883287074e+00
6.075573243281457690e+04 9.932060722378792672e-01
6.075573269287527364e+04 1.004856707653450476e+00
6.075573295293597039e+04 9.997141427450594309e-01
6.075573321299666713e+04 1.002827493891612631e+00
6.075573347305736388e+04 1.002995182141339647e+00
6.075573373311806063e+04 1.000661611608342882e+00
6.075573399317875737e+04 9.983003953864132418e-01
6.075573425323946140e+04 9.959278170297825028e-01
6.075573451330015087e+04 9.981880590214970983e-01
6.075573477336085489e+04 1.011260449996578492e+00
6.075573503342155163e+04 9.995177043554825946e-01
6.075573529348224110e+04 1.003777940530474977e+00
6.075573555354294513e+04 9.895891556525752142e-01
6.075573581360364187e+04 1.000431726097915197e+00
6.075573607366434589e+04 1.004126660395825210e+00
6.075573633372504264e+04 9.958107204187187644e-01
6.075573659378573211e+04 1.003243308063850536e+00
6.075573685384643613e+04 1.013520139592317904e+00
6.075573711390713288e+04 9.995399070337911418e-01
6.075573737396782963e+04 1.002228053999288049e+00
6.075573763402853365e+04 1.003735581978030922e+00
6.075573789408922312e+04 1.010577462263271054e+00
6.075573815414991986e+04 1.010446152605414705e+00
6.075573841421062389e+04 1.000611815487211453e+00
6.075573867427131336e+04 1.008604228272798942e+00
6.075573893433201010e+04 1.001701210055431446e+00
6.075573919439271413e+04 1.007572091751546717e+00
6.075573945445341087e+04 9.985961034870662889e-01
6.075573971451411489e+04 9.935890175001610425e-01
6.075573997457480436e+04 9.975339457187117898e-01
6.075574023463550111e+04 9.982847862446144749e-01
6.075574049469620513e+04 9.999915384122982642e-01
6.075574075475690188e+04 9.994446079925431992e-01
6.075574101481759863e+04 9.935390380554128820e-01
6.075574127487829537e+04 1.006395609308024630e+00
6.075574153493899212e+04 9.994452244343994263e-01
6.075574179499969614e+04 9.998176888805190288e-01
6.075574205506038561e+04 1.001111088716678532e+00
6.075574231512108236e+04 9.963406889116750431e-01
6.075574257518178638e+04 1.000228817791555702e+00
6.075574283524248312e+04 9.944578845077545193e-01
6.075574309530317987e+04 1.005051960708512437e+00
6.075574483016229351e+04 1.002432295891707792e+00
6.075574509021608537e+04 1.005020152053865301e+00
6.075574535026989179e+04 1.006151746070257813e+00
6.075574561032369093e+04 1.003769689952287436e+00
6.075574587037748279e+04 1.001258464900891099e+00
6.075574613043128193e+04 9.976966599080421272e-01
6.075574639048507379e+04 1.002484482666277765e+00
6.075574665053887293e+04 1.000287413554304061e+00
6.075574691059266479e+04 9.966070151195099980e-01
6.075574717064645665e+04 1.005011062208406081e+00
6.075574743070025579e+04 1.002626181571573571e+00
6.075574769075404765e+04 1.005565792481696974e+00
6.075574795080784679e+04 9.978462316402729737e-01
6.075574821086163865e+04 1.000192872097985353e+00
6.075574847091544507e+04 1.005258053044730149e+00
6.075574873096924421e+04 1.000902415741974139e+00
6.075574899102303607e+04 1.010154084038738853e+00
6.075574925107683521e+04 1.002863398943388162e+00
6.075574951113062707e+04 1.004655586761128205e+00
6.075574977118442621e+04 9.968889363913521207e-01
6.075575003123821807e+04 1.006231101558524799e+00
6.075575029129201721e+04 9.979672158554234729e-01
6.075575055134580907e+04 1.000057552535441818e+00
6.075575081139960093e+04 9.990918655552555316e-01
6.075575107145340007e+04 9.974541253578387279e-01
6.075575133150719921e+04 9.985579168671506745e-01
6.075575159156100563e+04 1.008313605220090725e+00
6.075575185161479749e+04 1.003034164811246631e+00
6.075575211166859663e+04 1.003570093207406311e+00
6.075575237172238849e+04 1.010138286794556084e+00
6.075575263177618035e+04 1.002737815918448350e+00
6.075575289182997949e+04 9.980852745034719531e-01
6.075575315188377135e+04 1.001933313924471269e+00
6.075575341193757049e+04 9.965975170656299342e-01
6.075575367199136235e+04 9.988181324097001879e-01
6.075575393204516149e+04 1.011463082721238305e+00
6.075575419209895335e+04 9.960934243815385836e-01
6.075575445215275249e+04 9.936834333525332852e-01
6.075575471220655891e+04 1.013006298559192331e+00
6.075575497226035077e+04 9.927395887088557025e-01
6.075575523231414991e+04 1.001448345775383109e+00
6.075575549236794177e+04 9.975326537490478707e-01
6.075575575242174091e+04 1.008506232334005714e+00
6.075575601247553277e+04 1.003663110696866978e+00
6.075575627252933191e+04 1.006906534941515385e+00
6.075575653258312377e+04 1.002891927648863257e+00
6.075575679263691563e+04 9.992845139009381983e-01
6.075575705269071477e+04 1.000176718043135793e+00
6.075575731274451391e+04 1.004475891515894448e+00
6.075575757279832033e+04 1.010983269270116169e+00
6.075575783285211219e+04 1.003337050482344672e+00
6.075575809290591133e+04 1.004052540957082407e+00
6.075575835295970319e+04 9.951014617792640626e-01
6.075575861301350233e+04 1.000196869075597794e+00
6.075575887306729419e+04 9.960302735066022262e-01
6.075575913312109333e+04 1.003385534600153006e+00
6.075575939317488519e+04 1.007858262016291473e+00
6.075575965322867705e+04 9.948470141588681148e-01
6.075575991328247619e+04 1.001497194805093027e+00
6.075576017333626805e+04 9.920040655919599715e-01
6.075576043339007447e+04 1.000559703851134019e+00
6.075576069344387361e+04 1.007326606707477312e+00
6.075576095349767274e+04 9.883516877136561130e-01
6.075576121355146461e+04 1.000155929816465061e+00
6.075576147360526375e+04 1.001088514582195055e+00
6.075576173365905561e+04 1.005323455100506358e+00
6.075576199371285475e+04 1.001601105166647354e+00
6.075576225376664661e+04 9.994882650592982198e-01
6.075576251382044575e+04 9.974177941811295245e-01
6.075576277387423761e+04 1.007454783170353307e+00
6.075576303392802947e+04 9.964938124436316658e-01
6.075576329398183589e+04 1.015661685480127252e+00
6.075576355403563502e+04 1.001963817610618701e+00
6.075576381408943416e+04 1.003545596852359001e+00
6.075576407414322603e+04 1.002111904462593239e+00
6.075576433419702516e+04 1.002287136192704375e+00
6.075576459425081703e+04 1.005154640937208743e+00
6.075576485430461616e+04 1.002723928190745628e+00
6.075576511435840803e+04 9.978290976142630830e-01
6.075576537441220717e+04 9.944807060676713606e-01
6.075576563446599903e+04 1.011068033319656445e+00
6.075576589451979817e+04 1.001311873545470910e+00
6.075576615457359003e+04 9.993848155147307954e-01
6.075576641462739644e+04 1.001040706433361960e+00
6.075576667468119558e+04 9.971603088087001021e-01
6.075576693473499472e+04 9.992643931029772109e-01
6.075576719478878658e+04 1.002930106984536884e+00
6.075576745484258572e+04 1.005862430336785573e+00
6.075576771489637758e+04 1.002012971501063054e+00
6.075576797495017672e+04 9.899793216733198120e-01
6.075576823500396858e+04 1.002708455606326376e+00
6.075576849505776045e+04 9.972334015848887123e-01
6.075576875511155959e+04 1.004532061855295755e+00
6.075576901516535145e+04 9.951869854205205312e-01
6.075576927521915786e+04 1.010657202687340162e+00
6.075576953527295700e+04 1.000441960590758850e+00
6.075576979532675614e+04 9.900489074755780550e-01
6.075577005538054800e+04 9.953635580195167032e-01
6.075577031543434714e+04 1.002421509557421153e+00
6.075577057548813900e+04 1.008969273841848313e+00
6.075577083554193814e+04 9.969613312623861745e-01
6.075577109559573000e+04 1.008093502462135138e+00
6.075577135564952914e+04 1.001992866662257509e+00
6.075577161570332100e+04 9.953844309643130606e-01
6.075577187575712014e+04 1.000447828426163532e+00
6.075577213581091200e+04 1.006580539322467160e+00
6.075577239586471842e+04 1.004005611855401270e+00
6.075577265591851756e+04 1.005116288809391412e+00
6.075577291597231670e+04 9.993755846113873131e-01
6.075577317602610856e+04 1.009671951934716594e+00
