6.075547523418369383e+04 9.986773976390492802e-01
6.075547549424438330e+04 9.973055652471195520e-01
6.075547575430508005e+04 1.009406176028563973e+00
6.075547601436576224e+04 1.003528377072777866e+00
6.075547627442645899e+04 1.005866344502984511e+00
6.075547653448714846e+04 9.862364607548512740e-01
6.075547679454784520e+04 9.990682032233086929e-01
6.075547705460853467e+04 9.963456084778814503e-01
6.075547731466922414e+04 1.007731813398659027e+00
6.075547757472991361e+04 1.002776244149921503e+00
6.075547783479061036e+04 9.974959011923386631e-01
6.075547809485129255e+04 1.005118150585811332e+00
6.075547835491198930e+04 9.958573007454750714e-01
6.075547861497267877e+04 9.976668984914881522e-01
6.075547887503337552e+04 9.949545366310204031e-01
6.075547913509406499e+04 9.972815748246469658e-01
6.075547939515475446e+04 1.009694367359005973e+00
6.075547965521544393e+04 1.003191716393067257e+00
6.075547991527614067e+04 1.001125873980067915e+00
6.075548017533683014e+04 1.002898186127102687e+00
6.075548043539752689e+04 9.972902887392475213e-01
6.075548069545820908e+04 1.005827147246467268e+00
6.075548095551890583e+04 9.924465849294645814e-01
6.075548121557959530e+04 9.991346436631347583e-01
6.075548147564028477e+04 1.003067014620381725e+00
6.075548173570098152e+04 1.006516044002748522e+00
6.075548199576167099e+04 1.014954785919803815e+00
6.075548225582236773e+04 9.985767111219783221e-01
6.075548251588305720e+04 9.976791763104656541e-01
6.075548277594374667e+04 1.008344901573182906e+00
6.075548303600443614e+04 1.006253173287211977e+00
6.075548329606513289e+04 1.007945775493207297e+00
6.075548355612582236e+04 1.003930389573057802e+00
6.075548381618651911e+04 9.929002153150006116e-01
6.075548407624720130e+04 1.003909225026151653e+00
6.075548433630789805e+04 9.983380979821531165e-01
6.075548459636858752e+04 9.992642552175304838e-01
6.075548485642928426e+04 1.007417942518123333e+00
6.075548511648997373e+04 1.004421466300177590e+00
6.075548537655066320e+04 1.006083439350738740e+00
6.075548563661135267e+04 1.017863621774313110e+00
6.075548589667204942e+04 1.004789760196817872e+00
6.075548615673273162e+04 9.962386268200320583e-01
6.075548641679342836e+04 1.012351579567938087e+00
6.075548667685411783e+04 1.005503464705715055e+00
6.075548693691481458e+04 9.979358404480865863e-01
6.075548719697551132e+04 1.006675043695399729e+00
6.075548745703619352e+04 1.012929175604307064e+00
6.075548771709689026e+04 1.008259744385662016e+00
6.075548797715757973e+04 1.006339001066429706e+00
6.075548823721827648e+04 1.004233822276189958e+00
6.075548849727896595e+04 1.014044020354757158e+00
6.075548875733965542e+04 9.900725192192805224e-01
6.075548901740034489e+04 9.962220646814019531e-01
6.075548927746104164e+04 9.987591074934311086e-01
6.075548953752172383e+04 1.018013925599094316e+00
6.075548979758242058e+04 1.004525822605572216e+00
6.075549005764311732e+04 9.881518762746659412e-01
6.075549031770380680e+04 1.006549468394294600e+00
6.075549057776450354e+04 9.869340180378598504e-01
6.075549083782518574e+04 1.008447456314445212e+00
6.075549109788588248e+04 1.002081109624948452e+00
6.075549135794657195e+04 1.006777726136919293e+00
6.075549161800726870e+04 9.960678894255923232e-01
6.075549187806795817e+04 1.008362915470613519e+00
6.075549213812864764e+04 1.006895960260091094e+00
6.075549239818933711e+04 1.006520877726102992e+00
6.075549265825003386e+04 1.005740250667135571e+00
6.075549291831072333e+04 1.013547521069474211e+00
6.075549317837142007e+04 9.983817166212338723e-01
6.075549343843210954e+04 1.011157794011075417e+00
6.075549369849279901e+04 1.016440235694277661e+00
6.075549395855349576e+04 1.001451107001769536e+00
6.075549421861417795e+04 1.010171692336025773e+00
6.075549447867487470e+04 1.007666315739990548e+00
6.075549473873556417e+04 1.015824205672847036e+00
6.075549499879626092e+04 1.004043378634525308e+00
6.075549525885695766e+04 1.000682184932879748e+00
6.075549551891763986e+04 9.967935301563568551e-01
6.075549577897833660e+04 9.937055685631935864e-01
6.075549603903902607e+04 1.005530985046701575e+00
6.075549629909972282e+04 1.002972586448407144e+00
6.075549655916041229e+04 9.978635659885760623e-01
6.075549681922110176e+04 9.981318558982299471e-01
6.075549707928179851e+04 1.004498807951875072e+00
6.075549733934248798e+04 1.011783702818195740e+00
6.075549759940317745e+04 9.995976031105802129e-01
6.075549785946386692e+04 1.002558239407539853e+00
6.075549811952456366e+04 1.010006080426383512e+00
6.075549837958525313e+04 1.009819557089332909e+00
6.075549863964594988e+04 9.944748759849354469e-01
6.075549889970663935e+04 1.012275174099520614e+00
6.075549915976732882e+04 1.002563692287151031e+00
6.075549941982802557e+04 1.008708997605228808e+00
6.075549967988871504e+04 1.003422178916359986e+00
6.075549993994941178e+04 1.016759355368479945e+00
6.075550020001009398e+04 1.007496620413583566e+00
6.075550046007079072e+04 1.013695354535901094e+00
6.075550072013148747e+04 9.962599848628866939e-01
6.075550098019216966e+04 1.004750578168240205e+00
6.075550124025286641e+04 1.003387245532475047e+00
6.075550150031355588e+04 1.013831070363748310e+00
6.075550176037425263e+04 9.999687911328593026e-01
6.075550202043494210e+04 9.999646207450066937e-01
6.075550228049563157e+04 1.004455992652669938e+00
6.075550254055632831e+04 1.012035290295866030e+00
6.075550280061701778e+04 9.919388765199378399e-01
6.075550306067771453e+04 1.002534255556676301e+00
6.075550332073840400e+04 9.965013266426966387e-01
6.075550358079909347e+04 9.985817908102478935e-01
6.075550513883041276e+04 9.970491178107223629e-01
6.075550539889110951e+04 9.908282664740563073e-01
6.075550565895179898e+04 9.832239221868721568e-01
6.075550591901248845e+04 1.005627447908163941e+00
6.075550617907318519e+04 9.946801271381592313e-01
6.075550643913387466e+04 1.002016835590887389e+00
6.075550669919457141e+04 1.010099547521408958e+00
6.075550695925526088e+04 9.978472332763039798e-01
6.075550721931595035e+04 1.009102636490075255e+00
6.075550747937664710e+04 9.949997681888225198e-01
6.075550773943733657e+04 1.005907249535880288e+00
6.075550799949803331e+04 1.000980618285905566e+00
6.075550825955872278e+04 9.913976990289182778e-01
6.075550851961941225e+04 9.948951892228660165e-01
6.075550877968010900e+04 1.000008165906094648e+00
6.075550903974079847e+04 9.949620601364184136e-01
6.075550929980148794e+04 9.992286798893144084e-01
6.075550955986217741e+04 9.941247764878289317e-01
6.075550981992287416e+04 9.863786884895876517e-01
6.075551007998357090e+04 1.018904534740048939e+00
6.075551034004426037e+04 9.929499584224459330e-01
6.075551060010494984e+04 1.001309518689091016e+00
6.075551086016564659e+04 1.001364989669495609e+00
6.075551112022633606e+04 1.002611606585282589e+00
6.075551138028703281e+04 1.003140758785321385e+00
6.075551164034772228e+04 1.009747995148427835e+00
6.075551190040841175e+04 1.006688586087750137e+00
6.075551216046910849e+04 9.942770905782983837e-01
6.075551242052979796e+04 9.993996882244443603e-01
6.075551268059049471e+04 1.001051220435498657e+00
6.075551294065118418e+04 9.950560559242750402e-01
6.075551320071187365e+04 9.968174263716661487e-01
6.075551346077257040e+04 9.962845018615871240e-01
6.075551372083325987e+04 1.001179562898859343e+00
6.075551398089394934e+04 9.937589611362256381e-01
6.075551424095464608e+04 9.926873986350482904e-01
6.075551450101533555e+04 1.007504003781601654e+00
6.075551476107603230e+04 9.983402564836142412e-01
6.075551502113672177e+04 1.001602906251245928e+00
6.075551528119741124e+04 9.957339564540997889e-01
6.075551554125810799e+04 9.985390101041992095e-01
6.075551580131879746e+04 1.000311342609870868e+00
6.075551606137949420e+04 1.002646705319861775e+00
6.075551632144019095e+04 9.936515532898880787e-01
6.075551658150087314e+04 9.878693779978611200e-01
6.075551684156156989e+04 1.003595405845798760e+00
6.075551710162226664e+04 9.884727539721026579e-01
6.075551736168294883e+04 1.014566662483320947e+00
6.075551762174364558e+04 9.966520113269362602e-01
6.075551788180433505e+04 9.936519115798716495e-01
6.075551814186503179e+04 1.000539124557091153e+00
6.075551840192572854e+04 1.006803032471613291e+00
6.075551866198641073e+04 1.008664981297637819e+00
6.075551892204710748e+04 9.947445013260419744e-01
6.075551918210780423e+04 9.872371695128455693e-01
6.075551944216849370e+04 9.936886990773536876e-01
6.075551970222919044e+04 9.936835073643682792e-01
6.075551996228987991e+04 9.976602109168424271e-01
6.075552022235056938e+04 1.000362585555355732e+00
6.075552048241126613e+04 1.005597347229541194e+00
6.075552074247194832e+04 1.007133934006101406e+00
6.075552100253265235e+04 9.872048913021824745e-01
6.075552126259334182e+04 1.001913784104952132e+00
6.075552152265403129e+04 9.995431038286929359e-01
6.075552178271472803e+04 9.869500624699670821e-01
6.075552204277541750e+04 9.952280818108305560e-01
6.075552230283610697e+04 9.986229338938416022e-01
6.075552256289680372e+04 9.994052832921557217e-01
6.075552282295750047e+04 9.766201526537658939e-01
6.075552308301818994e+04 1.004751180365551999e+00
6.075552334307887941e+04 9.924732028842471188e-01
6.075552360313957615e+04 9.852976852299444310e-01
6.075552386320026562e+04 1.007291022942070846e+00
6.075552412326096237e+04 9.889175582191949143e-01
6.075552438332165912e+04 9.922395415937131924e-01
6.075552464338234131e+04 1.002594586905251051e+00
6.075552490344303806e+04 9.868365591106527113e-01
6.075552516350373480e+04 9.912629212802822609e-01
6.075552542356441700e+04 9.996065305402530576e-01
6.075552568362511374e+04 9.970791388492628027e-01
6.075552594368581049e+04 9.818110551709026135e-01
6.075552620374649996e+04 9.964416697993100369e-01
6.075552646380719671e+04 1.010392127522410810e+00
6.075552672386788618e+04 9.904452424990126680e-01
6.075552698392857565e+04 9.881059970211104604e-01
6.075552724398927239e+04 9.983905000435661092e-01
6.075552750404996914e+04 1.001238973768663998e+00
6.075552776411065861e+04 1.003626556303778727e+00
6.075552802417134808e+04 9.950299087703184941e-01
6.075552828423204483e+04 1.000701716874566438e+00
6.075552854429273430e+04 1.000130280722940856e+00
6.075552880435342377e+04 9.969407283830068467e-01
6.075552906441412051e+04 9.834070526253055888e-01
6.075552932447480998e+04 9.906894880078461751e-01
6.075552958453550673e+04 1.006521346067950295e+00
6.075552984459620347e+04 9.852424864190391096e-01
6.075553010465688567e+04 9.939458375405080259e-01
6.075553036471758242e+04 9.943917704897227150e-01
6.075553062477827916e+04 9.889772649579767760e-01
6.075553088483896863e+04 9.875254329159335320e-01
6.075553114489966538e+04 9.837276259442224724e-01
6.075553140496035485e+04 9.844066372142122878e-01
6.075553166502104432e+04 9.976354957851852889e-01
6.075553192508174106e+04 1.006698415850571626e+00
6.075553218514243054e+04 9.925995433061716167e-01
6.075553244520312728e+04 9.855766158362679885e-01
6.075553270526381675e+04 9.962271660931558692e-01
6.075553296532451350e+04 9.911941149966818632e-01
6.075553322538520297e+04 9.971010903024423166e-01
6.075553348544589244e+04 9.960989423023700606e-01
6.075553503087646095e+04 9.986482591941194809e-01
6.075553529093715770e+04 1.001672287101695202e+00
6.075553555099784717e+04 1.002138986237003593e+00
6.075553581105853664e+04 9.891960451424038903e-01
6.075553607111923338e+04 1.002365266386616716e+00
6.075553633117992285e+04 9.905046941466435495e-01
6.075553659124061960e+04 1.013347720927350037e+00
6.075553685130131635e+04 9.878081372920249903e-01
6.075553711136199854e+04 9.737207880356337775e-01
6.075553737142269529e+04 9.883694594982476156e-01
6.075553763148339203e+04 9.885775721144561823e-01
6.075553789154408878e+04 1.006460893172447468e+00
6.075553815160477825e+04 1.003369185432214206e+00
6.075553841166546772e+04 9.950932807508245936e-01
6.075553867172616447e+04 9.904500863514692499e-01
6.075553893178685394e+04 9.990891319034749252e-01
6.075553919184754341e+04 1.024439682246143679e+00
6.075553945190824015e+04 9.907684479767862040e-01
6.075553971196892962e+04 9.837416209348918139e-01
6.075553997202962637e+04 9.991182926115642626e-01
6.075554023209032312e+04 9.658653490230634242e-01
6.075554049215101259e+04 9.709642678419381223e-01
6.075554075221170206e+04 9.888938065345329598e-01
6.075554101227239880e+04 9.830675041001090131e-01
6.075554127233309555e+04 9.910689697265935294e-01
6.075554153239378502e+04 9.871096721146557229e-01
6.075554179245447449e+04 9.901405324752738935e-01
6.075554205251517124e+04 9.780596405681906136e-01
6.075554231257586798e+04 9.839512704175710223e-01
6.075554257263655018e+04 9.934640247964006132e-01
6.075554283269725420e+04 9.965133585572482078e-01
6.075554309275794367e+04 9.916445511466026597e-01
6.075554335281863314e+04 9.883212272412721378e-01
6.075554361287932988e+04 9.827476666863681487e-01
6.075554387294001936e+04 9.797296572168454620e-01
6.075554413300071610e+04 9.737702128682640401e-01
6.075554439306140557e+04 1.004860927800626635e+00
6.075554465312210232e+04 9.893996602982353394e-01
6.075554491318279906e+04 9.750706060410366804e-01
6.075554517324348853e+04 9.972957559917519088e-01
6.075554543330417800e+04 9.956588003631725581e-01
6.075554569336487475e+04 9.863140664414522529e-01
6.075554595342557150e+04 9.964026591262790111e-01
6.075554621348626097e+04 9.972208956685139070e-01
6.075554647354695044e+04 9.830841149138411783e-01
6.075554673360764718e+04 9.810493051841092660e-01
6.075554699366834393e+04 9.817814100812978229e-01
6.075554725372902612e+04 9.865970716347998160e-01
6.075554751378972287e+04 9.896083227224710122e-01
6.075554777385041962e+04 9.805803884584719521e-01
6.075554803391111636e+04 9.881033666463820975e-01
6.075554829397180583e+04 9.937863251324937641e-01
6.075554855403249530e+04 9.795196939208087317e-01
6.075554881409319205e+04 9.876752948579329283e-01
6.075554907415388152e+04 9.973574736969033072e-01
6.075554933421457827e+04 9.897445105398657850e-01
6.075554959427527501e+04 9.866412035505922606e-01
6.075554985433596448e+04 9.894263327459766888e-01
6.075555011439665395e+04 9.875180963222003339e-01
6.075555037445735070e+04 9.804866649942552970e-01
6.075555063451804017e+04 9.896835560847916380e-01
6.075555089457873692e+04 1.002308205976306210e+00
6.075555115463942639e+04 9.853213796463839991e-01
6.075555141470012313e+04 9.700862179514093686e-01
6.075555167476081988e+04 9.867011153851280580e-01
6.075555193482150935e+04 9.911462231486660723e-01
6.075555219488219882e+04 9.932729087836108528e-01
6.075555245494289557e+04 9.950556348901538062e-01
6.075555271500359231e+04 9.876998988274421354e-01
6.075555297506428906e+04 1.004038553794882604e+00
6.075555323512497125e+04 9.898252422968762954e-01
6.075555349518566800e+04 9.942757466529879018e-01
6.075555375524636474e+04 9.863607476067948188e-01
6.075555401530705421e+04 9.979299145776875379e-01
6.075555427536775096e+04 9.807172399495482917e-01
6.075555453542844043e+04 9.998374503871928498e-01
6.075555479548913718e+04 9.945497901668488572e-01
6.075555505554983392e+04 1.001177007234162142e+00
6.075555531561051612e+04 9.716351807633222259e-01
6.075555557567121286e+04 9.873670520074642187e-01
6.075555583573190961e+04 9.925143514498399044e-01
6.075555609579260636e+04 9.861041543133372000e-01
6.075555635585329583e+04 9.955084870944499453e-01
6.075555661591398530e+04 9.990409088777904012e-01
6.075555687597468204e+04 9.888194627445011653e-01
6.075555713603537879e+04 9.887982415329031882e-01
6.075555739609607554e+04 9.814616516769348875e-01
6.075555765615676501e+04 1.001252665386473950e+00
6.075555791621745448e+04 9.924431486605058694e-01
6.075555817627815122e+04 9.917124709133982030e-01
6.075555843633884797e+04 9.864112717334386771e-01
6.075555869639953016e+04 1.004471550062498553e+00
6.075555895646022691e+04 9.818112865497412578e-01
6.075555921652092366e+04 9.864379862226738682e-01
6.075555947658162040e+04 9.861232001887030307e-01
6.075555973664230987e+04 9.946673369875042026e-01
6.075555999670299934e+04 9.926387696575009745e-01
6.075556025676369609e+04 1.002786474639008052e+00
6.075556051682439283e+04 1.002694116873642738e+00
6.075556077688508958e+04 1.000447236657661998e+00
6.075556103694577905e+04 9.788455650431442390e-01
6.075556129700646852e+04 9.917781969000543096e-01
6.075556155706716527e+04 9.942593332064770806e-01
6.075556181712786201e+04 1.005048979572915391e+00
6.075556207718854421e+04 9.890319437943387859e-01
6.075556233724924095e+04 9.885952070413314141e-01
6.075556259730993770e+04 9.886169111877376459e-01
6.075556285737063445e+04 1.000395770492270353e+00
6.075556311743133119e+04 1.001366755256927865e+00
6.075556337749201339e+04 9.858912693103744074e-01
6.075556504896522529e+04 9.818516787794956402e-01
6.075556530902591476e+04 9.957897806038178423e-01
6.075556556908661150e+04 9.836419661175476170e-01
6.075556582914730097e+04 9.947666700755140035e-01
6.075556608920799772e+04 9.939858332959333742e-01
6.075556634926869447e+04 1.003876547109164408e+00
6.075556660932938394e+04 9.948549432402123971e-01
6.075556686939008068e+04 1.003550389549449529e+00
6.075556712945077015e+04 1.000981191053318620e+00
6.075556738951146690e+04 9.868774437828367052e-01
6.075556764957216365e+04 1.006377144675205004e+00
6.075556790963285312e+04 1.007621785774169387e+00
6.075556816969354986e+04 9.815971556691028832e-01
6.075556842975423933e+04 1.004434285392554305e+00
6.075556868981492880e+04 1.000623005386787945e+00
6.075556894987563282e+04 1.006830289521040589e+00
6.075556920993632230e+04 9.996620458289722233e-01
6.075556946999701904e+04 1.004930585012469013e+00
6.075556973005770851e+04 9.916865616255811089e-01
6.075556999011839798e+04 9.852494104680546982e-01
6.075557025017909473e+04 9.950748378614362455e-01
6.075557051023979147e+04 9.861702319516728599e-01
6.075557077030048822e+04 9.916554741732023226e-01
6.075557103036117769e+04 9.950873870629334261e-01
6.075557129042186716e+04 9.900009132388021271e-01
6.075557155048256391e+04 9.830092378769084149e-01
6.075557181054326065e+04 1.003529069918832395e+00
6.075557207060395740e+04 9.996822504044882152e-01
6.075557233066464687e+04 9.895870303149139069e-01
6.075557259072533634e+04 1.005394535424626978e+00
6.075557285078603309e+04 9.971685449393865586e-01
6.075557311084672983e+04 9.884632796209891215e-01
6.075557337090741930e+04 1.000318386950341365e+00
6.075557363096811605e+04 9.991662582609837084e-01
6.075557389102880552e+04 9.991331149052792293e-01
6.075557415108950227e+04 1.000347969253035707e+00
6.075557441115019901e+04 9.993163900832732205e-01
6.075557467121088848e+04 1.002763374150720255e+00
6.075557493127158523e+04 1.000524279259532356e+00
6.075557519133227470e+04 1.012751067226254964e+00
6.075557545139297144e+04 9.978623130836911104e-01
6.075557571145366819e+04 1.003886608872629038e+00
6.075557597151435766e+04 9.944443784073797588e-01
6.075557623157505441e+04 9.949623203437775176e-01
6.075557649163575115e+04 9.924245511921153673e-01
6.075557675169643335e+04 1.003037570671229117e+00
6.075557701175713009e+04 9.974913028503713530e-01
6.075557727181782684e+04 1.000936375592085481e+00
6.075557753187852359e+04 1.009861707886651638e+00
6.075557779193922033e+04 9.984363295070805000e-01
6.075557805199990980e+04 9.910129148369752894e-01
6.075557831206059927e+04 9.935592329061000427e-01
6.075557857212129602e+04 9.847468436527631042e-01
6.075557883218199277e+04 9.899231081536964405e-01
6.075557909224268951e+04 1.000748966580512711e+00
6.075557935230337898e+04 1.007314445403264980e+00
6.075557961236407573e+04 1.001294535182336132e+00
6.075557987242476520e+04 9.974715847123167833e-01
6.075558013248546195e+04 9.902600768442875179e-01
6.075558039254615869e+04 1.003166508621377684e+00
6.075558065260684816e+04 9.931613835692812975e-01
6.075558091266754491e+04 9.967087157822698273e-01
6.075558117272824165e+04 9.978005014878624790e-01
6.075558143278892385e+04 9.978408171025899831e-01
6.075558169284962059e+04 9.973820622456172069e-01
6.075558195291031734e+04 1.001574426204642432e+00
6.075558221297101409e+04 9.846076861856509765e-01
6.075558247303171083e+04 9.970125987087152808e-01
6.075558273309240030e+04 1.005853055465834700e+00
6.075558299315309705e+04 1.001863284140124932e+00
6.075558325321378652e+04 9.974060915034728136e-01
6.075558351327448327e+04 1.001855784946120265e+00
6.075558377333518001e+04 1.002599460068330339e+00
6.075558403339586948e+04 9.912967475970874132e-01
6.075558429345656623e+04 1.001416329813319628e+00
6.075558455351726298e+04 1.013097527748487714e+00
6.075558481357794517e+04 1.003296091969561932e+00
6.075558507363864192e+04 9.870078491173783775e-01
6.075558533369933866e+04 9.863009465749791316e-01
6.075558559376003541e+04 9.923954987043333009e-01
6.075558585382073215e+04 9.983174798589746768e-01
6.075558611388142162e+04 1.003656834697587819e+00
6.075558637394211837e+04 9.943986194841053505e-01
6.075558663400280784e+04 9.986604686274257459e-01
6.075558689406350459e+04 9.882866567822895520e-01
6.075558715412420133e+04 1.002888439393953446e+00
6.075558741418489080e+04 9.995726818733936536e-01
6.075558767424558755e+04 9.941075421604942397e-01
6.075558793430628430e+04 9.918886784274605350e-01
6.075558819436697377e+04 9.949913008645521195e-01
6.075558845442767051e+04 9.748059127804461488e-01
6.075558871448835998e+04 1.003787609429044325e+00
6.075558897454905673e+04 9.955763369694293763e-01
6.075558923460975348e+04 1.008815966822191212e+00
6.075558949467044295e+04 9.850300291779151562e-01
6.075558975473113969e+04 9.926336466650588219e-01
6.075559001479183644e+04 1.001411189702247073e+00
6.075559027485253318e+04 9.975128417560954475e-01
6.075559053491322265e+04 9.868744108230466106e-01
6.075559079497391212e+04 1.002978214268413382e+00
6.075559105503460887e+04 9.960474534188008544e-01
6.075559131509530562e+04 9.908881023267506194e-01
6.075559157515600236e+04 1.000279831039960987e+00
6.075559183521669911e+04 1.002494138621364161e+00
6.075559209527738858e+04 1.001975470721299999e+00
6.075559235533808533e+04 9.965577079792108384e-01
6.075559261539877480e+04 9.884713164100582539e-01
6.075559287545946427e+04 9.878226823948852431e-01
6.075559313552016101e+04 9.923205902419721669e-01
6.075559339558085776e+04 9.961107215357780653e-01
6.075559494101491873e+04 9.911376096019498538e-01
6.075559520107561548e+04 9.911478625977615531e-01
6.075559546113631222e+04 9.905527175430991482e-01
6.075559572119700897e+04 1.000678142757164046e+00
6.075559598125769844e+04 1.002158441054143312e+00
6.075559624131839519e+04 9.849430119570562470e-01
6.075559650137908466e+04 9.864286651880035395e-01
6.075559676143977413e+04 9.914624444532063041e-01
6.075559702150047087e+04 9.939571518921879179e-01
6.075559728156116762e+04 9.910896917098075409e-01
6.075559754162186437e+04 9.993846860406311317e-01
6.075559780168256111e+04 9.926744955065592846e-01
6.075559806174325058e+04 9.903103257076625310e-01
6.075559832180394733e+04 9.919046563055204935e-01
6.075559858186464407e+04 1.000660535419875874e+00
6.075559884192533355e+04 9.853300116100573991e-01
6.075559910198603029e+04 9.988040656974662701e-01
6.075559936204671976e+04 9.863117143283389732e-01
6.075559962210741651e+04 9.835459571474568508e-01
6.075559988216811325e+04 9.753832125188884872e-01
6.075560014222880272e+04 9.885432946519143727e-01
6.075560040228950675e+04 9.920559674055776656e-01
6.075560066235019622e+04 9.968535278478811712e-01
6.075560092241089296e+04 9.985300414968716343e-01
6.075560118247158971e+04 9.910990875146153956e-01
6.075560144253227918e+04 9.904242714771768208e-01
6.075560170259296865e+04 9.975981809415485069e-01
6.075560196265366540e+04 9.911768648169165807e-01
6.075560222271436214e+04 9.957656910511674120e-01
6.075560248277505889e+04 9.929242774567762497e-01
6.075560274283574836e+04 9.807390566973245294e-01
6.075560300289644510e+04 9.804886421031611121e-01
6.075560326295714185e+04 9.861631712131360139e-01
6.075560352301783860e+04 9.954549106819297055e-01
6.075560378307853534e+04 9.898745989244344123e-01
6.075560404313922481e+04 9.887831375758218133e-01
6.075560430319992156e+04 9.922077460494092005e-01
6.075560456326061831e+04 9.835115069325045534e-01
6.075560482332130050e+04 9.808343797394108998e-01
6.075560508338199725e+04 9.835862143493989684e-01
6.075560534344269399e+04 1.003164895489161434e+00
6.075560560350339074e+04 9.913902087192357770e-01
6.075560586356408749e+04 9.926277315888608621e-01
6.075560612362477696e+04 9.958667292258771564e-01
6.075560638368547370e+04 9.916409846956554253e-01
6.075560664374617045e+04 9.934531612622754526e-01
6.075560690380686719e+04 9.862785575069672461e-01
6.075560716386756394e+04 9.926364061837329444e-01
6.075560742392825341e+04 9.881583501680248904e-01
6.075560768398895016e+04 9.882722935201085912e-01
6.075560794404964690e+04 9.868296571252768157e-01
6.075560820411032910e+04 9.893307178086028220e-01
6.075560846417102584e+04 9.825353284839841717e-01
6.075560872423172259e+04 1.004451400389938076e+00
6.075560898429241934e+04 9.921702509140505333e-01
6.075560924435311608e+04 9.961836042631221355e-01
6.075560950441380555e+04 9.735270097665212896e-01
6.075560976447450230e+04 9.884627835778714289e-01
6.075561002453519905e+04 9.916128961183330315e-01
6.075561028459589579e+04 9.753930750222703505e-01
6.075561054465659254e+04 9.932095400440674737e-01
6.075561080471728201e+04 9.795805352299746804e-01
6.075561106477797875e+04 9.861652051990642542e-01
6.075561132483867550e+04 9.929348136600727459e-01
6.075561158489937225e+04 9.928426610776763805e-01
6.075561184496006899e+04 9.966877296639676809e-01
6.075561210502075846e+04 9.727795389600270015e-01
6.075561236508144793e+04 9.953405366611906002e-01
6.075561262514214468e+04 9.713033182114078068e-01
6.075561288520283415e+04 9.822748368863906121e-01
6.075561314526353090e+04 9.873099554017985557e-01
6.075561340532422764e+04 9.898343135505128787e-01
6.075561366538492439e+04 9.937754552937654307e-01
6.075561392544562113e+04 9.866711062742516969e-01
6.075561418550631060e+04 9.911079970417943086e-01
6.075561444556700735e+04 9.882158973860220019e-01
6.075561470562770410e+04 9.852633901465002175e-01
6.075561496568840084e+04 9.912916134276491542e-01
6.075561522574909759e+04 9.877010272103665667e-01
6.075561548580978706e+04 9.922672428016118262e-01
6.075561574587048381e+04 9.847254950880722779e-01
6.075561600593118055e+04 9.865108167061590327e-01
6.075561626599187002e+04 9.830204340630175341e-01
6.075561652605256677e+04 9.752307386609527784e-01
6.075561678611326352e+04 9.916158018500461635e-01
6.075561704617396026e+04 9.839051640422444844e-01
6.075561730623465701e+04 1.006140768540119579e+00
6.075561756629534648e+04 9.861737030327262232e-01
6.075561782635604322e+04 9.894715690553981258e-01
6.075561808641673269e+04 1.002842372034441487e+00
6.075561834647742944e+04 9.913917181471260109e-01
6.075561860653812619e+04 9.851979019646911473e-01
6.075561886659881566e+04 9.944600571393844568e-01
6.075561912665951240e+04 9.857566834490977259e-01
6.075561938672020915e+04 9.967172283767944396e-01
6.075561964678089862e+04 9.819676192957664806e-01
6.075561990684160264e+04 9.816526686225315323e-01
6.075562016690229211e+04 9.797567888567676464e-01
6.075562042696298886e+04 9.900746011109137212e-01
6.075562068702368560e+04 9.904981466080243768e-01
6.075562094708437508e+04 9.837068837863541804e-01
6.075562120714507182e+04 9.786451603750102590e-01
6.075562146720576857e+04 9.967874631440105659e-01
6.075562172726646531e+04 9.933597221547342260e-01
6.075562198732716206e+04 9.907110219849235566e-01
6.075562224738785153e+04 9.826220905524917226e-01
6.075562250744854828e+04 9.769125634033893890e-01
6.075562276750924502e+04 9.938627607158576627e-01
6.075562302756994177e+04 9.893098007921360404e-01
6.075562328763063852e+04 9.961101465751095452e-01
6.075562490904599690e+04 9.819972052783306760e-01
6.075562516909990518e+04 1.000848929322066150e+00
6.075562542915379890e+04 9.946510931078836881e-01
6.075562568920769263e+04 9.830644850314017580e-01
6.075562594926160091e+04 9.819449470944344727e-01
6.075562620931549463e+04 9.930526100727604666e-01
6.075562646936939564e+04 9.966436764209070098e-01
6.075562672942329664e+04 9.940409441807129820e-01
6.075562698947719036e+04 9.724900248748507003e-01
6.075562724953109864e+04 9.949480410999832491e-01
6.075562750958499237e+04 9.808133110616419348e-01
6.075562776963889337e+04 9.888764268469749652e-01
6.075562802969280165e+04 9.908296358419439454e-01
6.075562828974669537e+04 9.938470103421355173e-01
6.075562854980059637e+04 9.943777760659151532e-01
6.075562880985449738e+04 9.838489085474960705e-01
6.075562906990839110e+04 9.747272499288450742e-01
6.075562932996229938e+04 9.980711430477696711e-01
6.075562959001619311e+04 9.792050012976919460e-01
6.075562985007009411e+04 9.953167392085974230e-01
6.075563011012399511e+04 9.821905823211561914e-01
6.075563037017788884e+04 9.918357015143191013e-01
6.075563063023179711e+04 9.958493705283668618e-01
6.075563089028569084e+04 9.965394940083602826e-01
6.075563115033958456e+04 9.946041231637243740e-01
6.075563141039349284e+04 1.003100206326502430e+00
6.075563167044738657e+04 9.966432417667570043e-01
6.075563193050128757e+04 9.826776758475955775e-01
6.075563219055518857e+04 9.972470192338781514e-01
6.075563245060908230e+04 1.002247269212712899e+00
6.075563271066299058e+04 9.906755933513223811e-01
6.075563297071688430e+04 9.936407811302876425e-01
6.075563323077078530e+04 9.942995217028750554e-01
6.075563349082468631e+04 9.832053389981021407e-01
6.075563375087858003e+04 1.001589618682626082e+00
6.075563401093248831e+04 9.841788502302905028e-01
6.075563427098638203e+04 9.891333251979702590e-01
6.075563453104027576e+04 9.908558354903713727e-01
6.075563479109418404e+04 9.843134700127045278e-01
6.075563505114807776e+04 9.762512500496439705e-01
6.075563531120197877e+04 9.865737020674893998e-01
6.075563557125588704e+04 9.840659317119828664e-01
6.075563583130978077e+04 9.919296839989695247e-01
6.075563609136368905e+04 9.863142622672246285e-01
6.075563635141758277e+04 9.820840259050040988e-01
6.075563661147148377e+04 9.989770881812152226e-01
6.075563687152538478e+04 9.864495039765200923e-01
6.075563713157927850e+04 9.919994151619452305e-01
6.075563739163318678e+04 9.956395045817933998e-01
6.075563765168708051e+04 9.897098392815525392e-01
6.075563791174097423e+04 9.964084789890800264e-01
6.075563817179488251e+04 9.945132612771395708e-01
6.075563843184877624e+04 9.894741660079691137e-01
6.075563869190267724e+04 9.932393921530580094e-01
6.075563895195657824e+04 9.910849728196905462e-01
6.075563921201047197e+04 9.942333696914134045e-01
6.075563947206438024e+04 9.875245628709216072e-01
6.075563973211827397e+04 1.001939790848433320e+00
6.075563999217217497e+04 9.841817667841968875e-01
6.075564025222608325e+04 1.002258828879813324e+00
6.075564051227997697e+04 9.975950198617546949e-01
6.075564077233388525e+04 9.891554386343495153e-01
6.075564103238777898e+04 1.002446620333930838e+00
6.075564129244167270e+04 9.864057425477331664e-01
6.075564155249558098e+04 9.856978856827038893e-01
6.075564181254947471e+04 9.976826572425694373e-01
6.075564207260337571e+04 9.870026628924016832e-01
6.075564233265727671e+04 9.892856227578237238e-01
6.075564259271117044e+04 9.934050667076858021e-01
6.075564285276507871e+04 9.999255736446610587e-01
6.075564311281897244e+04 9.859729585541382457e-01
6.075564337287286617e+04 1.001619624783386842e+00
6.075564363292677444e+04 9.997664927806462210e-01
6.075564389298066817e+04 9.928932974875366302e-01
6.075564415303458372e+04 9.977276743788261459e-01
6.075564441308847745e+04 1.001223683073169335e+00
6.075564467314237118e+04 9.977388723510822732e-01
6.075564493319627945e+04 9.996631298994206327e-01
6.075564519325017318e+04 1.007575001991424246e+00
6.075564545330407418e+04 1.006662436449201170e+00
6.075564571335797518e+04 9.996642419592789430e-01
6.075564597341186891e+04 1.002340868165243037e+00
6.075564623346577719e+04 1.000938167366538734e+00
6.075564649351967091e+04 9.791448927277429659e-01
6.075564675357356464e+04 1.001661230919843604e+00
6.075564701362747292e+04 9.912641197790230674e-01
6.075564727368136664e+04 9.967550353559220255e-01
6.075564753373527492e+04 9.853996179663669919e-01
6.075564779378917592e+04 9.914928521898231928e-01
6.075564805384306965e+04 1.002980348102071817e+00
6.075564831389697792e+04 9.892308449896171085e-01
6.075564857395087165e+04 1.004572037793278971e+00
6.075564883400477265e+04 9.884008312288177223e-01
6.075564909405867365e+04 9.924558456628306269e-01
6.075564935411256738e+04 9.803805184522521587e-01
6.075564961416647566e+04 9.962926890466475838e-01
6.075564987422036938e+04 1.009757010801300092e+00
6.075565013427426311e+04 9.878940112027502218e-01
6.075565039432817866e+04 1.000190535759716282e+00
6.075565065438207239e+04 9.929879726636506865e-01
6.075565091443597339e+04 9.948606479489502386e-01
6.075565117448987439e+04 9.838397511647547500e-01
6.075565143454376812e+04 9.895947795985688966e-01
6.075565169459767640e+04 9.967991627855037340e-01
6.075565195465157012e+04 9.990585844137378491e-01
6.075565221470547112e+04 1.004284841177426113e+00
6.075565247475937213e+04 1.003232517900960019e+00
6.075565273481326585e+04 9.957837925426499259e-01
6.075565299486718141e+04 1.003178283374595470e+00
6.075565325492107513e+04 9.926351326725930679e-01
6.075565492676799477e+04 9.947165056472779820e-01
6.075565518682868424e+04 9.934037007382598983e-01
6.075565544688938098e+04 1.006204303806524258e+00
6.075565570695007773e+04 9.913169817894157410e-01
6.075565596701077448e+04 1.005222868343321529e+00
6.075565622707147122e+04 9.823710500023747905e-01
6.075565648713216069e+04 9.890118679124235701e-01
6.075565674719285744e+04 1.001961699030441189e+00
6.075565700725356146e+04 1.000266128626033257e+00
6.075565726731425821e+04 9.967313697971769137e-01
6.075565752737495495e+04 9.969019610882029481e-01
6.075565778743564442e+04 1.004701897144626210e+00
6.075565804749634117e+04 9.995174536982497360e-01
6.075565830755703792e+04 9.881359424047657658e-01
6.075565856761772739e+04 9.911333332093150705e-01
6.075565882767842413e+04 1.002193331729055670e+00
6.075565908773912088e+04 1.008281093718728094e+00
6.075565934779981762e+04 9.839337974512418761e-01
6.075565960786051437e+04 9.914201020248463170e-01
6.075565986792121112e+04 1.001191362171419019e+00
6.075566012798190786e+04 9.994511903322994550e-01
6.075566038804260461e+04 9.923801267863455733e-01
6.075566064810330136e+04 1.000365363755049142e+00
6.075566090816399810e+04 9.927239928319733231e-01
6.075566116822468757e+04 9.974980618595639115e-01
6.075566142828538432e+04 9.979678816972132882e-01
6.075566168834608106e+04 1.004893236224451591e+00
6.075566194840677781e+04 1.001282940146713596e+00
6.075566220846748183e+04 9.873803343955542822e-01
6.075566246852817130e+04 9.998687080979590247e-01
6.075566272858886805e+04 9.938113684938836290e-01
6.075566298864956480e+04 1.001293314638906473e+00
6.075566324871025427e+04 9.964804334295758181e-01
6.075566350877095101e+04 9.913164177769421270e-01
6.075566376883164776e+04 9.939279516780772372e-01
6.075566402889234450e+04 9.949069059799648951e-01
6.075566428895304125e+04 1.001935997363196051e+00
6.075566454901373800e+04 1.000319957084303990e+00
6.075566480907443474e+04 9.974734369040241244e-01
6.075566506913513149e+04 1.009188282913379808e+00
6.075566532919582824e+04 1.003114720501652846e+00
6.075566558925652498e+04 1.001676552874413373e+00
6.075566584931721445e+04 1.007198511822624321e+00
6.075566610937791120e+04 1.005273769297736042e+00
6.075566636943860794e+04 9.846406522202144629e-01
6.075566662949930469e+04 1.008349410004583113e+00
6.075566688956000144e+04 1.004748440869546400e+00
6.075566714962069818e+04 1.001413102001500688e+00
6.075566740968139493e+04 1.000837151895152211e+00
6.075566766974209168e+04 1.003970641658445961e+00
6.075566792980278115e+04 9.883629105041157326e-01
6.075566818986347789e+04 9.931969894239777163e-01
6.075566844992417464e+04 9.995672458332837129e-01
6.075566870998487866e+04 1.019143276295128464e+00
6.075566897004557541e+04 9.893484415502028506e-01
6.075566923010626488e+04 9.949350479438403561e-01
6.075566949016696162e+04 1.009597819556460552e+00
6.075566975022765837e+04 1.000818250206015225e+00
6.075567001028834784e+04 9.890106681413218803e-01
6.075567027034905186e+04 1.000833397450728857e+00
6.075567053040974133e+04 9.903551974809090552e-01
6.075567079047044535e+04 9.879609590812994391e-01
6.075567105053114210e+04 9.974449802182302482e-01
6.075567131059183157e+04 1.004921912930336170e+00
6.075567157065252832e+04 1.002210962249535209e+00
6.075567183071322506e+04 9.921991604258122432e-01
6.075567209077392181e+04 9.775164627242562965e-01
6.075567235083461856e+04 1.006431182519692991e+00
6.075567261089531530e+04 9.942859672135022642e-01
6.075567287095601205e+04 9.973428232452807851e-01
6.075567313101670879e+04 9.992120689649418575e-01
6.075567339107740554e+04 9.931286778181698249e-01
6.075567365113810229e+04 9.979099184559991897e-01
6.075567391119879176e+04 9.942375621505574745e-01
6.075567417125948850e+04 9.974283765923813716e-01
6.075567443132019253e+04 9.804158563424169026e-01
6.075567469138088200e+04 9.988322415197533610e-01
6.075567495144157874e+04 9.832644142007284094e-01
6.075567521150227549e+04 9.977729428909226650e-01
6.075567547156297223e+04 9.740298961139884915e-01
6.075567573162366898e+04 9.937109190593437225e-01
6.075567599168436573e+04 9.904298865499596705e-01
6.075567625174506247e+04 1.000844119464184168e+00
6.075567651180575922e+04 9.944131912452215394e-01
6.075567677186645597e+04 9.908273484967191624e-01
6.075567703192715271e+04 9.916530343841122308e-01
6.075567729198784218e+04 9.909177590746542919e-01
6.075567755204853893e+04 1.000208564814584866e+00
6.075567781210924295e+04 1.001535257016451297e+00
6.075567807216993242e+04 9.888552886301400502e-01
6.075567833223062917e+04 9.913906820858646718e-01
6.075567859229132591e+04 9.832245649319549807e-01
6.075567885235202266e+04 9.864945989270176296e-01
6.075567911241271941e+04 1.003192176063214092e+00
6.075567937247341615e+04 9.961239568479310913e-01
6.075567963253411290e+04 9.963016832423837732e-01
6.075567989259480964e+04 9.843736058601403327e-01
6.075568015265550639e+04 9.870825569325331061e-01
6.075568041271620314e+04 1.000445560112348531e+00
6.075568067277689261e+04 9.860283332797749045e-01
6.075568093283759663e+04 9.908357778699198315e-01
6.075568119289829338e+04 9.873085381819826090e-01
6.075568145295898285e+04 9.994106849598567432e-01
6.075568171301968687e+04 9.850382487508932972e-01
6.075568197308037634e+04 1.003122481985115444e+00
6.075568223314107308e+04 9.943135228420190153e-01
6.075568249320177711e+04 1.000697443500028649e+00
6.075568275326246658e+04 1.000150885920319421e+00
6.075568301332316332e+04 9.947553728794221728e-01
6.075568327338386007e+04 9.948715797512084347e-01
6.075568483179301256e+04 9.870735896967497425e-01
6.075568509184680443e+04 9.954221057190298927e-01
6.075568535190059629e+04 1.000425445755752873e+00
6.075568561195438815e+04 9.823978956102498161e-01
6.075568587200818729e+04 9.906837882060175460e-01
6.075568613206199370e+04 9.817134740699565709e-01
6.075568639211578557e+04 9.970646423292448546e-01
6.075568665216957743e+04 9.795287690317144857e-01
6.075568691222336929e+04 9.813695265855729710e-01
6.075568717227716115e+04 9.944824800747590343e-01
6.075568743233096029e+04 9.960670632756589704e-01
6.075568769238475215e+04 9.866711026943266738e-01
6.075568795243854402e+04 9.884036841079526514e-01
6.075568821249233588e+04 9.863362655994023509e-01
6.075568847254613502e+04 9.867650498241363755e-01
6.075568873259992688e+04 9.897705848395262906e-01
6.075568899265372602e+04 9.930103261809615223e-01
6.075568925270752516e+04 9.848432122645973674e-01
6.075568951276131702e+04 9.912252077261668459e-01
6.075568977281511616e+04 9.745673711098256087e-01
6.075569003286890802e+04 9.837750074786144605e-01
6.075569029292269988e+04 9.927543643498957238e-01
6.075569055297649174e+04 9.935566759080708410e-01
6.075569081303029088e+04 9.953201644818371330e-01
6.075569107308408275e+04 9.959096078635243376e-01
6.075569133313787461e+04 9.962196573480412987e-01
6.075569159319166647e+04 1.005065544499388563e+00
6.075569185324547288e+04 9.825305413123507359e-01
6.075569211329927202e+04 9.918017879219411803e-01
6.075569237335306389e+04 9.977273049295237728e-01
6.075569263340685575e+04 9.980943640579225118e-01
6.075569289346064761e+04 9.907933204587211495e-01
6.075569315351444675e+04 9.977722033923411837e-01
6.075569341356823861e+04 9.841376194201306715e-01
6.075569367362203047e+04 9.907703743241508265e-01
6.075569393367582234e+04 9.889027455211633066e-01
6.075569419372962147e+04 9.938425198448610498e-01
6.075569445378341334e+04 9.959441405759409394e-01
6.075569471383720520e+04 9.834160780128576862e-01
6.075569497389100434e+04 9.964121341032974311e-01
6.075569523394481075e+04 9.815312025515957606e-01
6.075569549399860261e+04 9.910991991083087926e-01
6.075569575405239448e+04 9.744257177455198926e-01
6.075569601410618634e+04 9.846831077532800514e-01
6.075569627415998548e+04 9.837572410863797412e-01
6.075569653421377734e+04 9.890402810686124146e-01
6.075569679426756920e+04 9.863113518366978250e-01
6.075569705432136107e+04 9.936375962170840292e-01
6.075569731437516020e+04 9.910398432198005425e-01
6.075569757442895207e+04 9.796771035771888458e-01
6.075569783448274393e+04 9.996910195406185640e-01
6.075569809453654307e+04 9.933098381577289970e-01
6.075569835459034948e+04 9.872811120382942729e-01
6.075569861464414134e+04 9.833128972177984650e-01
6.075569887469793321e+04 9.951088254334077288e-01
6.075569913475172507e+04 9.800114819425531643e-01
6.075569939480552421e+04 9.950363388534807507e-01
6.075569965485931607e+04 9.982493025116625507e-01
6.075569991491310793e+04 9.925114044125010748e-01
6.075570017496689979e+04 9.850630224292532544e-01
6.075570043502069893e+04 9.922813552003775239e-01
6.075570069507449080e+04 9.822882570112086986e-01
6.075570095512828993e+04 9.918106757468725387e-01
6.075570121518208907e+04 9.904015631930860319e-01
6.075570147523588821e+04 9.846578324644973401e-01
6.075570173528968007e+04 9.878874291585338918e-01
6.075570199534347194e+04 9.913703170709884382e-01
6.075570225539727107e+04 9.782346542813107337e-01
6.075570251545106294e+04 9.886311941586429786e-01
6.075570277550485480e+04 9.814166599945889358e-01
6.075570303555864666e+04 9.955522441334565542e-01
6.075570329561244580e+04 9.902985618580393279e-01
6.075570355566623766e+04 9.833727423457114813e-01
6.075570381572002952e+04 1.001665074711772574e+00
6.075570407577382866e+04 9.884940939942076232e-01
6.075570433582763508e+04 9.862798033146512600e-01
6.075570459588142694e+04 9.863485569674763642e-01
6.075570485593521880e+04 9.869233713092746552e-01
6.075570511598901066e+04 9.825578538198823653e-01
6.075570537604280980e+04 9.969085039792223712e-01
6.075570563609660167e+04 9.932384951002670714e-01
6.075570589615039353e+04 9.979082250573219071e-01
6.075570615620419267e+04 9.731700443921784682e-01
6.075570641625798453e+04 9.889351155116694603e-01
6.075570667631177639e+04 9.903711221562407907e-01
6.075570693636557553e+04 9.853793710580424081e-01
6.075570719641938194e+04 9.901414725860006039e-01
6.075570745647317381e+04 9.927989482910546393e-01
6.075570771652696567e+04 9.841500435596112206e-01
6.075570797658076481e+04 9.946941676264831056e-01
6.075570823663455667e+04 9.956978904440175748e-01
6.075570849668834853e+04 9.830041964067984805e-01
6.075570875674214039e+04 9.893402034496346920e-01
6.075570901679593953e+04 1.003492161123632265e+00
6.075570927684973140e+04 9.847958957599507457e-01
6.075570953690352326e+04 9.905441783436145231e-01
6.075570979695732240e+04 9.939926323820689191e-01
6.075571005701112153e+04 9.832111799493512549e-01
6.075571031706492067e+04 9.900378628748777166e-01
6.075571057711871254e+04 9.819554152302241157e-01
6.075571083717251167e+04 9.918987684627843526e-01
6.075571109722630354e+04 9.922581724700255679e-01
6.075571135728009540e+04 9.982398663196874189e-01
6.075571161733389454e+04 1.003624116550809964e+00
6.075571187738768640e+04 9.935908002254758564e-01
6.075571213744147826e+04 9.952173818199835376e-01
6.075571239749527740e+04 1.002743232467631973e+00
6.075571265754906926e+04 9.734861763656547096e-01
6.075571291760286840e+04 9.974743687919684909e-01
6.075571317765666754e+04 9.847671004355746938e-01
6.075571474868715450e+04 9.933449577080771808e-01
6.075571500874785124e+04 1.002428330715879667e+00
6.075571526880854799e+04 9.911578051017261304e-01
6.075571552886924474e+04 9.824917306501903536e-01
6.075571578892994148e+04 9.986762532390232039e-01
6.075571604899063823e+04 9.916618252508024867e-01
6.075571630905133497e+04 9.993156128384600434e-01
6.075571656911203172e+04 9.901172908366721037e-01
6.075571682917273574e+04 9.936509102214990952e-01
6.075571708923342521e+04 9.847429374118877865e-01
6.075571734929412196e+04 9.868587901035225096e-01
6.075571760935482598e+04 9.880787899934715401e-01
6.075571786941552273e+04 9.838224653581153500e-01
6.075571812947621947e+04 9.795538482937992120e-01
6.075571838953690894e+04 9.870560205510954255e-01
6.075571864959761297e+04 9.948894021341083693e-01
6.075571890965830971e+04 9.867911319493746225e-01
6.075571916971899918e+04 9.803243057184162224e-01
6.075571942977970320e+04 9.973645445438280577e-01
6.075571968984039995e+04 9.935398364281585737e-01
6.075571994990109670e+04 9.834915145323737118e-01
6.075572020996180072e+04 9.891150404163077114e-01
6.075572047002249019e+04 9.852930465012471606e-01
6.075572073008318694e+04 1.005487171771692445e+00
6.075572099014388368e+04 9.868968368752076836e-01
6.075572125020458770e+04 9.984250228256056348e-01
6.075572151026528445e+04 9.893389121144446907e-01
6.075572177032597392e+04 9.934551736802978983e-01
6.075572203038667794e+04 9.977111816925228194e-01
6.075572229044737469e+04 9.857361786781284607e-01
6.075572255050806416e+04 9.898013737725092076e-01
6.075572281056877546e+04 9.885640488327250841e-01
6.075572307062946493e+04 9.895042242670566424e-01
6.075572333069016167e+04 9.984889117990227714e-01
6.075572359075086570e+04 9.985920324948480697e-01
6.075572385081155517e+04 9.944642009652598924e-01
6.075572411087225191e+04 9.900415613837009188e-01
6.075572437093294866e+04 1.003604690274749300e+00
6.075572463099365268e+04 9.920384433830445881e-01
6.075572489105434943e+04 9.896942432838080617e-01
6.075572515111503890e+04 9.927971967827934341e-01
6.075572541117574292e+04 1.001295640734761516e+00
6.075572567123643967e+04 9.831748877857450220e-01
6.075572593129713641e+04 9.856627251303962112e-01
6.075572619135784043e+04 1.002894198883865329e+00
6.075572645141852990e+04 9.902968387439929909e-01
6.075572671147922665e+04 1.000071831323501526e+00
6.075572697153993067e+04 9.977045288462977890e-01
6.075572723160062014e+04 9.945098632743515354e-01
6.075572749166131689e+04 1.006711965629679462e+00
6.075572775172202091e+04 9.934725140458980919e-01
6.075572801178271766e+04 9.952222462740916153e-01
6.075572827184341440e+04 1.012507438543511995e+00
6.075572853190411115e+04 9.962106383106192897e-01
6.075572879196480790e+04 9.954206477339930803e-01
6.075572905202550464e+04 1.001408815272528230e+00
6.075572931208620867e+04 9.949159619760843398e-01
6.075572957214690541e+04 9.959833046378393506e-01
6.075572983220759488e+04 9.926457490827805819e-01
6.075573009226829890e+04 9.950880617872093215e-01
6.075573035232899565e+04 9.845292915003658329e-01
6.075573061238968512e+04 9.989710171310342002e-01
6.075573087245038914e+04 9.846460206765216272e-01
6.075573113251108589e+04 9.992523279339649012e-01
6.075573139257178264e+04 9.964518027802403699e-01
6.075573165263248666e+04 9.975394824482919365e-01
6.075573191269317613e+04 9.962399919882830579e-01
6.075573217275387287e+04 9.871790259928128197e-01
6.075573243281457690e+04 9.914072810556900928e-01
6.075573269287527364e+04 9.929334373921875345e-01
6.075573295293597039e+04 9.893441635533992695e-01
6.075573321299666713e+04 9.980240539256687304e-01
6.075573347305736388e+04 1.001119682612920947e+00
6.075573373311806063e+04 1.001430288525998913e+00
6.075573399317875737e+04 1.003252693226244885e+00
6.075573425323946140e+04 9.930176663075892529e-01
6.075573451330015087e+04 1.000914764336163110e+00
6.075573477336085489e+04 1.013439893985033535e+00
6.075573503342155163e+04 9.868726448697624498e-01
6.075573529348224110e+04 9.902221467137722888e-01
6.075573555354294513e+04 9.880817893975538668e-01
6.075573581360364187e+04 1.000782595290051535e+00
6.075573607366434589e+04 1.007376268617690362e+00
6.075573633372504264e+04 1.003819207296860361e+00
6.075573659378573211e+04 1.002231333548062597e+00
6.075573685384643613e+04 1.007497809439237502e+00
6.075573711390713288e+04 1.006086898248449657e+00
6.075573737396782963e+04 1.003328745063019500e+00
6.075573763402853365e+04 9.948311397817291013e-01
6.075573789408922312e+04 9.914224609367766616e-01
6.075573815414991986e+04 1.007542782404385218e+00
6.075573841421062389e+04 9.969120674126403792e-01
6.075573867427131336e+04 1.002610112468298231e+00
6.075573893433201010e+04 9.860925467943929545e-01
6.075573919439271413e+04 1.008547706134818478e+00
6.075573945445341087e+04 9.883263561234454375e-01
6.075573971451411489e+04 9.924335254185547850e-01
6.075573997457480436e+04 9.958137873647681104e-01
6.075574023463550111e+04 9.994772528565835090e-01
6.075574049469620513e+04 9.864174461952441852e-01
6.075574075475690188e+04 1.001774737504993240e+00
6.075574101481759863e+04 9.978675469232999307e-01
6.075574127487829537e+04 9.969570601728029446e-01
6.075574153493899212e+04 9.931645879392588805e-01
6.075574179499969614e+04 1.010973172244848728e+00
6.075574205506038561e+04 1.008365636926559672e+00
6.075574231512108236e+04 1.002259330241797475e+00
6.075574257518178638e+04 1.002413326475912969e+00
6.075574283524248312e+04 1.002866886096784427e+00
6.075574309530317987e+04 9.972655435372694832e-01
6.075574483016229351e+04 1.007861055893502833e+00
6.075574509021608537e+04 1.011422148254830455e+00
6.075574535026989179e+04 9.940423112062293232e-01
6.075574561032369093e+04 9.910331378589702922e-01
6.075574587037748279e+04 9.910268755720843536e-01
6.075574613043128193e+04 9.898338656610714548e-01
6.075574639048507379e+04 9.921655544589617071e-01
6.075574665053887293e+04 1.001742447638619193e+00
6.075574691059266479e+04 1.002286354078929964e+00
6.075574717064645665e+04 9.968978866522311133e-01
6.075574743070025579e+04 9.970924594914004624e-01
6.075574769075404765e+04 1.004212834285380440e+00
6.075574795080784679e+04 9.900910353243863593e-01
6.075574821086163865e+04 1.006689174950308185e+00
6.075574847091544507e+04 1.004202219671084029e+00
6.075574873096924421e+04 9.955353081606963528e-01
6.075574899102303607e+04 9.947847408253676083e-01
6.075574925107683521e+04 9.989311822332689328e-01
6.075574951113062707e+04 9.987797220623276795e-01
6.075574977118442621e+04 9.999675907173125600e-01
6.075575003123821807e+04 9.987010542905198074e-01
6.075575029129201721e+04 1.008740531252404704e+00
6.075575055134580907e+04 9.960733604634914862e-01
6.075575081139960093e+04 1.006656566205280656e+00
6.075575107145340007e+04 1.001300889368031743e+00
6.075575133150719921e+04 1.000167602238920761e+00
6.075575159156100563e+04 1.000408172956401831e+00
6.075575185161479749e+04 9.891028023618710918e-01
6.075575211166859663e+04 9.945589355459938385e-01
6.075575237172238849e+04 9.906988942726241421e-01
6.075575263177618035e+04 1.011276180078932274e+00
6.075575289182997949e+04 9.928024270203920087e-01
6.075575315188377135e+04 1.007843439682737596e+00
6.075575341193757049e+04 1.000858487913830697e+00
6.075575367199136235e+04 9.991206111525338107e-01
6.075575393204516149e+04 1.013618198672189719e+00
6.075575419209895335e+04 9.831143915430504698e-01
6.075575445215275249e+04 9.945785628336470952e-01
6.075575471220655891e+04 9.946607381444445561e-01
6.075575497226035077e+04 9.852074502764170960e-01
6.075575523231414991e+04 1.007580638058359623e+00
6.075575549236794177e+04 9.929142596866270543e-01
6.075575575242174091e+04 1.013883513145248605e+00
6.075575601247553277e+04 9.975882543653317169e-01
6.075575627252933191e+04 9.972408912614093568e-01
6.075575653258312377e+04 9.983736784840490097e-01
6.075575679263691563e+04 9.901012805557887209e-01
6.075575705269071477e+04 9.909590707708001434e-01
6.075575731274451391e+04 9.990341994942951720e-01
6.075575757279832033e+04 9.912718734680435739e-01
6.075575783285211219e+04 9.964919995195625768e-01
6.075575809290591133e+04 9.913435294215249272e-01
6.075575835295970319e+04 1.000146306018453002e+00
6.075575861301350233e+04 9.961283433669755327e-01
6.075575887306729419e+04 1.003232838249180414e+00
6.075575913312109333e+04 9.881829064745129010e-01
6.075575939317488519e+04 9.957815044641343816e-01
6.075575965322867705e+04 9.791018275771893320e-01
6.075575991328247619e+04 9.896615882372377104e-01
6.075576017333626805e+04 9.786027509785544254e-01
6.075576043339007447e+04 9.796727396866922177e-01
6.075576069344387361e+04 1.003213913546327385e+00
6.075576095349767274e+04 9.913589420504093086e-01
6.075576121355146461e+04 9.975547858529670853e-01
6.075576147360526375e+04 9.975462244944460766e-01
6.075576173365905561e+04 9.972331114783627992e-01
6.075576199371285475e+04 9.882536332095884779e-01
6.075576225376664661e+04 9.942388940789200769e-01
6.075576251382044575e+04 9.892645846286464151e-01
6.075576277387423761e+04 9.907825725390149163e-01
6.075576303392802947e+04 9.982307918197220742e-01
6.075576329398183589e+04 1.004684658612554848e+00
6.075576355403563502e+04 9.904115083647435647e-01
6.075576381408943416e+04 1.002292455584848252e+00
6.075576407414322603e+04 9.886103138862276651e-01
6.075576433419702516e+04 9.922121770938420182e-01
6.075576459425081703e+04 9.920908086017979910e-01
6.075576485430461616e+04 9.839916537882565928e-01
6.075576511435840803e+04 9.979653397831735884e-01
6.075576537441220717e+04 9.887772620027814874e-01
6.075576563446599903e+04 9.975834761244285476e-01
6.075576589451979817e+04 1.008321527921192562e+00
6.075576615457359003e+04 9.968869439350969142e-01
6.075576641462739644e+04 9.845800731439783293e-01
6.075576667468119558e+04 9.884325785408221154e-01
6.075576693473499472e+04 1.000218166191403579e+00
6.075576719478878658e+04 9.843689608500489907e-01
6.075576745484258572e+04 9.925157216644925340e-01
6.075576771489637758e+04 9.902893674225416998e-01
6.075576797495017672e+04 9.824976389431913093e-01
6.075576823500396858e+04 1.001118816907307085e+00
6.075576849505776045e+04 9.937429153540863203e-01
6.075576875511155959e+04 9.853888706619426952e-01
6.075576901516535145e+04 9.825067119276650329e-01
6.075576927521915786e+04 9.967740515211644947e-01
6.075576953527295700e+04 9.884584654375949686e-01
6.075576979532675614e+04 1.004143664228624777e+00
6.075577005538054800e+04 9.766649589021304534e-01
6.075577031543434714e+04 9.972424816678717718e-01
6.075577057548813900e+04 9.888486572967044586e-01
6.075577083554193814e+04 9.929752940986330545e-01
6.075577109559573000e+04 9.967384182410387039e-01
6.075577135564952914e+04 9.972865125983854107e-01
6.075577161570332100e+04 9.905206176761623960e-01
6.075577187575712014e+04 9.918648948368469220e-01
6.075577213581091200e+04 1.004319035949045924e+00
6.075577239586471842e+04 9.909818304407705947e-01
6.075577265591851756e+04 9.887606453640558346e-01
6.075577291597231670e+04 9.795301183250373356e-01
6.075577317602610856e+04 9.936011749373871993e-01
