6.075585120116569306e+04 1.000221078874083291e+00
6.075585146121949219e+04 1.011736937766633870e+00
6.075585172127328406e+04 1.007011522116665780e+00
6.075585198132708319e+04 1.006526832779547576e+00
6.075585224138088233e+04 9.942878657810499954e-01
6.075585250143468147e+04 1.002778399045725966e+00
6.075585276148847333e+04 9.922678326598397547e-01
6.075585302154227247e+04 1.004765561826124642e+00
6.075585328159607161e+04 1.004100063796930842e+00
6.075585354164987803e+04 1.002175968045305954e+00
6.075585380170368444e+04 1.005052460466436592e+00
6.075585406175747630e+04 1.004300638686686176e+00
6.075585432181127544e+04 1.003605327584381479e+00
6.075585458186507458e+04 1.005593009631171153e+00
6.075585484191887372e+04 1.008347176507710996e+00
6.075585510197266558e+04 1.004517705995582988e+00
6.075585536202646472e+04 9.873231955057258924e-01
6.075585562208026386e+04 9.978511306002987302e-01
6.075585588213406299e+04 9.876046936181516189e-01
6.075585614218786213e+04 9.969574315374761797e-01
6.075585640224165400e+04 1.003848305546509501e+00
6.075585666229546041e+04 1.006536190544232268e+00
6.075585692234926682e+04 9.980108039565781519e-01
6.075585718240306596e+04 9.996702138989858044e-01
6.075585744245685783e+04 9.915207973404678299e-01
6.075585770251065696e+04 9.933636232480936856e-01
6.075585796256445610e+04 1.010882149865415469e+00
6.075585822261825524e+04 9.983248755469273927e-01
6.075585848267205438e+04 9.999553827655616178e-01
6.075585874272584624e+04 1.001694340795614480e+00
6.075585900277964538e+04 9.983390211994228602e-01
6.075585926283344452e+04 1.007421104299968118e+00
6.075585952288725093e+04 1.005256852730141981e+00
6.075585978294105735e+04 1.002653541040237961e+00
6.075586004299484921e+04 1.002604716638296312e+00
6.075586030304864835e+04 9.906991296412526182e-01
6.075586056310244749e+04 9.984874860206152114e-01
6.075586082315624662e+04 9.967634335992738848e-01
6.075586108321004576e+04 9.884053460467566721e-01
6.075586134326383763e+04 1.007184825153408347e+00
6.075586160331763676e+04 9.917705882738250267e-01
6.075586186337143590e+04 9.988416464153766494e-01
6.075586212342523504e+04 9.899269548538446317e-01
6.075586238347903418e+04 9.945560122766162747e-01
6.075586264353283332e+04 1.003458663532960760e+00
6.075586290358663973e+04 9.958069262653566067e-01
6.075586316364043887e+04 9.979010995292368902e-01
6.075586342369423801e+04 9.993723558712055421e-01
6.075586368374803715e+04 9.886036292915983958e-01
6.075586394380182901e+04 9.994461447971777490e-01
6.075586420385562815e+04 9.860920359533110746e-01
6.075586446390942729e+04 1.003749271765690843e+00
6.075586472396322642e+04 1.004214919227191638e+00
6.075586498401702556e+04 1.003288984409048679e+00
6.075586524407081743e+04 9.927733126481421699e-01
6.075586550412462384e+04 9.965677891374994379e-01
6.075586576417843025e+04 9.947897527672332485e-01
6.075586602423222939e+04 9.939933962061358041e-01
6.075586628428602853e+04 9.969909697307218766e-01
6.075586654433982039e+04 9.989555788395025893e-01
6.075586680439361953e+04 9.955773321261711661e-01
6.075586706444741867e+04 9.915437663576621707e-01
6.075586732450121781e+04 1.002657578078173906e+00
6.075586758455501695e+04 9.979519292585659063e-01
6.075586784460881609e+04 1.003670518074556428e+00
6.075586810466260795e+04 9.930327407218112468e-01
6.075586836471640709e+04 9.933231342535562280e-01
6.075586862477021350e+04 9.879782146402962262e-01
6.075586888482401991e+04 9.972098455838376285e-01
6.075586914487781905e+04 1.002092424583276964e+00
6.075586940493161092e+04 9.854056132186329586e-01
6.075586966498541005e+04 1.003500881065219952e+00
6.075586992503920919e+04 9.899830740309620847e-01
6.075587018509300833e+04 1.000996297898084419e+00
6.075587044514680747e+04 9.971235951059754798e-01
6.075587070520060661e+04 9.957264269266592471e-01
6.075587096525439847e+04 9.940580410007852086e-01
6.075587122530819761e+04 9.902436988231756443e-01
6.075587148536199675e+04 9.846529134429131691e-01
6.075587174541581044e+04 1.007941392056825203e+00
6.075587200546960958e+04 9.985969382620292212e-01
6.075587226552340871e+04 1.007125356388778314e+00
6.075587252557720058e+04 9.925801055833322062e-01
6.075587278563099972e+04 9.999843116060617154e-01
6.075587304568479885e+04 9.906524180198430507e-01
6.075587330573859799e+04 9.908910990595908297e-01
6.075587356579239713e+04 9.944668006202572741e-01
6.075587382584619627e+04 9.954289377973798425e-01
6.075587408589998813e+04 1.006734300815507410e+00
6.075587434595378727e+04 9.910117610812911870e-01
6.075587460600759368e+04 9.833024219303724278e-01
6.075587486606140010e+04 9.922698759367249988e-01
6.075587512611519924e+04 9.912200089966418659e-01
6.075587538616899838e+04 9.994609847129983793e-01
6.075587564622279751e+04 9.887430476484556641e-01
6.075587590627658938e+04 9.972119885839916265e-01
6.075587616633038851e+04 9.909357675412906463e-01
6.075587642638418765e+04 1.007083108036013419e+00
6.075587668643798679e+04 9.904701860800235735e-01
6.075587694649178593e+04 9.892970785437404935e-01
6.075587720654558507e+04 9.999426053719110419e-01
6.075587746659937693e+04 9.919747787110144710e-01
6.075587772665318334e+04 1.003686254568982639e+00
6.075587798670698976e+04 9.965094665629752324e-01
6.075587824676078890e+04 9.968913337174772904e-01
6.075587850681458804e+04 9.886708627517744041e-01
6.075587876686838717e+04 9.918280029653678831e-01
6.075587902692218631e+04 9.995635806472878970e-01
6.075587928697597818e+04 1.007196428844230107e+00
6.075587954702977731e+04 9.930736463443673445e-01
6.075588115586427011e+04 9.939841635322783642e-01
6.075588141592496686e+04 9.897708571598002880e-01
6.075588167598567088e+04 9.903037860536935133e-01
6.075588193604636763e+04 9.957231486197858361e-01
6.075588219610707165e+04 9.933047607514574606e-01
6.075588245616777567e+04 1.003690686036469604e+00
6.075588271622847242e+04 1.004633750573820539e+00
6.075588297628917644e+04 9.974289865165076874e-01
6.075588323634988046e+04 9.983270949741042122e-01
6.075588349641056993e+04 1.004889658794452023e+00
6.075588375647127395e+04 9.957386916625412532e-01
6.075588401653197798e+04 1.000135852512749057e+00
6.075588427659268200e+04 1.003792555597541547e+00
6.075588453665338602e+04 9.940101802931888830e-01
6.075588479671408277e+04 9.958068968009606836e-01
6.075588505677478679e+04 1.004026642972276395e+00
6.075588531683548354e+04 1.003881733104575291e+00
6.075588557689618756e+04 9.929681532691965185e-01
6.075588583695689158e+04 9.899278963242674756e-01
6.075588609701758833e+04 9.939981561142223754e-01
6.075588635707829235e+04 1.011178744787322392e+00
6.075588661713899637e+04 1.002084963912479587e+00
6.075588687719969312e+04 1.004946337409577284e+00
6.075588713726038986e+04 9.968896423979692889e-01
6.075588739732109389e+04 9.944818136783368789e-01
6.075588765738179791e+04 1.008892908985681514e+00
6.075588791744250193e+04 9.979650032139328886e-01
6.075588817750319868e+04 1.001559405871098152e+00
6.075588843756390270e+04 1.004648498825149838e+00
6.075588869762460672e+04 1.007380670178282589e+00
6.075588895768530347e+04 9.890787636661810822e-01
6.075588921774600749e+04 9.926565020910115278e-01
6.075588947780670424e+04 1.008229254819251963e+00
6.075588973786740826e+04 1.008264652320087773e+00
6.075588999792811228e+04 9.912704175767738102e-01
6.075589025798880903e+04 1.001657781535140623e+00
6.075589051804952032e+04 1.004736457868607324e+00
6.075589077811021707e+04 9.963808483120394355e-01
6.075589103817091382e+04 1.002188823443070698e+00
6.075589129823161784e+04 9.963068360658670075e-01
6.075589155829231458e+04 9.950178987961185717e-01
6.075589181835301861e+04 9.904691571041870368e-01
6.075589207841372263e+04 9.939649037482249927e-01
6.075589233847442665e+04 1.001196927306769346e+00
6.075589259853513067e+04 1.000026041513100150e+00
6.075589285859582742e+04 9.985874560542504774e-01
6.075589311865652417e+04 1.002274485212159894e+00
6.075589337871722819e+04 9.994121635256950631e-01
6.075589363877793221e+04 9.925689059374346312e-01
6.075589389883863623e+04 9.951017057772002516e-01
6.075589415889933298e+04 1.013136841790891696e+00
6.075589441896003700e+04 9.965819906755986057e-01
6.075589467902074102e+04 1.006180521358292390e+00
6.075589493908143777e+04 1.006826396900387888e+00
6.075589519914213452e+04 9.962317904122141021e-01
6.075589545920283854e+04 1.004642683802241310e+00
6.075589571926354256e+04 1.003712837035690697e+00
6.075589597932424658e+04 9.990147923547878506e-01
6.075589623938494333e+04 1.009012284477064814e+00
6.075589649944564735e+04 1.002182624558906499e+00
6.075589675950635137e+04 1.008762664071579218e+00
6.075589701956705539e+04 9.946162034582721745e-01
6.075589727962775942e+04 9.934336217184109863e-01
6.075589753968844889e+04 1.005632365985514864e+00
6.075589779974915291e+04 1.000685867660253470e+00
6.075589805980985693e+04 1.005961337002308165e+00
6.075589831987055368e+04 9.987198419289721185e-01
6.075589857993125770e+04 1.011027498560098659e+00
6.075589883999196172e+04 1.007070731698143762e+00
6.075589910005266574e+04 1.009626564352292144e+00
6.075589936011336977e+04 1.004660081480098777e+00
6.075589962017406651e+04 1.006810520786149299e+00
6.075589988023477054e+04 1.008667470788668030e+00
6.075590014029546728e+04 9.975290875395101953e-01
6.075590040035617130e+04 1.012898891266725387e+00
6.075590066041687533e+04 1.002528843595672292e+00
6.075590092047757207e+04 1.001619535951361550e+00
6.075590118053827609e+04 1.004176952585642324e+00
6.075590144059898012e+04 1.011032151219714015e+00
6.075590170065967686e+04 1.004250133761600772e+00
6.075590196072038816e+04 1.007037912776924227e+00
6.075590222078108491e+04 1.012744414424193717e+00
6.075590248084178893e+04 1.002775674558483043e+00
6.075590274090249295e+04 9.991709500828939161e-01
6.075590300096318242e+04 1.012428689719599539e+00
6.075590326102388644e+04 1.003920854567277976e+00
6.075590352108459047e+04 1.007167902291720374e+00
6.075590378114529449e+04 9.992219977938624487e-01
6.075590404120599851e+04 1.006297859656072324e+00
6.075590430126669526e+04 1.004436723921052321e+00
6.075590456132739928e+04 1.017045522533733370e+00
6.075590482138810330e+04 1.005081561992105188e+00
6.075590508144880732e+04 1.012186181603500712e+00
6.075590534150951135e+04 1.002454006159122279e+00
6.075590560157020809e+04 1.000983433177294657e+00
6.075590586163091211e+04 1.005607918734199524e+00
6.075590612169160886e+04 1.009771309581080079e+00
6.075590638175230561e+04 1.005346955499513584e+00
6.075590664181300963e+04 1.005841739190219908e+00
6.075590690187371365e+04 1.008513788741661976e+00
6.075590716193441767e+04 1.001079185651867487e+00
6.075590742199512169e+04 1.005310383558307930e+00
6.075590768205581844e+04 1.006536904957372469e+00
6.075590794211652246e+04 1.004619105947396784e+00
6.075590820217722649e+04 1.002755615316839766e+00
6.075590846223793051e+04 1.004508325456975992e+00
6.075590872229863453e+04 1.013546656683745217e+00
6.075590898235933128e+04 1.013841190065685183e+00
6.075590924242003530e+04 9.963509993807933007e-01
6.075590950248073932e+04 1.013448118842023238e+00
6.075591106051386305e+04 1.011283555904010978e+00
6.075591132057445793e+04 1.014740408875736133e+00
6.075591158063505281e+04 1.012280544684090566e+00
6.075591184069564770e+04 1.006665796148725756e+00
6.075591210075624258e+04 1.004940816612649890e+00
6.075591236081683746e+04 1.011274740944605233e+00
6.075591262087743235e+04 1.017627736638000879e+00
6.075591288093802723e+04 1.014465576432369565e+00
6.075591314099862211e+04 1.006847825357203741e+00
6.075591340105922427e+04 9.946962680919064770e-01
6.075591366111981915e+04 1.008046893271422162e+00
6.075591392118041404e+04 1.005497080579847546e+00
6.075591418124100892e+04 1.004628535457804173e+00
6.075591444130160380e+04 1.002416823193888584e+00
6.075591470136219868e+04 1.011823977259924900e+00
6.075591496142279357e+04 1.003040029022919777e+00
6.075591522148338845e+04 1.009142960019485225e+00
6.075591548154399061e+04 9.951045900157033941e-01
6.075591574160458549e+04 1.007858780527245646e+00
6.075591600166518037e+04 1.009530026902927480e+00
6.075591626172577526e+04 1.015008750779493374e+00
6.075591652178637742e+04 1.007145479518774867e+00
6.075591678184697230e+04 1.010261541460291124e+00
6.075591704190756718e+04 1.009293359533104617e+00
6.075591730196816206e+04 1.015501254395492436e+00
6.075591756202875695e+04 1.016704015712884157e+00
6.075591782208935183e+04 1.004875794597279492e+00
6.075591808214994671e+04 1.001835089147727453e+00
6.075591834221054160e+04 1.010066969905286882e+00
6.075591860227113648e+04 1.002708999242575727e+00
6.075591886233173136e+04 1.007103910726525609e+00
6.075591912239232624e+04 1.013556928863030615e+00
6.075591938245292840e+04 1.004620478797093153e+00
6.075591964251352329e+04 1.000752967247081182e+00
6.075591990257411817e+04 1.001227609226677195e+00
6.075592016263471305e+04 1.002731511546545162e+00
6.075592042269530793e+04 1.001384021264190460e+00
6.075592068275590282e+04 1.000680341816428065e+00
6.075592094281649770e+04 9.942526902776177566e-01
6.075592120287709986e+04 9.989435465811938863e-01
6.075592146293769474e+04 1.001198116320064502e+00
6.075592172299828962e+04 1.012951144515070956e+00
6.075592198305888451e+04 1.003076615849644027e+00
6.075592224311948667e+04 1.009719610994554984e+00
6.075592250318008155e+04 1.002421976615228250e+00
6.075592276324067643e+04 9.973321157600136821e-01
6.075592302330127131e+04 9.961631800727905883e-01
6.075592328336186620e+04 9.991938671399375194e-01
6.075592354342246108e+04 1.006330171927547479e+00
6.075592380348305596e+04 1.000561165189224777e+00
6.075592406354365812e+04 1.004294850535988104e+00
6.075592432360425300e+04 1.008787671756180337e+00
6.075592458366484789e+04 9.998176883451213026e-01
6.075592484372544277e+04 9.948648543257495591e-01
6.075592510378604493e+04 1.009992398464988117e+00
6.075592536384663981e+04 1.010338962466623247e+00
6.075592562390723469e+04 1.001512670767562341e+00
6.075592588396782958e+04 1.007028613364471692e+00
6.075592614402842446e+04 1.006999051043404370e+00
6.075592640408901934e+04 1.000974764160439845e+00
6.075592666414961423e+04 1.005134947069955764e+00
6.075592692421020911e+04 9.950049569174109765e-01
6.075592718427081127e+04 1.005663117702550569e+00
6.075592744433140615e+04 9.919180223224284276e-01
6.075592770439200103e+04 9.968398600376819907e-01
6.075592796445260319e+04 1.010044966477249284e+00
6.075592822451319807e+04 1.006246395004288807e+00
6.075592848457379296e+04 1.009691014855861546e+00
6.075592874463438784e+04 1.002036077841073958e+00
6.075592900469498272e+04 1.001273606515845183e+00
6.075592926475557761e+04 1.004735148018128355e+00
6.075592952481617249e+04 1.011635845607965045e+00
6.075592978487676737e+04 9.989453744823090231e-01
6.075593004493736953e+04 1.002747248540329705e+00
6.075593030499796441e+04 9.972980383826388628e-01
6.075593056505855930e+04 9.892757567155818776e-01
6.075593082511916145e+04 1.007499724995590595e+00
6.075593108517975634e+04 9.968112521107491686e-01
6.075593134524035122e+04 9.970736960577665231e-01
6.075593160530094610e+04 9.970825795822162441e-01
6.075593186536154099e+04 1.000250550579609765e+00
6.075593212542213587e+04 9.989539673823383259e-01
6.075593238548273075e+04 9.986337319900500109e-01
6.075593264554332563e+04 1.010864696558147147e+00
6.075593290560392779e+04 9.922476090829041029e-01
6.075593316566452268e+04 9.980994510037524137e-01
6.075593342572511756e+04 1.004579779743540069e+00
6.075593368578571244e+04 9.965325120448195184e-01
6.075593394584631460e+04 1.010068471817494595e+00
6.075593420590690948e+04 1.003380263990649945e+00
6.075593446596750437e+04 9.892048198171375928e-01
6.075593472602809925e+04 9.991985049895201199e-01
6.075593498608869413e+04 9.976989376240096297e-01
6.075593524614928901e+04 1.004770671198692567e+00
6.075593550620988390e+04 9.936108052196477303e-01
6.075593576627048606e+04 1.003423271033097031e+00
6.075593602633108094e+04 9.997810038573482494e-01
6.075593628639167582e+04 9.999632865705279094e-01
6.075593654645227070e+04 9.939820339151995698e-01
6.075593680651287286e+04 1.019259964724739786e+00
6.075593706657346775e+04 1.002720478405954907e+00
6.075593732663406263e+04 1.013412586598316789e+00
6.075593758669465751e+04 1.006502620396196201e+00
6.075593784675525239e+04 1.004791237422029582e+00
6.075593810681584728e+04 9.910186543532852887e-01
6.075593836687644216e+04 9.897735081727884188e-01
6.075593862693704432e+04 9.925855233883471573e-01
6.075593888699763920e+04 9.931995831057970348e-01
6.075593914705823408e+04 9.933271855008207751e-01
6.075593940711883624e+04 1.001274518868454644e+00
6.075594106598430517e+04 1.012795054550190477e+00
6.075594132604500919e+04 9.940190241910495939e-01
6.075594158610571321e+04 1.000575551321300827e+00
6.075594184616640996e+04 9.916219864376816240e-01
6.075594210622711398e+04 9.911355331944903257e-01
6.075594236628781800e+04 9.925748457654840484e-01
6.075594262634852203e+04 9.935096875166125052e-01
6.075594288640922605e+04 1.004434784400098257e+00
6.075594314646992279e+04 1.002921220928097989e+00
6.075594340653063409e+04 9.894342416901678039e-01
6.075594366659133811e+04 9.935055168395386938e-01
6.075594392665203486e+04 1.001856160296512810e+00
6.075594418671273888e+04 1.003638682122859338e+00
6.075594444677344291e+04 9.971375955165541205e-01
6.075594470683414693e+04 9.919027450302926319e-01
6.075594496689485095e+04 9.975380610331173736e-01
6.075594522695554770e+04 9.965068142635695736e-01
6.075594548701625172e+04 1.001899380666258610e+00
6.075594574707695574e+04 1.000757856269386847e+00
6.075594600713765976e+04 1.001266526038633975e+00
6.075594626719836378e+04 1.002007149029893407e+00
6.075594652725906053e+04 1.010185782947300215e+00
6.075594678731976455e+04 9.966841750549060297e-01
6.075594704738046858e+04 9.944137657129380470e-01
6.075594730744116532e+04 9.868956452266153256e-01
6.075594756750187662e+04 9.994798250119527605e-01
6.075594782756257337e+04 9.933173414131111212e-01
6.075594808762328466e+04 9.968473956114070056e-01
6.075594834768398869e+04 1.000395889971843033e+00
6.075594860774468543e+04 9.988981160048590047e-01
6.075594886780538945e+04 1.001966542576971264e+00
6.075594912786609348e+04 1.003817645863121388e+00
6.075594938792679750e+04 1.002814949979629056e+00
6.075594964798750152e+04 9.883325662652876487e-01
6.075594990804819827e+04 9.939268983348996667e-01
6.075595016810890229e+04 9.891226400236222682e-01
6.075595042816960631e+04 9.963480023165020016e-01
6.075595068823031033e+04 9.793678356567301346e-01
6.075595094829101436e+04 1.000988140680465488e+00
6.075595120835171110e+04 9.984274950938847315e-01
6.075595146841241512e+04 1.000893110217792259e+00
6.075595172847312642e+04 1.007142787593094946e+00
6.075595198853382317e+04 1.007809203414106847e+00
6.075595224859452719e+04 9.819502054620186104e-01
6.075595250865523121e+04 1.005535364516812136e+00
6.075595276871593524e+04 1.001432074521535709e+00
6.075595302877663926e+04 9.917596737514198235e-01
6.075595328883733600e+04 1.002782112114424695e+00
6.075595354889804003e+04 1.003557718558210521e+00
6.075595380895874405e+04 9.928476231876151026e-01
6.075595406901944807e+04 1.001021350404459609e+00
6.075595432908015209e+04 9.959700194891998315e-01
6.075595458914084884e+04 9.944717158831268833e-01
6.075595484920156014e+04 9.977913879484049398e-01
6.075595510926226416e+04 9.825153698668224189e-01
6.075595536932296091e+04 9.930709464273612674e-01
6.075595562938366493e+04 9.897614646862306076e-01
6.075595588944436895e+04 9.892477348034622864e-01
6.075595614950507297e+04 9.912577351368416778e-01
6.075595640956577699e+04 9.979865540748887875e-01
6.075595666962647374e+04 9.956812416114497744e-01
6.075595692968717776e+04 9.910946977784864664e-01
6.075595718974788178e+04 9.892047585822560940e-01
6.075595744980858581e+04 9.937496064760955594e-01
6.075595770986929710e+04 9.966605655271941755e-01
6.075595796992999385e+04 1.005566011101155288e+00
6.075595822999069787e+04 1.001139192618010432e+00
6.075595849005140190e+04 9.899704140485087178e-01
6.075595875011209864e+04 1.002917956533516008e+00
6.075595901017280994e+04 9.943938843035962094e-01
6.075595927023350669e+04 9.869272991130993988e-01
6.075595953029421071e+04 9.961932193738545216e-01
6.075595979035491473e+04 9.940583703560870177e-01
6.075596005041561148e+04 1.000578078182147834e+00
6.075596031047632277e+04 9.927369342239361627e-01
6.075596057053702680e+04 9.949760989718876569e-01
6.075596083059773082e+04 1.003425392877557609e+00
6.075596109065843484e+04 9.837806492977295703e-01
6.075596135071913159e+04 9.913335100251288168e-01
6.075596161077983561e+04 9.924363722748911210e-01
6.075596187084053963e+04 9.895798367643463544e-01
6.075596213090124365e+04 9.963219120900744796e-01
6.075596239096194768e+04 1.001154306152296725e+00
6.075596265102265170e+04 1.003293211902801296e+00
6.075596291108335572e+04 9.984684089204810542e-01
6.075596317114405974e+04 9.978606580389544067e-01
6.075596343120475649e+04 1.000722733001299769e+00
6.075596369126546051e+04 9.986258867370518821e-01
6.075596395132616453e+04 9.942433738977994873e-01
6.075596421138686856e+04 9.904969683319423401e-01
6.075596447144757258e+04 9.974464747526371466e-01
6.075596473150827660e+04 1.002214812398361632e+00
6.075596499156898062e+04 9.927571568749337105e-01
6.075596525162968464e+04 9.943878723557318944e-01
6.075596551169038867e+04 1.004175879356365098e+00
6.075596577175109269e+04 9.886311439301797011e-01
6.075596603181178943e+04 9.989880384230098720e-01
6.075596629187249346e+04 9.966532798341326549e-01
6.075596655193319748e+04 9.986623639200702396e-01
6.075596681199390150e+04 9.981075338745594161e-01
6.075596707205460552e+04 1.000974453169126477e+00
6.075596733211530955e+04 9.963434889066834499e-01
6.075596759217601357e+04 1.004154622538598884e+00
6.075596785223671759e+04 1.001310953016297578e+00
6.075596811229741434e+04 9.908975820321845873e-01
6.075596837235811836e+04 1.005742606732246580e+00
6.075596863241882238e+04 1.007804733344193515e+00
6.075596889247953368e+04 9.950169608676769917e-01
6.075596915254023770e+04 9.975429391394252665e-01
6.075596941260093445e+04 9.885636314671683023e-01
6.075597102105359954e+04 1.013449415209989768e+00
6.075597128111420170e+04 1.004827284782212171e+00
6.075597154117479658e+04 1.000670052117610398e+00
6.075597180123539147e+04 9.998946993580226650e-01
6.075597206129598635e+04 1.006520064004353454e+00
6.075597232135658123e+04 1.001118046142391638e+00
6.075597258141718339e+04 9.961714951680092911e-01
6.075597284147777827e+04 9.912004842750915534e-01
6.075597310153837316e+04 9.961344063536893279e-01
6.075597336159897532e+04 9.995910865959400926e-01
6.075597362165957020e+04 9.935377627899883990e-01
6.075597388172016508e+04 1.000545523952595772e+00
6.075597414178077452e+04 1.005469452221764870e+00
6.075597440184136940e+04 9.895539107043169746e-01
6.075597466190196428e+04 1.007288319235758234e+00
6.075597492196255916e+04 9.959817506351982264e-01
6.075597518202315405e+04 1.012003994024980313e+00
6.075597544208374893e+04 1.002116383209986639e+00
6.075597570214434381e+04 1.003495159442816975e+00
6.075597596220494597e+04 1.000766099913545926e+00
6.075597622226554813e+04 1.011344880209000374e+00
6.075597648232614301e+04 9.915769333397291829e-01
6.075597674238673790e+04 1.000466259912044631e+00
6.075597700244734006e+04 9.995913366981511450e-01
6.075597726250793494e+04 9.969625097088037347e-01
6.075597752256853710e+04 1.003286236003844367e+00
6.075597778262913198e+04 9.972472494081544570e-01
6.075597804268972686e+04 1.000248576748973051e+00
6.075597830275032175e+04 1.002470132545338677e+00
6.075597856281091663e+04 9.952767457291686881e-01
6.075597882287151151e+04 1.013812148804681623e+00
6.075597908293212095e+04 1.006119449405637800e+00
6.075597934299271583e+04 9.941310081292094036e-01
6.075597960305331071e+04 1.008301831103691315e+00
6.075597986311390559e+04 9.969479958316007639e-01
6.075598012317450775e+04 1.005409803009659875e+00
6.075598038323510264e+04 1.001880186684948715e+00
6.075598064329570479e+04 1.001455678644984859e+00
6.075598090335629968e+04 1.005147920104962012e+00
6.075598116341689456e+04 9.952220302029739507e-01
6.075598142347748944e+04 1.004263023149529532e+00
6.075598168353808433e+04 1.002222660051938163e+00
6.075598194359869376e+04 1.000528343149738264e+00
6.075598220365928864e+04 1.000997849144484642e+00
6.075598246371988353e+04 1.001452347832707535e+00
6.075598272378047841e+04 9.931776099795858181e-01
6.075598298384108057e+04 9.901750817823290474e-01
6.075598324390167545e+04 1.004347371853081095e+00
6.075598350396227761e+04 1.003505606802956862e+00
6.075598376402287249e+04 1.005868478821349887e+00
6.075598402408346738e+04 1.003750593400804858e+00
6.075598428414406226e+04 1.006759799671671507e+00
6.075598454420465714e+04 9.976883917158748671e-01
6.075598480426526658e+04 1.015417946701358431e+00
6.075598506432586146e+04 9.936004158691771337e-01
6.075598532438645634e+04 1.007954514681592473e+00
6.075598558444705122e+04 1.014753065288273026e+00
6.075598584450765338e+04 1.000690296115337441e+00
6.075598610456825554e+04 1.011277773259930957e+00
6.075598636462885042e+04 1.002256933099300307e+00
6.075598662468944531e+04 1.015663068139802894e+00
6.075598688475004019e+04 1.009171025131699873e+00
6.075598714481063507e+04 9.968201614573500846e-01
6.075598740487123723e+04 1.001119141222754250e+00
6.075598766493183211e+04 1.006978662372965960e+00
6.075598792499243427e+04 9.900082428344441077e-01
6.075598818505302916e+04 1.003452032737483401e+00
6.075598844511362404e+04 1.001028300354239287e+00
6.075598870517423347e+04 1.002538385249285291e+00
6.075598896523482836e+04 1.005520997632286084e+00
6.075598922529542324e+04 9.967870189415466431e-01
6.075598948535601812e+04 1.005503983771008247e+00
6.075598974541661300e+04 1.004938964481459474e+00
6.075599000547721516e+04 1.004163971181082582e+00
6.075599026553781005e+04 1.014121518776941233e+00
6.075599052559840493e+04 1.014588220528894968e+00
6.075599078565900709e+04 9.980423363567458850e-01
6.075599104571960197e+04 1.008503598565772652e+00
6.075599130578020413e+04 1.006164610666622439e+00
6.075599156584080629e+04 1.006681255034886258e+00
6.075599182590140117e+04 1.001269429119752141e+00
6.075599208596199605e+04 1.010194339865241986e+00
6.075599234602259094e+04 9.924603534619877987e-01
6.075599260608319310e+04 1.002916788275836302e+00
6.075599286614378798e+04 1.002805599040345275e+00
6.075599312620438286e+04 1.006816132857856205e+00
6.075599338626497774e+04 1.013182819480289432e+00
6.075599364632558718e+04 1.003635966889681486e+00
6.075599390638618206e+04 1.001024758148035376e+00
6.075599416644677694e+04 1.003696391078388928e+00
6.075599442650737910e+04 1.012434625075515404e+00
6.075599468656797399e+04 1.008341357310764463e+00
6.075599494662857614e+04 1.005479331355235040e+00
6.075599520668917103e+04 1.002517110557573421e+00
6.075599546674976591e+04 1.006221162309655082e+00
6.075599572681036079e+04 1.000696284451743967e+00
6.075599598687096295e+04 1.004257208666968770e+00
6.075599624693155783e+04 1.003014987776441158e+00
6.075599650699215999e+04 1.001095926918729617e+00
6.075599676705275488e+04 1.006862354998715237e+00
6.075599702711334976e+04 1.002667379609111453e+00
6.075599728717395192e+04 1.000186827197988348e+00
6.075599754723455408e+04 1.008867650076167077e+00
6.075599780729514896e+04 1.002211318760708680e+00
6.075599806735574384e+04 9.946926773924856802e-01
6.075599832741634600e+04 1.002437556657268747e+00
6.075599858747694088e+04 1.007967171040226928e+00
6.075599884753753577e+04 1.014125346857413845e+00
6.075599910759813065e+04 1.003326542173136104e+00
6.075599936765874008e+04 1.008807473598398508e+00
6.075600091310295102e+04 1.012720127025746431e+00
6.075600117316365504e+04 1.001687026304366013e+00
6.075600143322435179e+04 9.989787345570583232e-01
6.075600169328505581e+04 1.002305542728955112e+00
6.075600195334576711e+04 1.010061954731269251e+00
6.075600221340647113e+04 1.009784854746869742e+00
6.075600247346717515e+04 1.005560234669324871e+00
6.075600273352787190e+04 1.010129963018897570e+00
6.075600299358858319e+04 1.004599647951436081e+00
6.075600325364928722e+04 9.918246578038629746e-01
6.075600351370998396e+04 1.011031289149121992e+00
6.075600377377069526e+04 1.004935783320932918e+00
6.075600403383139928e+04 1.007779943806714096e+00
6.075600429389210331e+04 1.017916624124134195e+00
6.075600455395280733e+04 1.015450748151264238e+00
6.075600481401350407e+04 1.001769273267347771e+00
6.075600507407421537e+04 1.019217273720404604e+00
6.075600533413491939e+04 1.000520815056687329e+00
6.075600559419562342e+04 1.003137666477277312e+00
6.075600585425632744e+04 1.013666768202400759e+00
6.075600611431703146e+04 9.951552799028735574e-01
6.075600637437773548e+04 1.002836946252317674e+00
6.075600663443843951e+04 1.003202304811243950e+00
6.075600689449914353e+04 1.003393975913697833e+00
6.075600715455985483e+04 1.003578768802507071e+00
6.075600741462055157e+04 1.001237112137233654e+00
6.075600767468125559e+04 9.993426133240000953e-01
6.075600793474195962e+04 1.003046233969145273e+00
6.075600819480266364e+04 9.964609688745453830e-01
6.075600845486336766e+04 1.002721054447587079e+00
6.075600871492407168e+04 1.011086385172092150e+00
6.075600897498478298e+04 1.008350765928434312e+00
6.075600923504548700e+04 1.000618210290893373e+00
6.075600949510618375e+04 1.005054796094852376e+00
6.075600975516688777e+04 1.002725465044928210e+00
6.075601001522759907e+04 9.968679943819234168e-01
6.075601027528830309e+04 1.007707209282529215e+00
6.075601053534900711e+04 9.971970468617981087e-01
6.075601079540970386e+04 1.005349430751055761e+00
6.075601105547041516e+04 1.000654296371080054e+00
6.075601131553111918e+04 1.000543539310029484e+00
6.075601157559181593e+04 1.007575337856547515e+00
6.075601183565252722e+04 1.002181478561317007e+00
6.075601209571323125e+04 1.004701771691482337e+00
6.075601235577393527e+04 9.979457699436651286e-01
6.075601261583463929e+04 9.860985707152536417e-01
6.075601287589534331e+04 9.964653583955461746e-01
6.075601313595604734e+04 9.967318551448479669e-01
6.075601339601675136e+04 9.938349789469838047e-01
6.075601365607746266e+04 1.000043993601959835e+00
6.075601391613816668e+04 1.003313091830811299e+00
6.075601417619886342e+04 9.952398251821737984e-01
6.075601443625956745e+04 1.010880293916426975e+00
6.075601469632027874e+04 9.918209596836951025e-01
6.075601495638097549e+04 9.876056628245607483e-01
6.075601521644168679e+04 9.910169827465271641e-01
6.075601547650239081e+04 9.976366340906680508e-01
6.075601573656309483e+04 9.977470640405953217e-01
6.075601599662379886e+04 9.971029294221578354e-01
6.075601625668450288e+04 1.010574030466366624e+00
6.075601651674520690e+04 9.947323676361917721e-01
6.075601677680591092e+04 1.000503796486625019e+00
6.075601703686661494e+04 9.999226980422831756e-01
6.075601729692732624e+04 9.960686495151347408e-01
6.075601755698802299e+04 9.844231987401614870e-01
6.075601781704872701e+04 9.906005845156758971e-01
6.075601807710943831e+04 9.988069504193991532e-01
6.075601833717014233e+04 9.986594380518677427e-01
6.075601859723084635e+04 9.951612171652851613e-01
6.075601885729155038e+04 1.008655949509722483e+00
6.075601911735225440e+04 9.886447530189362842e-01
6.075601937741295842e+04 1.003849830295856060e+00
6.075601963747365517e+04 9.974666033089878425e-01
6.075601989753436646e+04 9.903987106097067450e-01
6.075602015759507049e+04 9.969063523925092429e-01
6.075602041765577451e+04 9.974220458924493160e-01
6.075602067771648581e+04 9.983610770353109620e-01
6.075602093777718255e+04 9.961593479885175739e-01
6.075602119783788658e+04 1.002578017763720464e+00
6.075602145789859787e+04 9.944954896636172270e-01
6.075602171795930190e+04 1.007545179707011629e+00
6.075602197802000592e+04 1.005995942257903009e+00
6.075602223808070994e+04 9.935850387581991461e-01
6.075602249814141396e+04 1.001590771645483269e+00
6.075602275820211798e+04 9.902814205210529463e-01
6.075602301826282201e+04 9.961303350509351784e-01
6.075602327832352603e+04 1.011446572633657004e+00
6.075602353838423005e+04 9.923956395117594642e-01
6.075602379844494135e+04 1.009034113885298067e+00
6.075602405850564537e+04 9.943440607575655399e-01
6.075602431856634212e+04 9.968607521209034150e-01
6.075602457862704614e+04 1.005546766517689594e+00
6.075602483868775744e+04 1.004205084741613963e+00
6.075602509874846146e+04 9.914405643867262308e-01
6.075602535880916548e+04 9.924132220896821899e-01
6.075602561886986950e+04 1.004111796765830400e+00
6.075602587893057353e+04 9.886865252186428643e-01
6.075602613899127755e+04 1.001696491948043111e+00
6.075602639905198885e+04 9.904044522988160182e-01
6.075602665911269287e+04 9.961684933694801014e-01
6.075602691917338962e+04 1.000955896236954246e+00
6.075602717923410091e+04 9.867403065635045323e-01
6.075602743929480494e+04 9.966079496392132864e-01
6.075602769935550168e+04 9.987152778726234859e-01
6.075602795941621298e+04 9.974204604332748136e-01
6.075602821947691700e+04 9.969505853709524912e-01
6.075602847953762102e+04 9.949123060273937780e-01
6.075602873959833232e+04 1.001406485546187941e+00
6.075602899965902907e+04 1.009056057114479987e+00
6.075602925971973309e+04 9.997288976000542338e-01
6.075603093119423283e+04 9.921768853170166436e-01
6.075603119125482772e+04 9.974801463233660126e-01
6.075603145131542988e+04 9.973716540602409752e-01
6.075603171137602476e+04 9.913459084124435217e-01
6.075603197143662692e+04 9.991211474371811674e-01
6.075603223149722908e+04 9.952669632647297426e-01
6.075603249155782396e+04 9.913977447923046915e-01
6.075603275161842612e+04 9.921157143787417976e-01
6.075603301167902100e+04 9.902758190152678441e-01
6.075603327173962316e+04 9.933037436904471607e-01
6.075603353180022532e+04 9.958904320185943959e-01
6.075603379186082020e+04 1.004485677244651320e+00
6.075603405192141508e+04 9.982577331322283198e-01
6.075603431198201724e+04 9.960345847581243417e-01
6.075603457204261213e+04 9.884539195705425163e-01
6.075603483210320701e+04 1.006602095811729214e+00
6.075603509216381644e+04 9.921655079110575093e-01
6.075603535222441133e+04 9.919597414245543421e-01
6.075603561228501349e+04 9.939091094397370929e-01
6.075603587234560837e+04 9.956920862507927517e-01
6.075603613240621053e+04 1.007583851509440187e+00
6.075603639246681269e+04 9.942788226117323935e-01
6.075603665252740757e+04 9.807218794752167179e-01
6.075603691258800245e+04 9.987561842557964864e-01
6.075603717264860461e+04 9.957312307712891108e-01
6.075603743270919949e+04 1.000462754035414514e+00
6.075603769276979438e+04 9.955883123608452179e-01
6.075603795283040381e+04 1.005007923340638820e+00
6.075603821289099869e+04 9.988210692959212933e-01
6.075603847295160085e+04 9.970818701421352293e-01
6.075603873301219573e+04 1.003136642744468787e+00
6.075603899307279789e+04 9.948566487964214389e-01
6.075603925313340005e+04 1.003423747348339390e+00
6.075603951319399494e+04 1.000188852442523313e+00
6.075603977325458982e+04 9.988038143170721028e-01
6.075604003331519198e+04 1.002748795827876016e+00
6.075604029337578686e+04 9.982284136318599899e-01
6.075604055343638902e+04 9.906508725817763095e-01
6.075604081349698390e+04 9.858131365509551491e-01
6.075604107355758606e+04 9.919925343826816455e-01
6.075604133361818822e+04 9.871012693945906413e-01
6.075604159367878310e+04 9.926078193717244869e-01
6.075604185373938526e+04 1.003134301816968943e+00
6.075604211379998742e+04 9.918891216834970770e-01
6.075604237386058230e+04 9.916634600844053127e-01
6.075604263392118446e+04 9.887015710453116446e-01
6.075604289398177934e+04 9.948994829880699609e-01
6.075604315404237423e+04 9.978201476906739531e-01
6.075604341410297639e+04 9.889642936469871248e-01
6.075604367416357127e+04 9.959799187873581428e-01
6.075604393422418070e+04 1.009787236382419406e+00
6.075604419428477559e+04 9.989923866247709672e-01
6.075604445434537047e+04 9.892890958319683348e-01
6.075604471440597990e+04 9.997506786117500432e-01
6.075604497446657479e+04 9.951579125340410670e-01
6.075604523452717694e+04 9.992035455964884960e-01
6.075604549458777183e+04 9.965125648089873112e-01
6.075604575464836671e+04 1.005133395348279501e+00
6.075604601470896887e+04 1.004195998526775657e+00
6.075604627476956375e+04 9.991729879703732387e-01
6.075604653483016591e+04 1.006952413015528069e+00
6.075604679489076807e+04 9.984480362238907780e-01
6.075604705495136295e+04 1.009598010692211556e+00
6.075604731501196511e+04 9.973336594570609837e-01
6.075604757507256727e+04 1.006557008759632721e+00
6.075604783513316943e+04 9.928797592481508616e-01
6.075604809519376431e+04 9.944545858873327093e-01
6.075604835525435919e+04 1.008837073095275150e+00
6.075604861531496135e+04 1.003597741663077691e+00
6.075604887537555624e+04 9.927323452756061650e-01
6.075604913543615839e+04 9.869794722633666861e-01
6.075604939549675328e+04 1.005521938354396738e+00
6.075604965555735544e+04 9.939142471927163713e-01
6.075604991561795759e+04 9.942492816641377296e-01
6.075605017567855248e+04 9.991220113522395474e-01
6.075605043573915464e+04 9.949027260432216080e-01
6.075605069579975680e+04 9.939883652402800029e-01
6.075605095586035168e+04 9.920502756345027651e-01
6.075605121592095384e+04 1.003814337973447213e+00
6.075605147598154872e+04 1.005476078813991148e+00
6.075605173604215088e+04 9.963849237636568379e-01
6.075605199610274576e+04 9.970693812976627601e-01
6.075605225616334792e+04 9.983767853304355011e-01
6.075605251622395008e+04 9.944151050402140202e-01
6.075605277628454496e+04 9.985059014203341299e-01
6.075605303634514712e+04 9.938839466500201114e-01
6.075605329640574200e+04 9.912790737894137116e-01
6.075605355646635144e+04 1.010266956362708024e+00
6.075605381652694632e+04 1.002432202221054780e+00
6.075605407658754848e+04 1.003798190161112602e+00
6.075605433664814336e+04 9.989691075956933508e-01
6.075605459670873825e+04 1.010206768253275822e+00
6.075605485676934040e+04 1.007363305682293264e+00
6.075605511682993529e+04 9.951491859784028504e-01
6.075605537689054472e+04 9.975441391524176860e-01
6.075605563695113960e+04 1.000664584879070285e+00
6.075605589701174176e+04 9.996802735326718592e-01
6.075605615707233665e+04 9.996771733193047238e-01
6.075605641713293880e+04 1.010692714788708368e+00
6.075605667719354096e+04 1.004965604471743212e+00
6.075605693725413585e+04 1.001611266417516077e+00
6.075605719731473800e+04 9.981746684326180397e-01
6.075605745737533289e+04 1.004307221771969072e+00
6.075605771743593505e+04 1.002683538260773499e+00
6.075605797749652993e+04 1.012642453696739997e+00
6.075605823755713209e+04 1.001692968471718181e+00
6.075605849761773425e+04 1.002279082887626682e+00
6.075605875767832913e+04 1.006792156814119599e+00
6.075605901773893129e+04 1.010628483620637841e+00
6.075605927779953345e+04 1.003031966731117608e+00
6.075606082322710427e+04 9.918525412467948943e-01
6.075606108328780829e+04 1.002750100265802358e+00
6.075606134334851231e+04 1.003798278078154915e+00
6.075606160340922361e+04 1.006016549676869820e+00
6.075606186346992035e+04 1.006799752134795778e+00
6.075606212353063165e+04 1.003275064328339683e+00
6.075606238359133567e+04 9.986521494059236170e-01
6.075606264365204697e+04 9.932866542404011900e-01
6.075606290371275099e+04 1.000183228414886605e+00
6.075606316377345502e+04 1.004190403549124033e+00
6.075606342383415904e+04 9.912777385099831307e-01
6.075606368389486306e+04 9.998940881685757232e-01
6.075606394395557436e+04 1.008371846706500818e+00
6.075606420401627838e+04 1.008089282822335120e+00
6.075606446407698240e+04 9.967345170568607804e-01
6.075606472413768643e+04 1.004503569423634168e+00
6.075606498419839772e+04 1.000147521488795821e+00
6.075606524425910175e+04 1.000950788695815774e+00
6.075606550431981304e+04 9.878318009173664427e-01
6.075606576438050979e+04 9.963234697875483770e-01
6.075606602444122109e+04 1.006362903480853666e+00
6.075606628450192511e+04 9.990110451578567696e-01
6.075606654456262913e+04 1.003122905209103299e+00
6.075606680462333316e+04 9.993112952676689309e-01
6.075606706468404445e+04 1.009104805241482827e+00
6.075606732474474848e+04 9.996572230422359207e-01
6.075606758480545250e+04 1.006827999029523024e+00
6.075606784486615652e+04 1.002833732137652145e+00
6.075606810492686054e+04 1.006307151741733463e+00
6.075606836498757184e+04 1.007540615967539299e+00
6.075606862504827586e+04 1.006113571631702452e+00
6.075606888510898716e+04 1.004337504977200979e+00
6.075606914516968391e+04 1.004874409473129449e+00
6.075606940523039520e+04 9.980588746331753303e-01
6.075606966529109923e+04 1.008610175777173490e+00
6.075606992535180325e+04 1.006152441039957157e+00
6.075607018541250727e+04 1.009174368733368077e+00
6.075607044547321857e+04 1.012099612249996117e+00
6.075607070553392259e+04 1.011884217086682192e+00
6.075607096559463389e+04 1.012137031877625493e+00
6.075607122565533064e+04 1.005094954075416380e+00
6.075607148571604193e+04 9.953085454219809947e-01
6.075607174577674596e+04 1.003855295443066398e+00
6.075607200583745725e+04 1.013154890170649969e+00
6.075607226589816128e+04 1.003886208953356673e+00
6.075607252595886530e+04 1.002596554532788398e+00
6.075607278601956932e+04 1.004310834096449945e+00
6.075607304608028062e+04 9.985689161918669399e-01
6.075607330614097737e+04 1.004123752746923781e+00
6.075607356620169594e+04 1.002204156006187397e+00
6.075607382626239269e+04 9.957866101904007117e-01
6.075607408632310398e+04 1.011651602639570324e+00
6.075607434638380801e+04 1.002996906113277076e+00
6.075607460644451203e+04 1.001764999372341869e+00
6.075607486650521605e+04 1.014258816465160251e+00
6.075607512656592735e+04 9.981874718130224755e-01
6.075607538662663137e+04 1.005957510675803412e+00
6.075607564668734267e+04 1.002412752013709607e+00
6.075607590674803942e+04 1.002418050006622208e+00
6.075607616680875071e+04 1.010107713751282832e+00
6.075607642686945474e+04 1.006785867581658556e+00
6.075607668693016603e+04 9.992638056057152607e-01
6.075607694699087006e+04 1.008660190441216020e+00
6.075607720705157408e+04 1.003600126466795528e+00
6.075607746711227810e+04 1.001493127689124796e+00
6.075607772717298940e+04 1.010080570782358356e+00
6.075607798723368614e+04 1.010425330955413203e+00
6.075607824729439744e+04 9.978592752764782192e-01
6.075607850735510146e+04 9.996228069637383973e-01
6.075607876741581276e+04 1.004339853333228172e+00
6.075607902747651679e+04 1.009002740014198984e+00
6.075607928753722081e+04 1.002487656692614415e+00
6.075607954759792483e+04 1.007072279228457878e+00
6.075607980765863613e+04 1.010329227214862069e+00
6.075608006771934015e+04 9.974671890911080974e-01
6.075608032778005145e+04 1.004538247332757317e+00
6.075608058784074819e+04 1.008649479233307389e+00
6.075608084790145949e+04 1.008522314426688382e+00
6.075608110796216351e+04 1.006914328164790540e+00
6.075608136802286754e+04 1.003182419852727048e+00
6.075608162808357156e+04 1.002888303126042047e+00
6.075608188814428286e+04 1.012774299201084638e+00
6.075608214820498688e+04 9.831770565184094757e-01
6.075608240826569818e+04 9.988885419569353274e-01
6.075608266832639492e+04 9.983502769371660479e-01
6.075608292838710622e+04 1.007888174042606000e+00
6.075608318844781024e+04 1.005789492695174481e+00
6.075608344850852154e+04 1.000445785288582190e+00
6.075608370856922556e+04 9.967534673147306901e-01
6.075608396862992959e+04 1.028768576778141597e+00
6.075608422869064088e+04 1.006689768336973101e+00
6.075608448875134491e+04 1.016334928731386755e+00
6.075608474881204893e+04 1.004006392670746539e+00
6.075608500887276023e+04 1.004324761610030148e+00
6.075608526893346425e+04 1.007187105112471670e+00
6.075608552899416827e+04 1.003281243640723464e+00
6.075608578905487957e+04 9.954566435143393788e-01
6.075608604911557632e+04 1.003174372489468391e+00
6.075608630917628761e+04 1.002615591300525022e+00
6.075608656923699164e+04 1.007351315047261275e+00
6.075608682929770293e+04 1.000772487978560221e+00
6.075608708935840696e+04 1.009529593095871647e+00
6.075608734941911098e+04 1.002454030888114467e+00
6.075608760947981500e+04 1.011615102770480279e+00
6.075608786954052630e+04 1.005329362886726363e+00
6.075608812960123760e+04 1.010458768378769356e+00
6.075608838966194162e+04 9.969997981875118320e-01
6.075608864972264564e+04 1.000184031377661764e+00
6.075608890978334966e+04 1.007624750591300522e+00
6.075608916984406096e+04 1.002469835772381801e+00
6.075609076569380704e+04 9.908653903372776073e-01
6.075609102575441648e+04 1.008924423274544679e+00
6.075609128581501136e+04 1.011049353785623328e+00
6.075609154587561352e+04 1.010109946937203018e+00
6.075609180593621568e+04 1.000587034008794118e+00
6.075609206599681784e+04 1.002556058750543100e+00
6.075609232605741272e+04 1.010416160996400414e+00
6.075609258611801488e+04 9.988602764884985108e-01
6.075609284617860976e+04 1.004610464234852341e+00
6.075609310623921192e+04 9.929420759277840514e-01
6.075609336629981408e+04 1.003846520293321554e+00
6.075609362636040896e+04 9.994759171420048993e-01
6.075609388642101840e+04 1.004052606618207388e+00
6.075609414648161328e+04 1.009138884843453043e+00
6.075609440654221544e+04 1.006728792004669693e+00
6.075609466660281760e+04 1.006949374323216073e+00
6.075609492666341976e+04 1.002234764718110238e+00
6.075609518672402191e+04 1.004765663965146993e+00
6.075609544678461680e+04 9.974770336274543236e-01
6.075609570684521896e+04 9.951699275919926313e-01
6.075609596690581384e+04 1.005791116687539954e+00
6.075609622696641600e+04 9.992826336511160257e-01
6.075609648702701088e+04 1.003566699230704851e+00
6.075609674708762032e+04 9.992427672703820818e-01
6.075609700714822247e+04 1.002456331270093592e+00
6.075609726720881736e+04 1.005625844771363742e+00
6.075609752726942679e+04 1.005953315437370099e+00
6.075609778733002167e+04 9.954036280329692232e-01
6.075609804739062383e+04 1.014136066684634185e+00
6.075609830745121872e+04 9.911731090791948695e-01
6.075609856751182087e+04 1.012402832940221487e+00
6.075609882757242303e+04 9.900571855963160584e-01
6.075609908763301792e+04 1.006158746032951079e+00
6.075609934769362008e+04 1.003496361172240503e+00
6.075609960775422223e+04 1.007824522115378540e+00
6.075609986781482439e+04 1.004425709538733447e+00
6.075610012787541928e+04 9.861897049255230474e-01
6.075610038793602143e+04 1.008774831146202366e+00
6.075610064799663087e+04 9.954665407686660306e-01
6.075610090805722575e+04 9.981017303094953386e-01
6.075610116811782791e+04 1.004556204099493089e+00
6.075610142817842279e+04 9.980320332367074165e-01
6.075610168823902495e+04 9.990906572919170392e-01
6.075610194829962711e+04 1.007895111487806084e+00
6.075610220836022199e+04 9.963677989359053244e-01
6.075610246842083143e+04 9.972086375711844974e-01
6.075610272848142631e+04 1.008608759027188606e+00
6.075610298854202847e+04 9.968284486855890636e-01
6.075610324860263063e+04 1.007335019870722936e+00
6.075610350866323279e+04 1.010018704825075053e+00
6.075610376872383495e+04 1.006649489595054625e+00
6.075610402878442983e+04 9.977950004558576724e-01
6.075610428884503199e+04 1.001245707037264898e+00
6.075610454890563415e+04 1.003564380760146424e+00
6.075610480896622903e+04 1.001412451358590028e+00
6.075610506902683119e+04 9.977249852433759392e-01
6.075610532908743335e+04 9.969467675912918603e-01
6.075610558914803551e+04 9.931064657076965618e-01
6.075610584920863766e+04 1.005553260815179817e+00
6.075610610926923255e+04 9.973834753464383418e-01
6.075610636932984198e+04 1.009329080414154589e+00
6.075610662939043686e+04 1.006456717080953078e+00
6.075610688945103902e+04 9.976721096840286407e-01
6.075610714951164118e+04 1.005635666806748318e+00
6.075610740957223607e+04 1.001356025547917472e+00
6.075610766963283822e+04 9.926398746891746949e-01
6.075610792969343311e+04 1.000592013101943456e+00
6.075610818975403527e+04 9.905256796996116941e-01
6.075610844981464470e+04 1.006795419344093778e+00
6.075610870987523958e+04 1.000169791860380464e+00
6.075610896993584174e+04 9.973826808103386510e-01
6.075610922999644390e+04 9.982817882497668771e-01
6.075610949005704606e+04 9.902446845762414851e-01
6.075610975011764822e+04 9.979982725336316030e-01
6.075611001017824310e+04 9.963334037857123349e-01
6.075611027023884526e+04 1.003621638494846646e+00
6.075611053029944742e+04 9.977620318988291714e-01
6.075611079036004230e+04 9.950625446262374441e-01
6.075611105042064446e+04 1.004088873111600000e+00
6.075611131048124662e+04 9.988449544627221455e-01
6.075611157054184878e+04 1.002201539775029904e+00
6.075611183060245094e+04 9.994850637236214475e-01
6.075611209066305310e+04 9.937872609669372581e-01
6.075611235072365525e+04 1.006796891037418318e+00
6.075611261078425741e+04 9.971847111064811031e-01
6.075611287084485230e+04 9.839826244557203783e-01
6.075611313090545445e+04 1.001449256602965576e+00
6.075611339096604934e+04 9.944779373251443344e-01
6.075611365102665150e+04 1.000098780884978167e+00
6.075611391108725365e+04 9.969752678674401736e-01
6.075611417114785581e+04 9.930673189280978530e-01
6.075611443120845797e+04 1.004675133888340621e+00
6.075611469126906013e+04 9.906669097739171370e-01
6.075611495132966229e+04 9.942896926672557534e-01
6.075611521139026445e+04 9.909314033825814549e-01
6.075611547145085933e+04 1.011343258492753749e+00
6.075611573151146149e+04 1.003844908864986119e+00
6.075611599157206365e+04 1.002374626717460027e+00
6.075611625163265853e+04 9.981349773173288087e-01
6.075611651169326069e+04 9.891840374123794799e-01
6.075611677175386285e+04 1.004882156566604623e+00
6.075611703181446501e+04 9.919899486822321144e-01
6.075611729187506717e+04 9.926246943861908312e-01
6.075611755193566933e+04 1.002579590619850247e+00
6.075611781199626421e+04 9.966849394900243464e-01
6.075611807205687364e+04 9.974953644848952861e-01
6.075611833211747580e+04 9.992271574921852695e-01
6.075611859217807068e+04 9.921845978301311320e-01
6.075611885223867284e+04 9.855217372018307831e-01
6.075611911229926773e+04 9.826615608043958172e-01
6.075612077117233275e+04 9.930357726380019123e-01
6.075612103123303677e+04 9.983520745104533800e-01
6.075612129129374080e+04 9.999253539731737250e-01
6.075612155135445209e+04 9.960982895925108993e-01
6.075612181141516339e+04 9.831428346362168780e-01
6.075612207147586741e+04 1.002382055000294425e+00
6.075612233153657144e+04 9.900153823497936934e-01
6.075612259159728274e+04 1.001665526962151054e+00
6.075612285165798676e+04 1.001275534207562545e+00
6.075612311171869806e+04 9.917058971377875620e-01
6.075612337177940935e+04 9.965289071874628979e-01
6.075612363184010610e+04 9.988333236162655338e-01
6.075612389190081740e+04 9.885067130001290447e-01
6.075612415196152870e+04 9.956197439081828637e-01
6.075612441202222544e+04 1.003249019254069507e+00
6.075612467208293674e+04 1.003363006883432940e+00
6.075612493214364804e+04 1.003462113186804672e+00
6.075612519220435206e+04 9.981111388833704412e-01
6.075612545226506336e+04 1.002682531353305206e+00
6.075612571232576738e+04 1.001505565379487983e+00
6.075612597238647140e+04 9.981332864206509115e-01
6.075612623244718270e+04 9.916386256819793577e-01
6.075612649250789400e+04 9.939123373169898024e-01
6.075612675256859802e+04 9.918246080198325210e-01
6.075612701262930204e+04 9.891646164852081480e-01
6.075612727269001334e+04 1.001134848877795802e+00
6.075612753275071736e+04 9.963389923787761004e-01
6.075612779281142139e+04 1.000232281984589466e+00
6.075612805287213268e+04 9.857281494842391467e-01
6.075612831293283671e+04 9.909103272982618948e-01
6.075612857299354800e+04 9.960310852649684188e-01
6.075612883305425930e+04 9.954371435789421962e-01
6.075612909311495605e+04 1.003290265641185952e+00
6.075612935317566735e+04 9.939004527656915000e-01
6.075612961323637865e+04 9.852760757452402318e-01
6.075612987329708267e+04 1.004070325600346925e+00
6.075613013335779397e+04 1.003477615069684248e+00
6.075613039341849799e+04 9.913438861954206871e-01
6.075613065347920201e+04 9.986745204312931223e-01
6.075613091353991331e+04 9.951088771922892429e-01
6.075613117360061733e+04 9.929429573050602142e-01
6.075613143366133590e+04 9.976817184655474291e-01
6.075613169372203265e+04 1.001723876358101784e+00
6.075613195378274395e+04 9.943830034056784228e-01
6.075613221384345525e+04 9.969258556700212326e-01
6.075613247390415199e+04 9.951715283120649014e-01
6.075613273396486329e+04 9.937027297967746531e-01
6.075613299402557459e+04 1.009164312538729069e+00
6.075613325408627861e+04 1.002958881742502362e+00
6.075613351414698991e+04 9.915053069912630468e-01
6.075613377420769393e+04 1.002896185915358673e+00
6.075613403426840523e+04 9.980428185981746747e-01
6.075613429432910925e+04 1.005077716691912038e+00
6.075613455438982055e+04 9.851253085320230696e-01
6.075613481445053185e+04 9.949856440454309947e-01
6.075613507451122859e+04 1.005879688095228541e+00
6.075613533457193989e+04 1.009346293577862985e+00
6.075613559463265119e+04 9.962924729340767449e-01
6.075613585469334794e+04 9.957162016240966862e-01
6.075613611475405924e+04 1.007677592558697377e+00
6.075613637481477053e+04 1.002382345269245523e+00
6.075613663487548183e+04 9.978823765852631311e-01
6.075613689493618585e+04 1.000040336258598117e+00
6.075613715499688988e+04 9.972435434778865737e-01
6.075613741505760117e+04 9.967917074096900309e-01
6.075613767511830520e+04 1.000284144380697127e+00
6.075613793517901649e+04 1.000636578355065254e+00
6.075613819523972779e+04 9.927452931766844735e-01
6.075613845530043181e+04 9.999619300092699170e-01
6.075613871536113584e+04 1.004248638209382039e+00
6.075613897542184714e+04 1.004753047005039202e+00
6.075613923548255116e+04 9.979982638981972354e-01
6.075613949554325518e+04 1.000970865898424877e+00
6.075613975560396648e+04 1.017969184740246780e+00
6.075614001566467778e+04 1.007783017905726775e+00
6.075614027572538907e+04 1.002576973430670870e+00
6.075614053578608582e+04 1.010560647274611368e+00
6.075614079584679712e+04 1.002001231885649268e+00
6.075614105590750842e+04 1.005700975142424847e+00
6.075614131596821244e+04 1.001129373543190537e+00
6.075614157602892374e+04 1.001153088618558229e+00
6.075614183608962776e+04 1.010793153763127838e+00
6.075614209615033906e+04 9.959232549867080841e-01
6.075614235621104308e+04 1.007169780302537898e+00
6.075614261627174710e+04 9.970881234844863883e-01
6.075614287633246568e+04 9.954373062927402982e-01
6.075614313639316970e+04 9.929365792476602115e-01
6.075614339645387372e+04 1.009681483299625704e+00
6.075614365651458502e+04 1.000877419996217377e+00
6.075614391657528904e+04 1.010204797938381471e+00
6.075614417663600034e+04 1.003479168597537940e+00
6.075614443669670436e+04 1.004259228516383606e+00
6.075614469675741566e+04 1.001017426378469022e+00
6.075614495681812696e+04 9.938198119161527622e-01
6.075614521687882370e+04 9.976149220854834132e-01
6.075614547693953500e+04 9.975057439935115511e-01
6.075614573700024630e+04 9.983926877111966025e-01
6.075614599706095760e+04 9.930366533722022604e-01
6.075614625712166162e+04 1.004426375430083729e+00
6.075614651718236564e+04 9.959775271363320304e-01
6.075614677724307694e+04 1.008213806074404140e+00
6.075614703730378824e+04 1.001791701664104250e+00
6.075614729736448498e+04 1.008316777924347596e+00
6.075614755742519628e+04 9.907201738192943363e-01
6.075614781748590758e+04 1.010144744133312678e+00
6.075614807754661888e+04 1.002956584874918455e+00
6.075614833760732290e+04 9.874879271967191841e-01
6.075614859766802692e+04 1.009446404323542490e+00
6.075614885772873822e+04 9.998526520173851573e-01
6.075614911778944952e+04 1.000384508616721790e+00
