6.075547523411604925e+04 9.851642922202571429e-01
6.075547549417674600e+04 1.007836735201846023e+00
6.075547575423742819e+04 1.013418089552049706e+00
6.075547601429812494e+04 9.956316132253946183e-01
6.075547627435881441e+04 9.618286129557933606e-01
6.075547653441950388e+04 9.771476483459418105e-01
6.075547679448019335e+04 9.693213968370271161e-01
6.075547705454089009e+04 1.022638567980726387e+00
6.075547731460157956e+04 9.910563070509199601e-01
6.075547757466227631e+04 1.012436573191635825e+00
6.075547783472295851e+04 9.690721545908922430e-01
6.075547809478365525e+04 9.984335168688454054e-01
6.075547835484434472e+04 9.865332136316039557e-01
6.075547861490504147e+04 1.011980800890772247e+00
6.075547887496573094e+04 1.000831551752182191e+00
6.075547913502642041e+04 9.907498910584388030e-01
6.075547939508710988e+04 9.767108842608773767e-01
6.075547965514780662e+04 9.798412870182475753e-01
6.075547991520848882e+04 9.706220667792735401e-01
6.075548017526918557e+04 9.865813913297127868e-01
6.075548043532987504e+04 1.037131393521485201e+00
6.075548069539057178e+04 9.795199999791753820e-01
6.075548095545126125e+04 9.904403852469796377e-01
6.075548121551195072e+04 9.888327162105227108e-01
6.075548147557264019e+04 9.725441682897161266e-01
6.075548173563333694e+04 9.504096526801303346e-01
6.075548199569402641e+04 9.979183611217991023e-01
6.075548225575472316e+04 9.800300279880573839e-01
6.075548251581540535e+04 9.801331790067258076e-01
6.075548277587610210e+04 1.035450121585052452e+00
6.075548303593679157e+04 9.731388630563915232e-01
6.075548329599748104e+04 9.848946570170987735e-01
6.075548355605817778e+04 9.931568444107327087e-01
6.075548381611886725e+04 9.845517092968512074e-01
6.075548407617955672e+04 1.016418749731163418e+00
6.075548433624025347e+04 9.901409375438623428e-01
6.075548459630093566e+04 9.982189271568624456e-01
6.075548485636163241e+04 9.780739074906446007e-01
6.075548511642232916e+04 9.754000494172131441e-01
6.075548537648301863e+04 1.017282413175504718e+00
6.075548563654371537e+04 9.584990659573016103e-01
6.075548589660439757e+04 9.559024187842727338e-01
6.075548615666509431e+04 9.640478284826710098e-01
6.075548641672578378e+04 1.020488159098324799e+00
6.075548667678648053e+04 9.864265548865571720e-01
6.075548693684717000e+04 9.942464729675641877e-01
6.075548719690785947e+04 9.903723555926446931e-01
6.075548745696854894e+04 1.029340134642982019e+00
6.075548771702924569e+04 9.788861689397974075e-01
6.075548797708992788e+04 9.982544242398215806e-01
6.075548823715062463e+04 9.967313116607702250e-01
6.075548849721131410e+04 9.697797850805993658e-01
6.075548875727201084e+04 9.748581263303112143e-01
6.075548901733270759e+04 9.632055329933127963e-01
6.075548927739338978e+04 9.827017293057610514e-01
6.075548953745408653e+04 9.826466377235376637e-01
6.075548979751477600e+04 9.841247309745284610e-01
6.075549005757547275e+04 1.006558648391430610e+00
6.075549031763616222e+04 9.863192500652652184e-01
6.075549057769685169e+04 1.001975066052879670e+00
6.075549083775754116e+04 1.011230045619991635e+00
6.075549109781823790e+04 1.036577147984633074e+00
6.075549135787892010e+04 1.035685746066270285e+00
6.075549161793961684e+04 9.616093322800073340e-01
6.075549187800031359e+04 9.738324570495306975e-01
6.075549213806100306e+04 1.026358238509678555e+00
6.075549239812169981e+04 1.015262689506256866e+00
6.075549265818238200e+04 1.007478833523052231e+00
6.075549291824307875e+04 9.707919129081369336e-01
6.075549317830376822e+04 9.757025284518550112e-01
6.075549343836446496e+04 1.006389313990731393e+00
6.075549369842515443e+04 9.745970216375972051e-01
6.075549395848584390e+04 1.033792705171893589e+00
6.075549421854654065e+04 1.008770311422430010e+00
6.075549447860723012e+04 9.926523229591068809e-01
6.075549473866791959e+04 9.615480237047692169e-01
6.075549499872861634e+04 1.024732591489691647e+00
6.075549525878930581e+04 9.678474082288682778e-01
6.075549551884999528e+04 9.839617343600493005e-01
6.075549577891069202e+04 1.004825826152605961e+00
6.075549603897138149e+04 9.727566728847997224e-01
6.075549629903207097e+04 9.690098433915785847e-01
6.075549655909276771e+04 9.646266670132114252e-01
6.075549681915345718e+04 9.978414722576062212e-01
6.075549707921415393e+04 9.556648146686079759e-01
6.075549733927483612e+04 9.558575418932355738e-01
6.075549759933553287e+04 1.025998014718337847e+00
6.075549785939622961e+04 9.678225054648919023e-01
6.075549811945691908e+04 1.000857036951191326e+00
6.075549837951761583e+04 9.850798519044846602e-01
6.075549863957829803e+04 9.794472805276914773e-01
6.075549889963899477e+04 1.002783650150659511e+00
6.075549915969968424e+04 9.882855502077724230e-01
6.075549941976037371e+04 9.685441577439382055e-01
6.075549967982107046e+04 1.009337957222993687e+00
6.075549993988175993e+04 1.027979100278096247e+00
6.075550019994245667e+04 1.002371835515335041e+00
6.075550046000314615e+04 9.891583526581414487e-01
6.075550072006383562e+04 9.851069915399824906e-01
6.075550098012452509e+04 1.005950108216094208e+00
6.075550124018522183e+04 1.021591599008082829e+00
6.075550150024591858e+04 1.003468463231145025e+00
6.075550176030660805e+04 1.013732130527050357e+00
6.075550202036729752e+04 1.001116318176413333e+00
6.075550228042798699e+04 1.042957585548270005e+00
6.075550254048868374e+04 9.658663425596594188e-01
6.075550280054937321e+04 9.762438626156886290e-01
6.075550306061006268e+04 1.016112236819628034e+00
6.075550332067075942e+04 9.960422709295218002e-01
6.075550358073144889e+04 9.759323544964630948e-01
6.075550513876277546e+04 1.014706238622061107e+00
6.075550539882346493e+04 1.019007812572980010e+00
6.075550565888415440e+04 1.021923951448321821e+00
6.075550591894484387e+04 1.011183987216384805e+00
6.075550617900554062e+04 1.005761378121950544e+00
6.075550643906623736e+04 1.011114516818593989e+00
6.075550669912692683e+04 1.037901426581751219e+00
6.075550695918761630e+04 9.770396401206840054e-01
6.075550721924830577e+04 1.056738392963553430e+00
6.075550747930900252e+04 1.003975407246504359e+00
6.075550773936969199e+04 9.878575692173835465e-01
6.075550799943038146e+04 9.775357023184521044e-01
6.075550825949107821e+04 1.021656396825108892e+00
6.075550851955176768e+04 1.055168127464163330e+00
6.075550877961246442e+04 1.047696162299879497e+00
6.075550903967315389e+04 1.014541923578551774e+00
6.075550929973384336e+04 9.963744152746893956e-01
6.075550955979454011e+04 1.002732182363007762e+00
6.075550981985522958e+04 9.828570303404243758e-01
6.075551007991592633e+04 1.007015623748781730e+00
6.075551033997661580e+04 1.024057674411323893e+00
6.075551060003730527e+04 1.027084622459740082e+00
6.075551086009800201e+04 9.793315189481953675e-01
6.075551112015868421e+04 1.014135495148950517e+00
6.075551138021938095e+04 1.001075135786356984e+00
6.075551164028007770e+04 1.015018631589706288e+00
6.075551190034076717e+04 1.006516996341191517e+00
6.075551216040146392e+04 1.007271015842661877e+00
6.075551242046214611e+04 9.920326323056601892e-01
6.075551268052284286e+04 1.049912061501667049e+00
6.075551294058353960e+04 9.782804151341402132e-01
6.075551320064422907e+04 1.022364984722603731e+00
6.075551346070492582e+04 1.038558299641975990e+00
6.075551372076561529e+04 1.022244852447131480e+00
6.075551398082630476e+04 1.014630398218230090e+00
6.075551424088700151e+04 1.017354929549610265e+00
6.075551450094769098e+04 1.013352367853814107e+00
6.075551476100838772e+04 1.030114691798265092e+00
6.075551502106907719e+04 9.635319738778330700e-01
6.075551528112976666e+04 1.031606723064302678e+00
6.075551554119046341e+04 9.941745181350211125e-01
6.075551580125115288e+04 1.016871663171863505e+00
6.075551606131184235e+04 1.025953762166454952e+00
6.075551632137253910e+04 9.950223144799490438e-01
6.075551658143322857e+04 1.030742133473047772e+00
6.075551684149392531e+04 1.026114864440702323e+00
6.075551710155461478e+04 1.006620221612972044e+00
6.075551736161530425e+04 1.007135879199084094e+00
6.075551762167600100e+04 9.965598982299709307e-01
6.075551788173669775e+04 1.026382549996870619e+00
6.075551814179738722e+04 1.038666947280092012e+00
6.075551840185807669e+04 1.023335807080113513e+00
6.075551866191877343e+04 9.748608811110713868e-01
6.075551892197946290e+04 9.623971107227939914e-01
6.075551918204015237e+04 1.009905782754557668e+00
6.075551944210084184e+04 1.000941885128342035e+00
6.075551970216153859e+04 1.001027467778917712e+00
6.075551996222223534e+04 9.751098682568564158e-01
6.075552022228292481e+04 1.010776023177446969e+00
6.075552048234361428e+04 1.004416508832273180e+00
6.075552074240431102e+04 9.819736329181670831e-01
6.075552100246500049e+04 1.013351258872006833e+00
6.075552126252569724e+04 9.933964081745043639e-01
6.075552152258639398e+04 9.897295945375773618e-01
6.075552178264707618e+04 9.501147109772951627e-01
6.075552204270777293e+04 9.931567971679241547e-01
6.075552230276846967e+04 9.950026200218810013e-01
6.075552256282915187e+04 9.932507618939898641e-01
6.075552282288985589e+04 1.020089991561440979e+00
6.075552308295054536e+04 1.037320511065695339e+00
6.075552334301123483e+04 1.026404266885789118e+00
6.075552360307193157e+04 9.912719020000161363e-01
6.075552386313262105e+04 9.721885982094095047e-01
6.075552412319331052e+04 1.006061876723049586e+00
6.075552438325400726e+04 1.002845268918878707e+00
6.075552464331469673e+04 9.688433733588972530e-01
6.075552490337539348e+04 9.887298705007937505e-01
6.075552516343608295e+04 1.033411093546977577e+00
6.075552542349677242e+04 1.000746543891221307e+00
6.075552568355746916e+04 1.020593462829432863e+00
6.075552594361816591e+04 1.050571386741098401e+00
6.075552620367885538e+04 1.005885817732434129e+00
6.075552646373954485e+04 1.002312860598853606e+00
6.075552672380024160e+04 1.011687096337984038e+00
6.075552698386093107e+04 9.784285919669806209e-01
6.075552724392162054e+04 9.918328954193055269e-01
6.075552750398231728e+04 9.383058872418290619e-01
6.075552776404300675e+04 9.991247642793140704e-01
6.075552802410370350e+04 1.009753654474690343e+00
6.075552828416440025e+04 9.968431326930505820e-01
6.075552854422508244e+04 9.800319578714060675e-01
6.075552880428577919e+04 9.666231421769804211e-01
6.075552906434647593e+04 1.005547223543482804e+00
6.075552932440716540e+04 1.005577928626922857e+00
6.075552958446786215e+04 1.041198191475008805e+00
6.075552984452855162e+04 9.961293582608402586e-01
6.075553010458924109e+04 1.023563505663718232e+00
6.075553036464993784e+04 9.815238300650149794e-01
6.075553062471062731e+04 1.008746095829539557e+00
6.075553088477132405e+04 9.295553615397066372e-01
6.075553114483201352e+04 9.480338530909488970e-01
6.075553140489271027e+04 1.045449273608930252e+00
6.075553166495340702e+04 1.007981676248424163e+00
6.075553192501408921e+04 1.009974531288042598e+00
6.075553218507478596e+04 1.000050090666583902e+00
6.075553244513548270e+04 1.022120759196759154e+00
6.075553270519617217e+04 1.022022499132457352e+00
6.075553296525686892e+04 1.012411947367690912e+00
6.075553322531755839e+04 9.812619159788350531e-01
6.075553348537824786e+04 9.948308448746789878e-01
6.075553503081219969e+04 9.754413538205799483e-01
6.075553529087288916e+04 9.981404175088901543e-01
6.075553555093358591e+04 9.860979646634340234e-01
6.075553581099427538e+04 9.960909549859500167e-01
6.075553607105497213e+04 9.895110672238272009e-01
6.075553633111566887e+04 9.878579381462402331e-01
6.075553659117635107e+04 9.605690329218911083e-01
6.075553685123704781e+04 9.877711242310163176e-01
6.075553711129774456e+04 9.696762805302379107e-01
6.075553737135842675e+04 9.375541344286362211e-01
6.075553763141913078e+04 9.655761204502152362e-01
6.075553789147982025e+04 1.010002021110285364e+00
6.075553815154050972e+04 9.859298108044128872e-01
6.075553841160120646e+04 1.006283422379827375e+00
6.075553867166189593e+04 9.850754606030303062e-01
6.075553893172259268e+04 1.004497001280284074e+00
6.075553919178328215e+04 1.003062966746649964e+00
6.075553945184397890e+04 1.018908896159008926e+00
6.075553971190467564e+04 1.000309583963196580e+00
6.075553997196535784e+04 1.002287679236326667e+00
6.075554023202605458e+04 1.010147756878305492e+00
6.075554049208675133e+04 1.011324357073426938e+00
6.075554075214744807e+04 1.032276581673295501e+00
6.075554101220813754e+04 1.033091433281529525e+00
6.075554127226882702e+04 1.025190678861837457e+00
6.075554153232952376e+04 1.001597485278422850e+00
6.075554179239021323e+04 9.781210817884506969e-01
6.075554205245090270e+04 9.677773011276192827e-01
6.075554231251159945e+04 9.806553468124395989e-01
6.075554257257229619e+04 9.690352232577983393e-01
6.075554283263298566e+04 1.009871243916190986e+00
6.075554309269368241e+04 9.860125568674873442e-01
6.075554335275437188e+04 9.964890700384517741e-01
6.075554361281506135e+04 1.010327850464375787e+00
6.075554387287575810e+04 9.962871776214369257e-01
6.075554413293645484e+04 1.041802692820214649e+00
6.075554439299715159e+04 1.001241051820480177e+00
6.075554465305783378e+04 9.986970607491492125e-01
6.075554491311853053e+04 1.043076925315900239e+00
6.075554517317922728e+04 1.017563440588575396e+00
6.075554543323990947e+04 9.862939217883780474e-01
6.075554569330060622e+04 1.017174289737015958e+00
6.075554595336130296e+04 1.016809518801732093e+00
6.075554621342199971e+04 9.602252212647311991e-01
6.075554647348268918e+04 9.752462157323809055e-01
6.075554673354337865e+04 1.004402578989547878e+00
6.075554699360407540e+04 9.993400257471419801e-01
6.075554725366477214e+04 1.019033716925207944e+00
6.075554751372546161e+04 1.018993047672914321e+00
6.075554777378615836e+04 9.806619534485108147e-01
6.075554803384684783e+04 9.957458956923780358e-01
6.075554829390754458e+04 9.612145315595479467e-01
6.075554855396823405e+04 9.760100763700336746e-01
6.075554881402892352e+04 1.009471655158582504e+00
6.075554907408962754e+04 1.033695241398892239e+00
6.075554933415030973e+04 9.925314346870568460e-01
6.075554959421100648e+04 1.000129651434928268e+00
6.075554985427170323e+04 9.978431239878110537e-01
6.075555011433239270e+04 9.716040222068829113e-01
6.075555037439308217e+04 9.702091218901305325e-01
6.075555063445377891e+04 1.012662199656375384e+00
6.075555089451447566e+04 1.043853804653803508e+00
6.075555115457517240e+04 9.892046595901025086e-01
6.075555141463585460e+04 9.841807735997376572e-01
6.075555167469655134e+04 1.021068954262944084e+00
6.075555193475724809e+04 1.000012398806232161e+00
6.075555219481794484e+04 9.764558492965575986e-01
6.075555245487863431e+04 9.898744770300382800e-01
6.075555271493932378e+04 1.002368207523524957e+00
6.075555297500002052e+04 9.650545740694302932e-01
6.075555323506071727e+04 9.558347400385623915e-01
6.075555349512139946e+04 9.869160012576742025e-01
6.075555375518209621e+04 1.013757232781962836e+00
6.075555401524279296e+04 9.855236557672253372e-01
6.075555427530348970e+04 1.042535008914973194e+00
6.075555453536417917e+04 9.975080773701118231e-01
6.075555479542486864e+04 1.013827739941280281e+00
6.075555505548556539e+04 1.001003457924438900e+00
6.075555531554626214e+04 9.714143408732962559e-01
6.075555557560695161e+04 1.013585532252327059e+00
6.075555583566764835e+04 9.984238013666534295e-01
6.075555609572833782e+04 1.030747270161543216e+00
6.075555635578903457e+04 9.837640210769615923e-01
6.075555661584972404e+04 9.879655147210677502e-01
6.075555687591041351e+04 9.932929699091942455e-01
6.075555713597111026e+04 9.845085499218636516e-01
6.075555739603180700e+04 9.524397066811158830e-01
6.075555765609250375e+04 9.905858556169300222e-01
6.075555791615319322e+04 9.570855304975721678e-01
6.075555817621388269e+04 1.002763924222834779e+00
6.075555843627457944e+04 1.048903283104380746e+00
6.075555869633527618e+04 1.017122291564399816e+00
6.075555895639596565e+04 1.006705806440391981e+00
6.075555921645666240e+04 9.800737717594537601e-01
6.075555947651735187e+04 1.001152270777061037e+00
6.075555973657804861e+04 9.911645326797534628e-01
6.075555999663873808e+04 9.946641821206160250e-01
6.075556025669943483e+04 9.913519822458630726e-01
6.075556051676013158e+04 9.806514759705661222e-01
6.075556077682082105e+04 9.625866880495490552e-01
6.075556103688151779e+04 1.003473238161585623e+00
6.075556129694220726e+04 1.026524561774531996e+00
6.075556155700289673e+04 9.793116399454148135e-01
6.075556181706359348e+04 9.969731075600881676e-01
6.075556207712429023e+04 1.008413241112385839e+00
6.075556233718497970e+04 9.760404036559274799e-01
6.075556259724567644e+04 1.001026028378672716e+00
6.075556285730636591e+04 9.961939191327418008e-01
6.075556311736706266e+04 9.877558317742443084e-01
6.075556337742775941e+04 9.917828587519689210e-01
6.075556504889419739e+04 9.971977853452804741e-01
6.075556530895488686e+04 9.893165459189797728e-01
6.075556556901558361e+04 1.018250066236942697e+00
6.075556582907628035e+04 9.868646921202819389e-01
6.075556608913696255e+04 1.003647278313638758e+00
6.075556634919766657e+04 1.014604350437867009e+00
6.075556660925835604e+04 1.012112762131837096e+00
6.075556686931905278e+04 1.011864874745848963e+00
6.075556712937974953e+04 9.943551534729654362e-01
6.075556738944043173e+04 9.799974327789898743e-01
6.075556764950112847e+04 9.873130129680778300e-01
6.075556790956182522e+04 1.011126949333708058e+00
6.075556816962252196e+04 9.757664059075448204e-01
6.075556842968321871e+04 1.020817516099599809e+00
6.075556868974390090e+04 9.616737241611573728e-01
6.075556894980459765e+04 9.770623663852310292e-01
6.075556920986529440e+04 1.009949262718419671e+00
6.075556946992599114e+04 9.830309816275929480e-01
6.075556972998668789e+04 1.052142040319341110e+00
6.075556999004737008e+04 9.967404938061275033e-01
6.075557025010806683e+04 9.708680221290120205e-01
6.075557051016876358e+04 9.738928881043057428e-01
6.075557077022945305e+04 9.960601081587069361e-01
6.075557103029014979e+04 9.810391347292689579e-01
6.075557129035083926e+04 9.995673987370282676e-01
6.075557155041153601e+04 1.005367881868543423e+00
6.075557181047223276e+04 1.024616058702263910e+00
6.075557207053292223e+04 1.021580779317215137e+00
6.075557233059361897e+04 9.795550477754829677e-01
6.075557259065431572e+04 1.012184732270834608e+00
6.075557285071500519e+04 1.013006909647960141e+00
6.075557311077570193e+04 9.718500510082513921e-01
6.075557337083639140e+04 9.882419206070582884e-01
6.075557363089708815e+04 9.636637169200534814e-01
6.075557389095778490e+04 1.007090775145808914e+00
6.075557415101846709e+04 1.000754949163470631e+00
6.075557441107916384e+04 9.992856823819362688e-01
6.075557467113986058e+04 9.767039093520535342e-01
6.075557493120055733e+04 1.003374572248428631e+00
6.075557519126125408e+04 9.759437122963160460e-01
6.075557545132194355e+04 1.024359470267410588e+00
6.075557571138263302e+04 1.002708599045393223e+00
6.075557597144332976e+04 9.796306601391021607e-01
6.075557623150402651e+04 1.008426469270647718e+00
6.075557649156472326e+04 1.001706909058075690e+00
6.075557675162541273e+04 9.854013386923455853e-01
6.075557701168610220e+04 9.992297432933414658e-01
6.075557727174679894e+04 1.005765881617153523e+00
6.075557753180748841e+04 1.009674025686516652e+00
6.075557779186819243e+04 1.039718558287061612e+00
6.075557805192888191e+04 9.971662225532177404e-01
6.075557831198957865e+04 9.986997637954183604e-01
6.075557857205026812e+04 1.001447637825976233e+00
6.075557883211095759e+04 1.050654762708411960e+00
6.075557909217165434e+04 1.019294941551437850e+00
6.075557935223235108e+04 1.025093566318902472e+00
6.075557961229304783e+04 1.002496206376147558e+00
6.075557987235374458e+04 9.774551837940714805e-01
6.075558013241442677e+04 9.929301614363787998e-01
6.075558039247512352e+04 1.044100066061163901e+00
6.075558065253582026e+04 9.940148620438914451e-01
6.075558091259651701e+04 1.032021934789618900e+00
6.075558117265721376e+04 1.007490396706041791e+00
6.075558143271790323e+04 1.031953932694587905e+00
6.075558169277859997e+04 9.924835381777827870e-01
6.075558195283928944e+04 1.011693386837655861e+00
6.075558221289997891e+04 1.031405398115749383e+00
6.075558247296067566e+04 1.033560156309484723e+00
6.075558273302137241e+04 1.004848595894474172e+00
6.075558299308206915e+04 1.001169854018923999e+00
6.075558325314276590e+04 9.886548183391555833e-01
6.075558351320344809e+04 1.016594765601148254e+00
6.075558377326414484e+04 1.021760626792522331e+00
6.075558403332484158e+04 9.958376928328288580e-01
6.075558429338553833e+04 9.586179814858722947e-01
6.075558455344623508e+04 1.061738656522502211e+00
6.075558481350692455e+04 9.937742162889102726e-01
6.075558507356762129e+04 9.969604274209812322e-01
6.075558533362831076e+04 1.046511443425184096e+00
6.075558559368900023e+04 9.788498490417858466e-01
6.075558585374969698e+04 1.003677929001413727e+00
6.075558611381039373e+04 1.023525179175934108e+00
6.075558637387109047e+04 9.844876622496627760e-01
6.075558663393178722e+04 1.028896389998645189e+00
6.075558689399247669e+04 1.000216947019441971e+00
6.075558715405316616e+04 1.000639566429730731e+00
6.075558741411386291e+04 9.828190480451155508e-01
6.075558767417455965e+04 9.798710878914264066e-01
6.075558793423525640e+04 9.777238285719730415e-01
6.075558819429594587e+04 1.005474732888731904e+00
6.075558845435664261e+04 9.854156413263259751e-01
6.075558871441733936e+04 9.837787745108788062e-01
6.075558897447803611e+04 1.011220302692612094e+00
6.075558923453872558e+04 1.019769547033116064e+00
6.075558949459941505e+04 1.023660993158858501e+00
6.075558975466011179e+04 1.012069174858246878e+00
6.075559001472080854e+04 1.043199844791366848e+00
6.075559027478149801e+04 1.013456324758237992e+00
6.075559053484219476e+04 1.027579678423632847e+00
6.075559079490289150e+04 9.815084751362243010e-01
6.075559105496358097e+04 9.844558877164826249e-01
6.075559131502427772e+04 9.551609087854253666e-01
6.075559157508496719e+04 1.020717086928817574e+00
6.075559183514566394e+04 1.043258150299559706e+00
6.075559209520636068e+04 1.018843132171257881e+00
6.075559235526705743e+04 1.014746989058274984e+00
6.075559261532775417e+04 1.030859032789035457e+00
6.075559287538844364e+04 1.013887226524640806e+00
6.075559313544914039e+04 9.984978281358632968e-01
6.075559339550982986e+04 1.006091774454177079e+00
6.075559494095059927e+04 9.987112578463507306e-01
6.075559520101129601e+04 9.800591506554057197e-01
6.075559546107199276e+04 9.903682778851435886e-01
6.075559572113268950e+04 1.005105892532464962e+00
6.075559598119337898e+04 1.050036280004841061e+00
6.075559624125407572e+04 1.039328844618315095e+00
6.075559650131477247e+04 9.999327878305227513e-01
6.075559676137546921e+04 1.033089606104348412e+00
6.075559702143615868e+04 1.033079747622118960e+00
6.075559728149684815e+04 1.002239094147938214e+00
6.075559754155754490e+04 1.013336160213708537e+00
6.075559780161824165e+04 1.019714332321326467e+00
6.075559806167893839e+04 1.068384926403610047e+00
6.075559832173963514e+04 1.055144362359045296e+00
6.075559858180032461e+04 1.040967662027942664e+00
6.075559884186102136e+04 1.069635380111333856e+00
6.075559910192171810e+04 1.011580879502703700e+00
6.075559936198240757e+04 1.026013897035045863e+00
6.075559962204309704e+04 1.012252370705592375e+00
6.075559988210379379e+04 1.012719936613810434e+00
6.075560014216449053e+04 1.035925985894095014e+00
6.075560040222518728e+04 1.007908697576663792e+00
6.075560066228587675e+04 1.030326532863913069e+00
6.075560092234657350e+04 9.994882086885383821e-01
6.075560118240727024e+04 9.698601538130685595e-01
6.075560144246796699e+04 9.763835130515545746e-01
6.075560170252866374e+04 1.002609728050600335e+00
6.075560196258935321e+04 9.942258945744585352e-01
6.075560222265004995e+04 1.034798744883127286e+00
6.075560248271073942e+04 1.009627318095445592e+00
6.075560274277142889e+04 9.717303861561602529e-01
6.075560300283212564e+04 1.028286372924062109e+00
6.075560326289282239e+04 1.050427216422924248e+00
6.075560352295351913e+04 1.008772090358331042e+00
6.075560378301421588e+04 1.014974208142604084e+00
6.075560404307490535e+04 1.004118604458320130e+00
6.075560430313560209e+04 1.013487308176155732e+00
6.075560456319629884e+04 1.012314279892877478e+00
6.075560482325699559e+04 1.021534307781269302e+00
6.075560508331769233e+04 1.025417923699065703e+00
6.075560534337838180e+04 9.906647760368207933e-01
6.075560560343907127e+04 9.975881613894540534e-01
6.075560586349976802e+04 1.006835472028459577e+00
6.075560612356045749e+04 9.791786204300001462e-01
6.075560638362116151e+04 1.016341531547203747e+00
6.075560664368185098e+04 1.011428939514405378e+00
6.075560690374254773e+04 9.996670278861459202e-01
6.075560716380324448e+04 1.020281786207137831e+00
6.075560742386393395e+04 1.012721091443970156e+00
6.075560768392463069e+04 9.842729314591065481e-01
6.075560794398532744e+04 9.938627603394366572e-01
6.075560820404602418e+04 1.029920473438090900e+00
6.075560846410672093e+04 9.822238110493254348e-01
6.075560872416741040e+04 9.959086828623220367e-01
6.075560898422810715e+04 9.937236428522919773e-01
6.075560924428879662e+04 1.011194720947387715e+00
6.075560950434949336e+04 1.027553324639340682e+00
6.075560976441019011e+04 9.864091088615655201e-01
6.075561002447087958e+04 1.019507154004463567e+00
6.075561028453157633e+04 1.019052475456404538e+00
6.075561054459227307e+04 1.011243759987040747e+00
6.075561080465296254e+04 1.033337953829632339e+00
6.075561106471365929e+04 9.851157458049255577e-01
6.075561132477435604e+04 9.579417825895153449e-01
6.075561158483505278e+04 9.932627577379196104e-01
6.075561184489574953e+04 1.004235342633299943e+00
6.075561210495643900e+04 1.023827065533727820e+00
6.075561236501713574e+04 1.023242498590087202e+00
6.075561262507783249e+04 1.048751421034455733e+00
6.075561288513852924e+04 1.033609214927487807e+00
6.075561314519922598e+04 1.052085956900846719e+00
6.075561340525991545e+04 9.774287682867922600e-01
6.075561366532060492e+04 9.976401631878459852e-01
6.075561392538130167e+04 1.033688805424660462e+00
6.075561418544199114e+04 1.031538023886734434e+00
6.075561444550268789e+04 1.027891368017030516e+00
6.075561470556338463e+04 1.033456051595657454e+00
6.075561496562408138e+04 1.016052274615276474e+00
6.075561522568477812e+04 9.672622460875238692e-01
6.075561548574546759e+04 9.799474901274671801e-01
6.075561574580616434e+04 1.024998236929572482e+00
6.075561600586686109e+04 1.025574970719698609e+00
6.075561626592755783e+04 1.031893600195425753e+00
6.075561652598825458e+04 1.017076198328438652e+00
6.075561678604894405e+04 9.674608733114856696e-01
6.075561704610964080e+04 1.001041097250552347e+00
6.075561730617033754e+04 1.005169189622668657e+00
6.075561756623102701e+04 9.846217537611442472e-01
6.075561782629173103e+04 1.000756663152913672e+00
6.075561808635242051e+04 1.012260418970340137e+00
6.075561834641311725e+04 9.826441230764226820e-01
6.075561860647381400e+04 1.038240966163082923e+00
6.075561886653450347e+04 1.019572055927673304e+00
6.075561912659520021e+04 1.007128460310918072e+00
6.075561938665589696e+04 1.005478067296422751e+00
6.075561964671659371e+04 1.019053661354657914e+00
6.075561990677728318e+04 1.018325169442278577e+00
6.075562016683797265e+04 1.010735356029992982e+00
6.075562042689866939e+04 1.005607674234388238e+00
6.075562068695936614e+04 1.007856824728495582e+00
6.075562094702006289e+04 1.013393282140470086e+00
6.075562120708075963e+04 1.017369835849379678e+00
6.075562146714144910e+04 9.654625192573242920e-01
6.075562172720214585e+04 1.015335419531485428e+00
6.075562198726284259e+04 9.886871529480666387e-01
6.075562224732353206e+04 1.044886083712980085e+00
6.075562250738422881e+04 1.002505515266987945e+00
6.075562276744492556e+04 9.668482729401328690e-01
6.075562302750562230e+04 9.969045527128300721e-01
6.075562328756631905e+04 1.019498391904186452e+00
6.075562490898179385e+04 9.954895873046835097e-01
6.075562516903569485e+04 9.839488747183519068e-01
6.075562542908958858e+04 1.037941587169095792e+00
6.075562568914349686e+04 9.691094456834122850e-01
6.075562594919739058e+04 1.002466434788439775e+00
6.075562620925129158e+04 9.982303012925278773e-01
6.075562646930519259e+04 9.797802341432662043e-01
6.075562672935908631e+04 1.024149593047500417e+00
6.075562698941299459e+04 9.976106295039945948e-01
6.075562724946688832e+04 9.861998281369307451e-01
6.075562750952078204e+04 1.021667458585610477e+00
6.075562776957469032e+04 1.012531163048537630e+00
6.075562802962858404e+04 1.007360288084052424e+00
6.075562828968248505e+04 9.876568410440719203e-01
6.075562854973638605e+04 9.622975943131273358e-01
6.075562880979027977e+04 9.854974652314724137e-01
6.075562906984418805e+04 1.014301365894778151e+00
6.075562932989808178e+04 1.006108223959150116e+00
6.075562958995198278e+04 9.846455482000844306e-01
6.075562985000588378e+04 1.004958786431603635e+00
6.075563011005977751e+04 9.827359141450333624e-01
6.075563037011368579e+04 9.816425537130385459e-01
6.075563063016757951e+04 9.945407477947690866e-01
6.075563089022147324e+04 9.903845400778842345e-01
6.075563115027538151e+04 1.002504594765041723e+00
6.075563141032927524e+04 1.001876235091447409e+00
6.075563167038317624e+04 1.000821510901106270e+00
6.075563193043707724e+04 1.013345716805709174e+00
6.075563219049097097e+04 9.687544169099109315e-01
6.075563245054487925e+04 1.018377271920756888e+00
6.075563271059877297e+04 1.026544026187194092e+00
6.075563297065267398e+04 9.835869318072747447e-01
6.075563323070657498e+04 1.012173607236112938e+00
6.075563349076046870e+04 1.012348575886228064e+00
6.075563375081437698e+04 1.034057871307608956e+00
6.075563401086827798e+04 9.946104488615694628e-01
6.075563427092217171e+04 1.004510319935973950e+00
6.075563453097607999e+04 1.026259801975274888e+00
6.075563479102997371e+04 9.982964357234500596e-01
6.075563505108387471e+04 9.882621900596113562e-01
6.075563531113777572e+04 9.685442753546151806e-01
6.075563557119166944e+04 1.005015656339644181e+00
6.075563583124557772e+04 1.035124348868941446e+00
6.075563609129947145e+04 1.024209005842151576e+00
6.075563635135336517e+04 9.934910620560507555e-01
6.075563661140727345e+04 1.017465247388418037e+00
6.075563687146116717e+04 9.885718256654435487e-01
6.075563713151507545e+04 9.645384020542705494e-01
6.075563739156896918e+04 9.935700126200828208e-01
6.075563765162286290e+04 9.981286436498529868e-01
6.075563791167677118e+04 9.853963802024596763e-01
6.075563817173066491e+04 9.675441426931410405e-01
6.075563843178456591e+04 9.609977236150611946e-01
6.075563869183846691e+04 1.009241736352128882e+00
6.075563895189236064e+04 1.001979047874542950e+00
6.075563921194626892e+04 9.910528877825179883e-01
6.075563947200016992e+04 1.004708004714265357e+00
6.075563973205406364e+04 9.725276330278392889e-01
6.075563999210797192e+04 1.011668557008079228e+00
6.075564025216186565e+04 1.001940266448962946e+00
6.075564051221577392e+04 9.831376561638759393e-01
6.075564077226966765e+04 1.027920550512452236e+00
6.075564103232356138e+04 1.059504903371419449e+00
6.075564129237746965e+04 9.836530776552252497e-01
6.075564155243136338e+04 9.996786398263174389e-01
6.075564181248526438e+04 1.005193297404601838e+00
6.075564207253916538e+04 1.008112966038796188e+00
6.075564233259305911e+04 9.788099839022812443e-01
6.075564259264696739e+04 9.774785996443233760e-01
6.075564285270086111e+04 1.012117559036939785e+00
6.075564311275475484e+04 9.722414720643204333e-01
6.075564337280867039e+04 1.001577183895242085e+00
6.075564363286256412e+04 9.968186392111677563e-01
6.075564389291646512e+04 1.026686127831736739e+00
6.075564415297036612e+04 9.403869554597115155e-01
6.075564441302425985e+04 9.956808339595678570e-01
6.075564467307816813e+04 9.756094775080283998e-01
6.075564493313206185e+04 1.011613475616201185e+00
6.075564519318596285e+04 9.813751861192344661e-01
6.075564545323986385e+04 9.707396580075503545e-01
6.075564571329375758e+04 1.018540689213638606e+00
6.075564597334766586e+04 9.920643030782948513e-01
6.075564623340155958e+04 1.015151437881149699e+00
6.075564649345545331e+04 9.822088977967782242e-01
6.075564675350936886e+04 9.680371771514610924e-01
6.075564701356326259e+04 1.000575752118906259e+00
6.075564727361716359e+04 9.677211859654486492e-01
6.075564753367106459e+04 9.972290803234842294e-01
6.075564779372495832e+04 1.019158303055434089e+00
6.075564805377886660e+04 9.770186740428985495e-01
6.075564831383276032e+04 9.524305040499240205e-01
6.075564857388666132e+04 1.042021715817467387e+00
6.075564883394056233e+04 9.933303185418270731e-01
6.075564909399445605e+04 9.897735257536665054e-01
6.075564935404836433e+04 1.009010660772626577e+00
6.075564961410226533e+04 9.861979678310994757e-01
6.075564987415615906e+04 1.012373411005000001e+00
6.075565013421006734e+04 9.955013834178955134e-01
6.075565039426396106e+04 1.011890912941359355e+00
6.075565065431786206e+04 1.013238550511670777e+00
6.075565091437176306e+04 9.931598816257463103e-01
6.075565117442565679e+04 9.913004374285078191e-01
6.075565143447956507e+04 9.804753802121283224e-01
6.075565169453345879e+04 1.051993421848906429e+00
6.075565195458735980e+04 9.922075160039255382e-01
6.075565221464126080e+04 9.996609412295245356e-01
6.075565247469516180e+04 9.788360247672597270e-01
6.075565273474907008e+04 1.017966329676921022e+00
6.075565299480296380e+04 1.008067779432738620e+00
6.075565325485685753e+04 9.947779021359587359e-01
6.075565492670372623e+04 1.006535304445475676e+00
6.075565518676442298e+04 9.847699865731834867e-01
6.075565544682511972e+04 1.049846815315000459e+00
6.075565570688581647e+04 9.795478393460665956e-01
6.075565596694650594e+04 1.001815640980257882e+00
6.075565622700720269e+04 9.891294660733942479e-01
6.075565648706790671e+04 1.022358869795418901e+00
6.075565674712860346e+04 1.026924028908469566e+00
6.075565700718930020e+04 9.992749538034232382e-01
6.075565726724998967e+04 9.928868402874546639e-01
6.075565752731068642e+04 1.033537669194660724e+00
6.075565778737138317e+04 1.020365477934672471e+00
6.075565804743207264e+04 9.779673590742335998e-01
6.075565830749276938e+04 9.881928414625287260e-01
6.075565856755346613e+04 9.941898499287559199e-01
6.075565882761416287e+04 1.003701822903517948e+00
6.075565908767486690e+04 9.869082918970655260e-01
6.075565934773555637e+04 1.037513013669024931e+00
6.075565960779625311e+04 9.961119634203968731e-01
6.075565986785694986e+04 1.012322436403592540e+00
6.075566012791764661e+04 9.896136175784724376e-01
6.075566038797834335e+04 9.826413327738775516e-01
6.075566064803903282e+04 1.012004756723628995e+00
6.075566090809972957e+04 1.015638940740284601e+00
6.075566116816042631e+04 1.022156349626312632e+00
6.075566142822111578e+04 1.012092074324950408e+00
6.075566168828181981e+04 9.846910731671419947e-01
6.075566194834251655e+04 1.014249599199106511e+00
6.075566220840321330e+04 1.039754702006883136e+00
6.075566246846391005e+04 9.645723764083664609e-01
6.075566272852459952e+04 9.938003453556624178e-01
6.075566298858529626e+04 9.711040050249147848e-01
6.075566324864599301e+04 9.928891543141054044e-01
6.075566350870668975e+04 9.758189844214907316e-01
6.075566376876738650e+04 1.018614791143051201e+00
6.075566402882808325e+04 9.954300442831570672e-01
6.075566428888877999e+04 9.804168819345424613e-01
6.075566454894947674e+04 9.750538843238635289e-01
6.075566480901016621e+04 1.004935629344819947e+00
6.075566506907087023e+04 1.007127195596128511e+00
6.075566532913155970e+04 9.767461484103350244e-01
6.075566558919225645e+04 1.002083349246046362e+00
6.075566584925295319e+04 9.797056860208894769e-01
6.075566610931364266e+04 1.026366028556769283e+00
6.075566636937434669e+04 1.009819599014560199e+00
6.075566662943504343e+04 9.676427230301983817e-01
6.075566688949574018e+04 1.024655778753924995e+00
6.075566714955643693e+04 1.016817971980042090e+00
6.075566740961712640e+04 1.024840796923253583e+00
6.075566766967782314e+04 1.010309737620469939e+00
6.075566792973851989e+04 9.897137407199805281e-01
6.075566818979921663e+04 9.896037300475812870e-01
6.075566844985992066e+04 1.043158109358286012e+00
6.075566870992061013e+04 1.016776349884729980e+00
6.075566896998130687e+04 9.553820048275438737e-01
6.075566923004200362e+04 1.019816807320317320e+00
6.075566949010269309e+04 9.829775795391101356e-01
6.075566975016338984e+04 9.902673715714467306e-01
6.075567001022408658e+04 1.030624625275795347e+00
6.075567027028479060e+04 1.013829689556360547e+00
6.075567053034548735e+04 1.018197105779489187e+00
6.075567079040617682e+04 9.961772423435767410e-01
6.075567105046687357e+04 1.014755647456660581e+00
6.075567131052757031e+04 9.989214161530977076e-01
6.075567157058826706e+04 1.047183582991659589e+00
6.075567183064896381e+04 1.054047991590628897e+00
6.075567209070966055e+04 1.001806108622275149e+00
6.075567235077035730e+04 9.928584136331779497e-01
6.075567261083105404e+04 1.039035703074300709e+00
6.075567287089174351e+04 1.032699816258161540e+00
6.075567313095244026e+04 1.002105996190701953e+00
6.075567339101313701e+04 1.031070983974880173e+00
6.075567365107383375e+04 1.019765205549312714e+00
6.075567391113453778e+04 1.032470154461130107e+00
6.075567417119522725e+04 9.977696804104132511e-01
6.075567443125592399e+04 1.005672176473734414e+00
6.075567469131662074e+04 9.789053439579653570e-01
6.075567495137731748e+04 1.022467126765238321e+00
6.075567521143801423e+04 9.730432283415034744e-01
6.075567547149870370e+04 1.003921919817376551e+00
6.075567573155940772e+04 1.030703826207141072e+00
6.075567599162010447e+04 1.018748236219867653e+00
6.075567625168079394e+04 9.868653484176788115e-01
6.075567651174149796e+04 1.032524409503311702e+00
6.075567677180218743e+04 1.001181176921220661e+00
6.075567703186288418e+04 1.025347636920994621e+00
6.075567729192358820e+04 1.033281906657052218e+00
6.075567755198427767e+04 9.678940394630880517e-01
6.075567781204497442e+04 1.043030878189413979e+00
6.075567807210567116e+04 1.006879865285641884e+00
6.075567833216636791e+04 1.020036605262566898e+00
6.075567859222706466e+04 9.800633240194092100e-01
6.075567885228776140e+04 9.961104766954724798e-01
6.075567911234845815e+04 9.985896782703646002e-01
6.075567937240915489e+04 1.020156988514166807e+00
6.075567963246985164e+04 9.916234199809141892e-01
6.075567989253054839e+04 9.934821838536090910e-01
6.075568015259123786e+04 1.005488559049702246e+00
6.075568041265193460e+04 1.026750582551414270e+00
6.075568067271263862e+04 9.896420867791911880e-01
6.075568093277332810e+04 1.027696637666418278e+00
6.075568119283402484e+04 1.016660892250176307e+00
6.075568145289472159e+04 1.013274466188179401e+00
6.075568171295541833e+04 1.016968112992019835e+00
6.075568197301612236e+04 1.052448687706668329e+00
6.075568223307681183e+04 1.003554846203912776e+00
6.075568249313750857e+04 1.006581084397520698e+00
6.075568275319820532e+04 9.908781782594362486e-01
6.075568301325890206e+04 1.022119752401481563e+00
6.075568327331959881e+04 1.010274051775886806e+00
6.075568483173202549e+04 9.825929083778996986e-01
6.075568509178581735e+04 9.958804146539231850e-01
6.075568535183960921e+04 9.670383344503931111e-01
6.075568561189340107e+04 9.777777039074277976e-01
6.075568587194720021e+04 9.895145272746569409e-01
6.075568613200099207e+04 1.018485604906130160e+00
6.075568639205479121e+04 9.868252075471939389e-01
6.075568665210859035e+04 1.005353130508076287e+00
6.075568691216238221e+04 1.013600813233005216e+00
6.075568717221618135e+04 1.005358762828286512e+00
6.075568743226997321e+04 1.000597804578296390e+00
6.075568769232376508e+04 1.028657349726770587e+00
6.075568795237755694e+04 1.005786257335334444e+00
6.075568821243135608e+04 1.017534488499862722e+00
6.075568847248514794e+04 1.009791725336075974e+00
6.075568873253893980e+04 9.877096791664916609e-01
6.075568899259273167e+04 1.013399665863701227e+00
6.075568925264653080e+04 9.869060566231615539e-01
6.075568951270033722e+04 9.887508869988133053e-01
6.075568977275412908e+04 1.001031539432820416e+00
6.075569003280792094e+04 9.675618553018110468e-01
6.075569029286171281e+04 1.026570807721000511e+00
6.075569055291551194e+04 1.006650806896349115e+00
6.075569081296930381e+04 1.010896814302858715e+00
6.075569107302309567e+04 1.021037394962892142e+00
6.075569133307688753e+04 1.037131753750370811e+00
6.075569159313068667e+04 9.839697417740101981e-01
6.075569185318447853e+04 1.017616792850630114e+00
6.075569211323827039e+04 1.020408959123165538e+00
6.075569237329206953e+04 9.833442618608095875e-01
6.075569263334586867e+04 1.016462756653417676e+00
6.075569289339966781e+04 1.008286680214764974e+00
6.075569315345345967e+04 9.756067704253573725e-01
6.075569341350725153e+04 1.017036169876075036e+00
6.075569367356104340e+04 9.927349505136799923e-01
6.075569393361484254e+04 1.055256199155369279e+00
6.075569419366863440e+04 1.028093290925445880e+00
6.075569445372242626e+04 1.024807751881027462e+00
6.075569471377621812e+04 1.011258318733789352e+00
6.075569497383001726e+04 1.008370082798810463e+00
6.075569523388381640e+04 1.038563563832740400e+00
6.075569549393761554e+04 1.000118585632759016e+00
6.075569575399140740e+04 1.012968966331939891e+00
6.075569601404520654e+04 9.966731148637059112e-01
6.075569627409899840e+04 1.004883764579554306e+00
6.075569653415279026e+04 9.948063786567916678e-01
6.075569679420658213e+04 9.927209342352163457e-01
6.075569705426038126e+04 1.015102641664692218e+00
6.075569731431417313e+04 1.019801163950356360e+00
6.075569757436796499e+04 1.014597516589661019e+00
6.075569783442175685e+04 9.542250449217034580e-01
6.075569809447555599e+04 1.017821426012463837e+00
6.075569835452935513e+04 1.009011136990103807e+00
6.075569861458315427e+04 9.756213139104589205e-01
6.075569887463694613e+04 9.974328531985241497e-01
6.075569913469074527e+04 1.031957804523893518e+00
6.075569939474453713e+04 9.573849958550263439e-01
6.075569965479832899e+04 1.005496551379374770e+00
6.075569991485212086e+04 1.018495495513850546e+00
6.075570017490591999e+04 1.055180523152347449e+00
6.075570043495971186e+04 1.003466816196108891e+00
6.075570069501350372e+04 9.829395803157052747e-01
6.075570095506729558e+04 9.925702757564832668e-01
6.075570121512110200e+04 9.720858902722612216e-01
6.075570147517490113e+04 9.857489151013200113e-01
6.075570173522869300e+04 9.796167441793776076e-01
6.075570199528248486e+04 1.005912236374492785e+00
6.075570225533628400e+04 1.018658449186262915e+00
6.075570251539007586e+04 1.015097485502630015e+00
6.075570277544386772e+04 1.004505083421804335e+00
6.075570303549766686e+04 9.982794465499270631e-01
6.075570329555145872e+04 9.946149679875380123e-01
6.075570355560525059e+04 1.022161329993651835e+00
6.075570381565904245e+04 9.971696794652640250e-01
6.075570407571284159e+04 1.043750414513156866e+00
6.075570433576664072e+04 9.855179891406343762e-01
6.075570459582043986e+04 1.019462495054473061e+00
6.075570485587423173e+04 1.022263341765859090e+00
6.075570511592803086e+04 1.021376672703315558e+00
6.075570537598182273e+04 1.014126895623551627e+00
6.075570563603561459e+04 1.037646481898198081e+00
6.075570589608941373e+04 1.013508570666242115e+00
6.075570615614320559e+04 9.809005306863045615e-01
6.075570641619699745e+04 9.917211393127233210e-01
6.075570667625078931e+04 9.679802225955959072e-01
6.075570693630458845e+04 1.001462850853727771e+00
6.075570719635838759e+04 1.010338795025806480e+00
6.075570745641218673e+04 9.998819979990717366e-01
6.075570771646598587e+04 1.011707556558576027e+00
6.075570797651977773e+04 1.002321413537811789e+00
6.075570823657356959e+04 9.828097890847130591e-01
6.075570849662736146e+04 1.007262316856629036e+00
6.075570875668116059e+04 1.002861189002990150e+00
6.075570901673495246e+04 9.362665687643378920e-01
6.075570927678874432e+04 9.916630557960591785e-01
6.075570953684254346e+04 1.001383928369900866e+00
6.075570979689633532e+04 1.021796599319152898e+00
6.075571005695012718e+04 9.928603426647542030e-01
6.075571031700392632e+04 1.005023877749737116e+00
6.075571057705773273e+04 9.943473172468906274e-01
6.075571083711152460e+04 1.014991654890676331e+00
6.075571109716531646e+04 9.654074938639736203e-01
6.075571135721911560e+04 9.914652275081206056e-01
6.075571161727290746e+04 9.725901344090381873e-01
6.075571187732669932e+04 9.662209207013673362e-01
6.075571213738049846e+04 1.007458230100655161e+00
6.075571239743429032e+04 1.036066119891673853e+00
6.075571265748808219e+04 9.832676505592480298e-01
6.075571291754187405e+04 9.847141707158966195e-01
6.075571317759568046e+04 1.018761113294066156e+00
6.075571474862289324e+04 9.689576747803930745e-01
6.075571500868358999e+04 1.029393381945134411e+00
6.075571526874427946e+04 9.831932843357029661e-01
6.075571552880498348e+04 1.003381879887680350e+00
6.075571578886568022e+04 1.027480504108892800e+00
6.075571604892637697e+04 9.968768599989868973e-01
6.075571630898707372e+04 9.903680609911834631e-01
6.075571656904777046e+04 1.001446756723010756e+00
6.075571682910846721e+04 1.006152839711367264e+00
6.075571708916916396e+04 1.017709538070427522e+00
6.075571734922986070e+04 9.703061665263787994e-01
6.075571760929056472e+04 9.986009510745711415e-01
6.075571786935125419e+04 9.939450106540255181e-01
6.075571812941195094e+04 1.006704464057581072e+00
6.075571838947265496e+04 1.001421893111263062e+00
6.075571864953334443e+04 9.889381776183915340e-01
6.075571890959404118e+04 1.009450922798157402e+00
6.075571916965474520e+04 9.759914778875155017e-01
6.075571942971544195e+04 9.953924961885232126e-01
6.075571968977613869e+04 1.001449046365032292e+00
6.075571994983683544e+04 1.038181261262004051e+00
6.075572020989753219e+04 9.522960035254511846e-01
6.075572046995822893e+04 9.840625768938060514e-01
6.075572073001892568e+04 1.008336798207163820e+00
6.075572099007962970e+04 1.001753133853724442e+00
6.075572125014031917e+04 9.639424485168822665e-01
6.075572151020101592e+04 9.917027880930334716e-01
6.075572177026171994e+04 1.016933729034302791e+00
6.075572203032240941e+04 9.867080782085557722e-01
6.075572229038310616e+04 1.002322817620562301e+00
6.075572255044381018e+04 1.001765012041519798e+00
6.075572281050450692e+04 1.013282251531097300e+00
6.075572307056520367e+04 9.929743769464127734e-01
6.075572333062589314e+04 1.010207386104704064e+00
6.075572359068659716e+04 9.976765473466568945e-01
6.075572385074729391e+04 1.028829618052330197e+00
6.075572411080799066e+04 9.787272137002269723e-01
6.075572437086869468e+04 9.963640841633987222e-01
6.075572463092938415e+04 9.616951573013942101e-01
6.075572489099008089e+04 9.832087454769403712e-01
6.075572515105078492e+04 9.766762261516895860e-01
6.075572541111147439e+04 1.019292399277919259e+00
6.075572567117217113e+04 1.037324136792800999e+00
6.075572593123287515e+04 9.966211261495080409e-01
6.075572619129357190e+04 1.002947546330544171e+00
6.075572645135426865e+04 9.463993545442324073e-01
6.075572671141496539e+04 9.782421370155152118e-01
6.075572697147566214e+04 1.000058597465353749e+00
6.075572723153635889e+04 9.640629020905769897e-01
6.075572749159706291e+04 1.009006998673004363e+00
6.075572775165775965e+04 1.010353912391879438e+00
6.075572801171844912e+04 9.870317506839638710e-01
6.075572827177915315e+04 9.897678630297210844e-01
6.075572853183984989e+04 1.036577494874542316e+00
6.075572879190053936e+04 9.784157828891402175e-01
6.075572905196125066e+04 9.939999838101761798e-01
6.075572931202194013e+04 1.000834988028871830e+00
6.075572957208263688e+04 1.007506335219648497e+00
6.075572983214334090e+04 9.875004635343889170e-01
6.075573009220403037e+04 1.012412764495572270e+00
6.075573035226472712e+04 1.006531562485756925e+00
6.075573061232543114e+04 1.032754856831566093e+00
6.075573087238612788e+04 1.000954737385609139e+00
6.075573113244682463e+04 9.841192240015396164e-01
6.075573139250752138e+04 1.002447407577143901e+00
6.075573165256821812e+04 9.887295831569813398e-01
6.075573191262891487e+04 9.979872551560776683e-01
6.075573217268961889e+04 9.676529748859944435e-01
6.075573243275031564e+04 9.607112740040045784e-01
6.075573269281100511e+04 9.708366918619983910e-01
6.075573295287170913e+04 1.000009336370097479e+00
6.075573321293240588e+04 1.009634663432638968e+00
6.075573347299309535e+04 1.006308659375722003e+00
6.075573373305379937e+04 9.953948769600632351e-01
6.075573399311449612e+04 1.009372968015654015e+00
6.075573425317519286e+04 9.674267751626584033e-01
6.075573451323589688e+04 1.015100092895290684e+00
6.075573477329658635e+04 9.755701823543472262e-01
6.075573503335728310e+04 9.823479152370934164e-01
6.075573529341798712e+04 9.866655446916069439e-01
6.075573555347868387e+04 9.931085000572278387e-01
6.075573581353938062e+04 1.022556359428016259e+00
6.075573607360007736e+04 9.705987393919760509e-01
6.075573633366077411e+04 1.002281644371435299e+00
6.075573659372147085e+04 9.808480074756830147e-01
6.075573685378216760e+04 9.855074716365431753e-01
6.075573711384286435e+04 1.007773402548125752e+00
6.075573737390356837e+04 9.933247898446300184e-01
6.075573763396426511e+04 1.032848130049293323e+00
6.075573789402496186e+04 1.012242278888375147e+00
6.075573815408565861e+04 9.996361271561454709e-01
6.075573841414635535e+04 1.022858426124059639e+00
6.075573867420705210e+04 1.016871201326974283e+00
6.075573893426775612e+04 1.005812952279180106e+00
6.075573919432845287e+04 9.975607740744597551e-01
6.075573945438914234e+04 1.026383679202583110e+00
6.075573971444984636e+04 9.901846160835422461e-01
6.075573997451054311e+04 1.027261217770881752e+00
6.075574023457123985e+04 9.998282412039033451e-01
6.075574049463194387e+04 1.006672317223975766e+00
6.075574075469263335e+04 9.914332893300691341e-01
6.075574101475333737e+04 1.004904015833504971e+00
6.075574127481403411e+04 1.012403568213563920e+00
6.075574153487472358e+04 9.961017501898326021e-01
6.075574179493542761e+04 1.050845686923550737e+00
6.075574205499612435e+04 1.034351619476977069e+00
6.075574231505682837e+04 1.009784739596115921e+00
6.075574257511752512e+04 1.003684788070604794e+00
6.075574283517821459e+04 9.832996053109440693e-01
6.075574309523891861e+04 9.948152251719796224e-01
6.075574483009459800e+04 1.018996352394759830e+00
6.075574509014838986e+04 1.024103662544197713e+00
6.075574535020218900e+04 1.016875965050173747e+00
6.075574561025598086e+04 1.033300071273332899e+00
6.075574587030978000e+04 9.438085807012951411e-01
6.075574613036357187e+04 9.846239456942488255e-01
6.075574639041737100e+04 1.000442645818960363e+00
6.075574665047117742e+04 1.003348850287178795e+00
6.075574691052496928e+04 1.017711461625078639e+00
6.075574717057876842e+04 1.011789142951849518e+00
6.075574743063256028e+04 1.044442743393485751e+00
6.075574769068635942e+04 9.836579875713633569e-01
6.075574795074015128e+04 1.002694041587879115e+00
6.075574821079394314e+04 1.020301422810634184e+00
6.075574847084774228e+04 1.008666998877274512e+00
6.075574873090153415e+04 1.025539886479071017e+00
6.075574899095533328e+04 1.001018579322593194e+00
6.075574925100912515e+04 1.005859183676645952e+00
6.075574951106292428e+04 1.033191280160946413e+00
6.075574977111673070e+04 9.854635810340753865e-01
6.075575003117052256e+04 1.044752447708361398e+00
6.075575029122432170e+04 9.811425458744641448e-01
6.075575055127811356e+04 9.830803793293320103e-01
6.075575081133191270e+04 1.003818700918647000e+00
6.075575107138570456e+04 9.771603928228193015e-01
6.075575133143949643e+04 9.734491786710787187e-01
6.075575159149329556e+04 1.025902008855003267e+00
6.075575185154708743e+04 9.713427964652774360e-01
6.075575211160088656e+04 9.990142090173668166e-01
6.075575237165468570e+04 1.018891391317376272e+00
6.075575263170849212e+04 1.014869751508391760e+00
6.075575289176228398e+04 9.972986285999640987e-01
6.075575315181608312e+04 9.941878732199195268e-01
6.075575341186987498e+04 1.006629899205503609e+00
6.075575367192366684e+04 1.054791210925043909e+00
6.075575393197746598e+04 1.006968870268629912e+00
6.075575419203125784e+04 1.036723862485764869e+00
6.075575445208505698e+04 1.008997850449131262e+00
6.075575471213884884e+04 1.033589404398795653e+00
6.075575497219264798e+04 1.010435229260859380e+00
6.075575523224643985e+04 1.005148537368464545e+00
6.075575549230023898e+04 9.996628350357379400e-01
6.075575575235404540e+04 1.017723670769555167e+00
6.075575601240783726e+04 1.025674990356383542e+00
6.075575627246163640e+04 9.987691398379209273e-01
6.075575653251542826e+04 9.920227644679470158e-01
6.075575679256922740e+04 9.928138896336156094e-01
6.075575705262301926e+04 9.962501171299086300e-01
6.075575731267681840e+04 1.036545026314031892e+00
6.075575757273061026e+04 9.913857440528381915e-01
6.075575783278440940e+04 1.030184480224949573e+00
6.075575809283820126e+04 9.931904045611180676e-01
6.075575835289200040e+04 1.038283079089409977e+00
6.075575861294580682e+04 1.025270852108970177e+00
6.075575887299959868e+04 9.958708600859847992e-01
6.075575913305339782e+04 1.052216659661824094e+00
6.075575939310718968e+04 9.942871564420292518e-01
6.075575965316098882e+04 1.035755771245399304e+00
6.075575991321478068e+04 1.040201902677030388e+00
6.075576017326857982e+04 1.001043739101948438e+00
6.075576043332237168e+04 1.033539724735588861e+00
6.075576069337617082e+04 1.028279012288089600e+00
6.075576095342996268e+04 9.704392145099801636e-01
6.075576121348375455e+04 1.043013586707788098e+00
6.075576147353756096e+04 9.939109644953675327e-01
6.075576173359136010e+04 1.015545224526576584e+00
6.075576199364515924e+04 1.011931005930407412e+00
6.075576225369895110e+04 9.998171562217967878e-01
6.075576251375275024e+04 1.038495520492648927e+00
6.075576277380654210e+04 1.055181159004157099e+00
6.075576303386034124e+04 9.732711182268097838e-01
6.075576329391413310e+04 9.954439401470802640e-01
6.075576355396793224e+04 9.769928738719518835e-01
6.075576381402172410e+04 1.040318874839409435e+00
6.075576407407552324e+04 9.983767778526403402e-01
6.075576433412932238e+04 1.004757829500986910e+00
6.075576459418312879e+04 9.971880758572870818e-01
6.075576485423692066e+04 9.957767890569529934e-01
6.075576511429071252e+04 9.804141119341454047e-01
6.075576537434451166e+04 1.002624777896097719e+00
6.075576563439830352e+04 1.012948027036687959e+00
6.075576589445210266e+04 1.025544583237553375e+00
6.075576615450589452e+04 1.011031380965849324e+00
6.075576641455969366e+04 1.005425605146379464e+00
6.075576667461348552e+04 9.893555790912436088e-01
6.075576693466728466e+04 1.016145727645337393e+00
6.075576719472107652e+04 1.003418738764445761e+00
6.075576745477488294e+04 9.921336254410157984e-01
6.075576771482868207e+04 9.870989501380079689e-01
6.075576797488248121e+04 1.030172626919436230e+00
6.075576823493627307e+04 9.922522272101336194e-01
6.075576849499007221e+04 1.020002347086661931e+00
6.075576875504386408e+04 1.012195173379028423e+00
6.075576901509766321e+04 1.012680226007209860e+00
6.075576927515145508e+04 1.015984567873857936e+00
6.075576953520525421e+04 1.032672283781275846e+00
6.075576979525904608e+04 1.020385419828808038e+00
6.075577005531284522e+04 1.023904642250119013e+00
6.075577031536664435e+04 1.015763599157545771e+00
6.075577057542045077e+04 1.006995570971684240e+00
6.075577083547424263e+04 9.927488305606214647e-01
6.075577109552804177e+04 1.052001043628504995e+00
6.075577135558183363e+04 1.007576647624256916e+00
6.075577161563563277e+04 1.002077727673466701e+00
6.075577187568942463e+04 1.045949978716336881e+00
6.075577213574322377e+04 1.024262991375264109e+00
6.075577239579701563e+04 1.034556658737807888e+00
6.075577265585081477e+04 9.854327860593887767e-01
6.075577291590460663e+04 1.035000216068553414e+00
6.075577317595840577e+04 1.004122321639863591e+00
