6.075585120109809941e+04 9.938892209192943250e-01
6.075585146115189855e+04 9.865572957193571302e-01
6.075585172120569769e+04 1.047787270139422855e+00
6.075585198125948955e+04 9.964431502895723103e-01
6.075585224131328869e+04 9.664790059030073932e-01
6.075585250136708783e+04 9.865557217280849223e-01
6.075585276142088696e+04 1.034921446411535717e+00
6.075585302147467883e+04 9.817362874456713184e-01
6.075585328152847796e+04 1.031016892085371950e+00
6.075585354158227710e+04 1.028088098649505122e+00
6.075585380163608352e+04 1.044654153323204770e+00
6.075585406168988993e+04 1.010466285973611766e+00
6.075585432174368179e+04 1.008768288778298494e+00
6.075585458179748093e+04 1.001686755785706096e+00
6.075585484185128007e+04 1.013090854451195844e+00
6.075585510190507921e+04 1.021838512454017023e+00
6.075585536195887107e+04 1.007483497518934845e+00
6.075585562201267021e+04 1.040160390586270189e+00
6.075585588206646935e+04 1.011560155049211929e+00
6.075585614212026849e+04 9.923508400973628518e-01
6.075585640217406763e+04 1.003356828573464421e+00
6.075585666222785949e+04 9.890470242849932481e-01
6.075585692228166590e+04 1.002560044126069583e+00
6.075585718233547232e+04 1.024911180749765061e+00
6.075585744238927145e+04 9.964408243060458581e-01
6.075585770244306332e+04 1.026420010845901620e+00
6.075585796249686246e+04 1.035839892520853178e+00
6.075585822255066159e+04 1.043466972103243462e+00
6.075585848260446073e+04 1.064068918808856568e+00
6.075585874265825987e+04 9.559888334915543906e-01
6.075585900271205173e+04 1.024563355523701480e+00
6.075585926276585087e+04 1.031830187078256689e+00
6.075585952281965001e+04 9.902106354205322258e-01
6.075585978287345642e+04 9.995038165167832167e-01
6.075586004292726284e+04 1.015082256001855532e+00
6.075586030298105470e+04 1.008409114202962087e+00
6.075586056303485384e+04 1.007187382691414834e+00
6.075586082308865298e+04 1.017167014672609726e+00
6.075586108314245212e+04 9.979533394526525214e-01
6.075586134319625125e+04 9.962639758045570559e-01
6.075586160325004312e+04 1.016196362095458827e+00
6.075586186330384226e+04 9.823570782072840180e-01
6.075586212335764139e+04 1.039548942667720244e+00
6.075586238341144053e+04 9.893129292875059155e-01
6.075586264346523967e+04 9.959936665660341637e-01
6.075586290351903881e+04 1.025283090336937875e+00
6.075586316357284522e+04 9.996981056228390061e-01
6.075586342362664436e+04 9.722658079246515594e-01
6.075586368368044350e+04 9.870538287034981151e-01
6.075586394373424264e+04 9.923204231719379154e-01
6.075586420378803450e+04 9.491187220493514376e-01
6.075586446384183364e+04 1.011142108375377990e+00
6.075586472389563278e+04 1.015685648687459031e+00
6.075586498394943192e+04 1.009538287266458223e+00
6.075586524400323106e+04 9.953830329308204217e-01
6.075586550405702292e+04 1.018549156392263955e+00
6.075586576411082933e+04 9.942345166531292300e-01
6.075586602416463575e+04 9.698914713939443821e-01
6.075586628421843488e+04 1.002061148269940638e+00
6.075586654427223402e+04 1.057766990394944706e+00
6.075586680432603316e+04 1.002487954567235606e+00
6.075586706437982502e+04 9.646194993387713357e-01
6.075586732443362416e+04 1.046534503426644447e+00
6.075586758448742330e+04 9.906247982004428021e-01
6.075586784454122244e+04 1.017958061997549679e+00
6.075586810459502158e+04 1.020753326491898427e+00
6.075586836464881344e+04 9.677736046114677748e-01
6.075586862470261258e+04 9.504799336207848670e-01
6.075586888475641899e+04 9.963048193950104769e-01
6.075586914481022541e+04 9.773184788626336772e-01
6.075586940486402455e+04 1.015062821718935915e+00
6.075586966491782368e+04 9.800999170664554949e-01
6.075586992497161555e+04 1.016468034237868912e+00
6.075587018502541468e+04 1.009980247196353709e+00
6.075587044507921382e+04 1.009657274070627331e+00
6.075587070513301296e+04 1.020959756918458305e+00
6.075587096518681210e+04 9.686185265702287328e-01
6.075587122524061124e+04 9.738779332072361461e-01
6.075587148529440310e+04 9.972703524651584939e-01
6.075587174534820952e+04 9.615838078980096792e-01
6.075587200540201593e+04 1.015807581758429112e+00
6.075587226545581507e+04 1.010124358306000669e+00
6.075587252550961421e+04 9.691293676825972758e-01
6.075587278556341334e+04 1.012337259004858714e+00
6.075587304561720521e+04 9.728400668700815102e-01
6.075587330567100435e+04 9.855411544545563673e-01
6.075587356572480348e+04 9.633730243433418217e-01
6.075587382577860262e+04 9.668730232383705436e-01
6.075587408583240176e+04 1.043838742669845443e+00
6.075587434588620090e+04 1.005629115212985925e+00
6.075587460593999276e+04 9.860522855129031372e-01
6.075587486599379918e+04 9.706238476525292924e-01
6.075587512604760559e+04 9.936412854916167881e-01
6.075587538610140473e+04 1.014000097041086068e+00
6.075587564615520387e+04 1.043296793800335687e+00
6.075587590620900301e+04 9.860810782827320597e-01
6.075587616626279487e+04 9.772393658524656246e-01
6.075587642631659401e+04 1.005873919013410722e+00
6.075587668637039314e+04 9.981014371455729783e-01
6.075587694642419228e+04 1.011374276137934514e+00
6.075587720647799142e+04 9.784757437167000971e-01
6.075587746653179056e+04 9.787647365848199943e-01
6.075587772658559697e+04 1.010251318185361402e+00
6.075587798663939611e+04 9.993080778094090011e-01
6.075587824669319525e+04 9.854048340207933743e-01
6.075587850674699439e+04 1.023592642523854845e+00
6.075587876680079353e+04 9.778711193823547143e-01
6.075587902685459267e+04 9.818451201364506442e-01
6.075587928690839180e+04 9.614249172150762801e-01
6.075587954696219094e+04 9.918559803844102518e-01
6.075588115580000158e+04 1.004254880587247323e+00
6.075588141586070560e+04 9.667606068916775319e-01
6.075588167592140235e+04 1.033923183499480203e+00
6.075588193598210637e+04 1.016680316804824846e+00
6.075588219604280312e+04 9.822318772166840350e-01
6.075588245610350714e+04 1.021967208143373051e+00
6.075588271616421116e+04 9.804161874830652490e-01
6.075588297622490791e+04 9.975658233678732500e-01
6.075588323628561193e+04 1.043686953092142655e+00
6.075588349634631595e+04 9.921498580656340494e-01
6.075588375640701997e+04 9.801271367758490616e-01
6.075588401646771672e+04 1.014303508017670552e+00
6.075588427652841347e+04 1.016771535108587532e+00
6.075588453658911749e+04 1.003662720298613475e+00
6.075588479664982151e+04 9.988750336554086395e-01
6.075588505671051826e+04 9.915182280995712416e-01
6.075588531677122955e+04 1.005092567741025400e+00
6.075588557683192630e+04 9.912274083270095071e-01
6.075588583689262305e+04 1.016541645189232623e+00
6.075588609695332707e+04 9.526390634337325025e-01
6.075588635701402382e+04 9.873635385796311059e-01
6.075588661707472784e+04 9.798817332039793104e-01
6.075588687713543186e+04 1.002462591333403763e+00
6.075588713719613588e+04 1.005924870427322704e+00
6.075588739725683263e+04 1.036646160556319751e+00
6.075588765731752937e+04 9.976870249511297084e-01
6.075588791737823340e+04 1.032660819216847825e+00
6.075588817743893742e+04 1.003790143071128460e+00
6.075588843749964144e+04 9.968871387731949030e-01
6.075588869756034546e+04 1.018269378228460642e+00
6.075588895762104221e+04 9.937450416607040982e-01
6.075588921768174623e+04 1.008002720743442104e+00
6.075588947774244298e+04 1.016924191367362340e+00
6.075588973780313972e+04 9.933328333085128525e-01
6.075588999786384375e+04 9.748708243720711764e-01
6.075589025792454777e+04 1.033083420988083256e+00
6.075589051798525179e+04 9.930520705837045936e-01
6.075589077804595581e+04 1.009722179484684901e+00
6.075589103810665256e+04 1.029786431266219493e+00
6.075589129816734931e+04 1.046134499775314142e+00
6.075589155822805333e+04 1.017876320185919559e+00
6.075589181828875735e+04 9.960007192022661826e-01
6.075589207834946137e+04 1.007160741696124129e+00
6.075589233841015812e+04 9.788899003508463315e-01
6.075589259847086214e+04 1.033019074377577118e+00
6.075589285853156616e+04 1.017152373885041650e+00
6.075589311859226291e+04 9.762441340433775094e-01
6.075589337865296693e+04 9.744707860112276077e-01
6.075589363871366368e+04 9.902568240844834557e-01
6.075589389877436770e+04 9.712920673470799571e-01
6.075589415883507172e+04 1.042205695195179915e+00
6.075589441889576847e+04 1.029843690271114554e+00
6.075589467895647249e+04 9.922894425765819149e-01
6.075589493901717651e+04 1.017996330015876305e+00
6.075589519907788053e+04 9.793768870130787896e-01
6.075589545913858456e+04 1.038240206799868837e+00
6.075589571919927403e+04 1.017742373576536519e+00
6.075589597925997805e+04 1.034599451891121680e+00
6.075589623932068207e+04 9.720033711921612918e-01
6.075589649938137882e+04 1.010518950702098184e+00
6.075589675944209012e+04 9.930079853530623391e-01
6.075589701950278686e+04 9.696314055644319474e-01
6.075589727956349088e+04 9.946021502475215215e-01
6.075589753962419491e+04 1.000025573694466763e+00
6.075589779968489165e+04 9.655773486627985402e-01
6.075589805974558840e+04 1.024337373712931765e+00
6.075589831980629242e+04 1.008707463730800002e+00
6.075589857986699644e+04 9.721590463667302284e-01
6.075589883992770046e+04 9.991311651780474534e-01
6.075589909998839721e+04 9.939858720766302502e-01
6.075589936004910123e+04 1.036177890957665992e+00
6.075589962010980526e+04 9.792801436377631674e-01
6.075589988017050928e+04 1.021732887228748332e+00
6.075590014023121330e+04 1.009593961131338924e+00
6.075590040029191005e+04 1.002617820760009160e+00
6.075590066035260679e+04 9.890237485139742324e-01
6.075590092041331081e+04 1.010643401315817203e+00
6.075590118047400756e+04 9.664241185327998584e-01
6.075590144053471158e+04 9.978540161101501216e-01
6.075590170059541560e+04 1.002171620150850817e+00
6.075590196065611963e+04 1.017105225227647569e+00
6.075590222071682365e+04 9.719297877185699708e-01
6.075590248077752040e+04 1.004729955934735353e+00
6.075590274083822442e+04 9.895122597920756879e-01
6.075590300089892844e+04 9.990600360755801379e-01
6.075590326095963246e+04 9.787141194306169245e-01
6.075590352102033648e+04 9.902415974334377591e-01
6.075590378108102595e+04 1.032160609887122105e+00
6.075590404114172998e+04 1.065316376514759522e+00
6.075590430120243400e+04 1.003512367601979705e+00
6.075590456126313074e+04 9.785337368441358041e-01
6.075590482132383477e+04 1.021886333360396693e+00
6.075590508138453879e+04 9.818398816584267275e-01
6.075590534144524281e+04 1.000794355779502265e+00
6.075590560150594683e+04 1.021424924012778401e+00
6.075590586156664358e+04 9.446931214254048470e-01
6.075590612162734760e+04 1.015726913381643337e+00
6.075590638168805162e+04 1.031930640888235606e+00
6.075590664174875565e+04 9.832652890132626000e-01
6.075590690180945239e+04 1.019496071258392922e+00
6.075590716187014914e+04 9.671280190864525173e-01
6.075590742193085316e+04 1.004264287575515446e+00
6.075590768199155718e+04 9.513699396563313204e-01
6.075590794205226121e+04 9.831088047082202630e-01
6.075590820211296523e+04 9.783918020812489846e-01
6.075590846217366197e+04 1.002266018692888006e+00
6.075590872223436600e+04 9.837818676203029522e-01
6.075590898229507002e+04 1.020032498722382330e+00
6.075590924235576676e+04 1.000936155723020082e+00
6.075590950241647079e+04 9.757505797055920915e-01
6.075591106044283515e+04 9.932500327533515527e-01
6.075591132050343003e+04 9.716173005968641307e-01
6.075591158056402492e+04 9.831141190803466268e-01
6.075591184062461980e+04 9.715586426245548246e-01
6.075591210068521468e+04 1.019549915863975587e+00
6.075591236074580956e+04 9.662163698188040994e-01
6.075591262080640445e+04 1.013457246507418308e+00
6.075591288086700661e+04 9.827071137373014631e-01
6.075591314092760149e+04 9.809900062049532465e-01
6.075591340098819637e+04 1.014263996411447044e+00
6.075591366104879125e+04 9.737678413355596030e-01
6.075591392110938614e+04 9.822952353480369769e-01
6.075591418116998102e+04 1.002168851074484168e+00
6.075591444123057590e+04 9.438867084218186543e-01
6.075591470129117079e+04 9.798228690597015067e-01
6.075591496135176567e+04 9.713002341337209078e-01
6.075591522141236055e+04 9.444474427838012165e-01
6.075591548147295543e+04 1.020414522870825458e+00
6.075591574153355032e+04 1.002973686508119133e+00
6.075591600159415248e+04 9.926197851733888911e-01
6.075591626165474736e+04 9.849163487280426788e-01
6.075591652171534224e+04 9.937328510603374854e-01
6.075591678177594440e+04 1.027939463791891272e+00
6.075591704183653928e+04 1.006848390040441465e+00
6.075591730189713417e+04 1.016299221279787002e+00
6.075591756195772905e+04 9.816011192714398925e-01
6.075591782201832393e+04 9.997012845199978459e-01
6.075591808207891881e+04 1.017240594986024371e+00
6.075591834213951370e+04 9.643187350066155794e-01
6.075591860220010858e+04 1.018713798644496960e+00
6.075591886226071074e+04 9.648445986915896722e-01
6.075591912232130562e+04 9.903328776754154461e-01
6.075591938238190050e+04 9.454939283195130661e-01
6.075591964244250266e+04 9.981329036053312453e-01
6.075591990250309755e+04 1.004319343789373153e+00
6.075592016256369243e+04 1.016183968077412514e+00
6.075592042262428731e+04 9.857995629337434895e-01
6.075592068268487492e+04 9.843216471836788717e-01
6.075592094274546980e+04 9.469405234576835362e-01
6.075592120280606468e+04 1.037425404400498685e+00
6.075592146286665957e+04 1.009303979333397772e+00
6.075592172292726173e+04 1.017124626807539567e+00
6.075592198298785661e+04 9.815312222061854941e-01
6.075592224304845149e+04 9.808217734916222508e-01
6.075592250310905365e+04 9.944601500096452718e-01
6.075592276316964853e+04 1.025514040473247679e+00
6.075592302323024342e+04 9.856656296742530854e-01
6.075592328329083830e+04 1.021439899673642904e+00
6.075592354335143318e+04 9.783945508282797521e-01
6.075592380341202806e+04 1.022683250782589370e+00
6.075592406347262295e+04 1.002102562753514503e+00
6.075592432353321783e+04 1.030448603232525295e+00
6.075592458359381999e+04 1.020203142596183943e+00
6.075592484365441487e+04 1.014146430010786748e+00
6.075592510371500975e+04 9.890664926185384065e-01
6.075592536377560464e+04 1.056419379112419898e+00
6.075592562383620680e+04 9.943208893960185923e-01
6.075592588389680168e+04 9.911321090003919476e-01
6.075592614395739656e+04 1.000422705134735857e+00
6.075592640401799144e+04 1.036240215314343294e+00
6.075592666407858633e+04 1.046818179956107597e+00
6.075592692413918121e+04 1.011897353918841835e+00
6.075592718419977609e+04 9.675304912969668880e-01
6.075592744426037825e+04 9.569971562287147293e-01
6.075592770432097313e+04 9.988243868275008541e-01
6.075592796438156802e+04 1.027079677645437172e+00
6.075592822444216290e+04 1.015050244556268577e+00
6.075592848450276506e+04 9.738095827521690007e-01
6.075592874456335994e+04 1.005686079340054828e+00
6.075592900462395482e+04 1.027786347999143812e+00
6.075592926468454971e+04 9.958693324226991495e-01
6.075592952474514459e+04 9.819506653932708051e-01
6.075592978480573947e+04 9.915584893658402343e-01
6.075593004486633436e+04 9.837862518121942568e-01
6.075593030492693651e+04 9.784891017253470880e-01
6.075593056498753140e+04 1.030328179546138534e+00
6.075593082504812628e+04 9.767429125499248466e-01
6.075593108510872116e+04 9.979410748571111434e-01
6.075593134516932332e+04 9.917193907247809914e-01
6.075593160522991820e+04 1.033779974078427699e+00
6.075593186529051309e+04 9.983253186193270512e-01
6.075593212535110797e+04 1.039150179177491085e+00
6.075593238541170285e+04 1.033577165521890162e+00
6.075593264547229774e+04 1.011963456090923419e+00
6.075593290553289262e+04 9.701042569881815902e-01
6.075593316559349478e+04 1.008338745187653318e+00
6.075593342565408966e+04 9.871069928535994853e-01
6.075593368571468454e+04 1.008870428107300876e+00
6.075593394577527943e+04 1.024120623707487798e+00
6.075593420583588158e+04 1.030344342156074067e+00
6.075593446589647647e+04 9.796775671877031577e-01
6.075593472595707135e+04 9.929955207010536800e-01
6.075593498601766623e+04 9.976183794475530497e-01
6.075593524607826112e+04 1.000928895664622509e+00
6.075593550613885600e+04 9.984922105308251528e-01
6.075593576619945088e+04 9.874496731375654868e-01
6.075593602626004576e+04 9.851852879437793531e-01
6.075593628632064792e+04 9.876491582680018144e-01
6.075593654638124281e+04 1.011692651224888939e+00
6.075593680644183769e+04 9.884125722356960075e-01
6.075593706650244712e+04 1.008524217861004990e+00
6.075593732656304201e+04 9.963403835181886548e-01
6.075593758662363689e+04 1.019224295635951849e+00
6.075593784668423177e+04 9.991526201081990521e-01
6.075593810674482665e+04 9.802911800628567596e-01
6.075593836680542154e+04 1.015805945704068236e+00
6.075593862686601642e+04 9.955463057251932035e-01
6.075593888692661130e+04 1.050324734122396464e+00
6.075593914698721346e+04 9.787921165277576607e-01
6.075593940704780834e+04 1.009684530534292302e+00
6.075594106592004391e+04 1.002247454056305109e+00
6.075594132598074066e+04 1.016964639357313738e+00
6.075594158604144468e+04 1.038590055573910709e+00
6.075594184610214870e+04 9.993343308126195756e-01
6.075594210616285272e+04 1.007345191034835885e+00
6.075594236622356402e+04 1.012945706258876033e+00
6.075594262628426077e+04 9.287938843715082271e-01
6.075594288634496479e+04 1.012150710090135464e+00
6.075594314640566881e+04 9.990540594510057826e-01
6.075594340646636556e+04 1.021399369358660270e+00
6.075594366652706958e+04 1.017768472900441701e+00
6.075594392658777360e+04 1.036456054202145705e+00
6.075594418664847763e+04 1.048463051299561855e+00
6.075594444670918165e+04 9.838247184593585937e-01
6.075594470676987839e+04 9.989944552175243908e-01
6.075594496683058242e+04 9.672859269189066911e-01
6.075594522689128644e+04 1.006027993682246269e+00
6.075594548695199046e+04 9.825257362621918622e-01
6.075594574701269448e+04 9.651586855315239522e-01
6.075594600707339123e+04 1.030604399455012921e+00
6.075594626713409525e+04 9.762024956685531052e-01
6.075594652719479927e+04 1.011415979887302585e+00
6.075594678725549602e+04 9.658670500423481853e-01
6.075594704731620732e+04 1.007943880934214276e+00
6.075594730737691134e+04 9.622387097362556929e-01
6.075594756743761536e+04 1.003632139524720301e+00
6.075594782749831938e+04 9.886874654406135887e-01
6.075594808755901613e+04 9.483391267175076411e-01
6.075594834761972015e+04 1.007121800535425660e+00
6.075594860768042417e+04 1.007889725196532638e+00
6.075594886774112820e+04 1.034079601919940306e+00
6.075594912780183222e+04 9.757851281855505210e-01
6.075594938786252897e+04 1.016395311446750549e+00
6.075594964792323299e+04 1.017646262470818019e+00
6.075594990798393701e+04 9.942059105956447818e-01
6.075595016804463376e+04 9.744111571457767518e-01
6.075595042810533778e+04 9.958844071414861832e-01
6.075595068816604180e+04 1.021966387959010181e+00
6.075595094822675310e+04 1.038843384360457422e+00
6.075595120828745712e+04 9.993272453473347472e-01
6.075595146834815387e+04 9.984896785439087985e-01
6.075595172840885789e+04 9.802322861924022135e-01
6.075595198846956191e+04 9.862362920195387739e-01
6.075595224853026593e+04 1.012708929251862289e+00
6.075595250859096996e+04 1.004375224998465876e+00
6.075595276865166670e+04 9.899619255084747271e-01
6.075595302871237072e+04 9.518855311783914752e-01
6.075595328877307475e+04 1.014044321941439453e+00
6.075595354883377149e+04 9.819710209904765064e-01
6.075595380889448279e+04 9.851213524843279723e-01
6.075595406895518681e+04 9.963180664578433765e-01
6.075595432901589083e+04 9.728795831550114404e-01
6.075595458907659486e+04 9.876437114597407252e-01
6.075595484913729160e+04 9.907633443249329597e-01
6.075595510919799563e+04 1.009989709512699285e+00
6.075595536925869965e+04 1.051207393806150137e+00
6.075595562931940367e+04 1.021527234596936617e+00
6.075595588938010769e+04 9.430158698197905753e-01
6.075595614944080444e+04 1.041369220753783909e+00
6.075595640950150846e+04 9.890375807553422050e-01
6.075595666956221248e+04 9.806948318195046754e-01
6.075595692962292378e+04 9.764198294085002505e-01
6.075595718968362780e+04 1.003919588022717191e+00
6.075595744974432455e+04 9.783474941549146209e-01
6.075595770980502857e+04 1.019244165928337553e+00
6.075595796986573259e+04 9.815978222994202751e-01
6.075595822992642934e+04 1.010202532694646882e+00
6.075595848998713336e+04 9.829812901074690412e-01
6.075595875004783738e+04 9.800982225361694056e-01
6.075595901010854141e+04 1.006367725166877225e+00
6.075595927016924543e+04 1.010160335867934078e+00
6.075595953022994945e+04 1.053495831204119160e+00
6.075595979029065347e+04 9.770598885168911840e-01
6.075596005035135749e+04 9.912535629712179164e-01
6.075596031041206152e+04 1.036085764093622741e+00
6.075596057047276554e+04 9.778647074801773975e-01
6.075596083053346229e+04 9.917324573673365062e-01
6.075596109059416631e+04 9.762716749247890569e-01
6.075596135065487033e+04 9.761905526385737941e-01
6.075596161071556708e+04 1.000925460763726349e+00
6.075596187077627110e+04 9.848287539563315152e-01
6.075596213083698240e+04 9.989754579306373561e-01
6.075596239089768642e+04 1.022003622423398594e+00
6.075596265095839044e+04 1.003329095603365362e+00
6.075596291101908719e+04 9.782635036837715736e-01
6.075596317107979121e+04 9.983407400396678844e-01
6.075596343114049523e+04 9.955706763507747858e-01
6.075596369120119925e+04 9.866588549613717340e-01
6.075596395126190328e+04 1.003001186666256483e+00
6.075596421132260730e+04 9.860174048136919334e-01
6.075596447138331132e+04 9.899927571368605239e-01
6.075596473144401534e+04 9.483230105822922917e-01
6.075596499150471209e+04 1.002969087949614257e+00
6.075596525156542339e+04 9.617429116725955129e-01
6.075596551162612013e+04 9.802156448372133513e-01
6.075596577168682416e+04 1.005677391472828752e+00
6.075596603174752818e+04 1.021011360525712730e+00
6.075596629180823220e+04 9.724130646015570756e-01
6.075596655186893622e+04 9.984511930539324842e-01
6.075596681192964024e+04 9.994772085722006816e-01
6.075596707199034427e+04 1.039924127401664844e+00
6.075596733205104829e+04 9.737066197906610876e-01
6.075596759211174503e+04 1.024177897018447414e+00
6.075596785217244906e+04 1.020919057284900511e+00
6.075596811223315308e+04 1.022903700788779124e+00
6.075596837229386438e+04 1.019506217245773838e+00
6.075596863235456840e+04 9.842240809393936196e-01
6.075596889241526515e+04 9.950549177012080193e-01
6.075596915247596917e+04 9.778055786596929755e-01
6.075596941253667319e+04 9.724961357578797427e-01
6.075597102098589676e+04 1.012364611665868219e+00
6.075597128104649892e+04 1.034352097881057420e+00
6.075597154110709380e+04 9.919337235175150758e-01
6.075597180116768868e+04 9.828078162622522207e-01
6.075597206122829084e+04 9.683274554606801088e-01
6.075597232128889300e+04 9.784794975502205672e-01
6.075597258134948788e+04 9.796539068685672369e-01
6.075597284141008276e+04 9.981690621714622846e-01
6.075597310147067765e+04 9.925059441973008711e-01
6.075597336153127253e+04 1.000094515532748751e+00
6.075597362159186741e+04 1.003395059841865722e+00
6.075597388165246957e+04 9.802103971091508106e-01
6.075597414171307173e+04 1.029456833650541858e+00
6.075597440177366661e+04 1.008512235718896255e+00
6.075597466183426150e+04 1.029870879381360460e+00
6.075597492189485638e+04 9.609348043710140841e-01
6.075597518195545854e+04 9.927801234410443820e-01
6.075597544201606070e+04 1.011044113141365663e+00
6.075597570207665558e+04 1.026855079786344493e+00
6.075597596213725046e+04 9.709483424841633958e-01
6.075597622219784535e+04 1.018875288954623537e+00
6.075597648225844023e+04 9.848418783300592061e-01
6.075597674231903511e+04 1.021638365424543782e+00
6.075597700237963727e+04 9.627108396866632667e-01
6.075597726244023943e+04 9.958154901351803368e-01
6.075597752250083431e+04 9.948728146489853597e-01
6.075597778256142919e+04 1.009212164803791056e+00
6.075597804262203135e+04 9.735017093675181199e-01
6.075597830268262624e+04 9.766490774156796340e-01
6.075597856274322839e+04 1.002740372772372712e+00
6.075597882280382328e+04 1.021272333854413628e+00
6.075597908286441816e+04 9.828859234343501061e-01
6.075597934292501304e+04 9.846788838588524939e-01
6.075597960298560793e+04 9.861829362592320347e-01
6.075597986304620281e+04 9.875903633331010179e-01
6.075598012310681224e+04 9.558889308284181929e-01
6.075598038316740713e+04 9.632476264318845516e-01
6.075598064322800201e+04 1.011130344942771542e+00
6.075598090328860417e+04 9.841067821481325195e-01
6.075598116334919905e+04 1.005110817901949893e+00
6.075598142340979393e+04 9.819466526841821308e-01
6.075598168347039609e+04 9.819594655686356699e-01
6.075598194353099097e+04 9.843180449459010273e-01
6.075598220359158586e+04 9.764809858526938280e-01
6.075598246365218074e+04 9.978281258079917393e-01
6.075598272371277562e+04 1.014295873655149061e+00
6.075598298377338506e+04 9.679378298826231131e-01
6.075598324383397994e+04 1.017661301736785262e+00
6.075598350389457482e+04 1.005219458409109201e+00
6.075598376395516971e+04 1.017598653374989448e+00
6.075598402401577187e+04 9.973831217104017766e-01
6.075598428407636675e+04 1.008013183459819162e+00
6.075598454413696891e+04 1.027417467914933269e+00
6.075598480419756379e+04 1.011803127704032468e+00
6.075598506425815867e+04 1.003352622488872914e+00
6.075598532431875356e+04 1.013292010140134369e+00
6.075598558437934844e+04 1.000971655259414561e+00
6.075598584443995787e+04 1.017138343188969341e+00
6.075598610450055276e+04 1.023386260949520121e+00
6.075598636456114764e+04 1.003920710459396570e+00
6.075598662462174252e+04 1.003462749572398449e+00
6.075598688468234468e+04 1.017141643962873987e+00
6.075598714474294684e+04 9.687865620062589000e-01
6.075598740480354172e+04 9.900285216831640200e-01
6.075598766486413660e+04 1.015141087322121605e+00
6.075598792492473149e+04 9.977990423338052306e-01
6.075598818498532637e+04 9.959406611532377607e-01
6.075598844504592853e+04 9.906134483367420307e-01
6.075598870510653069e+04 1.023132564321547644e+00
6.075598896516712557e+04 9.495644899186463928e-01
6.075598922522772045e+04 9.752537563233423246e-01
6.075598948528831534e+04 1.046394796331439503e+00
6.075598974534892477e+04 1.005867035795390496e+00
6.075599000540951965e+04 1.010850005447944566e+00
6.075599026547011454e+04 9.906545152300524348e-01
6.075599052553070942e+04 1.018079882221202270e+00
6.075599078559130430e+04 1.001705024125618237e+00
6.075599104565190646e+04 1.006112133715565182e+00
6.075599130571250134e+04 1.004426647578418486e+00
6.075599156577310350e+04 1.018855898058000697e+00
6.075599182583369839e+04 9.861858229837150436e-01
6.075599208589429327e+04 1.008953295598378430e+00
6.075599234595489543e+04 9.885456340900641292e-01
6.075599260601549759e+04 9.798347253098247389e-01
6.075599286607609247e+04 9.823154680444988740e-01
6.075599312613668735e+04 9.936424459114007179e-01
6.075599338619728951e+04 1.001348887678863653e+00
6.075599364625788439e+04 1.024074822118990591e+00
6.075599390631847928e+04 9.895491859558397385e-01
6.075599416637907416e+04 9.814956265382797085e-01
6.075599442643966904e+04 9.660636019810946440e-01
6.075599468650027848e+04 9.703571695066922631e-01
6.075599494656087336e+04 1.015050742173992049e+00
6.075599520662146824e+04 1.000408650781286601e+00
6.075599546668207040e+04 1.059349691177274400e+00
6.075599572674267256e+04 9.952554387760018662e-01
6.075599598680326744e+04 9.771177495727985107e-01
6.075599624686386232e+04 9.803122672896181777e-01
6.075599650692445721e+04 1.024521152659471745e+00
6.075599676698505209e+04 9.760951785900142674e-01
6.075599702704565425e+04 9.751010464092733088e-01
6.075599728710624913e+04 9.888910122548446591e-01
6.075599754716685129e+04 1.001268022522043610e+00
6.075599780722744617e+04 1.012886538659689917e+00
6.075599806728804833e+04 9.707262698428725800e-01
6.075599832734865049e+04 1.026339447714492481e+00
6.075599858740924537e+04 9.947036785221945454e-01
6.075599884746984026e+04 9.761826560149446941e-01
6.075599910753044242e+04 1.033973515248556962e+00
6.075599936759103730e+04 9.618150689276764309e-01
6.075600091303530644e+04 9.858662859659852451e-01
6.075600117309600319e+04 1.034724819848656718e+00
6.075600143315670721e+04 1.027344028260258613e+00
6.075600169321741851e+04 1.025342996172388776e+00
6.075600195327811525e+04 1.049031712946373762e+00
6.075600221333881927e+04 1.005532959522716485e+00
6.075600247339952330e+04 1.016584086456077118e+00
6.075600273346023459e+04 9.939966774221886681e-01
6.075600299352093862e+04 9.743336711779612136e-01
6.075600325358163536e+04 9.955187647626664305e-01
6.075600351364233939e+04 9.896854234157924646e-01
6.075600377370305068e+04 1.020724668344956232e+00
6.075600403376375471e+04 1.001167949800252588e+00
6.075600429382445873e+04 9.917292333306808594e-01
6.075600455388515547e+04 9.973431761135053142e-01
6.075600481394586677e+04 1.006729512335687193e+00
6.075600507400657079e+04 9.883664484376117887e-01
6.075600533406726754e+04 9.769065306655720926e-01
6.075600559412797884e+04 9.918033504798977606e-01
6.075600585418868286e+04 1.009005344240180513e+00
6.075600611424938688e+04 1.010097036992761099e+00
6.075600637431009091e+04 1.000657968586067925e+00
6.075600663437078765e+04 1.023758456229896696e+00
6.075600689443149895e+04 9.997136381299955854e-01
6.075600715449220297e+04 1.006585183018255725e+00
6.075600741455290699e+04 1.034705186456749804e+00
6.075600767461361102e+04 9.878926018209388538e-01
6.075600793467431504e+04 1.002495153675569073e+00
6.075600819473501906e+04 1.024762953215081929e+00
6.075600845479572308e+04 1.064825247526063112e+00
6.075600871485643438e+04 1.008061954292325035e+00
6.075600897491713840e+04 9.925011602562376911e-01
6.075600923497783515e+04 1.010676248916053011e+00
6.075600949503853917e+04 1.002726090312441531e+00
6.075600975509925047e+04 9.902383121822018186e-01
6.075601001515994722e+04 1.012239891385965596e+00
6.075601027522065124e+04 9.907642052693494961e-01
6.075601053528135526e+04 1.006026902266443646e+00
6.075601079534206656e+04 1.025593928948296929e+00
6.075601105540277058e+04 1.029752746993612078e+00
6.075601131546346733e+04 1.012582107653573482e+00
6.075601157552417862e+04 9.943335186873335507e-01
6.075601183558488265e+04 1.015770778917909345e+00
6.075601209564558667e+04 9.921761892132784366e-01
6.075601235570629069e+04 9.917625140897757818e-01
6.075601261576699471e+04 1.021169776155263831e+00
6.075601287582769874e+04 1.008031220077426182e+00
6.075601313588840276e+04 1.049251951149515749e+00
6.075601339594910678e+04 1.015490730264810182e+00
6.075601365600981080e+04 1.004514467353353036e+00
6.075601391607051482e+04 9.840268382461329066e-01
6.075601417613121885e+04 9.886995814087595758e-01
6.075601443619193014e+04 1.013116928699582919e+00
6.075601469625262689e+04 1.031570030891494794e+00
6.075601495631333091e+04 9.967772368878417000e-01
6.075601521637404221e+04 1.021743472539901276e+00
6.075601547643474623e+04 1.008959766052912599e+00
6.075601573649545026e+04 9.860504611834806088e-01
6.075601599655614700e+04 1.000757801727873098e+00
6.075601625661685830e+04 9.957971563914471691e-01
6.075601651667756232e+04 9.791036767742528069e-01
6.075601677673825907e+04 1.016618747783779808e+00
6.075601703679897764e+04 1.032059433193867726e+00
6.075601729685967439e+04 1.003040841333791011e+00
6.075601755692037841e+04 9.812403728009326809e-01
6.075601781698108971e+04 9.877308260513345539e-01
6.075601807704178646e+04 9.973554544849166925e-01
6.075601833710249048e+04 1.008691394562122756e+00
6.075601859716319450e+04 1.035822286235302370e+00
6.075601885722390580e+04 9.987996178104970868e-01
6.075601911728460982e+04 9.793041984456200000e-01
6.075601937734530657e+04 1.001867731349009416e+00
6.075601963740601786e+04 1.031919423454176199e+00
6.075601989746672189e+04 9.766266851093333701e-01
6.075602015752742591e+04 1.006671802680916272e+00
6.075602041758813721e+04 9.842168217350091286e-01
6.075602067764883395e+04 9.857734565475840816e-01
6.075602093770953798e+04 1.055638735899630642e+00
6.075602119777024927e+04 1.010532311659243287e+00
6.075602145783094602e+04 9.636266321371635968e-01
6.075602171789165004e+04 1.009898453403616836e+00
6.075602197795236134e+04 9.994831226205900254e-01
6.075602223801306536e+04 9.557034167433147154e-01
6.075602249807376938e+04 9.734405882038941193e-01
6.075602275813446613e+04 1.004427287760129683e+00
6.075602301819517743e+04 9.892041502306464507e-01
6.075602327825588145e+04 1.016475259450569935e+00
6.075602353831658547e+04 1.011069955431228795e+00
6.075602379837729677e+04 9.912368537499782750e-01
6.075602405843799352e+04 1.013464568600550342e+00
6.075602431849869754e+04 9.960166631893341282e-01
6.075602457855940884e+04 9.504260003755043984e-01
6.075602483862010558e+04 9.992899049541027479e-01
6.075602509868080961e+04 1.008353467877828757e+00
6.075602535874152090e+04 1.040342998628361215e+00
6.075602561880222493e+04 1.012898464996719206e+00
6.075602587886292895e+04 1.007117650560590105e+00
6.075602613892363297e+04 1.038713556972311824e+00
6.075602639898433699e+04 9.684204325362745225e-01
6.075602665904504101e+04 9.997176143915157409e-01
6.075602691910575231e+04 9.991593413998626216e-01
6.075602717916645634e+04 1.015560225792767612e+00
6.075602743922715308e+04 9.813542032588636888e-01
6.075602769928786438e+04 9.881885783516619615e-01
6.075602795934856840e+04 1.008168319720819328e+00
6.075602821940927242e+04 9.575704878821175159e-01
6.075602847946998372e+04 1.009010514109795364e+00
6.075602873953068047e+04 9.575780755079006390e-01
6.075602899959138449e+04 1.024189183092074185e+00
6.075602925965209579e+04 1.027683005516267345e+00
6.075603093112658098e+04 9.557062864210468245e-01
6.075603119118718314e+04 1.019263132147133932e+00
6.075603145124778530e+04 9.962985695742428982e-01
6.075603171130838018e+04 1.006074208404019066e+00
6.075603197136898234e+04 9.786952151224540541e-01
6.075603223142958450e+04 9.812508648460037675e-01
6.075603249149017938e+04 9.762040894213045439e-01
6.075603275155078154e+04 1.008599264884680213e+00
6.075603301161137642e+04 9.901439000865535078e-01
6.075603327167197858e+04 1.005242376979416985e+00
6.075603353173257346e+04 9.979030201353044083e-01
6.075603379179316835e+04 1.000931333832810299e+00
6.075603405185377051e+04 9.911689619577103150e-01
6.075603431191437267e+04 9.966084712177608607e-01
6.075603457197496755e+04 9.738421493250428718e-01
6.075603483203556971e+04 9.944863392686972281e-01
6.075603509209617187e+04 1.007697587795884697e+00
6.075603535215676675e+04 9.582784662744481263e-01
6.075603561221736891e+04 1.006439400234050874e+00
6.075603587227796379e+04 9.984083876045035666e-01
6.075603613233855867e+04 9.619996754029778163e-01
6.075603639239916083e+04 9.753486529419558293e-01
6.075603665245975571e+04 1.016951118441425717e+00
6.075603691252035787e+04 9.445492477917512009e-01
6.075603717258096003e+04 1.003211994199483481e+00
6.075603743264155491e+04 9.790763475107179259e-01
6.075603769270215707e+04 9.910258623660347377e-01
6.075603795276275196e+04 1.013951648233305081e+00
6.075603821282335412e+04 1.052230231918437120e+00
6.075603847288395627e+04 1.001142830681269746e+00
6.075603873294455116e+04 1.002635784899739813e+00
6.075603899300515332e+04 1.008965776296115280e+00
6.075603925306574820e+04 9.764019736826223816e-01
6.075603951312634308e+04 9.864092343017047959e-01
6.075603977318694524e+04 1.003061975857729937e+00
6.075604003324754740e+04 9.984145499047141215e-01
6.075604029330814228e+04 9.843666667701735928e-01
6.075604055336874444e+04 9.685451306620023182e-01
6.075604081342933932e+04 1.014040552927358174e+00
6.075604107348994876e+04 9.676169082393251131e-01
6.075604133355054364e+04 9.898356808892140313e-01
6.075604159361113852e+04 1.008487692756572462e+00
6.075604185367174068e+04 9.514369735253944693e-01
6.075604211373233557e+04 1.009323018317750620e+00
6.075604237379293045e+04 1.008777465355841452e+00
6.075604263385353261e+04 1.003641702319143736e+00
6.075604289391413477e+04 9.838165954728699258e-01
6.075604315397473692e+04 9.894952031889641120e-01
6.075604341403533181e+04 9.541256071927596283e-01
6.075604367409592669e+04 9.787776602256369474e-01
6.075604393415653612e+04 9.720197678514158612e-01
6.075604419421713101e+04 9.830926169573289686e-01
6.075604445427773317e+04 1.003523903571053255e+00
6.075604471433832805e+04 9.967126588943041599e-01
6.075604497439892293e+04 9.708064926145228979e-01
6.075604523445952509e+04 1.002791099088010229e+00
6.075604549452011997e+04 1.032413133156212526e+00
6.075604575458072213e+04 1.013983648711664909e+00
6.075604601464132429e+04 9.826686809416033119e-01
6.075604627470191917e+04 1.000340976913549840e+00
6.075604653476252133e+04 9.851328770846797811e-01
6.075604679482312349e+04 1.011626947128177134e+00
6.075604705488372565e+04 9.782562110563234326e-01
6.075604731494432053e+04 9.542039544353732028e-01
6.075604757500491542e+04 9.956463661443085700e-01
6.075604783506551757e+04 1.012667308394540555e+00
6.075604809512611246e+04 9.833661260174513252e-01
6.075604835518671462e+04 9.607866388246363298e-01
6.075604861524730950e+04 9.809071474581456673e-01
6.075604887530791166e+04 1.005785866166803544e+00
6.075604913536851382e+04 9.836525498263146705e-01
6.075604939542910870e+04 9.880363794155107016e-01
6.075604965548971813e+04 9.798824783850430542e-01
6.075604991555031302e+04 9.952596132329657452e-01
6.075605017561090790e+04 9.981130430652571661e-01
6.075605043567151006e+04 9.899766304635785330e-01
6.075605069573210494e+04 9.942543789923102837e-01
6.075605095579270710e+04 9.890438669349179701e-01
6.075605121585330198e+04 1.004951964615738325e+00
6.075605147591390414e+04 1.004535210635606024e+00
6.075605173597450630e+04 9.943500653843617698e-01
6.075605199603510118e+04 9.948823491299626509e-01
6.075605225609570334e+04 9.781876643783679048e-01
6.075605251615630550e+04 1.019170923294006492e+00
6.075605277621690766e+04 9.847688370144055403e-01
6.075605303627750254e+04 1.013073694870636476e+00
6.075605329633810470e+04 9.946195989162316398e-01
6.075605355639869958e+04 9.686353840244610325e-01
6.075605381645929447e+04 1.013309630262646976e+00
6.075605407651989663e+04 9.634258628201815000e-01
6.075605433658049151e+04 9.844557599058934017e-01
6.075605459664110094e+04 9.751619214427665883e-01
6.075605485670169583e+04 9.799828204059932713e-01
6.075605511676229071e+04 1.008586027582471178e+00
6.075605537682289287e+04 1.024340511841819401e+00
6.075605563688349503e+04 9.887623366606870245e-01
6.075605589694409719e+04 9.974517141125696096e-01
6.075605615700469207e+04 1.001736400789220660e+00
6.075605641706529423e+04 1.003912625199830932e+00
6.075605667712588911e+04 9.530344117403579673e-01
6.075605693718649127e+04 9.678505214360375586e-01
6.075605719724708615e+04 1.011413820375661299e+00
6.075605745730768831e+04 9.689177137425195596e-01
6.075605771736829047e+04 1.007755611834918463e+00
6.075605797742888535e+04 9.744244300910527290e-01
6.075605823748948751e+04 1.006733401800709693e+00
6.075605849755008967e+04 9.736928600876666451e-01
6.075605875761069183e+04 9.659084323107199888e-01
6.075605901767128671e+04 9.819868665536880536e-01
6.075605927773188159e+04 9.616963941679936845e-01
6.075606082316284301e+04 9.896702059152484576e-01
6.075606108322354703e+04 9.997029346159532759e-01
6.075606134328425105e+04 9.847395707309314350e-01
6.075606160334495507e+04 9.786891568906053163e-01
6.075606186340566637e+04 1.006268286595670025e+00
6.075606212346637039e+04 9.964454170114788178e-01
6.075606238352707442e+04 1.009588472675663873e+00
6.075606264358777844e+04 9.378277990847064816e-01
6.075606290364848246e+04 9.714282140057082238e-01
6.075606316370919376e+04 9.965576537490123954e-01
6.075606342376989778e+04 9.616916362572426324e-01
6.075606368383060908e+04 1.014299839355901289e+00
6.075606394389130583e+04 9.822932342668458938e-01
6.075606420395201712e+04 9.648207571868337995e-01
6.075606446401272115e+04 1.006601228282729688e+00
6.075606472407342517e+04 1.017581461014554822e+00
6.075606498413412919e+04 9.985036521804364629e-01
6.075606524419483321e+04 9.730092154466414289e-01
6.075606550425554451e+04 1.035350869512019933e+00
6.075606576431624853e+04 9.781681733119653721e-01
6.075606602437695256e+04 1.005109202294053761e+00
6.075606628443765658e+04 9.645587765505199140e-01
6.075606654449836788e+04 1.005765961930722652e+00
6.075606680455907190e+04 9.636322836482226206e-01
6.075606706461978320e+04 9.712796727536764374e-01
6.075606732468047994e+04 9.568791834118203221e-01
6.075606758474119124e+04 1.012900557461526407e+00
6.075606784480189526e+04 9.888786439969183828e-01
6.075606810486259928e+04 9.844754763313358081e-01
6.075606836492331058e+04 9.994021098687496663e-01
6.075606862498401460e+04 1.022030643877700928e+00
6.075606888504471863e+04 1.011207472458591994e+00
6.075606914510542993e+04 1.024178002100620599e+00
6.075606940516612667e+04 1.012930717727665186e+00
6.075606966522683797e+04 9.723678467759808708e-01
6.075606992528754199e+04 9.649846640902145500e-01
6.075607018534824601e+04 9.569351634406960683e-01
6.075607044540895731e+04 1.034307108185863244e+00
6.075607070546965406e+04 1.012342697163956862e+00
6.075607096553036536e+04 9.877385893929273575e-01
6.075607122559106938e+04 1.002061691147024369e+00
6.075607148565178068e+04 1.005421169918674584e+00
6.075607174571248470e+04 9.967303372164260100e-01
6.075607200577318872e+04 9.802859182675938143e-01
6.075607226583389274e+04 1.025090745113370172e+00
6.075607252589460404e+04 9.756197241289326083e-01
6.075607278595530079e+04 9.799430711980618991e-01
6.075607304601601209e+04 1.003268665204083421e+00
6.075607330607671611e+04 9.879403925396709196e-01
6.075607356613742741e+04 9.923759124532416376e-01
6.075607382619813143e+04 9.956431698866569091e-01
6.075607408625883545e+04 1.006121291830430087e+00
6.075607434631953947e+04 1.026360550187382259e+00
6.075607460638025077e+04 9.933490927667943948e-01
6.075607486644095479e+04 9.978669231541592577e-01
6.075607512650166609e+04 1.048022062506823726e+00
6.075607538656236284e+04 1.022237109083806050e+00
6.075607564662307414e+04 9.665972472977246710e-01
6.075607590668377816e+04 9.972599723972392916e-01
6.075607616674448218e+04 1.038435483276005211e+00
6.075607642680518620e+04 9.931739834633203090e-01
6.075607668686589750e+04 9.833199755378779772e-01
6.075607694692660152e+04 9.961936374615930623e-01
6.075607720698731282e+04 9.920234585057180476e-01
6.075607746704800957e+04 9.985684021409043654e-01
6.075607772710872086e+04 1.009363362790853813e+00
6.075607798716942489e+04 1.042408669874936633e+00
6.075607824723013618e+04 9.987542631741317400e-01
6.075607850729084021e+04 9.587273429751737019e-01
6.075607876735154423e+04 9.958993991260518541e-01
6.075607902741224825e+04 9.971288766631687395e-01
6.075607928747295955e+04 1.008712583126466722e+00
6.075607954753365630e+04 1.025349409286083535e+00
6.075607980759437487e+04 9.947321392943332397e-01
6.075608006765507162e+04 9.904621007860916482e-01
6.075608032771578291e+04 1.028340550336599657e+00
6.075608058777648694e+04 9.887824185350111428e-01
6.075608084783719096e+04 1.004137324322277980e+00
6.075608110789789498e+04 9.634281239311377476e-01
6.075608136795860628e+04 1.030700427761854110e+00
6.075608162801931030e+04 1.013502705532368431e+00
6.075608188808002160e+04 9.903355425683708635e-01
6.075608214814072562e+04 9.680664412905166660e-01
6.075608240820142964e+04 1.011535637264842302e+00
6.075608266826214094e+04 1.043201519068555738e+00
6.075608292832284496e+04 1.012807889558096308e+00
6.075608318838355626e+04 1.036766960054078091e+00
6.075608344844425301e+04 1.027535249069413625e+00
6.075608370850496431e+04 1.016902127836490033e+00
6.075608396856566833e+04 1.004916896477196842e+00
6.075608422862637235e+04 9.851726129446626290e-01
6.075608448868707637e+04 9.922496926859534216e-01
6.075608474874778767e+04 9.939305399009104036e-01
6.075608500880849169e+04 1.010097946701446592e+00
6.075608526886920299e+04 1.013345995604449268e+00
6.075608552892989974e+04 9.883562044095658417e-01
6.075608578899061104e+04 1.009841139790342401e+00
6.075608604905131506e+04 9.930601613783205384e-01
6.075608630911202636e+04 1.005976244624839255e+00
6.075608656917273765e+04 1.017257842811205348e+00
6.075608682923343440e+04 1.015925459621096927e+00
6.075608708929414570e+04 1.016745660062869705e+00
6.075608734935484972e+04 1.038089898203432337e+00
6.075608760941555374e+04 9.842632081008978462e-01
6.075608786947625777e+04 9.977852442520385168e-01
6.075608812953696906e+04 1.055429411770591130e+00
6.075608838959767309e+04 9.843777504042129367e-01
6.075608864965838438e+04 9.863628347093847948e-01
6.075608890971908113e+04 1.015376273090867976e+00
6.075608916977979243e+04 9.945470727075531592e-01
6.075609076562616247e+04 9.727020930584959757e-01
6.075609102568677190e+04 1.003383226154370256e+00
6.075609128574736678e+04 1.009171925875724796e+00
6.075609154580796894e+04 1.035119413858510251e+00
6.075609180586856382e+04 9.930192812970859428e-01
6.075609206592916598e+04 9.962934649724116687e-01
6.075609232598976814e+04 1.053054178846836164e+00
6.075609258605036302e+04 1.007510039970781701e+00
6.075609284611097246e+04 1.004426817406299133e+00
6.075609310617156734e+04 1.011874333400451409e+00
6.075609336623216950e+04 9.786697383240103854e-01
6.075609362629276438e+04 9.922611156171777802e-01
6.075609388635337382e+04 1.011848190819328197e+00
6.075609414641397598e+04 1.000670957904518987e+00
6.075609440647457086e+04 1.016527593301009169e+00
6.075609466653517302e+04 1.059271954779343883e+00
6.075609492659576790e+04 1.042192140965075398e+00
6.075609518665637006e+04 1.030745468269909981e+00
6.075609544671696494e+04 1.014900449528390869e+00
6.075609570677756710e+04 9.984264402835932861e-01
6.075609596683816926e+04 1.009174589005255473e+00
6.075609622689877142e+04 1.026496537405713116e+00
6.075609648695937358e+04 1.014150859954580763e+00
6.075609674701997574e+04 9.886767546367127846e-01
6.075609700708057790e+04 1.023938589572117808e+00
6.075609726714117278e+04 1.013031772255094332e+00
6.075609752720177494e+04 1.038748357295156133e+00
6.075609778726236982e+04 1.022234134370449077e+00
6.075609804732297198e+04 9.768156796109559448e-01
6.075609830738357414e+04 1.035667398891542357e+00
6.075609856744416902e+04 1.004326399060405883e+00
6.075609882750477846e+04 9.874267853990087440e-01
6.075609908756537334e+04 9.882624273682436566e-01
6.075609934762597550e+04 1.035374126180833798e+00
6.075609960768658493e+04 1.031890755723490649e+00
6.075609986774717981e+04 1.013531430261523480e+00
6.075610012780778197e+04 1.035576634039772070e+00
6.075610038786837686e+04 1.035548283340791853e+00
6.075610064792897901e+04 1.014391958855564324e+00
6.075610090798957390e+04 1.001897044569437067e+00
6.075610116805017606e+04 1.011417860885151621e+00
6.075610142811077822e+04 1.028589139324737278e+00
6.075610168817138037e+04 9.974639236065164782e-01
6.075610194823198253e+04 1.009283949581115669e+00
6.075610220829257742e+04 1.001601601367740901e+00
6.075610246835318685e+04 1.041424588732575263e+00
6.075610272841378901e+04 1.009939598273297490e+00
6.075610298847438389e+04 1.035001521867410235e+00
6.075610324853498605e+04 1.032018683809301063e+00
6.075610350859558093e+04 1.022646534689952258e+00
6.075610376865618309e+04 9.870342484568573882e-01
6.075610402871678525e+04 1.020068752032239789e+00
6.075610428877738013e+04 9.696214720031077761e-01
6.075610454883798957e+04 9.782554778089290748e-01
6.075610480889858445e+04 9.909478051956703837e-01
6.075610506895918661e+04 1.008543673207410007e+00
6.075610532901978877e+04 1.015531742491622369e+00
6.075610558908039093e+04 1.007685737381161406e+00
6.075610584914099309e+04 9.748633236473243091e-01
6.075610610920158797e+04 9.836358314699796823e-01
6.075610636926219013e+04 1.043018827877924437e+00
6.075610662932279229e+04 9.912094688265711273e-01
6.075610688938338717e+04 1.012600236667633880e+00
6.075610714944398933e+04 9.921996783194775293e-01
6.075610740950459149e+04 9.937510906866002802e-01
6.075610766956519365e+04 9.681073818102199358e-01
6.075610792962579580e+04 9.624925479659683925e-01
6.075610818968639069e+04 9.885394195286975050e-01
6.075610844974700012e+04 1.046872038838585039e+00
6.075610870980759501e+04 1.027569610398375799e+00
6.075610896986819716e+04 9.839922442751863896e-01
6.075610922992879932e+04 1.031168953208874584e+00
6.075610948998939421e+04 1.019897621848014246e+00
6.075610975004999636e+04 9.853353982448193049e-01
6.075611001011059852e+04 1.001663650984166543e+00
6.075611027017120068e+04 1.028203881664970565e+00
6.075611053023180284e+04 1.012504959960308870e+00
6.075611079029239772e+04 1.022180334175293304e+00
6.075611105035299988e+04 1.016188438732456012e+00
6.075611131041360932e+04 9.914352124905674302e-01
6.075611157047420420e+04 1.003552595353415899e+00
6.075611183053480636e+04 9.894933454541703366e-01
6.075611209059540852e+04 1.032959315946030854e+00
6.075611235065600340e+04 1.003477991376017231e+00
6.075611261071660556e+04 1.028040020995683923e+00
6.075611287077720044e+04 1.023558230137717739e+00
6.075611313083780260e+04 9.805144312830486042e-01
6.075611339089841204e+04 9.710210255179461125e-01
6.075611365095900692e+04 1.020379900084296798e+00
6.075611391101960908e+04 1.004878141433482197e+00
6.075611417108021851e+04 1.028326399674141634e+00
6.075611443114081339e+04 9.915569803322671349e-01
6.075611469120141555e+04 9.741531002266774486e-01
6.075611495126201044e+04 9.668505869844458145e-01
6.075611521132261259e+04 1.019912532744842615e+00
6.075611547138321475e+04 1.021957518997082870e+00
6.075611573144380964e+04 9.839508387155405655e-01
6.075611599150441180e+04 1.000126530104138434e+00
6.075611625156502123e+04 1.036475905574690826e+00
6.075611651162561611e+04 9.939236314817275764e-01
6.075611677168621827e+04 1.003190634320226149e+00
6.075611703174682771e+04 9.870110296195249155e-01
6.075611729180742259e+04 1.005693571413361909e+00
6.075611755186802475e+04 9.997052991713245573e-01
6.075611781192861963e+04 1.029526310853025706e+00
6.075611807198922179e+04 9.867866809563030639e-01
6.075611833204982395e+04 9.779852071190349161e-01
6.075611859211041883e+04 1.009900878130304713e+00
6.075611885217102099e+04 1.003561558897045458e+00
6.075611911223163042e+04 9.908869089112425366e-01
6.075612077110124665e+04 1.024446401595827894e+00
6.075612103116195794e+04 9.970672091351640010e-01
6.075612129122266924e+04 9.861887426080861996e-01
6.075612155128336599e+04 1.008609791273402667e+00
6.075612181134407729e+04 9.702585153940503915e-01
6.075612207140478858e+04 9.949295980712663523e-01
6.075612233146549261e+04 9.479417528339065813e-01
6.075612259152620391e+04 9.967628110771538097e-01
6.075612285158690065e+04 9.944203010452017377e-01
6.075612311164761195e+04 9.972508810324047790e-01
6.075612337170832325e+04 1.006524418749791705e+00
6.075612363176902727e+04 1.026667196720118858e+00
6.075612389182973857e+04 9.719160279004632752e-01
6.075612415189044259e+04 1.021286340456266428e+00
6.075612441195114661e+04 1.008857771181177920e+00
6.075612467201185791e+04 1.018171428829479197e+00
6.075612493207256193e+04 9.964710123200185565e-01
6.075612519213326595e+04 1.005996156311872891e+00
6.075612545219397725e+04 1.012641075650296374e+00
6.075612571225468855e+04 9.865972042042735479e-01
6.075612597231539985e+04 9.788402867161374310e-01
6.075612623237609660e+04 1.015803840669124547e+00
6.075612649243680789e+04 9.948784981546455741e-01
6.075612675249751919e+04 9.558125845079822325e-01
6.075612701255822321e+04 1.002108379631196922e+00
6.075612727261893451e+04 1.017661106455526321e+00
6.075612753267963853e+04 9.728383108236968724e-01
6.075612779274034256e+04 9.978668024449185436e-01
6.075612805280105385e+04 1.009277036678322137e+00
6.075612831286175788e+04 9.872964836623401297e-01
6.075612857292246190e+04 9.859263260291856179e-01
6.075612883298317320e+04 9.845941078782112221e-01
6.075612909304388450e+04 9.900873490778998587e-01
6.075612935310458852e+04 1.004047823036432918e+00
6.075612961316529254e+04 9.763682145845180571e-01
6.075612987322600384e+04 9.938521132272735148e-01
6.075613013328670786e+04 9.928131008310193684e-01
6.075613039334741916e+04 1.020477614100148811e+00
6.075613065340813046e+04 9.834089089290389829e-01
6.075613091346882720e+04 1.023144766257137350e+00
6.075613117352953850e+04 1.001240221651878537e+00
6.075613143359024980e+04 9.917261381153186228e-01
6.075613169365095382e+04 1.007802438314356896e+00
6.075613195371166512e+04 1.001389258669712401e+00
6.075613221377236914e+04 9.862775477605191243e-01
6.075613247383308044e+04 9.878743418253678188e-01
6.075613273389378446e+04 1.003734310113053141e+00
6.075613299395448848e+04 1.023482284070581727e+00
6.075613325401519978e+04 1.019583559061997935e+00
6.075613351407590380e+04 1.038683564714244723e+00
6.075613377413661510e+04 1.038135352504138131e+00
6.075613403419732640e+04 1.024776617609604479e+00
6.075613429425802315e+04 1.020412343564044644e+00
6.075613455431873444e+04 1.002244438596707976e+00
6.075613481437944574e+04 1.005363026630792467e+00
6.075613507444015704e+04 1.051696144536110378e+00
6.075613533450086106e+04 1.021892340883067352e+00
6.075613559456156509e+04 1.033365061615796332e+00
6.075613585462227638e+04 1.018531964896936426e+00
6.075613611468298041e+04 9.668170064933481189e-01
6.075613637474368443e+04 9.988089321185094072e-01
6.075613663480439573e+04 1.012335050674164405e+00
6.075613689486510702e+04 1.003031669391202474e+00
6.075613715492581105e+04 1.000799271030393900e+00
6.075613741498652234e+04 9.628751604588808855e-01
6.075613767504722637e+04 9.879775524330450809e-01
6.075613793510793039e+04 9.971394642255195784e-01
6.075613819516864169e+04 9.946822695219506016e-01
6.075613845522935299e+04 9.825424904911161939e-01
6.075613871529006428e+04 9.740696224024167904e-01
6.075613897535076103e+04 1.020927905341069364e+00
6.075613923541147233e+04 9.960876528396410690e-01
6.075613949547218363e+04 1.001369846230852234e+00
6.075613975553288037e+04 1.008886461524358014e+00
6.075614001559359167e+04 9.982974339888686099e-01
6.075614027565430297e+04 1.032970204049432406e+00
6.075614053571501427e+04 9.787038960983551750e-01
6.075614079577571829e+04 1.019841343320008642e+00
6.075614105583642231e+04 9.878603846701807800e-01
6.075614131589713361e+04 1.024499799093566255e+00
6.075614157595783763e+04 1.015293627050242842e+00
6.075614183601854893e+04 9.880161843227571739e-01
6.075614209607926023e+04 9.457957613854608425e-01
6.075614235613996425e+04 1.020905826525811300e+00
6.075614261620066827e+04 9.980166585316981864e-01
6.075614287626137957e+04 1.030150839283487718e+00
6.075614313632208359e+04 1.003208647725126079e+00
6.075614339638280217e+04 9.725808079372523229e-01
6.075614365644349891e+04 9.992088272622317024e-01
6.075614391650421021e+04 9.772446454976531083e-01
6.075614417656492151e+04 1.008638489801685800e+00
6.075614443662562553e+04 1.022955716040063079e+00
6.075614469668632955e+04 1.014558200045834191e+00
6.075614495674704085e+04 9.956457669774974040e-01
6.075614521680775215e+04 1.022028591579712264e+00
6.075614547686845617e+04 1.022390664407119010e+00
6.075614573692916019e+04 9.884113960994381776e-01
6.075614599698987149e+04 1.005030151869262367e+00
6.075614625705058279e+04 1.029419221017625174e+00
6.075614651711128681e+04 9.832018092796821485e-01
6.075614677717199811e+04 9.945854002382199521e-01
6.075614703723270213e+04 9.836227080229819064e-01
6.075614729729341343e+04 9.972761534218517188e-01
6.075614755735411745e+04 9.763841382419116144e-01
6.075614781741482147e+04 1.038632979019518787e+00
6.075614807747553277e+04 9.731248249958697194e-01
6.075614833753624407e+04 1.017814510874841982e+00
6.075614859759694809e+04 9.617334838544984166e-01
6.075614885765765939e+04 9.853347783561849926e-01
6.075614911771836341e+04 9.522995519236265860e-01
