6.075585120116569306e+04 9.998126756436571672e-01
6.075585146121949219e+04 1.011417310738782493e+00
6.075585172127328406e+04 1.006841069380620235e+00
6.075585198132708319e+04 1.006384279176397500e+00
6.075585224138088233e+04 9.941579517248729791e-01
6.075585250143468147e+04 1.002754024003120747e+00
6.075585276148847333e+04 9.920069479574944449e-01
6.075585302154227247e+04 1.004198520772382253e+00
6.075585328159607161e+04 1.003850979101237106e+00
6.075585354164987803e+04 1.002330476860273212e+00
6.075585380170368444e+04 1.005291668693581553e+00
6.075585406175747630e+04 1.004584955747607866e+00
6.075585432181127544e+04 1.003950460712065951e+00
6.075585458186507458e+04 1.005824982073018514e+00
6.075585484191887372e+04 1.008452459398483381e+00
6.075585510197266558e+04 1.004672039906733261e+00
6.075585536202646472e+04 9.876837002989447001e-01
6.075585562208026386e+04 9.984181112296931504e-01
6.075585588213406299e+04 9.883038562428914098e-01
6.075585614218786213e+04 9.976724703749675349e-01
6.075585640224165400e+04 1.004540477187302550e+00
6.075585666229546041e+04 1.007225038937252126e+00
6.075585692234926682e+04 9.988026554493375508e-01
6.075585718240306596e+04 1.000478393382918885e+00
6.075585744245685783e+04 9.922195381050913365e-01
6.075585770251065696e+04 9.941420812224142090e-01
6.075585796256445610e+04 1.011839084739600825e+00
6.075585822261825524e+04 9.993478712348117243e-01
6.075585848267205438e+04 1.000946464425981564e+00
6.075585874272584624e+04 1.002647538241169700e+00
6.075585900277964538e+04 9.991067584777426624e-01
6.075585926283344452e+04 1.007959926139901929e+00
6.075585952288725093e+04 1.005890711789849012e+00
6.075585978294105735e+04 1.003597239254529150e+00
6.075586004299484921e+04 1.003742414343110845e+00
6.075586030304864835e+04 9.919176313654564092e-01
6.075586056310244749e+04 9.996887518191562849e-01
6.075586082315624662e+04 9.978371436292369223e-01
6.075586108321004576e+04 9.893936544327736060e-01
6.075586134326383763e+04 1.008228800996258778e+00
6.075586160331763676e+04 9.930196834604753109e-01
6.075586186337143590e+04 1.000379391513715577e+00
6.075586212342523504e+04 9.915369800664898259e-01
6.075586238347903418e+04 9.959808684311901583e-01
6.075586264353283332e+04 1.004798221379723522e+00
6.075586290358663973e+04 9.971711666386060546e-01
6.075586316364043887e+04 9.991667417272375173e-01
6.075586342369423801e+04 1.000672639315679291e+00
6.075586368374803715e+04 9.901136833793310332e-01
6.075586394380182901e+04 1.001029858586576005e+00
6.075586420385562815e+04 9.877721156305887540e-01
6.075586446390942729e+04 1.005634561461914434e+00
6.075586472396322642e+04 1.006128227387435903e+00
6.075586498401702556e+04 1.004997018442365109e+00
6.075586524407081743e+04 9.944009552880480607e-01
6.075586550412462384e+04 9.982186571555585752e-01
6.075586576417843025e+04 9.962395798313817830e-01
6.075586602423222939e+04 9.952498210867010142e-01
6.075586628428602853e+04 9.983926783438619168e-01
6.075586654433982039e+04 1.000504570884381383e+00
6.075586680439361953e+04 9.972361534007169181e-01
6.075586706444741867e+04 9.932894414319219933e-01
6.075586732450121781e+04 1.004365511744672590e+00
6.075586758455501695e+04 9.996942993070061512e-01
6.075586784460881609e+04 1.005453887915751299e+00
6.075586810466260795e+04 9.947819787753671150e-01
6.075586836471640709e+04 9.951235749794401508e-01
6.075586862477021350e+04 9.900238223672637172e-01
6.075586888482401991e+04 9.995235590992357366e-01
6.075586914487781905e+04 1.004320195372994995e+00
6.075586940493161092e+04 9.873687186184308962e-01
6.075586966498541005e+04 1.005366627208790886e+00
6.075586992503920919e+04 9.919594954115587004e-01
6.075587018509300833e+04 1.003067035082094272e+00
6.075587044514680747e+04 9.990740737356471612e-01
6.075587070520060661e+04 9.974357694036676270e-01
6.075587096525439847e+04 9.956816115730623418e-01
6.075587122530819761e+04 9.920608745617488511e-01
6.075587148536199675e+04 9.867127425687142184e-01
6.075587174541581044e+04 1.010018454354944639e+00
6.075587200546960958e+04 1.000511221797972583e+00
6.075587226552340871e+04 1.008895408076853739e+00
6.075587252557720058e+04 9.943641204653999033e-01
6.075587278563099972e+04 1.001810536045771638e+00
6.075587304568479885e+04 9.923689089518371587e-01
6.075587330573859799e+04 9.924752503161144990e-01
6.075587356579239713e+04 9.961136847935960770e-01
6.075587382584619627e+04 9.972959172837967401e-01
6.075587408589998813e+04 1.008633068217932749e+00
6.075587434595378727e+04 9.927564609889456548e-01
6.075587460600759368e+04 9.849746797641785179e-01
6.075587486606140010e+04 9.939120216297021582e-01
6.075587512611519924e+04 9.928733379919563173e-01
6.075587538616899838e+04 1.001019674773597767e+00
6.075587564622279751e+04 9.900698378156531643e-01
6.075587590627658938e+04 9.984837567978160910e-01
6.075587616633038851e+04 9.924683444725064252e-01
6.075587642638418765e+04 1.008847965167005034e+00
6.075587668643798679e+04 9.922232983835972409e-01
6.075587694649178593e+04 9.908849388391083313e-01
6.075587720654558507e+04 1.001432214890578543e+00
6.075587746659937693e+04 9.934212198639920111e-01
6.075587772665318334e+04 1.005034415333186715e+00
6.075587798670698976e+04 9.978608521129667119e-01
6.075587824676078890e+04 9.983677711558663903e-01
6.075587850681458804e+04 9.901920791480183226e-01
6.075587876686838717e+04 9.931586063205071202e-01
6.075587902692218631e+04 1.000612012829948272e+00
6.075587928697597818e+04 1.008109533874868902e+00
6.075587954702977731e+04 9.940135953312096984e-01
6.075588115586427011e+04 9.948466278065282165e-01
6.075588141592496686e+04 9.907449333309672479e-01
6.075588167598567088e+04 9.912778974785491082e-01
6.075588193604636763e+04 9.966959528341634567e-01
6.075588219610707165e+04 9.942968719876864592e-01
6.075588245616777567e+04 1.004611729162734113e+00
6.075588271622847242e+04 1.005385890209906430e+00
6.075588297628917644e+04 9.981228769543170065e-01
6.075588323634988046e+04 9.990576511265428783e-01
6.075588349641056993e+04 1.005601533635396949e+00
6.075588375647127395e+04 9.964475281456558475e-01
6.075588401653197798e+04 1.000899200385972021e+00
6.075588427659268200e+04 1.004546073588127308e+00
6.075588453665338602e+04 9.946899333987081482e-01
6.075588479671408277e+04 9.962685579954800863e-01
6.075588505677478679e+04 1.004247163763351880e+00
6.075588531683548354e+04 1.004168115749717316e+00
6.075588557689618756e+04 9.933831843332752154e-01
6.075588583695689158e+04 9.903193851246951951e-01
6.075588609701758833e+04 9.942419109531023258e-01
6.075588635707829235e+04 1.011419239840530171e+00
6.075588661713899637e+04 1.002426435578253283e+00
6.075588687719969312e+04 1.005283816405285080e+00
6.075588713726038986e+04 9.972356608257217925e-01
6.075588739732109389e+04 9.948022026517858718e-01
6.075588765738179791e+04 1.009112245206658320e+00
6.075588791744250193e+04 9.981896052366561189e-01
6.075588817750319868e+04 1.001766944345726218e+00
6.075588843756390270e+04 1.004667461884671820e+00
6.075588869762460672e+04 1.007249577382091532e+00
6.075588895768530347e+04 9.888944675773579940e-01
6.075588921774600749e+04 9.923832365556708446e-01
6.075588947780670424e+04 1.007939935963426681e+00
6.075588973786740826e+04 1.007941239967933500e+00
6.075588999792811228e+04 9.907693502114228723e-01
6.075589025798880903e+04 1.000968329176115557e+00
6.075589051804952032e+04 1.004004922006928480e+00
6.075589077811021707e+04 9.957771504324242073e-01
6.075589103817091382e+04 1.001719486707529416e+00
6.075589129823161784e+04 9.958164758988455878e-01
6.075589155829231458e+04 9.945747528455879394e-01
6.075589181835301861e+04 9.901234494635211547e-01
6.075589207841372263e+04 9.935692800869099228e-01
6.075589233847442665e+04 1.000657452060893515e+00
6.075589259853513067e+04 9.993218311416375288e-01
6.075589285859582742e+04 9.977464362280351606e-01
6.075589311865652417e+04 1.001237598279176577e+00
6.075589337871722819e+04 9.980977490819115117e-01
6.075589363877793221e+04 9.910536024814609046e-01
6.075589389883863623e+04 9.935926851825550576e-01
6.075589415889933298e+04 1.011701940132962996e+00
6.075589441896003700e+04 9.951499083529491418e-01
6.075589467902074102e+04 1.004766730562427712e+00
6.075589493908143777e+04 1.005574112253670105e+00
6.075589519914213452e+04 9.950667715513566991e-01
6.075589545920283854e+04 1.003421198411161397e+00
6.075589571926354256e+04 1.002389784653482607e+00
6.075589597932424658e+04 9.975243768544069800e-01
6.075589623938494333e+04 1.007315564748407777e+00
6.075589649944564735e+04 1.000262909991716409e+00
6.075589675950635137e+04 1.006659102482126533e+00
6.075589701956705539e+04 9.925066260556795195e-01
6.075589727962775942e+04 9.912750379787113042e-01
6.075589753968844889e+04 1.003433854793127189e+00
6.075589779974915291e+04 9.985746145170096844e-01
6.075589805980985693e+04 1.003923890048655121e+00
6.075589831987055368e+04 9.967347656307444792e-01
6.075589857993125770e+04 1.008987560490793189e+00
6.075589883999196172e+04 1.004956310451929236e+00
6.075589910005266574e+04 1.007419922361225240e+00
6.075589936011336977e+04 1.002467346496411782e+00
6.075589962017406651e+04 1.004705687642677425e+00
6.075589988023477054e+04 1.006546137793844276e+00
6.075590014029546728e+04 9.953900840881690915e-01
6.075590040035617130e+04 1.010825722733333265e+00
6.075590066041687533e+04 1.000472121994400165e+00
6.075590092047757207e+04 9.994169218805150079e-01
6.075590118053827609e+04 1.001834543413695711e+00
6.075590144059898012e+04 1.008649766505979928e+00
6.075590170065967686e+04 1.001798137557226021e+00
6.075590196072038816e+04 1.004536070662736202e+00
6.075590222078108491e+04 1.010112457906461980e+00
6.075590248084178893e+04 1.000031221437894802e+00
6.075590274090249295e+04 9.964442993694219153e-01
6.075590300096318242e+04 1.009659835383951210e+00
6.075590326102388644e+04 1.001120192685864385e+00
6.075590352108459047e+04 1.004335667090467954e+00
6.075590378114529449e+04 9.963765340788047764e-01
6.075590404120599851e+04 1.003565468250428694e+00
6.075590430126669526e+04 1.001717601402677849e+00
6.075590456132739928e+04 1.014204432080803686e+00
6.075590482138810330e+04 1.002318965136535622e+00
6.075590508144880732e+04 1.009543744227444195e+00
6.075590534150951135e+04 9.997283760899482452e-01
6.075590560157020809e+04 9.980861198906498810e-01
6.075590586163091211e+04 1.002617253337626080e+00
6.075590612169160886e+04 1.006696377860196723e+00
6.075590638175230561e+04 1.002230491384342059e+00
6.075590664181300963e+04 1.002720305092309028e+00
6.075590690187371365e+04 1.005498202686703646e+00
6.075590716193441767e+04 9.982881160461969383e-01
6.075590742199512169e+04 1.002650794065750972e+00
6.075590768205581844e+04 1.003808509320909703e+00
6.075590794211652246e+04 1.001865875576221754e+00
6.075590820217722649e+04 1.000031342051993288e+00
6.075590846223793051e+04 1.001673239863422271e+00
6.075590872229863453e+04 1.010682000463071883e+00
6.075590898235933128e+04 1.011001722666394986e+00
6.075590924242003530e+04 9.934471054819089542e-01
6.075590950248073932e+04 1.010379762330944287e+00
6.075591106051386305e+04 1.007973282191407138e+00
6.075591132057445793e+04 1.011327184437708304e+00
6.075591158063505281e+04 1.008969366070449958e+00
6.075591184069564770e+04 1.003524440137997464e+00
6.075591210075624258e+04 1.001873804403650370e+00
6.075591236081683746e+04 1.008164475518670722e+00
6.075591262087743235e+04 1.014361599961950189e+00
6.075591288093802723e+04 1.011212691107457040e+00
6.075591314099862211e+04 1.003831542267898946e+00
6.075591340105922427e+04 9.917629425377275654e-01
6.075591366111981915e+04 1.004995635109797281e+00
6.075591392118041404e+04 1.002303097465245152e+00
6.075591418124100892e+04 1.001298558941293715e+00
6.075591444130160380e+04 9.990900888933672563e-01
6.075591470136219868e+04 1.008528308635344262e+00
6.075591496142279357e+04 9.998652230031939148e-01
6.075591522148338845e+04 1.006182652040645165e+00
6.075591548154399061e+04 9.921203450337565677e-01
6.075591574160458549e+04 1.004663224348377737e+00
6.075591600166518037e+04 1.006336272348796967e+00
6.075591626172577526e+04 1.011917987050943601e+00
6.075591652178637742e+04 1.004174834166321473e+00
6.075591678184697230e+04 1.007349616206922427e+00
6.075591704190756718e+04 1.006387745286770219e+00
6.075591730196816206e+04 1.012693372824712057e+00
6.075591756202875695e+04 1.013874360200200497e+00
6.075591782208935183e+04 1.001908995972415228e+00
6.075591808214994671e+04 9.988331326945453226e-01
6.075591834221054160e+04 1.007140141277390377e+00
6.075591860227113648e+04 9.999017557740969009e-01
6.075591886233173136e+04 1.004366272640700775e+00
6.075591912239232624e+04 1.010841607930000663e+00
6.075591938245292840e+04 1.001908176872600365e+00
6.075591964251352329e+04 9.981102011782514438e-01
6.075591990257411817e+04 9.987113610219215953e-01
6.075592016263471305e+04 1.000285395140757538e+00
6.075592042269530793e+04 9.989974867255628777e-01
6.075592068275590282e+04 9.982471725794548334e-01
6.075592094281649770e+04 9.917117601822389439e-01
6.075592120287709986e+04 9.963574680437007336e-01
6.075592146293769474e+04 9.986143709320043360e-01
6.075592172299828962e+04 1.010483287515427708e+00
6.075592198305888451e+04 1.000840858190948035e+00
6.075592224311948667e+04 1.007688182633977414e+00
6.075592250318008155e+04 1.000379753429920582e+00
6.075592276324067643e+04 9.949875946608843780e-01
6.075592302330127131e+04 9.935656708431713779e-01
6.075592328336186620e+04 9.966889824460696268e-01
6.075592354342246108e+04 1.003938105735501907e+00
6.075592380348305596e+04 9.982827117917820736e-01
6.075592406354365812e+04 1.002131740172763852e+00
6.075592432360425300e+04 1.006734520604749550e+00
6.075592458366484789e+04 9.978637889667617555e-01
6.075592484372544277e+04 9.929494012957550408e-01
6.075592510378604493e+04 1.008105739639271192e+00
6.075592536384663981e+04 1.008458405090643994e+00
6.075592562390723469e+04 9.996524423932834358e-01
6.075592588396782958e+04 1.005208103908004968e+00
6.075592614402842446e+04 1.005241900249143949e+00
6.075592640408901934e+04 9.993581794327615064e-01
6.075592666414961423e+04 1.003611354496746433e+00
6.075592692421020911e+04 9.934917580992270736e-01
6.075592718427081127e+04 1.004016070120816506e+00
6.075592744433140615e+04 9.900971550354558115e-01
6.075592770439200103e+04 9.951229156959136013e-01
6.075592796445260319e+04 1.008508232820100048e+00
6.075592822451319807e+04 1.004798024737471485e+00
6.075592848457379296e+04 1.008193899588728293e+00
6.075592874463438784e+04 1.000489621925169548e+00
6.075592900469498272e+04 9.998711176098108444e-01
6.075592926475557761e+04 1.003504895885867887e+00
6.075592952481617249e+04 1.010507621274332024e+00
6.075592978487676737e+04 9.978148212997502986e-01
6.075593004493736953e+04 1.001621663748926139e+00
6.075593030499796441e+04 9.962860023081298033e-01
6.075593056505855930e+04 9.882838635757841272e-01
6.075593082511916145e+04 1.006433774922082858e+00
6.075593108517975634e+04 9.958641707676438859e-01
6.075593134524035122e+04 9.964018095236754080e-01
6.075593160530094610e+04 9.965017113978090757e-01
6.075593186536154099e+04 9.994645584350196899e-01
6.075593212542213587e+04 9.980591988940421544e-01
6.075593238548273075e+04 9.978972920521942402e-01
6.075593264554332563e+04 1.010394466062789931e+00
6.075593290560392779e+04 9.917523692688010595e-01
6.075593316566452268e+04 9.972766799399014337e-01
6.075593342572511756e+04 1.003643322465379129e+00
6.075593368578571244e+04 9.958350334277857874e-01
6.075593394584631460e+04 1.009730758474758128e+00
6.075593420590690948e+04 1.003229856700505573e+00
6.075593446596750437e+04 9.890376518608021694e-01
6.075593472602809925e+04 9.989996695257746806e-01
6.075593498608869413e+04 9.975963453067485665e-01
6.075593524614928901e+04 1.004763950251039040e+00
6.075593550620988390e+04 9.936212906994890126e-01
6.075593576627048606e+04 1.003366950071852504e+00
6.075593602633108094e+04 9.996682211958731745e-01
6.075593628639167582e+04 9.998446663624221964e-01
6.075593654645227070e+04 9.939174230427114676e-01
6.075593680651287286e+04 1.019179228228851652e+00
6.075593706657346775e+04 1.002645070630270085e+00
6.075593732663406263e+04 1.013435158996613072e+00
6.075593758669465751e+04 1.006573725342291281e+00
6.075593784675525239e+04 1.004892978993473962e+00
6.075593810681584728e+04 9.913727856518538273e-01
6.075593836687644216e+04 9.903499169749371278e-01
6.075593862693704432e+04 9.930811903258548456e-01
6.075593888699763920e+04 9.935255971856521429e-01
6.075593914705823408e+04 9.935263533636387034e-01
6.075593940711883624e+04 1.001388467532424498e+00
6.075594106598430517e+04 1.013219779533273357e+00
6.075594132604500919e+04 9.947223599799565052e-01
6.075594158610571321e+04 1.001546348928339381e+00
6.075594184616640996e+04 9.927212110262678690e-01
6.075594210622711398e+04 9.921922741389357370e-01
6.075594236628781800e+04 9.934602219706478721e-01
6.075594262634852203e+04 9.943424144353721905e-01
6.075594288640922605e+04 1.005392103370597257e+00
6.075594314646992279e+04 1.003989912779913229e+00
6.075594340653063409e+04 9.906107920874402950e-01
6.075594366659133811e+04 9.948082990641209378e-01
6.075594392665203486e+04 1.003173287402421288e+00
6.075594418671273888e+04 1.004939390445112712e+00
6.075594444677344291e+04 9.985405279090280306e-01
6.075594470683414693e+04 9.933608650084928549e-01
6.075594496689485095e+04 9.989553949655289866e-01
6.075594522695554770e+04 9.979979314170258631e-01
6.075594548701625172e+04 1.003570929357070707e+00
6.075594574707695574e+04 1.002520609472575597e+00
6.075594600713765976e+04 1.002877437938426652e+00
6.075594626719836378e+04 1.003432786775529939e+00
6.075594652725906053e+04 1.011695332900714117e+00
6.075594678731976455e+04 9.983385329261715846e-01
6.075594704738046858e+04 9.960961182410191794e-01
6.075594730744116532e+04 9.885735762967186036e-01
6.075594756750187662e+04 1.001088768610974622e+00
6.075594782756257337e+04 9.948852150892125712e-01
6.075594808762328466e+04 9.985110145468394371e-01
6.075594834768398869e+04 1.002091510713066569e+00
6.075594860774468543e+04 1.000563645901216603e+00
6.075594886780538945e+04 1.003718856417836314e+00
6.075594912786609348e+04 1.005624828397764237e+00
6.075594938792679750e+04 1.004540491589962503e+00
6.075594964798750152e+04 9.899391923071600985e-01
6.075594990804819827e+04 9.955260408788758619e-01
6.075595016810890229e+04 9.907250880429001594e-01
6.075595042816960631e+04 9.979230265989921245e-01
6.075595068823031033e+04 9.810045979189809806e-01
6.075595094829101436e+04 1.002724736629213576e+00
6.075595120835171110e+04 1.000269534719824271e+00
6.075595146841241512e+04 1.002672721997053262e+00
6.075595172847312642e+04 1.008876589866694928e+00
6.075595198853382317e+04 1.009683281782780995e+00
6.075595224859452719e+04 9.838196184871823569e-01
6.075595250865523121e+04 1.007227445737081561e+00
6.075595276871593524e+04 1.003047953100907774e+00
6.075595302877663926e+04 9.934500261418555134e-01
6.075595328883733600e+04 1.004564422024701642e+00
6.075595354889804003e+04 1.005539860735010116e+00
6.075595380895874405e+04 9.950764557257849585e-01
6.075595406901944807e+04 1.003341759106089359e+00
6.075595432908015209e+04 9.981198938848260260e-01
6.075595458914084884e+04 9.962745359408100576e-01
6.075595484920156014e+04 9.994486016184274124e-01
6.075595510926226416e+04 9.843222480051245782e-01
6.075595536932296091e+04 9.950362099970778695e-01
6.075595562938366493e+04 9.918288960066967697e-01
6.075595588944436895e+04 9.913720310402344138e-01
6.075595614950507297e+04 9.933413553802623586e-01
6.075595640956577699e+04 9.999238188932820792e-01
6.075595666962647374e+04 9.974206556151994363e-01
6.075595692968717776e+04 9.926985074092169459e-01
6.075595718974788178e+04 9.908087147834550024e-01
6.075595744980858581e+04 9.954060329461750234e-01
6.075595770986929710e+04 9.984056636923853700e-01
6.075595796992999385e+04 1.007260577243321409e+00
6.075595822999069787e+04 1.002594372962200664e+00
6.075595849005140190e+04 9.913535605926233618e-01
6.075595875011209864e+04 1.004480687036841235e+00
6.075595901017280994e+04 9.961128233173605073e-01
6.075595927023350669e+04 9.885987471927265569e-01
6.075595953029421071e+04 9.976327657623363931e-01
6.075595979035491473e+04 9.951761311739412141e-01
6.075596005041561148e+04 1.001569361725471952e+00
6.075596031047632277e+04 9.939240150701029730e-01
6.075596057053702680e+04 9.962607085679718866e-01
6.075596083059773082e+04 1.004659476726211809e+00
6.075596109065843484e+04 9.850560146033545683e-01
6.075596135071913159e+04 9.926184841088677713e-01
6.075596161077983561e+04 9.937024411559430837e-01
6.075596187084053963e+04 9.908026628996901009e-01
6.075596213090124365e+04 9.974342258343354972e-01
6.075596239096194768e+04 1.002270410784243726e+00
6.075596265102265170e+04 1.004553530931870942e+00
6.075596291108335572e+04 9.997610422482630099e-01
6.075596317114405974e+04 9.989609727521151505e-01
6.075596343120475649e+04 1.001546193589613276e+00
6.075596369126546051e+04 9.993554715582740888e-01
6.075596395132616453e+04 9.950058819171541113e-01
6.075596421138686856e+04 9.912840259957054201e-01
6.075596447144757258e+04 9.982654346817250168e-01
6.075596473150827660e+04 1.002995483811500499e+00
6.075596499156898062e+04 9.934801022524569758e-01
6.075596525162968464e+04 9.952161735506960261e-01
6.075596551169038867e+04 1.005149869520017392e+00
6.075596577175109269e+04 9.895500594554262896e-01
6.075596603181178943e+04 9.997101457907636712e-01
6.075596629187249346e+04 9.974159442722120295e-01
6.075596655193319748e+04 9.994632738945852246e-01
6.075596681199390150e+04 9.986755110485696640e-01
6.075596707205460552e+04 1.001426779149843682e+00
6.075596733211530955e+04 9.968719074113119305e-01
6.075596759217601357e+04 1.004715471320103415e+00
6.075596785223671759e+04 1.001840934246398307e+00
6.075596811229741434e+04 9.914482376516206008e-01
6.075596837235811836e+04 1.006274232685722803e+00
6.075596863241882238e+04 1.008182639440746264e+00
6.075596889247953368e+04 9.951676208141067015e-01
6.075596915254023770e+04 9.975635861885078226e-01
6.075596941260093445e+04 9.886778981846885417e-01
6.075597102105359954e+04 1.013377588006569407e+00
6.075597128111420170e+04 1.004675962939675538e+00
6.075597154117479658e+04 1.000496028049839392e+00
6.075597180123539147e+04 9.997209919346534690e-01
6.075597206129598635e+04 1.006247656930993717e+00
6.075597232135658123e+04 1.000912719544368557e+00
6.075597258141718339e+04 9.959842152405541382e-01
6.075597284147777827e+04 9.907735045767432913e-01
6.075597310153837316e+04 9.954594194833982224e-01
6.075597336159897532e+04 9.988341844319086338e-01
6.075597362165957020e+04 9.928284814264709546e-01
6.075597388172016508e+04 9.999352732645359065e-01
6.075597414178077452e+04 1.005100597577558652e+00
6.075597440184136940e+04 9.892352895447978911e-01
6.075597466190196428e+04 1.006712660359679212e+00
6.075597492196255916e+04 9.952705248945873384e-01
6.075597518202315405e+04 1.011291370566621772e+00
6.075597544208374893e+04 1.001458316407951132e+00
6.075597570214434381e+04 1.002856196288699708e+00
6.075597596220494597e+04 9.999200005041096739e-01
6.075597622226554813e+04 1.010324660666050089e+00
6.075597648232614301e+04 9.905443489240489674e-01
6.075597674238673790e+04 9.993797074513630641e-01
6.075597700244734006e+04 9.985301981351862866e-01
6.075597726250793494e+04 9.959070931070150845e-01
6.075597752256853710e+04 1.002201067937915413e+00
6.075597778262913198e+04 9.961293486915213657e-01
6.075597804268972686e+04 9.990253032090549157e-01
6.075597830275032175e+04 1.001077189822777935e+00
6.075597856281091663e+04 9.938700119612030592e-01
6.075597882287151151e+04 1.012414250844982488e+00
6.075597908293212095e+04 1.004786807129115278e+00
6.075597934299271583e+04 9.930174267296385526e-01
6.075597960305331071e+04 1.007265365709202776e+00
6.075597986311390559e+04 9.957553862999132255e-01
6.075598012317450775e+04 1.003936397475110542e+00
6.075598038323510264e+04 1.000218445686485769e+00
6.075598064329570479e+04 9.997294666062825907e-01
6.075598090335629968e+04 1.003367592277841336e+00
6.075598116341689456e+04 9.933928914542452526e-01
6.075598142347748944e+04 1.002369520295111727e+00
6.075598168353808433e+04 1.000356119882958916e+00
6.075598194359869376e+04 9.987834785178955066e-01
6.075598220365928864e+04 9.993066696719269393e-01
6.075598246371988353e+04 9.997235881057110474e-01
6.075598272378047841e+04 9.913976170544921418e-01
6.075598298384108057e+04 9.882589240811202602e-01
6.075598324390167545e+04 1.002315198146969566e+00
6.075598350396227761e+04 1.001449832897536973e+00
6.075598376402287249e+04 1.003757981607043659e+00
6.075598402408346738e+04 1.001579691183742904e+00
6.075598428414406226e+04 1.004532803774280003e+00
6.075598454420465714e+04 9.953993646778274140e-01
6.075598480426526658e+04 1.013115267991210100e+00
6.075598506432586146e+04 9.913998181944210231e-01
6.075598532438645634e+04 1.005784536955794506e+00
6.075598558444705122e+04 1.012539902685016591e+00
6.075598584450765338e+04 9.984200215369503084e-01
6.075598610456825554e+04 1.008863996363353221e+00
6.075598636462885042e+04 9.996888300079611600e-01
6.075598662468944531e+04 1.013025584283091751e+00
6.075598688475004019e+04 1.006689491285859273e+00
6.075598714481063507e+04 9.944574674759235622e-01
6.075598740487123723e+04 9.985907671110211270e-01
6.075598766493183211e+04 1.004294716738562521e+00
6.075598792499243427e+04 9.873136453425993553e-01
6.075598818505302916e+04 1.000756877353563556e+00
6.075598844511362404e+04 9.983975001185348974e-01
6.075598870517423347e+04 9.998800987435372267e-01
6.075598896523482836e+04 1.002754186553103999e+00
6.075598922529542324e+04 9.940039099357239616e-01
6.075598948535601812e+04 1.002759439589069768e+00
6.075598974541661300e+04 1.002295663031471884e+00
6.075599000547721516e+04 1.001529884532581516e+00
6.075599026553781005e+04 1.011344659818693925e+00
6.075599052559840493e+04 1.011623827418362875e+00
6.075599078565900709e+04 9.949681141800913453e-01
6.075599104571960197e+04 1.005388072613824013e+00
6.075599130578020413e+04 1.003151435011126136e+00
6.075599156584080629e+04 1.003761777362615071e+00
6.075599182590140117e+04 9.983724623392975506e-01
6.075599208596199605e+04 1.007289040782846090e+00
6.075599234602259094e+04 9.895409101945468189e-01
6.075599260608319310e+04 1.000071132971547483e+00
6.075599286614378798e+04 1.000175468560413394e+00
6.075599312620438286e+04 1.004256566022555752e+00
6.075599338626497774e+04 1.010410903108974301e+00
6.075599364632558718e+04 1.000542798327373584e+00
6.075599390638618206e+04 9.978004202276981038e-01
6.075599416644677694e+04 1.000683865375568304e+00
6.075599442650737910e+04 1.009556421913283319e+00
6.075599468656797399e+04 1.005374200755604575e+00
6.075599494662857614e+04 1.002498863517450989e+00
6.075599520668917103e+04 9.994843112469623536e-01
6.075599546674976591e+04 1.003095434906290828e+00
6.075599572681036079e+04 9.976300273259515183e-01
6.075599598687096295e+04 1.001229822160593530e+00
6.075599624693155783e+04 9.999096415866564058e-01
6.075599650699215999e+04 9.980040822905605902e-01
6.075599676705275488e+04 1.003850820814045752e+00
6.075599702711334976e+04 9.994625323394417116e-01
6.075599728717395192e+04 9.968357512542156407e-01
6.075599754723455408e+04 1.005706502274272163e+00
6.075599780729514896e+04 9.992927151314023870e-01
6.075599806735574384e+04 9.918644249042067873e-01
6.075599832741634600e+04 9.995731461403596363e-01
6.075599858747694088e+04 1.005017935431161025e+00
6.075599884753753577e+04 1.011184521464443709e+00
6.075599910759813065e+04 1.000459507866957365e+00
6.075599936765874008e+04 1.005850843003487594e+00
6.075600091310295102e+04 1.009553455134849953e+00
6.075600117316365504e+04 9.984252870276605352e-01
6.075600143322435179e+04 9.958654504751615066e-01
6.075600169328505581e+04 9.993088996814110114e-01
6.075600195334576711e+04 1.007033086437154390e+00
6.075600221340647113e+04 1.006728175020005001e+00
6.075600247346717515e+04 1.002607943854026962e+00
6.075600273352787190e+04 1.007227370887020301e+00
6.075600299358858319e+04 1.001617905335454584e+00
6.075600325364928722e+04 9.889906077379543303e-01
6.075600351370998396e+04 1.008469363801288265e+00
6.075600377377069526e+04 1.002372104604271730e+00
6.075600403383139928e+04 1.004962793568599411e+00
6.075600429389210331e+04 1.015072414767384634e+00
6.075600455395280733e+04 1.012833835405165583e+00
6.075600481401350407e+04 9.992119854172094584e-01
6.075600507407421537e+04 1.016624973117624897e+00
6.075600533413491939e+04 9.979106713346646007e-01
6.075600559419562342e+04 1.000397815076764951e+00
6.075600585425632744e+04 1.011027275055775165e+00
6.075600611431703146e+04 9.927166999685583804e-01
6.075600637437773548e+04 1.000443514883542440e+00
6.075600663443843951e+04 1.000776018328167538e+00
6.075600689449914353e+04 1.000984305817245845e+00
6.075600715455985483e+04 1.001287275852834835e+00
6.075600741462055157e+04 9.991196666791671843e-01
6.075600767468125559e+04 9.971940321336347779e-01
6.075600793474195962e+04 1.000773277361595381e+00
6.075600819480266364e+04 9.942895966773644956e-01
6.075600845486336766e+04 1.000559683929258536e+00
6.075600871492407168e+04 1.008856668788911337e+00
6.075600897498478298e+04 1.006194161197105696e+00
6.075600923504548700e+04 9.986402374979039820e-01
6.075600949510618375e+04 1.003328113050620418e+00
6.075600975516688777e+04 1.001239452086732484e+00
6.075601001522759907e+04 9.953549660031072444e-01
6.075601027528830309e+04 1.006013082742160281e+00
6.075601053534900711e+04 9.955205466343837184e-01
6.075601079540970386e+04 1.003697141790246272e+00
6.075601105547041516e+04 9.989512057515490540e-01
6.075601131553111918e+04 9.988811556682408721e-01
6.075601157559181593e+04 1.006046211752027020e+00
6.075601183565252722e+04 1.000687302694404757e+00
6.075601209571323125e+04 1.003245872888711032e+00
6.075601235577393527e+04 9.967916766048864341e-01
6.075601261583463929e+04 9.852110603983313952e-01
6.075601287589534331e+04 9.952590816199833323e-01
6.075601313595604734e+04 9.952913569703212282e-01
6.075601339601675136e+04 9.924280128365505771e-01
6.075601365607746266e+04 9.986675770950800279e-01
6.075601391613816668e+04 1.001998234166305624e+00
6.075601417619886342e+04 9.940108823535164229e-01
6.075601443625956745e+04 1.009732880949851364e+00
6.075601469632027874e+04 9.906841434499029653e-01
6.075601495638097549e+04 9.865102686382590802e-01
6.075601521644168679e+04 9.901614493393424699e-01
6.075601547650239081e+04 9.970399535938673230e-01
6.075601573656309483e+04 9.972735216636019473e-01
6.075601599662379886e+04 9.965659498070847944e-01
6.075601625668450288e+04 1.009905168153415911e+00
6.075601651674520690e+04 9.940743854199040053e-01
6.075601677680591092e+04 1.000016823146637313e+00
6.075601703686661494e+04 9.997360509212976920e-01
6.075601729692732624e+04 9.961840167734098417e-01
6.075601755698802299e+04 9.844760313077094427e-01
6.075601781704872701e+04 9.903100656253046585e-01
6.075601807710943831e+04 9.982760403622518153e-01
6.075601833717014233e+04 9.981597237019527169e-01
6.075601859723084635e+04 9.947086535468612212e-01
6.075601885729155038e+04 1.008237520616602323e+00
6.075601911735225440e+04 9.883785026780517180e-01
6.075601937741295842e+04 1.003619716807903739e+00
6.075601963747365517e+04 9.973079829111262118e-01
6.075601989753436646e+04 9.903446053543027983e-01
6.075602015759507049e+04 9.968914015763931102e-01
6.075602041765577451e+04 9.975137834683823757e-01
6.075602067771648581e+04 9.985090700891391391e-01
6.075602093777718255e+04 9.961785748335996171e-01
6.075602119783788658e+04 1.002540803850701545e+00
6.075602145789859787e+04 9.945267397787395103e-01
6.075602171795930190e+04 1.007696869176715193e+00
6.075602197802000592e+04 1.006367429229803045e+00
6.075602223808070994e+04 9.940574211907852176e-01
6.075602249814141396e+04 1.002064279565577642e+00
6.075602275820211798e+04 9.909443633837663468e-01
6.075602301826282201e+04 9.969040019359330929e-01
6.075602327832352603e+04 1.012242096553261028e+00
6.075602353838423005e+04 9.932736825324324226e-01
6.075602379844494135e+04 1.009884620441541037e+00
6.075602405850564537e+04 9.951499420857357059e-01
6.075602431856634212e+04 9.976006713906094836e-01
6.075602457862704614e+04 1.006313655436772647e+00
6.075602483868775744e+04 1.005156624504608187e+00
6.075602509874846146e+04 9.924173085825194196e-01
6.075602535880916548e+04 9.931400326023175351e-01
6.075602561886986950e+04 1.004777731319114187e+00
6.075602587893057353e+04 9.895805859422414086e-01
6.075602613899127755e+04 1.002695784927725819e+00
6.075602639905198885e+04 9.913576281552018976e-01
6.075602665911269287e+04 9.970274312910790693e-01
6.075602691917338962e+04 1.001790130651825539e+00
6.075602717923410091e+04 9.875837804974312295e-01
6.075602743929480494e+04 9.974904549469528758e-01
6.075602769935550168e+04 9.997733189717684654e-01
6.075602795941621298e+04 9.985103568831126264e-01
6.075602821947691700e+04 9.979412299319493362e-01
6.075602847953762102e+04 9.959153606802919612e-01
6.075602873959833232e+04 1.002485848777993738e+00
6.075602899965902907e+04 1.010312370410895166e+00
6.075602925971973309e+04 1.001139810777678330e+00
6.075603093119423283e+04 9.937543941854958263e-01
6.075603119125482772e+04 9.991420424967262237e-01
6.075603145131542988e+04 9.991758923658721203e-01
6.075603171137602476e+04 9.932569244872272440e-01
6.075603197143662692e+04 1.001029102742416521e+00
6.075603223149722908e+04 9.970139235676735989e-01
6.075603249155782396e+04 9.929764317442085764e-01
6.075603275161842612e+04 9.937369685598543834e-01
6.075603301167902100e+04 9.919306091179893592e-01
6.075603327173962316e+04 9.950655603152980255e-01
6.075603353180022532e+04 9.978790510813363435e-01
6.075603379186082020e+04 1.006463275005553992e+00
6.075603405192141508e+04 1.000087863400192845e+00
6.075603431198201724e+04 9.978095667403382718e-01
6.075603457204261213e+04 9.903332346020349286e-01
6.075603483210320701e+04 1.008634267549550989e+00
6.075603509216381644e+04 9.941696447006919124e-01
6.075603535222441133e+04 9.938314161700636529e-01
6.075603561228501349e+04 9.957180977491209006e-01
6.075603587234560837e+04 9.975684416091373796e-01
6.075603613240621053e+04 1.009464159965770547e+00
6.075603639246681269e+04 9.960944384336212210e-01
6.075603665252740757e+04 9.825468642080968928e-01
6.075603691258800245e+04 1.000599866236546287e+00
6.075603717264860461e+04 9.974937738031113277e-01
6.075603743270919949e+04 1.002072527163097693e+00
6.075603769276979438e+04 9.972422969642147361e-01
6.075603795283040381e+04 1.006710586424031106e+00
6.075603821289099869e+04 1.000484405378370134e+00
6.075603847295160085e+04 9.986435063628090747e-01
6.075603873301219573e+04 1.004675984689920476e+00
6.075603899307279789e+04 9.965397683375085691e-01
6.075603925313340005e+04 1.005200900564910071e+00
6.075603951319399494e+04 1.002003740013654998e+00
6.075603977325458982e+04 1.000626335908584741e+00
6.075604003331519198e+04 1.004533488130771257e+00
6.075604029337578686e+04 9.999424448708748026e-01
6.075604055343638902e+04 9.922433545124297316e-01
6.075604081349698390e+04 9.873312444548578704e-01
6.075604107355758606e+04 9.934938650171505348e-01
6.075604133361818822e+04 9.886183984815267722e-01
6.075604159367878310e+04 9.941718626217906918e-01
6.075604185373938526e+04 1.004835023737082444e+00
6.075604211379998742e+04 9.936562908452628573e-01
6.075604237386058230e+04 9.933561497586559375e-01
6.075604263392118446e+04 9.903779659888189979e-01
6.075604289398177934e+04 9.964876511161108175e-01
6.075604315404237423e+04 9.992610257883608460e-01
6.075604341410297639e+04 9.904201664682875661e-01
6.075604367416357127e+04 9.974179494703433457e-01
6.075604393422418070e+04 1.011173541225011352e+00
6.075604419428477559e+04 1.000370250005771400e+00
6.075604445434537047e+04 9.907563259298370895e-01
6.075604471440597990e+04 1.001341005875907353e+00
6.075604497446657479e+04 9.967922255359356054e-01
6.075604523452717694e+04 1.000856428543819066e+00
6.075604549458777183e+04 9.981996566591739839e-01
6.075604575464836671e+04 1.006824222349086861e+00
6.075604601470896887e+04 1.005763183911526193e+00
6.075604627476956375e+04 1.000527037481763637e+00
6.075604653483016591e+04 1.008072134620681126e+00
6.075604679489076807e+04 9.993323047763345013e-01
6.075604705495136295e+04 1.010230870866434927e+00
6.075604731501196511e+04 9.979921578044771424e-01
6.075604757507256727e+04 1.007410175907875516e+00
6.075604783513316943e+04 9.937678982488874491e-01
6.075604809519376431e+04 9.952331454942475730e-01
6.075604835525435919e+04 1.009545156116198106e+00
6.075604861531496135e+04 1.004374979459727202e+00
6.075604887537555624e+04 9.935943184198735567e-01
6.075604913543615839e+04 9.878679008302008180e-01
6.075604939549675328e+04 1.006411052397498507e+00
6.075604965555735544e+04 9.948828193335544912e-01
6.075604991561795759e+04 9.953378339513888617e-01
6.075605017567855248e+04 1.000203402071318859e+00
6.075605043573915464e+04 9.958768091912406639e-01
6.075605069579975680e+04 9.947361572587012368e-01
6.075605095586035168e+04 9.924435231450563499e-01
6.075605121592095384e+04 1.004053777801568792e+00
6.075605147598154872e+04 1.005805600939782884e+00
6.075605173604215088e+04 9.967053778532256603e-01
6.075605199610274576e+04 9.973352203138117211e-01
6.075605225616334792e+04 9.986155813100384693e-01
6.075605251622395008e+04 9.947106938289537181e-01
6.075605277628454496e+04 9.989836847103188422e-01
6.075605303634514712e+04 9.944400661657918361e-01
6.075605329640574200e+04 9.918034856375896879e-01
6.075605355646635144e+04 1.010713055197372645e+00
6.075605381652694632e+04 1.002674186099975273e+00
6.075605407658754848e+04 1.003882383622602736e+00
6.075605433664814336e+04 9.990637504689924286e-01
6.075605459670873825e+04 1.010251003852045804e+00
6.075605485676934040e+04 1.007330877395978375e+00
6.075605511682993529e+04 9.951302561774193478e-01
6.075605537689054472e+04 9.974038979476088640e-01
6.075605563695113960e+04 1.000388435158997336e+00
6.075605589701174176e+04 9.993575865137468428e-01
6.075605615707233665e+04 9.992825935923728142e-01
6.075605641713293880e+04 1.010218338745632938e+00
6.075605667719354096e+04 1.004433950380369422e+00
6.075605693725413585e+04 1.000997617732208411e+00
6.075605719731473800e+04 9.974711461670008328e-01
6.075605745737533289e+04 1.003546991670233535e+00
6.075605771743593505e+04 1.001881215790504154e+00
6.075605797749652993e+04 1.011826524964478002e+00
6.075605823755713209e+04 1.000868892381779451e+00
6.075605849761773425e+04 1.001349912267235798e+00
6.075605875767832913e+04 1.005890805665337950e+00
6.075605901773893129e+04 1.009778946775044206e+00
6.075605927779953345e+04 1.001964698791128372e+00
6.075606082322710427e+04 9.903689722434841913e-01
6.075606108328780829e+04 1.001254350858964193e+00
6.075606134334851231e+04 1.002338560015745283e+00
6.075606160340922361e+04 1.004601882897610210e+00
6.075606186346992035e+04 1.005398829028500751e+00
6.075606212353063165e+04 1.001851560650053541e+00
6.075606238359133567e+04 9.971062097348681874e-01
6.075606264365204697e+04 9.915651517953640859e-01
6.075606290371275099e+04 9.983715488996981469e-01
6.075606316377345502e+04 1.002374616337671664e+00
6.075606342383415904e+04 9.894097195399464972e-01
6.075606368389486306e+04 9.978687710309669390e-01
6.075606394395557436e+04 1.006252799358917649e+00
6.075606420401627838e+04 1.006152891096004254e+00
6.075606446407698240e+04 9.949672273543233025e-01
6.075606472413768643e+04 1.002665038259863195e+00
6.075606498419839772e+04 9.982442158066441307e-01
6.075606524425910175e+04 9.989938083181391093e-01
6.075606550431981304e+04 9.857002223893003290e-01
6.075606576438050979e+04 9.939501072298145834e-01
6.075606602444122109e+04 1.003975691599985787e+00
6.075606628450192511e+04 9.968677854571290631e-01
6.075606654456262913e+04 1.001052689348147728e+00
6.075606680462333316e+04 9.970927997897404138e-01
6.075606706468404445e+04 1.006712724038519413e+00
6.075606732474474848e+04 9.972406626252426909e-01
6.075606758480545250e+04 1.004479108471310500e+00
6.075606784486615652e+04 1.000543814297796263e+00
6.075606810492686054e+04 1.003945834061547471e+00
6.075606836498757184e+04 1.005087982410593606e+00
6.075606862504827586e+04 1.003587581511289351e+00
6.075606888510898716e+04 1.001785269867589978e+00
6.075606914516968391e+04 1.002252263764742191e+00
6.075606940523039520e+04 9.953513617517882883e-01
6.075606966529109923e+04 1.005927835210818078e+00
6.075606992535180325e+04 1.003573552577670114e+00
6.075607018541250727e+04 1.006532247584280837e+00
6.075607044547321857e+04 1.009251399327652399e+00
6.075607070553392259e+04 1.008949946859656555e+00
6.075607096559463389e+04 1.009233838062663757e+00
6.075607122565533064e+04 1.002232358984282978e+00
6.075607148571604193e+04 9.924879054211150908e-01
6.075607174577674596e+04 1.001033752764549423e+00
6.075607200583745725e+04 1.010341923197819236e+00
6.075607226589816128e+04 1.000924153870427435e+00
6.075607252595886530e+04 9.994793921262947745e-01
6.075607278601956932e+04 1.001199455213133804e+00
6.075607304608028062e+04 9.955469220653152540e-01
6.075607330614097737e+04 1.001200744895255568e+00
6.075607356620169594e+04 9.993231380328548852e-01
6.075607382626239269e+04 9.928339625325042217e-01
6.075607408632310398e+04 1.008569779933850663e+00
6.075607434638380801e+04 9.998476969253761171e-01
6.075607460644451203e+04 9.984937354287313216e-01
6.075607486650521605e+04 1.010904853442043727e+00
6.075607512656592735e+04 9.949298104280838162e-01
6.075607538662663137e+04 1.002818706545302030e+00
6.075607564668734267e+04 9.992407438135790798e-01
6.075607590674803942e+04 9.991682321180865856e-01
6.075607616680875071e+04 1.006774765705381602e+00
6.075607642686945474e+04 1.003391660989112921e+00
6.075607668693016603e+04 9.958524283272651711e-01
6.075607694699087006e+04 1.005241392559240499e+00
6.075607720705157408e+04 1.000201120341501326e+00
6.075607746711227810e+04 9.980217088851356388e-01
6.075607772717298940e+04 1.006527947621444596e+00
6.075607798723368614e+04 1.007040117222013365e+00
6.075607824729439744e+04 9.947264057237331647e-01
6.075607850735510146e+04 9.964444472374890394e-01
6.075607876741581276e+04 1.000968747508411472e+00
6.075607902747651679e+04 1.005643394916864386e+00
6.075607928753722081e+04 9.993817286770085850e-01
6.075607954759792483e+04 1.004158596926843172e+00
6.075607980765863613e+04 1.007403454579502089e+00
6.075608006771934015e+04 9.945277690830744977e-01
6.075608032778005145e+04 1.001593588686174874e+00
6.075608058784074819e+04 1.005680660537005444e+00
6.075608084790145949e+04 1.005511502579546690e+00
6.075608110796216351e+04 1.003813217296429583e+00
6.075608136802286754e+04 1.000062582495021779e+00
6.075608162808357156e+04 9.997938225421890701e-01
6.075608188814428286e+04 1.009626025254806603e+00
6.075608214820498688e+04 9.799456464858680160e-01
6.075608240826569818e+04 9.955826271936483174e-01
6.075608266832639492e+04 9.950577980411938750e-01
6.075608292838710622e+04 1.004621533182709969e+00
6.075608318844781024e+04 1.002657454510924806e+00
6.075608344850852154e+04 9.975226354369423065e-01
6.075608370856922556e+04 9.938613697465124019e-01
6.075608396862992959e+04 1.025763566188894860e+00
6.075608422869064088e+04 1.003650335901510093e+00
6.075608448875134491e+04 1.013342768566067642e+00
6.075608474881204893e+04 1.001076947750361601e+00
6.075608500887276023e+04 1.001485120520911654e+00
6.075608526893346425e+04 1.004354716432206862e+00
6.075608552899416827e+04 1.000428744435198025e+00
6.075608578905487957e+04 9.926747069616718155e-01
6.075608604911557632e+04 1.000400599424274395e+00
6.075608630917628761e+04 9.997323852599814265e-01
6.075608656923699164e+04 1.004360256425531395e+00
6.075608682929770293e+04 9.977747497388763653e-01
6.075608708935840696e+04 1.006539130083678346e+00
6.075608734941911098e+04 9.995071443964949065e-01
6.075608760947981500e+04 1.008810191405647760e+00
6.075608786954052630e+04 1.002624767329414857e+00
6.075608812960123760e+04 1.007793602722458326e+00
6.075608838966194162e+04 9.945183381654644217e-01
6.075608864972264564e+04 9.979019685688096386e-01
6.075608890978334966e+04 1.005387272675492216e+00
6.075608916984406096e+04 1.000151332754192435e+00
6.075609076569380704e+04 9.885952753403965954e-01
6.075609102575441648e+04 1.006580412985963013e+00
6.075609128581501136e+04 1.008740130035074012e+00
6.075609154587561352e+04 1.007816913908135881e+00
6.075609180593621568e+04 9.983636522453441797e-01
6.075609206599681784e+04 1.000368671460513559e+00
6.075609232605741272e+04 1.008036239968480574e+00
6.075609258611801488e+04 9.964712989070553251e-01
6.075609284617860976e+04 1.002382403868088856e+00
6.075609310623921192e+04 9.907413458161686837e-01
6.075609336629981408e+04 1.001762253224583121e+00
6.075609362636040896e+04 9.976521936951664449e-01
6.075609388642101840e+04 1.002330474658734261e+00
6.075609414648161328e+04 1.007396751379232125e+00
6.075609440654221544e+04 1.004872939098206519e+00
6.075609466660281760e+04 1.005006478181104557e+00
6.075609492666341976e+04 1.000338633476839156e+00
6.075609518672402191e+04 1.002994694991939717e+00
6.075609544678461680e+04 9.958671549250355248e-01
6.075609570684521896e+04 9.937883129980465968e-01
6.075609596690581384e+04 1.004542163062363214e+00
6.075609622696641600e+04 9.979811474467236154e-01
6.075609648702701088e+04 1.002259811513302568e+00
6.075609674708762032e+04 9.980840471554980331e-01
6.075609700714822247e+04 1.001364768448789855e+00
6.075609726720881736e+04 1.004412217897182602e+00
6.075609752726942679e+04 1.004648733845766584e+00
6.075609778733002167e+04 9.941682178520829805e-01
6.075609804739062383e+04 1.013101074716802996e+00
6.075609830745121872e+04 9.903311225168084375e-01
6.075609856751182087e+04 1.011522573475559295e+00
6.075609882757242303e+04 9.890327373214520268e-01
6.075609908763301792e+04 1.005020280803007759e+00
6.075609934769362008e+04 1.002419424952796900e+00
6.075609960775422223e+04 1.006921090344824021e+00
6.075609986781482439e+04 1.003755229744935917e+00
6.075610012787541928e+04 9.856412021364363563e-01
6.075610038793602143e+04 1.008228538743540126e+00
6.075610064799663087e+04 9.950319787033756747e-01
6.075610090805722575e+04 9.977616945400618054e-01
6.075610116811782791e+04 1.004294528179958901e+00
6.075610142817842279e+04 9.978937791515012368e-01
6.075610168823902495e+04 9.989684012123714041e-01
6.075610194829962711e+04 1.007723601859316087e+00
6.075610220836022199e+04 9.962253923839569092e-01
6.075610246842083143e+04 9.971106382935366330e-01
6.075610272848142631e+04 1.008639119075963153e+00
6.075610298854202847e+04 9.970502923691076935e-01
6.075610324860263063e+04 1.007583093116684703e+00
6.075610350866323279e+04 1.010041122662149293e+00
6.075610376872383495e+04 1.006626639619268460e+00
6.075610402878442983e+04 9.979495318093970502e-01
6.075610428884503199e+04 1.001303891839418148e+00
6.075610454890563415e+04 1.003492098117001685e+00
6.075610480896622903e+04 1.001410886921766830e+00
6.075610506902683119e+04 9.977999349849494548e-01
6.075610532908743335e+04 9.970726495490256358e-01
6.075610558914803551e+04 9.933043356636153121e-01
6.075610584920863766e+04 1.005791009210942333e+00
6.075610610926923255e+04 9.977042848893543647e-01
6.075610636932984198e+04 1.009725427562833788e+00
6.075610662939043686e+04 1.006881246501165172e+00
6.075610688945103902e+04 9.981250199922486743e-01
6.075610714951164118e+04 1.006100040576014099e+00
6.075610740957223607e+04 1.001890202037440503e+00
6.075610766963283822e+04 9.933561270648604280e-01
6.075610792969343311e+04 1.001363023033929656e+00
6.075610818975403527e+04 9.912661382703445989e-01
6.075610844981464470e+04 1.007544469584392699e+00
6.075610870987523958e+04 1.001012083068357539e+00
6.075610896993584174e+04 9.981997268044596749e-01
6.075610922999644390e+04 9.990389931948739921e-01
6.075610949005704606e+04 9.909966067070671292e-01
6.075610975011764822e+04 9.987394528225258528e-01
6.075611001017824310e+04 9.971477587751673699e-01
6.075611027023884526e+04 1.004544611773455332e+00
6.075611053029944742e+04 9.988124157204425480e-01
6.075611079036004230e+04 9.962777794568119516e-01
6.075611105042064446e+04 1.005466829007682472e+00
6.075611131048124662e+04 1.000275196542281586e+00
6.075611157054184878e+04 1.003530474512549286e+00
6.075611183060245094e+04 1.000704569410118872e+00
6.075611209066305310e+04 9.950372870820741733e-01
6.075611235072365525e+04 1.008122942902838437e+00
6.075611261078425741e+04 9.984932245230236925e-01
6.075611287084485230e+04 9.852464588268893264e-01
6.075611313090545445e+04 1.002709254653467497e+00
6.075611339096604934e+04 9.958288436228969198e-01
6.075611365102665150e+04 1.001527393409033628e+00
6.075611391108725365e+04 9.983535846776272482e-01
6.075611417114785581e+04 9.942941592843168586e-01
6.075611443120845797e+04 1.005843503376740999e+00
6.075611469126906013e+04 9.919333152871808723e-01
6.075611495132966229e+04 9.956392208630379104e-01
6.075611521139026445e+04 9.922926633565635202e-01
6.075611547145085933e+04 1.012704418817796492e+00
6.075611573151146149e+04 1.005278866445843855e+00
6.075611599157206365e+04 1.003970276763678005e+00
6.075611625163265853e+04 9.998670159713319849e-01
6.075611651169326069e+04 9.909525347471586088e-01
6.075611677175386285e+04 1.006650773903901896e+00
6.075611703181446501e+04 9.938119187702206814e-01
6.075611729187506717e+04 9.945329190328776603e-01
6.075611755193566933e+04 1.004483961278799464e+00
6.075611781199626421e+04 9.985500428512694704e-01
6.075611807205687364e+04 9.993164271108626595e-01
6.075611833211747580e+04 1.000964361227203447e+00
6.075611859217807068e+04 9.938002539888259879e-01
6.075611885223867284e+04 9.870920470883447484e-01
6.075611911229926773e+04 9.842690903627679955e-01
6.075612077117233275e+04 9.947781117330593004e-01
6.075612103123303677e+04 1.000307799616735327e+00
6.075612129129374080e+04 1.001831487785544317e+00
6.075612155135445209e+04 9.978324434809900945e-01
6.075612181141516339e+04 9.849846281362486522e-01
6.075612207147586741e+04 1.004410224393664786e+00
6.075612233153657144e+04 9.919210147616809303e-01
6.075612259159728274e+04 1.003344062661086777e+00
6.075612285165798676e+04 1.002897712148010934e+00
6.075612311171869806e+04 9.934385412128016180e-01
6.075612337177940935e+04 9.983613953813035291e-01
6.075612363184010610e+04 1.000765859444267658e+00
6.075612389190081740e+04 9.904393475069709352e-01
6.075612415196152870e+04 9.973463317540341988e-01
6.075612441202222544e+04 1.004715706143694431e+00
6.075612467208293674e+04 1.004745529870267662e+00
6.075612493214364804e+04 1.004946485506126974e+00
6.075612519220435206e+04 9.997530408853098072e-01
6.075612545226506336e+04 1.004308084508990451e+00
6.075612571232576738e+04 1.003090473225660917e+00
6.075612597238647140e+04 9.997941210656318134e-01
6.075612623244718270e+04 9.933653967522966255e-01
6.075612649250789400e+04 9.956488494033929326e-01
6.075612675256859802e+04 9.935888932007880259e-01
6.075612701262930204e+04 9.908665523411753773e-01
6.075612727269001334e+04 1.002796128166391521e+00
6.075612753275071736e+04 9.981225974035160542e-01
6.075612779281142139e+04 1.002110334739753306e+00
6.075612805287213268e+04 9.874761643846494685e-01
6.075612831293283671e+04 9.923975469108595737e-01
6.075612857299354800e+04 9.972291330382452301e-01
6.075612883305425930e+04 9.964596574337555301e-01
6.075612909311495605e+04 1.004234459030451942e+00
6.075612935317566735e+04 9.948313599533749052e-01
6.075612961323637865e+04 9.863497671107315234e-01
6.075612987329708267e+04 1.005361048436268057e+00
6.075613013335779397e+04 1.004868305113405080e+00
6.075613039341849799e+04 9.927349363182994546e-01
6.075613065347920201e+04 9.999941039683134525e-01
6.075613091353991331e+04 9.963845019260418878e-01
6.075613117360061733e+04 9.942276411981441075e-01
6.075613143366133590e+04 9.988201632699398314e-01
6.075613169372203265e+04 1.002534154705337022e+00
6.075613195378274395e+04 9.950063602322767320e-01
6.075613221384345525e+04 9.975931356723068966e-01
6.075613247390415199e+04 9.958825456142046395e-01
6.075613273396486329e+04 9.944602226786334320e-01
6.075613299402557459e+04 1.009887691476081706e+00
6.075613325408627861e+04 1.003596283449673665e+00
6.075613351414698991e+04 9.920717523830810958e-01
6.075613377420769393e+04 1.003443988429758571e+00
6.075613403426840523e+04 9.987079976055192043e-01
6.075613429432910925e+04 1.005846911488915252e+00
6.075613455438982055e+04 9.857353431521194143e-01
6.075613481445053185e+04 9.953229083426865520e-01
6.075613507451122859e+04 1.006148015776452631e+00
6.075613533457193989e+04 1.009648150597427074e+00
6.075613559463265119e+04 9.965949639419363626e-01
6.075613585469334794e+04 9.960391102748951120e-01
6.075613611475405924e+04 1.007958730269760350e+00
6.075613637481477053e+04 1.002512249072101680e+00
6.075613663487548183e+04 9.980147163257827581e-01
6.075613689493618585e+04 1.000258389767125111e+00
6.075613715499688988e+04 9.973443325137408833e-01
6.075613741505760117e+04 9.967731147994175478e-01
6.075613767511830520e+04 1.000199515078330714e+00
6.075613793517901649e+04 1.000356783780565584e+00
6.075613819523972779e+04 9.923060116593921398e-01
6.075613845530043181e+04 9.996168798741013051e-01
6.075613871536113584e+04 1.004123541739517123e+00
6.075613897542184714e+04 1.004650345141314904e+00
6.075613923548255116e+04 9.976541107707798117e-01
6.075613949554325518e+04 1.000416660179588524e+00
6.075613975560396648e+04 1.017314129570664916e+00
6.075614001566467778e+04 1.007040891775187852e+00
6.075614027572538907e+04 1.001805216222583006e+00
6.075614053578608582e+04 1.009852391837172236e+00
6.075614079584679712e+04 1.001398767600494066e+00
6.075614105590750842e+04 1.005175516090342835e+00
6.075614131596821244e+04 1.000647172730353862e+00
6.075614157602892374e+04 1.000719083159055112e+00
6.075614183608962776e+04 1.010201730209658866e+00
6.075614209615033906e+04 9.950388728184468290e-01
6.075614235621104308e+04 1.006092541199249624e+00
6.075614261627174710e+04 9.959977162011783847e-01
6.075614287633246568e+04 9.943196784371517438e-01
6.075614313639316970e+04 9.917117520551215204e-01
6.075614339645387372e+04 1.008414560688397188e+00
6.075614365651458502e+04 9.995896325534994187e-01
6.075614391657528904e+04 1.008869297018799127e+00
6.075614417663600034e+04 1.002203461590219113e+00
6.075614443669670436e+04 1.003042055320087389e+00
6.075614469675741566e+04 9.997105251609801346e-01
6.075614495681812696e+04 9.923247371764662983e-01
6.075614521687882370e+04 9.959483124271882870e-01
6.075614547693953500e+04 9.958697865371486380e-01
6.075614573700024630e+04 9.968639875300789877e-01
6.075614599706095760e+04 9.915517647475672325e-01
6.075614625712166162e+04 1.002881858303701801e+00
6.075614651718236564e+04 9.944285359840390193e-01
6.075614677724307694e+04 1.006579797395302123e+00
6.075614703730378824e+04 1.000031372555111320e+00
6.075614729736448498e+04 1.006434560994198257e+00
6.075614755742519628e+04 9.887784522186199299e-01
6.075614781748590758e+04 1.008293345938980234e+00
6.075614807754661888e+04 1.001188063803642336e+00
6.075614833760732290e+04 9.856469021783584861e-01
6.075614859766802692e+04 1.007468667583590882e+00
6.075614885772873822e+04 9.978917861149659840e-01
6.075614911778944952e+04 9.984349422650532491e-01
