6.075547523418369383e+04 9.997742066033870056e-01
6.075547549424438330e+04 9.981980588340911842e-01
6.075547575430508005e+04 1.010090798845749482e+00
6.075547601436576224e+04 1.004133912277918261e+00
6.075547627442645899e+04 1.006543618240447469e+00
6.075547653448714846e+04 9.869511610007722924e-01
6.075547679454784520e+04 9.997762351750392185e-01
6.075547705460853467e+04 9.969371631203390871e-01
6.075547731466922414e+04 1.008223107492099091e+00
6.075547757472991361e+04 1.003182564125081111e+00
6.075547783479061036e+04 9.978062419709730069e-01
6.075547809485129255e+04 1.005432592314269957e+00
6.075547835491198930e+04 9.963608453170598178e-01
6.075547861497267877e+04 9.983321839398331399e-01
6.075547887503337552e+04 9.955054229602049443e-01
6.075547913509406499e+04 9.975816654791158644e-01
6.075547939515475446e+04 1.009744231922519830e+00
6.075547965521544393e+04 1.003037801578994248e+00
6.075547991527614067e+04 1.000965244230063167e+00
6.075548017533683014e+04 1.002903886303017522e+00
6.075548043539752689e+04 9.974120355558808715e-01
6.075548069545820908e+04 1.005907652390827023e+00
6.075548095551890583e+04 9.923158851402522629e-01
6.075548121557959530e+04 9.988697639740706791e-01
6.075548147564028477e+04 1.002851038523444593e+00
6.075548173570098152e+04 1.006358061463292763e+00
6.075548199576167099e+04 1.014699575898653450e+00
6.075548225582236773e+04 9.981086828954459644e-01
6.075548251588305720e+04 9.970723587431744583e-01
6.075548277594374667e+04 1.007711635393169880e+00
6.075548303600443614e+04 1.005656867854372472e+00
6.075548329606513289e+04 1.007458425908070998e+00
6.075548355612582236e+04 1.003551686379962060e+00
6.075548381618651911e+04 9.923630042699019826e-01
6.075548407624720130e+04 1.003125986846892026e+00
6.075548433630789805e+04 9.975237777838626974e-01
6.075548459636858752e+04 9.984260417652097708e-01
6.075548485642928426e+04 1.006524807136737421e+00
6.075548511648997373e+04 1.003578133678308726e+00
6.075548537655066320e+04 1.005262895438656656e+00
6.075548563661135267e+04 1.016921421237564349e+00
6.075548589667204942e+04 1.003766980205931691e+00
6.075548615673273162e+04 9.952312813182156992e-01
6.075548641679342836e+04 1.011326689548578406e+00
6.075548667685411783e+04 1.004471772971545551e+00
6.075548693691481458e+04 9.969366239573078659e-01
6.075548719697551132e+04 1.005538497411095467e+00
6.075548745703619352e+04 1.011542396124649468e+00
6.075548771709689026e+04 1.006820630503434177e+00
6.075548797715757973e+04 1.005093411095467681e+00
6.075548823721827648e+04 1.003144700192307948e+00
6.075548849727896595e+04 1.012940303951289422e+00
6.075548875733965542e+04 9.889034335558171129e-01
6.075548901740034489e+04 9.950539890025543732e-01
6.075548927746104164e+04 9.975761617015150851e-01
6.075548953752172383e+04 1.016793765253909854e+00
6.075548979758242058e+04 1.003170899335663613e+00
6.075549005764311732e+04 9.866974958404050033e-01
6.075549031770380680e+04 1.005159837906097309e+00
6.075549057776450354e+04 9.856316408794241202e-01
6.075549083782518574e+04 1.007095380109551463e+00
6.075549109788588248e+04 1.000677045587149872e+00
6.075549135794657195e+04 1.005491541534178301e+00
6.075549161800726870e+04 9.947568492601273071e-01
6.075549187806795817e+04 1.006911749316603322e+00
6.075549213812864764e+04 1.005418847380124658e+00
6.075549239818933711e+04 1.005108525880416881e+00
6.075549265825003386e+04 1.004377814079161713e+00
6.075549291831072333e+04 1.012060465867413273e+00
6.075549317837142007e+04 9.967296658107681617e-01
6.075549343843210954e+04 1.009501247720588468e+00
6.075549369849279901e+04 1.014814274990664567e+00
6.075549395855349576e+04 9.997784687187107888e-01
6.075549421861417795e+04 1.008543652008309532e+00
6.075549447867487470e+04 1.006167443032258024e+00
6.075549473873556417e+04 1.014454111082261134e+00
6.075549499879626092e+04 1.002661782683083924e+00
6.075549525885695766e+04 9.991994472983348752e-01
6.075549551891763986e+04 9.952831156430512749e-01
6.075549577897833660e+04 9.922543615515428961e-01
6.075549603903902607e+04 1.004167562142377568e+00
6.075549629909972282e+04 1.001703594688702292e+00
6.075549655916041229e+04 9.965350643279423659e-01
6.075549681922110176e+04 9.966180104289281694e-01
6.075549707928179851e+04 1.002993665197292161e+00
6.075549733934248798e+04 1.010452618485866871e+00
6.075549759940317745e+04 9.983200624698718162e-01
6.075549785946386692e+04 1.001208338435488399e+00
6.075549811952456366e+04 1.008603842312046917e+00
6.075549837958525313e+04 1.008459178899870023e+00
6.075549863964594988e+04 9.932152040757017408e-01
6.075549889970663935e+04 1.011099942577367239e+00
6.075549915976732882e+04 1.001296684940191639e+00
6.075549941982802557e+04 1.007358702480161128e+00
6.075549967988871504e+04 1.002033687730828682e+00
6.075549993994941178e+04 1.015330624529220183e+00
6.075550020001009398e+04 1.005952196142826827e+00
6.075550046007079072e+04 1.012056159142852518e+00
6.075550072013148747e+04 9.946704853046485217e-01
6.075550098019216966e+04 1.003329495691417383e+00
6.075550124025286641e+04 1.002119427255634188e+00
6.075550150031355588e+04 1.012627874922153115e+00
6.075550176037425263e+04 9.987504994148574955e-01
6.075550202043494210e+04 9.987890035708087977e-01
6.075550228049563157e+04 1.003351323540537354e+00
6.075550254055632831e+04 1.011031169923839901e+00
6.075550280061701778e+04 9.910944610683217748e-01
6.075550306067771453e+04 1.001740171789916367e+00
6.075550332073840400e+04 9.955838223093133044e-01
6.075550358079909347e+04 9.975487911011379216e-01
6.075550513883041276e+04 9.962106446733219878e-01
6.075550539889110951e+04 9.900920796205145979e-01
6.075550565895179898e+04 9.825124111556978734e-01
6.075550591901248845e+04 1.004938950082696403e+00
6.075550617907318519e+04 9.939680866672232495e-01
6.075550643913387466e+04 1.001343229644037436e+00
6.075550669919457141e+04 1.009462394612001601e+00
6.075550695925526088e+04 9.971618808520156252e-01
6.075550721931595035e+04 1.008409272294968018e+00
6.075550747937664710e+04 9.943734872414319304e-01
6.075550773943733657e+04 1.005485517703356591e+00
6.075550799949803331e+04 1.000731152533032686e+00
6.075550825955872278e+04 9.912536360707546734e-01
6.075550851961941225e+04 9.947396768803351552e-01
6.075550877968010900e+04 9.997438127018761778e-01
6.075550903974079847e+04 9.946161343665711474e-01
6.075550929980148794e+04 9.990082162634371654e-01
6.075550955986217741e+04 9.941661262709567959e-01
6.075550981992287416e+04 9.865442244866292620e-01
6.075551007998357090e+04 1.019092512227940839e+00
6.075551034004426037e+04 9.930701033193052307e-01
6.075551060010494984e+04 1.001267367145278975e+00
6.075551086016564659e+04 1.001146462388618152e+00
6.075551112022633606e+04 1.002501019284160577e+00
6.075551138028703281e+04 1.003236870318526819e+00
6.075551164034772228e+04 1.010044513227461804e+00
6.075551190040841175e+04 1.007162327766166765e+00
6.075551216046910849e+04 9.948224392103210967e-01
6.075551242052979796e+04 9.999355119166454253e-01
6.075551268059049471e+04 1.001497251841991343e+00
6.075551294065118418e+04 9.954909932607728384e-01
6.075551320071187365e+04 9.972563964371143896e-01
6.075551346077257040e+04 9.967256720499083622e-01
6.075551372083325987e+04 1.001665495573587972e+00
6.075551398089394934e+04 9.941848315849066697e-01
6.075551424095464608e+04 9.929895928922598536e-01
6.075551450101533555e+04 1.007832028870502272e+00
6.075551476107603230e+04 9.988796158088120158e-01
6.075551502113672177e+04 1.002329544963604269e+00
6.075551528119741124e+04 9.965177889691846369e-01
6.075551554125810799e+04 9.993643728652892300e-01
6.075551580131879746e+04 1.001274769325576353e+00
6.075551606137949420e+04 1.003735400382548271e+00
6.075551632144019095e+04 9.947188266329164419e-01
6.075551658150087314e+04 9.889200917111111711e-01
6.075551684156156989e+04 1.004764857825489743e+00
6.075551710162226664e+04 9.897849692381380793e-01
6.075551736168294883e+04 1.016076810777065242e+00
6.075551762174364558e+04 9.982324024277208219e-01
6.075551788180433505e+04 9.951727050615801762e-01
6.075551814186503179e+04 1.002008155362931419e+00
6.075551840192572854e+04 1.008325446004461501e+00
6.075551866198641073e+04 1.010244751256392792e+00
6.075551892204710748e+04 9.963181823307890594e-01
6.075551918210780423e+04 9.889303590919708009e-01
6.075551944216849370e+04 9.956074782095146736e-01
6.075551970222919044e+04 9.955351227122473112e-01
6.075551996228987991e+04 9.993034943728610342e-01
6.075552022235056938e+04 1.001987016979351441e+00
6.075552048241126613e+04 1.007417765197601511e+00
6.075552074247194832e+04 1.009167125943979393e+00
6.075552100253265235e+04 9.893191249423776146e-01
6.075552126259334182e+04 1.004034628191047052e+00
6.075552152265403129e+04 1.001597295721243119e+00
6.075552178271472803e+04 9.889951564098156123e-01
6.075552204277541750e+04 9.973516489895223325e-01
6.075552230283610697e+04 1.000874878892580311e+00
6.075552256289680372e+04 1.001731591954905465e+00
6.075552282295750047e+04 9.788971350245428971e-01
6.075552308301818994e+04 1.007039899182949672e+00
6.075552334307887941e+04 9.947515379710996086e-01
6.075552360313957615e+04 9.876068154516570718e-01
6.075552386320026562e+04 1.009684062751070366e+00
6.075552412326096237e+04 9.912436995316387112e-01
6.075552438332165912e+04 9.944790884604008951e-01
6.075552464338234131e+04 1.004854069772430192e+00
6.075552490344303806e+04 9.891345455342592796e-01
6.075552516350373480e+04 9.936360873731371335e-01
6.075552542356441700e+04 1.002136973491031924e+00
6.075552568362511374e+04 9.997726053115398859e-01
6.075552594368581049e+04 9.845874686212021665e-01
6.075552620374649996e+04 9.993183860731288393e-01
6.075552646380719671e+04 1.013308618963048247e+00
6.075552672386788618e+04 9.933181033922909853e-01
6.075552698392857565e+04 9.909572176366623353e-01
6.075552724398927239e+04 1.001277420857427769e+00
6.075552750404996914e+04 1.004208432237807314e+00
6.075552776411065861e+04 1.006602203301979026e+00
6.075552802417134808e+04 9.979087967053217323e-01
6.075552828423204483e+04 1.003622721822107877e+00
6.075552854429273430e+04 1.003264753147655508e+00
6.075552880435342377e+04 1.000314826704082449e+00
6.075552906441412051e+04 9.868388843672000199e-01
6.075552932447480998e+04 9.940029686091900185e-01
6.075552958453550673e+04 1.009728732094432146e+00
6.075552984459620347e+04 9.883670262593714506e-01
6.075553010465688567e+04 9.970486567313654458e-01
6.075553036471758242e+04 9.975252113365933315e-01
6.075553062477827916e+04 9.922135408853064442e-01
6.075553088483896863e+04 9.908422447712995629e-01
6.075553114489966538e+04 9.870107103507896884e-01
6.075553140496035485e+04 9.875520095467528181e-01
6.075553166502104432e+04 1.000662834884239905e+00
6.075553192508174106e+04 1.009734524745983464e+00
6.075553218514243054e+04 9.957627851008840070e-01
6.075553244520312728e+04 9.888509843089332563e-01
6.075553270526381675e+04 9.995008057987303518e-01
6.075553296532451350e+04 9.944749385018423204e-01
6.075553322538520297e+04 1.000409147838894119e+00
6.075553348544589244e+04 9.994459788642794384e-01
6.075553503087646095e+04 1.002188293106090367e+00
6.075553529093715770e+04 1.005323078337414522e+00
6.075553555099784717e+04 1.005718691566330092e+00
6.075553581105853664e+04 9.927057402559434918e-01
6.075553607111923338e+04 1.005895805778293406e+00
6.075553633117992285e+04 9.940857170213800442e-01
6.075553659124061960e+04 1.017002799757773301e+00
6.075553685130131635e+04 9.914151669077149176e-01
6.075553711136199854e+04 9.772050320025220671e-01
6.075553737142269529e+04 9.917765993204098462e-01
6.075553763148339203e+04 9.919851135281516630e-01
6.075553789154408878e+04 1.009939406317716282e+00
6.075553815160477825e+04 1.006875251418858142e+00
6.075553841166546772e+04 9.986041801658057659e-01
6.075553867172616447e+04 9.940144746568628786e-01
6.075553893178685394e+04 1.002612991301262246e+00
6.075553919184754341e+04 1.027870472151299230e+00
6.075553945190824015e+04 9.941015476232748505e-01
6.075553971196892962e+04 9.870904899164215651e-01
6.075553997202962637e+04 1.002538083199227215e+00
6.075554023209032312e+04 9.693054582370106420e-01
6.075554049215101259e+04 9.744226231976200747e-01
6.075554075221170206e+04 9.923120657985254889e-01
6.075554101227239880e+04 9.863506572951978857e-01
6.075554127233309555e+04 9.941745158352461864e-01
6.075554153239378502e+04 9.900791525999612652e-01
6.075554179245447449e+04 9.931099843665172067e-01
6.075554205251517124e+04 9.810876737226279509e-01
6.075554231257586798e+04 9.870085842641538321e-01
6.075554257263655018e+04 9.966301092960422325e-01
6.075554283269725420e+04 9.997936564517162505e-01
6.075554309275794367e+04 9.948860061336501914e-01
6.075554335281863314e+04 9.913981006910145277e-01
6.075554361287932988e+04 9.856646497473718904e-01
6.075554387294001936e+04 9.826965356480477087e-01
6.075554413300071610e+04 9.769206979198250540e-01
6.075554439306140557e+04 1.008117786604736166e+00
6.075554465312210232e+04 9.925583569773687165e-01
6.075554491318279906e+04 9.780851383320419146e-01
6.075554517324348853e+04 1.000312551783963499e+00
6.075554543330417800e+04 9.987100428608637337e-01
6.075554569336487475e+04 9.893078047429498811e-01
6.075554595342557150e+04 9.993979352846104058e-01
6.075554621348626097e+04 1.000238636647722945e+00
6.075554647354695044e+04 9.861048397062986970e-01
6.075554673360764718e+04 9.839923524196225735e-01
6.075554699366834393e+04 9.845009536979386633e-01
6.075554725372902612e+04 9.891763442294677633e-01
6.075554751378972287e+04 9.921563496147670635e-01
6.075554777385041962e+04 9.831572145474276603e-01
6.075554803391111636e+04 9.907588906589630540e-01
6.075554829397180583e+04 9.964939763427583808e-01
6.075554855403249530e+04 9.821174951350987170e-01
6.075554881409319205e+04 9.901182549431831736e-01
6.075554907415388152e+04 9.997372745829797847e-01
6.075554933421457827e+04 9.921048132959322530e-01
6.075554959427527501e+04 9.889465345078467529e-01
6.075554985433596448e+04 9.917722202566204848e-01
6.075555011439665395e+04 9.898750486441373342e-01
6.075555037445735070e+04 9.827713728670222082e-01
6.075555063451804017e+04 9.919226434128858294e-01
6.075555089457873692e+04 1.004462240939870021e+00
6.075555115463942639e+04 9.873523129239388796e-01
6.075555141470012313e+04 9.721023167038154167e-01
6.075555167476081988e+04 9.887552289347057988e-01
6.075555193482150935e+04 9.931424325153596078e-01
6.075555219488219882e+04 9.950802093274173643e-01
6.075555245494289557e+04 9.967065822259814079e-01
6.075555271500359231e+04 9.893617699819625688e-01
6.075555297506428906e+04 1.005749694343801570e+00
6.075555323512497125e+04 9.915726259754633620e-01
6.075555349518566800e+04 9.960582443620819015e-01
6.075555375524636474e+04 9.881328505639882520e-01
6.075555401530705421e+04 9.997292721287743822e-01
6.075555427536775096e+04 9.825566836686223660e-01
6.075555453542844043e+04 1.001814727957000661e+00
6.075555479548913718e+04 9.965400132821887746e-01
6.075555505554983392e+04 1.002993390127849382e+00
6.075555531561051612e+04 9.732827779076180796e-01
6.075555557567121286e+04 9.890497679770992034e-01
6.075555583573190961e+04 9.941683995408502339e-01
6.075555609579260636e+04 9.876727765699658823e-01
6.075555635585329583e+04 9.970484483443859958e-01
6.075555661591398530e+04 1.000468207959044120e+00
6.075555687597468204e+04 9.901226193524215180e-01
6.075555713603537879e+04 9.900298977763714037e-01
6.075555739609607554e+04 9.825868904274274174e-01
6.075555765615676501e+04 1.002332867719396781e+00
6.075555791621745448e+04 9.934403187136005009e-01
6.075555817627815122e+04 9.926551851080526179e-01
6.075555843633884797e+04 9.873191465043221760e-01
6.075555869639953016e+04 1.005352737823313580e+00
6.075555895646022691e+04 9.825962554235777580e-01
6.075555921652092366e+04 9.871160119684425638e-01
6.075555947658162040e+04 9.867518792337609534e-01
6.075555973664230987e+04 9.953018335240235714e-01
6.075555999670299934e+04 9.932121447161186278e-01
6.075556025676369609e+04 1.003379473543704048e+00
6.075556051682439283e+04 1.003299773014451279e+00
6.075556077688508958e+04 1.001061723810620974e+00
6.075556103694577905e+04 9.794310172154885308e-01
6.075556129700646852e+04 9.922391470944860181e-01
6.075556155706716527e+04 9.944854260655346945e-01
6.075556181712786201e+04 1.005182478784851341e+00
6.075556207718854421e+04 9.891671154493254514e-01
6.075556233724924095e+04 9.886464818392111109e-01
6.075556259730993770e+04 9.885315054610700480e-01
6.075556285737063445e+04 1.000279513914919871e+00
6.075556311743133119e+04 1.001172762331636656e+00
6.075556337749201339e+04 9.855314451267261910e-01
6.075556504896522529e+04 9.812892208284588191e-01
6.075556530902591476e+04 9.954014167753968412e-01
6.075556556908661150e+04 9.833804603171102388e-01
6.075556582914730097e+04 9.945454390745718243e-01
6.075556608920799772e+04 9.936528465052163472e-01
6.075556634926869447e+04 1.003488073689253524e+00
6.075556660932938394e+04 9.944536239224407437e-01
6.075556686939008068e+04 1.003053095877202816e+00
6.075556712945077015e+04 1.000338705742417122e+00
6.075556738951146690e+04 9.861175582339974932e-01
6.075556764957216365e+04 1.005578946343145930e+00
6.075556790963285312e+04 1.006802821631220590e+00
6.075556816969354986e+04 9.808766989419992477e-01
6.075556842975423933e+04 1.003817433627905320e+00
6.075556868981492880e+04 9.998871625838894328e-01
6.075556894987563282e+04 1.005962284862997880e+00
6.075556920993632230e+04 9.987552831387433994e-01
6.075556946999701904e+04 1.003984445485785137e+00
6.075556973005770851e+04 9.906150132087737648e-01
6.075556999011839798e+04 9.841763982877834716e-01
6.075557025017909473e+04 9.940420101785281126e-01
6.075557051023979147e+04 9.850926807885003189e-01
6.075557077030048822e+04 9.905385604165868330e-01
6.075557103036117769e+04 9.940198236273946053e-01
6.075557129042186716e+04 9.889824392591765045e-01
6.075557155048256391e+04 9.819945347238957511e-01
6.075557181054326065e+04 1.002574290568654547e+00
6.075557207060395740e+04 9.986972852204839546e-01
6.075557233066464687e+04 9.885626417018785750e-01
6.075557259072533634e+04 1.004472960513475899e+00
6.075557285078603309e+04 9.962570731984152772e-01
6.075557311084672983e+04 9.874405138083045541e-01
6.075557337090741930e+04 9.992132018085864154e-01
6.075557363096811605e+04 9.979563177196709711e-01
6.075557389102880552e+04 9.977536514517939548e-01
6.075557415108950227e+04 9.989108376159532288e-01
6.075557441115019901e+04 9.979849038769504910e-01
6.075557467121088848e+04 1.001518571447201023e+00
6.075557493127158523e+04 9.992707960254419985e-01
6.075557519133227470e+04 1.011460937621035505e+00
6.075557545139297144e+04 9.966339585041518179e-01
6.075557571145366819e+04 1.002800286417105058e+00
6.075557597151435766e+04 9.932684091118338943e-01
6.075557623157505441e+04 9.936524589585928879e-01
6.075557649163575115e+04 9.911229389414880631e-01
6.075557675169643335e+04 1.001794942182260728e+00
6.075557701175713009e+04 9.962046610371542155e-01
6.075557727181782684e+04 9.995260657642118796e-01
6.075557753187852359e+04 1.008357510421878267e+00
6.075557779193922033e+04 9.969245097491052920e-01
6.075557805199990980e+04 9.894773345991022540e-01
6.075557831206059927e+04 9.920328507509043048e-01
6.075557857212129602e+04 9.833590276243697748e-01
6.075557883218199277e+04 9.887044441757307789e-01
6.075557909224268951e+04 9.995467417557775125e-01
6.075557935230337898e+04 1.005909752638946220e+00
6.075557961236407573e+04 9.997461057453264077e-01
6.075557987242476520e+04 9.960650614210193599e-01
6.075558013248546195e+04 9.889388326690145004e-01
6.075558039254615869e+04 1.001872904034109668e+00
6.075558065260684816e+04 9.918990226721812187e-01
6.075558091266754491e+04 9.954666025301877053e-01
6.075558117272824165e+04 9.965494383741109186e-01
6.075558143278892385e+04 9.965850872867292320e-01
6.075558169284962059e+04 9.961478447233851341e-01
6.075558195291031734e+04 1.000385358824941839e+00
6.075558221297101409e+04 9.833396379367914664e-01
6.075558247303171083e+04 9.956200270928621254e-01
6.075558273309240030e+04 1.004475764128737625e+00
6.075558299315309705e+04 1.000546309788364452e+00
6.075558325321378652e+04 9.960702940347533341e-01
6.075558351327448327e+04 1.000567624380279241e+00
6.075558377333518001e+04 1.001405429999662644e+00
6.075558403339586948e+04 9.900859345690603552e-01
6.075558429345656623e+04 1.000190674463058871e+00
6.075558455351726298e+04 1.011800582132135862e+00
6.075558481357794517e+04 1.001942597713672223e+00
6.075558507363864192e+04 9.857079651685171084e-01
6.075558533369933866e+04 9.852121834661201616e-01
6.075558559376003541e+04 9.915122670848134367e-01
6.075558585382073215e+04 9.973649715550044759e-01
6.075558611388142162e+04 1.002601389029467827e+00
6.075558637394211837e+04 9.933810712310587876e-01
6.075558663400280784e+04 9.977308517371020757e-01
6.075558689406350459e+04 9.873450759076018990e-01
6.075558715412420133e+04 1.001965622996783711e+00
6.075558741418489080e+04 9.987498279093512954e-01
6.075558767424558755e+04 9.933684541736965690e-01
6.075558793430628430e+04 9.912285789561817717e-01
6.075558819436697377e+04 9.943661106217308587e-01
6.075558845442767051e+04 9.742222636180398743e-01
6.075558871448835998e+04 1.003296538396447612e+00
6.075558897454905673e+04 9.949566392382725999e-01
6.075558923460975348e+04 1.007981177872418588e+00
6.075558949467044295e+04 9.842326919538929575e-01
6.075558975473113969e+04 9.920998821455671024e-01
6.075559001479183644e+04 1.001006513224308003e+00
6.075559027485253318e+04 9.971486493597312428e-01
6.075559053491322265e+04 9.864754509147287687e-01
6.075559079497391212e+04 1.002454971588312427e+00
6.075559105503460887e+04 9.954988473034235286e-01
6.075559131509530562e+04 9.905269342211976413e-01
6.075559157515600236e+04 1.000095958365915916e+00
6.075559183521669911e+04 1.002339043870683177e+00
6.075559209527738858e+04 1.001745028128027570e+00
6.075559235533808533e+04 9.963006631357121945e-01
6.075559261539877480e+04 9.883917447836366721e-01
6.075559287545946427e+04 9.878925005939084292e-01
6.075559313552016101e+04 9.923788823597983200e-01
6.075559339558085776e+04 9.960925100472990401e-01
6.075559494101491873e+04 9.913090618842120838e-01
6.075559520107561548e+04 9.913865701178159462e-01
6.075559546113631222e+04 9.908676781050816951e-01
6.075559572119700897e+04 1.001008241936032661e+00
6.075559598125769844e+04 1.002473373312679605e+00
6.075559624131839519e+04 9.852328711783298054e-01
6.075559650137908466e+04 9.867373670167168820e-01
6.075559676143977413e+04 9.918794062600776451e-01
6.075559702150047087e+04 9.945954407519290719e-01
6.075559728156116762e+04 9.919368919701162524e-01
6.075559754162186437e+04 1.000220099848843303e+00
6.075559780168256111e+04 9.935090922926070878e-01
6.075559806174325058e+04 9.912689657331860138e-01
6.075559832180394733e+04 9.928733977835009217e-01
6.075559858186464407e+04 1.001524672766557877e+00
6.075559884192533355e+04 9.862154471824456925e-01
6.075559910198603029e+04 9.998030634447002685e-01
6.075559936204671976e+04 9.874493770395059711e-01
6.075559962210741651e+04 9.849858601948935366e-01
6.075559988216811325e+04 9.769647315115407293e-01
6.075560014222880272e+04 9.900929127678995689e-01
6.075560040228950675e+04 9.935129886399159949e-01
6.075560066235019622e+04 9.982333517878453355e-01
6.075560092241089296e+04 9.998515312759732598e-01
6.075560118247158971e+04 9.924264929030260918e-01
6.075560144253227918e+04 9.918039538770799801e-01
6.075560170259296865e+04 9.990984202822320581e-01
6.075560196265366540e+04 9.927808748129083316e-01
6.075560222271436214e+04 9.973805723818034430e-01
6.075560248277505889e+04 9.945876186866823288e-01
6.075560274283574836e+04 9.824185290815957705e-01
6.075560300289644510e+04 9.821504120760714551e-01
6.075560326295714185e+04 9.879353186724834091e-01
6.075560352301783860e+04 9.973687933288860608e-01
6.075560378307853534e+04 9.918092261165596391e-01
6.075560404313922481e+04 9.907038757987814970e-01
6.075560430319992156e+04 9.941071091230537782e-01
6.075560456326061831e+04 9.853882296921505635e-01
6.075560482332130050e+04 9.827465145412123126e-01
6.075560508338199725e+04 9.856565469780145250e-01
6.075560534344269399e+04 1.005377514200915146e+00
6.075560560350339074e+04 9.935667843119612153e-01
6.075560586356408749e+04 9.948045479376327327e-01
6.075560612362477696e+04 9.980995116149923296e-01
6.075560638368547370e+04 9.940217764742075301e-01
6.075560664374617045e+04 9.959621822708742966e-01
6.075560690380686719e+04 9.886313703247340268e-01
6.075560716386756394e+04 9.948083745570265313e-01
6.075560742392825341e+04 9.903720001708756770e-01
6.075560768398895016e+04 9.906122753404449366e-01
6.075560794404964690e+04 9.892418276591683490e-01
6.075560820411032910e+04 9.917542580213831727e-01
6.075560846417102584e+04 9.849852054864913775e-01
6.075560872423172259e+04 1.007071909776414032e+00
6.075560898429241934e+04 9.949426366192105631e-01
6.075560924435311608e+04 9.989791828200970114e-01
6.075560950441380555e+04 9.762863655484221859e-01
6.075560976447450230e+04 9.912151742653647624e-01
6.075561002453519905e+04 9.943158374449364567e-01
6.075561028459589579e+04 9.781317418898181071e-01
6.075561054465659254e+04 9.961827999668217970e-01
6.075561080471728201e+04 9.827443831362113746e-01
6.075561106477797875e+04 9.892921113935484456e-01
6.075561132483867550e+04 9.959546144112559896e-01
6.075561158489937225e+04 9.958269824172977236e-01
6.075561184496006899e+04 9.996438737371687866e-01
6.075561210502075846e+04 9.756830715288518086e-01
6.075561236508144793e+04 9.982639805397718336e-01
6.075561262514214468e+04 9.743862508430216618e-01
6.075561288520283415e+04 9.855852303144524429e-01
6.075561314526353090e+04 9.906219170820766973e-01
6.075561340532422764e+04 9.930349608452969656e-01
6.075561366538492439e+04 9.969961220132546043e-01
6.075561392544562113e+04 9.899405067135931269e-01
6.075561418550631060e+04 9.944386300311414129e-01
6.075561444556700735e+04 9.916035102170621673e-01
6.075561470562770410e+04 9.886702950353768449e-01
6.075561496568840084e+04 9.946594388711194057e-01
6.075561522574909759e+04 9.910160192521441092e-01
6.075561548580978706e+04 9.955866421116215115e-01
6.075561574587048381e+04 9.879975141247774317e-01
6.075561600593118055e+04 9.896280244158898176e-01
6.075561626599187002e+04 9.859098337692553393e-01
6.075561652605256677e+04 9.781273382006143713e-01
6.075561678611326352e+04 9.948259373751655588e-01
6.075561704617396026e+04 9.873015366335134990e-01
6.075561730623465701e+04 1.009692564745965804e+00
6.075561756629534648e+04 9.898451595097765843e-01
6.075561782635604322e+04 9.931054318088908817e-01
6.075561808641673269e+04 1.006444580534319622e+00
6.075561834647742944e+04 9.950035637388273679e-01
6.075561860653812619e+04 9.887194551813329735e-01
6.075561886659881566e+04 9.978288671238710883e-01
6.075561912665951240e+04 9.889995223750914777e-01
6.075561938672020915e+04 9.999504746390670551e-01
6.075561964678089862e+04 9.852270688306400404e-01
6.075561990684160264e+04 9.849036577073503329e-01
6.075562016690229211e+04 9.831077048466533297e-01
6.075562042696298886e+04 9.937076331403783547e-01
6.075562068702368560e+04 9.942716921695369248e-01
6.075562094708437508e+04 9.873248772355270875e-01
6.075562120714507182e+04 9.821226083201818335e-01
6.075562146720576857e+04 1.000324481677432376e+00
6.075562172726646531e+04 9.968813990221688792e-01
6.075562198732716206e+04 9.941640697264089166e-01
6.075562224738785153e+04 9.860664142024789802e-01
6.075562250744854828e+04 9.802779446444835898e-01
6.075562276750924502e+04 9.971525413832537099e-01
6.075562302756994177e+04 9.925683251664483286e-01
6.075562328763063852e+04 9.993504716654798559e-01
6.075562490904599690e+04 9.850499319427319378e-01
6.075562516909990518e+04 1.003846624307239477e+00
6.075562542915379890e+04 9.977186341108333911e-01
6.075562568920769263e+04 9.860950607526014489e-01
6.075562594926160091e+04 9.849114448901078456e-01
6.075562620931549463e+04 9.961267241609962353e-01
6.075562646936939564e+04 9.997730326918942145e-01
6.075562672942329664e+04 9.971169155224111069e-01
6.075562698947719036e+04 9.755120600339344250e-01
6.075562724953109864e+04 9.979358311973576257e-01
6.075562750958499237e+04 9.837617264859674915e-01
6.075562776963889337e+04 9.919479920450958721e-01
6.075562802969280165e+04 9.940159818749584320e-01
6.075562828974669537e+04 9.970599481656848839e-01
6.075562854980059637e+04 9.975006412488391927e-01
6.075562880985449738e+04 9.867907630715261336e-01
6.075562906990839110e+04 9.775325806755977842e-01
6.075562932996229938e+04 1.000848756651312899e+00
6.075562959001619311e+04 9.820380611082464295e-01
6.075562985007009411e+04 9.982226780172911429e-01
6.075563011012399511e+04 9.850361330938449678e-01
6.075563037017788884e+04 9.946231311197774039e-01
6.075563063023179711e+04 9.986523863664857892e-01
6.075563089028569084e+04 9.993562236541313482e-01
6.075563115033958456e+04 9.972874075782837133e-01
6.075563141039349284e+04 1.005716411487356243e+00
6.075563167044738657e+04 9.992976430941858945e-01
6.075563193050128757e+04 9.853111164276343592e-01
6.075563219055518857e+04 9.998442373498918068e-01
6.075563245060908230e+04 1.004764935537645787e+00
6.075563271066299058e+04 9.931492696534902631e-01
6.075563297071688430e+04 9.962075633387468265e-01
6.075563323077078530e+04 9.969049670333453017e-01
6.075563349082468631e+04 9.857058513955991863e-01
6.075563375087858003e+04 1.003956808680607438e+00
6.075563401093248831e+04 9.864122199608511554e-01
6.075563427098638203e+04 9.913278891857395525e-01
6.075563453104027576e+04 9.930538290923118794e-01
6.075563479109418404e+04 9.864727463593815360e-01
6.075563505114807776e+04 9.783073879335987266e-01
6.075563531120197877e+04 9.885505470681034135e-01
6.075563557125588704e+04 9.860808310106115027e-01
6.075563583130978077e+04 9.939904750716064274e-01
6.075563609136368905e+04 9.883529417008872775e-01
6.075563635141758277e+04 9.841138956955155503e-01
6.075563661147148377e+04 1.000939112552431398e+00
6.075563687152538478e+04 9.881921958420397667e-01
6.075563713157927850e+04 9.935747849023990330e-01
6.075563739163318678e+04 9.972404352454455889e-01
6.075563765168708051e+04 9.913152022431969135e-01
6.075563791174097423e+04 9.978707004216772480e-01
6.075563817179488251e+04 9.959563382715231894e-01
6.075563843184877624e+04 9.909436014619031896e-01
6.075563869190267724e+04 9.946557374192553924e-01
6.075563895195657824e+04 9.924152274075259683e-01
6.075563921201047197e+04 9.954768120405437237e-01
6.075563947206438024e+04 9.887381947188076392e-01
6.075563973211827397e+04 1.003185854172448099e+00
6.075563999217217497e+04 9.853814933136445520e-01
6.075564025222608325e+04 1.003367874969852469e+00
6.075564051227997697e+04 9.987076405373509491e-01
6.075564077233388525e+04 9.902858935550618025e-01
6.075564103238777898e+04 1.003552523985459022e+00
6.075564129244167270e+04 9.875667364002909121e-01
6.075564155249558098e+04 9.869011486839112113e-01
6.075564181254947471e+04 9.988094429273809416e-01
6.075564207260337571e+04 9.878906293382861969e-01
6.075564233265727671e+04 9.899659011991017721e-01
6.075564259271117044e+04 9.940497067351511395e-01
6.075564285276507871e+04 1.000665941033675566e+00
6.075564311281897244e+04 9.866936181782869353e-01
6.075564337287286617e+04 1.002168143327733407e+00
6.075564363292677444e+04 1.000212442173942229e+00
6.075564389298066817e+04 9.933075595086383602e-01
6.075564415303458372e+04 9.980352372228658009e-01
6.075564441308847745e+04 1.001357622069799502e+00
6.075564467314237118e+04 9.977932198889152282e-01
6.075564493319627945e+04 9.997500146426396839e-01
6.075564519325017318e+04 1.007665253925931204e+00
6.075564545330407418e+04 1.006696553366480229e+00
6.075564571335797518e+04 9.997437812837671745e-01
6.075564597341186891e+04 1.002467733199461364e+00
6.075564623346577719e+04 1.000962723348237660e+00
6.075564649351967091e+04 9.790135586663110123e-01
6.075564675357356464e+04 1.001416647024576667e+00
6.075564701362747292e+04 9.910148816381457726e-01
6.075564727368136664e+04 9.967161096990531099e-01
6.075564753373527492e+04 9.854472775344486069e-01
6.075564779378917592e+04 9.913337804038593326e-01
6.075564805384306965e+04 1.002650401228097898e+00
6.075564831389697792e+04 9.889110989136180585e-01
6.075564857395087165e+04 1.004290923573820660e+00
6.075564883400477265e+04 9.879998173182569232e-01
6.075564909405867365e+04 9.919806937414439307e-01
6.075564935411256738e+04 9.799050999386449412e-01
6.075564961416647566e+04 9.958471040213543457e-01
6.075564987422036938e+04 1.009283196528162341e+00
6.075565013427426311e+04 9.873564736128868091e-01
6.075565039432817866e+04 9.996045073408957871e-01
6.075565065438207239e+04 9.923066271326318466e-01
6.075565091443597339e+04 9.940810298884608098e-01
6.075565117448987439e+04 9.830150298150217569e-01
6.075565143454376812e+04 9.888048186748390478e-01
6.075565169459767640e+04 9.960797952008912937e-01
6.075565195465157012e+04 9.982874797428079594e-01
6.075565221470547112e+04 1.003267876949110793e+00
6.075565247475937213e+04 1.002010845886930568e+00
6.075565273481326585e+04 9.945537442978370501e-01
6.075565299486718141e+04 1.002039222117549588e+00
6.075565325492107513e+04 9.915199807428922707e-01
6.075565492676799477e+04 9.934676610456300017e-01
6.075565518682868424e+04 9.922762840284784502e-01
6.075565544688938098e+04 1.005173833594398269e+00
6.075565570695007773e+04 9.901933728815117686e-01
6.075565596701077448e+04 1.003922845144008535e+00
6.075565622707147122e+04 9.809991001481149775e-01
6.075565648713216069e+04 9.877921211145389568e-01
6.075565674719285744e+04 1.000819537976066709e+00
6.075565700725356146e+04 9.990228797713240905e-01
6.075565726731425821e+04 9.953875182670618438e-01
6.075565752737495495e+04 9.955386168834132743e-01
6.075565778743564442e+04 1.003323427684591485e+00
6.075565804749634117e+04 9.981404314808417499e-01
6.075565830755703792e+04 9.867620600083176763e-01
6.075565856761772739e+04 9.897930084370111237e-01
6.075565882767842413e+04 1.000917167371677907e+00
6.075565908773912088e+04 1.006975241176879976e+00
6.075565934779981762e+04 9.826359973012839255e-01
6.075565960786051437e+04 9.901512148583330175e-01
6.075565986792121112e+04 9.999172573912986639e-01
6.075566012798190786e+04 9.981461646298470658e-01
6.075566038804260461e+04 9.909723783879283987e-01
6.075566064810330136e+04 9.989057461013842731e-01
6.075566090816399810e+04 9.911782169871603543e-01
6.075566116822468757e+04 9.959125697977143643e-01
6.075566142828538432e+04 9.965092943102457079e-01
6.075566168834608106e+04 1.003552688687456174e+00
6.075566194840677781e+04 9.999942421006439153e-01
6.075566220846748183e+04 9.860044212923737561e-01
6.075566246852817130e+04 9.983844091937010834e-01
6.075566272858886805e+04 9.922878978851812359e-01
6.075566298864956480e+04 9.997354481744160637e-01
6.075566324871025427e+04 9.949497848365843611e-01
6.075566350877095101e+04 9.898598860033367419e-01
6.075566376883164776e+04 9.924859688704295024e-01
6.075566402889234450e+04 9.935711247793569401e-01
6.075566428895304125e+04 1.000667642710599825e+00
6.075566454901373800e+04 9.989433572865589195e-01
6.075566480907443474e+04 9.959940650232421699e-01
6.075566506913513149e+04 1.007706186234652801e+00
6.075566532919582824e+04 1.001683638483424010e+00
6.075566558925652498e+04 1.000352390172277062e+00
6.075566584931721445e+04 1.005903809283698269e+00
6.075566610937791120e+04 1.003958928215999746e+00
6.075566636943860794e+04 9.833748344657081697e-01
6.075566662949930469e+04 1.007227970499032121e+00
6.075566688956000144e+04 1.003668298839689665e+00
6.075566714962069818e+04 1.000274206904657959e+00
6.075566740968139493e+04 9.997320983459122568e-01
6.075566766974209168e+04 1.002987703232532279e+00
6.075566792980278115e+04 9.873059921516006421e-01
6.075566818986347789e+04 9.919624080451335812e-01
6.075566844992417464e+04 9.983393721523811104e-01
6.075566870998487866e+04 1.018127469976723098e+00
6.075566897004557541e+04 9.883761998204637633e-01
6.075566923010626488e+04 9.938984638151154849e-01
6.075566949016696162e+04 1.008533435912023268e+00
6.075566975022765837e+04 9.997980579098937337e-01
6.075567001028834784e+04 9.880829037897969069e-01
6.075567027034905186e+04 9.999122896696839291e-01
6.075567053040974133e+04 9.894425860974341846e-01
6.075567079047044535e+04 9.871850557850583296e-01
6.075567105053114210e+04 9.967755436658409796e-01
6.075567131059183157e+04 1.004194306212853771e+00
6.075567157065252832e+04 1.001337848674124897e+00
6.075567183071322506e+04 9.912358425423194452e-01
6.075567209077392181e+04 9.766158160554737622e-01
6.075567235083461856e+04 1.005759428219456630e+00
6.075567261089531530e+04 9.937035446127999716e-01
6.075567287095601205e+04 9.967235545189131463e-01
6.075567313101670879e+04 9.986533083299617974e-01
6.075567339107740554e+04 9.926767459715319930e-01
6.075567365113810229e+04 9.975033060105875649e-01
6.075567391119879176e+04 9.939129708358424020e-01
6.075567417125948850e+04 9.972060209501918404e-01
6.075567443132019253e+04 9.802468505554744471e-01
6.075567469138088200e+04 9.986460728055336356e-01
6.075567495144157874e+04 9.829898734594741949e-01
6.075567521150227549e+04 9.975216403655235986e-01
6.075567547156297223e+04 9.737889133556054677e-01
6.075567573162366898e+04 9.935703223584118060e-01
6.075567599168436573e+04 9.903877033146795128e-01
6.075567625174506247e+04 1.000840696486332115e+00
6.075567651180575922e+04 9.944160756623043884e-01
6.075567677186645597e+04 9.908477735123941699e-01
6.075567703192715271e+04 9.917071431690612782e-01
6.075567729198784218e+04 9.910379655374481622e-01
6.075567755204853893e+04 1.000468999267148273e+00
6.075567781210924295e+04 1.001833497685160612e+00
6.075567807216993242e+04 9.890102741079437321e-01
6.075567833223062917e+04 9.915241895511459624e-01
6.075567859229132591e+04 9.834652630612185087e-01
6.075567885235202266e+04 9.868685068786344772e-01
6.075567911241271941e+04 1.003642726327262702e+00
6.075567937247341615e+04 9.965296726450223463e-01
6.075567963253411290e+04 9.966668714337001411e-01
6.075567989259480964e+04 9.847582007940786086e-01
6.075568015265550639e+04 9.874830752542103074e-01
6.075568041271620314e+04 1.000914136502442098e+00
6.075568067277689261e+04 9.866637824870048146e-01
6.075568093283759663e+04 9.916807118946465716e-01
6.075568119289829338e+04 9.881984926268042591e-01
6.075568145295898285e+04 1.000270041140787880e+00
6.075568171301968687e+04 9.858259054342104477e-01
6.075568197308037634e+04 1.003923044468475911e+00
6.075568223314107308e+04 9.951732151974296281e-01
6.075568249320177711e+04 1.001696383734992812e+00
6.075568275326246658e+04 1.001223466410931184e+00
6.075568301332316332e+04 9.957495879297457719e-01
6.075568327338386007e+04 9.958295543996976695e-01
6.075568483179301256e+04 9.884561616012588203e-01
6.075568509184680443e+04 9.970272102967188133e-01
6.075568535190059629e+04 1.002105083730784552e+00
6.075568561195438815e+04 9.841204109701150449e-01
6.075568587200818729e+04 9.924984159090484148e-01
6.075568613206199370e+04 9.835451933113485978e-01
6.075568639211578557e+04 9.989833897187215817e-01
6.075568665216957743e+04 9.815235641005114475e-01
6.075568691222336929e+04 9.833569706620102213e-01
6.075568717227716115e+04 9.963940266698717574e-01
6.075568743233096029e+04 9.978678908019432692e-01
6.075568769238475215e+04 9.883841129419377314e-01
6.075568795243854402e+04 9.902038101984504959e-01
6.075568821249233588e+04 9.884012197637341846e-01
6.075568847254613502e+04 9.889059615493320798e-01
6.075568873259992688e+04 9.917444047579504485e-01
6.075568899265372602e+04 9.949090752756701850e-01
6.075568925270752516e+04 9.868625288158131559e-01
6.075568951276131702e+04 9.933672038142851157e-01
6.075568977281511616e+04 9.767218309629752682e-01
6.075569003286890802e+04 9.860011830958061996e-01
6.075569029292269988e+04 9.952083106177860294e-01
6.075569055297649174e+04 9.961711623493719747e-01
6.075569081303029088e+04 9.978158261220244629e-01
6.075569107308408275e+04 9.982988576607670916e-01
6.075569133313787461e+04 9.986976527105472234e-01
6.075569159319166647e+04 1.007729656785795180e+00
6.075569185324547288e+04 9.852237269834992484e-01
6.075569211329927202e+04 9.945569788492306662e-01
6.075569237335306389e+04 1.000616186514661665e+00
6.075569263340685575e+04 1.001003098977560013e+00
6.075569289346064761e+04 9.936484418457365297e-01
6.075569315351444675e+04 1.000547780762301109e+00
6.075569341356823861e+04 9.868624048519079039e-01
6.075569367362203047e+04 9.936296540202166350e-01
6.075569393367582234e+04 9.917744218974604564e-01
6.075569419372962147e+04 9.966837305307140182e-01
6.075569445378341334e+04 9.988749063285680130e-01
6.075569471383720520e+04 9.865353605426213646e-01
6.075569497389100434e+04 9.996690679761113252e-01
6.075569523394481075e+04 9.847399951002077101e-01
6.075569549399860261e+04 9.943845856608733991e-01
6.075569575405239448e+04 9.778166912623791340e-01
6.075569601410618634e+04 9.879838016549623569e-01
6.075569627415998548e+04 9.868130919929649636e-01
6.075569653421377734e+04 9.920302153157829483e-01
6.075569679426756920e+04 9.894405969494954878e-01
6.075569705432136107e+04 9.969235546818310256e-01
6.075569731437516020e+04 9.944472903676495612e-01
6.075569757442895207e+04 9.831304324425776953e-01
6.075569783448274393e+04 1.003157069781478894e+00
6.075569809453654307e+04 9.968085839270324211e-01
6.075569835459034948e+04 9.907701768390028141e-01
6.075569861464414134e+04 9.866788713630233465e-01
6.075569887469793321e+04 9.983604123121886387e-01
6.075569913475172507e+04 9.831694467873651755e-01
6.075569939480552421e+04 9.982533966213822385e-01
6.075569965485931607e+04 1.001580332652281635e+00
6.075569991491310793e+04 9.958254295695880831e-01
6.075570017496689979e+04 9.883467779950360077e-01
6.075570043502069893e+04 9.956280840343862959e-01
6.075570069507449080e+04 9.856814959034390089e-01
6.075570095512828993e+04 9.952417328754882275e-01
6.075570121518208907e+04 9.937800617908018053e-01
6.075570147523588821e+04 9.879568966899113791e-01
6.075570173528968007e+04 9.911850609719615735e-01
6.075570199534347194e+04 9.946796639778269222e-01
6.075570225539727107e+04 9.815373009197126963e-01
6.075570251545106294e+04 9.920625412911849850e-01
6.075570277550485480e+04 9.850315113211670637e-01
6.075570303555864666e+04 9.993212854801404310e-01
6.075570329561244580e+04 9.940640826006377218e-01
6.075570355566623766e+04 9.871206870385117460e-01
6.075570381572002952e+04 1.005479890292190648e+00
6.075570407577382866e+04 9.923179887465034543e-01
6.075570433582763508e+04 9.900140579036300625e-01
6.075570459588142694e+04 9.900023188063030721e-01
6.075570485593521880e+04 9.905289852833535358e-01
6.075570511598901066e+04 9.861073278829989297e-01
6.075570537604280980e+04 1.000364687145442355e+00
6.075570563609660167e+04 9.966296883036884768e-01
6.075570589615039353e+04 1.001286273168507268e+00
6.075570615620419267e+04 9.765910521949181522e-01
6.075570641625798453e+04 9.924610057534102303e-01
6.075570667631177639e+04 9.940666993503860516e-01
6.075570693636557553e+04 9.892198039275866828e-01
6.075570719641938194e+04 9.939837248531695479e-01
6.075570745647317381e+04 9.964888579396181667e-01
6.075570771652696567e+04 9.876769082373927366e-01
6.075570797658076481e+04 9.980405839962153136e-01
6.075570823663455667e+04 9.988365787140887075e-01
6.075570849668834853e+04 9.860650296379329660e-01
6.075570875674214039e+04 9.924986289957355989e-01
6.075570901679593953e+04 1.006807029228890205e+00
6.075570927684973140e+04 9.882198571886677829e-01
6.075570953690352326e+04 9.940622477944326407e-01
6.075570979695732240e+04 9.975232771002559007e-01
6.075571005701112153e+04 9.865937760423687530e-01
6.075571031706492067e+04 9.932555110353591399e-01
6.075571057711871254e+04 9.851041353966644154e-01
6.075571083717251167e+04 9.949976946883943851e-01
6.075571109722630354e+04 9.951985731464301210e-01
6.075571135728009540e+04 1.001074816722479444e+00
6.075571161733389454e+04 1.006532867120790042e+00
6.075571187738768640e+04 9.966003046079540129e-01
6.075571213744147826e+04 9.982746145616095967e-01
6.075571239749527740e+04 1.005799174916902849e+00
6.075571265754906926e+04 9.764966564249052405e-01
6.075571291760286840e+04 1.000513130198866563e+00
6.075571317765666754e+04 9.877622649123902754e-01
6.075571474868715450e+04 9.961178416163554150e-01
6.075571500874785124e+04 1.005198518529219820e+00
6.075571526880854799e+04 9.937906984501816421e-01
6.075571552886924474e+04 9.850156381869803468e-01
6.075571578892994148e+04 1.001140267817407503e+00
6.075571604899063823e+04 9.940540511542247382e-01
6.075571630905133497e+04 1.001730868026081245e+00
6.075571656911203172e+04 9.925489516403501744e-01
6.075571682917273574e+04 9.960343495169284855e-01
6.075571708923342521e+04 9.870147549629467720e-01
6.075571734929412196e+04 9.890610586111129310e-01
6.075571760935482598e+04 9.902469167844167863e-01
6.075571786941552273e+04 9.859649019389623570e-01
6.075571812947621947e+04 9.816150536824859163e-01
6.075571838953690894e+04 9.890171049556759630e-01
6.075571864959761297e+04 9.967280215644316321e-01
6.075571890965830971e+04 9.885229740225448536e-01
6.075571916971899918e+04 9.819883658063554011e-01
6.075571942977970320e+04 9.990339263341529996e-01
6.075571968984039995e+04 9.951818176041220543e-01
6.075571994990109670e+04 9.851603953384518997e-01
6.075572020996180072e+04 9.908275993903777890e-01
6.075572047002249019e+04 9.869056098746108452e-01
6.075572073008318694e+04 1.007084415316527481e+00
6.075572099014388368e+04 9.884200130715965482e-01
6.075572125020458770e+04 9.998408249099066669e-01
6.075572151026528445e+04 9.907308389060096587e-01
6.075572177032597392e+04 9.948831180701412924e-01
6.075572203038667794e+04 9.990844834558550991e-01
6.075572229044737469e+04 9.870211419873168301e-01
6.075572255050806416e+04 9.912038967068987905e-01
6.075572281056877546e+04 9.900518602213457253e-01
6.075572307062946493e+04 9.908136640656505234e-01
6.075572333069016167e+04 9.996392079094454930e-01
6.075572359075086570e+04 9.997360472665794973e-01
6.075572385081155517e+04 9.957211759606361401e-01
6.075572411087225191e+04 9.913919060365302682e-01
6.075572437093294866e+04 1.004897790949831338e+00
6.075572463099365268e+04 9.931168311371433299e-01
6.075572489105434943e+04 9.905573843677687451e-01
6.075572515111503890e+04 9.935450827909213523e-01
6.075572541117574292e+04 1.002066568896897492e+00
6.075572567123643967e+04 9.839316567636123834e-01
6.075572593129713641e+04 9.863968704283679889e-01
6.075572619135784043e+04 1.003637326292806220e+00
6.075572645141852990e+04 9.909862612030585494e-01
6.075572671147922665e+04 1.000713406873827038e+00
6.075572697153993067e+04 9.982045312685267069e-01
6.075572723160062014e+04 9.948341910262040733e-01
6.075572749166131689e+04 1.006953284290036388e+00
6.075572775172202091e+04 9.935886445592166938e-01
6.075572801178271766e+04 9.951967406928133864e-01
6.075572827184341440e+04 1.012546925918294427e+00
6.075572853190411115e+04 9.964254951979228947e-01
6.075572879196480790e+04 9.956904958069890954e-01
6.075572905202550464e+04 1.001530662941648719e+00
6.075572931208620867e+04 9.948961662456401456e-01
6.075572957214690541e+04 9.958935911578293831e-01
6.075572983220759488e+04 9.924897574745923379e-01
6.075573009226829890e+04 9.948523633731705118e-01
6.075573035232899565e+04 9.841880875921389382e-01
6.075573061238968512e+04 9.986099795941952850e-01
6.075573087245038914e+04 9.843620716492920142e-01
6.075573113251108589e+04 9.991175316827359820e-01
6.075573139257178264e+04 9.963050067180299063e-01
6.075573165263248666e+04 9.972425462725975631e-01
6.075573191269317613e+04 9.958394471811048421e-01
6.075573217275387287e+04 9.867861161591752195e-01
6.075573243281457690e+04 9.910112844777418939e-01
6.075573269287527364e+04 9.924484317794728394e-01
6.075573295293597039e+04 9.887749305370979735e-01
6.075573321299666713e+04 9.974483359161955276e-01
6.075573347305736388e+04 1.000519844840575434e+00
6.075573373311806063e+04 1.000810742752459515e+00
6.075573399317875737e+04 1.002628473386175001e+00
6.075573425323946140e+04 9.924059552021310404e-01
6.075573451330015087e+04 1.000389506085421321e+00
6.075573477336085489e+04 1.012836676092672139e+00
6.075573503342155163e+04 9.860440391206297672e-01
6.075573529348224110e+04 9.893246417985540608e-01
6.075573555354294513e+04 9.872011956666723043e-01
6.075573581360364187e+04 9.999063017385692032e-01
6.075573607366434589e+04 1.006411962077202515e+00
6.075573633372504264e+04 1.002700571712052069e+00
6.075573659378573211e+04 1.001023539884085434e+00
6.075573685384643613e+04 1.006313241222254629e+00
6.075573711390713288e+04 1.004927015166069193e+00
6.075573737396782963e+04 1.002132939620861585e+00
6.075573763402853365e+04 9.936040847818786714e-01
6.075573789408922312e+04 9.902284438511924636e-01
6.075573815414991986e+04 1.006346494549233972e+00
6.075573841421062389e+04 9.956802325302276380e-01
6.075573867427131336e+04 1.001310928500490638e+00
6.075573893433201010e+04 9.847190989643755943e-01
6.075573919439271413e+04 1.007197777174317688e+00
6.075573945445341087e+04 9.870652721260286810e-01
6.075573971451411489e+04 9.912301893267284614e-01
6.075573997457480436e+04 9.945442665720887199e-01
6.075574023463550111e+04 9.981343685300204660e-01
6.075574049469620513e+04 9.850942600150157658e-01
6.075574075475690188e+04 1.000488909560464323e+00
6.075574101481759863e+04 9.966339044825192062e-01
6.075574127487829537e+04 9.957774966640888792e-01
6.075574153493899212e+04 9.918857107028560272e-01
6.075574179499969614e+04 1.009449672700991174e+00
6.075574205506038561e+04 1.006618738327787366e+00
6.075574231512108236e+04 1.000557115569081112e+00
6.075574257518178638e+04 1.000886970506744911e+00
6.075574283524248312e+04 1.001440110554814522e+00
6.075574309530317987e+04 9.958820317303120895e-01
6.075574483016229351e+04 1.006371586349751990e+00
6.075574509021608537e+04 1.009773397240644188e+00
6.075574535026989179e+04 9.923846986800815007e-01
6.075574561032369093e+04 9.895668884310813151e-01
6.075574587037748279e+04 9.896722488227286396e-01
6.075574613043128193e+04 9.884052746021759761e-01
6.075574639048507379e+04 9.905848854144025939e-01
6.075574665053887293e+04 1.000060233440867030e+00
6.075574691059266479e+04 1.000651223964458492e+00
6.075574717064645665e+04 9.954340171319168151e-01
6.075574743070025579e+04 9.957222204618392247e-01
6.075574769075404765e+04 1.002871170615569962e+00
6.075574795080784679e+04 9.886149448014419638e-01
6.075574821086163865e+04 1.005002540152393653e+00
6.075574847091544507e+04 1.002460816150569478e+00
6.075574873096924421e+04 9.939464530355501815e-01
6.075574899102303607e+04 9.933658210807826405e-01
6.075574925107683521e+04 9.976081473712330450e-01
6.075574951113062707e+04 9.974147921172406006e-01
6.075574977118442621e+04 9.984360374722758280e-01
6.075575003123821807e+04 9.971281177493439563e-01
6.075575029129201721e+04 1.007246507823603032e+00
6.075575055134580907e+04 9.945996424652649992e-01
6.075575081139960093e+04 1.005298571009553665e+00
6.075575107145340007e+04 1.000159107989989637e+00
6.075575133150719921e+04 9.991550276910214912e-01
6.075575159156100563e+04 9.993745075880229312e-01
6.075575185161479749e+04 9.879693185625787466e-01
6.075575211166859663e+04 9.933134380886455839e-01
6.075575237172238849e+04 9.894187799309266396e-01
6.075575263177618035e+04 1.010090918770262247e+00
6.075575289182997949e+04 9.916788852933957621e-01
6.075575315188377135e+04 1.006837949877780192e+00
6.075575341193757049e+04 9.999862635866363370e-01
6.075575367199136235e+04 9.983328890728629945e-01
6.075575393204516149e+04 1.012830795237029013e+00
6.075575419209895335e+04 9.821785736225175922e-01
6.075575445215275249e+04 9.935898792097815901e-01
6.075575471220655891e+04 9.937981438019748426e-01
6.075575497226035077e+04 9.845115813384999193e-01
6.075575523231414991e+04 1.006842777727170457e+00
6.075575549236794177e+04 9.919590174795983595e-01
6.075575575242174091e+04 1.012990817338655702e+00
6.075575601247553277e+04 9.969457411662435709e-01
6.075575627252933191e+04 9.966431290342281368e-01
6.075575653258312377e+04 9.976838067163855683e-01
6.075575679263691563e+04 9.894268047073352390e-01
6.075575705269071477e+04 9.904494225799366225e-01
6.075575731274451391e+04 9.986885095804473034e-01
6.075575757279832033e+04 9.910162195524020445e-01
6.075575783285211219e+04 9.962305662927798400e-01
6.075575809290591133e+04 9.910903698577567811e-01
6.075575835295970319e+04 9.999353629649759823e-01
6.075575861301350233e+04 9.958825005962116395e-01
6.075575887306729419e+04 1.002952873972527748e+00
6.075575913312109333e+04 9.879153282341394116e-01
6.075575939317488519e+04 9.955878047044559587e-01
6.075575965322867705e+04 9.789934155021137174e-01
6.075575991328247619e+04 9.896617308006249170e-01
6.075576017333626805e+04 9.787070139444712380e-01
6.075576043339007447e+04 9.798825168983690270e-01
6.075576069344387361e+04 1.003411859343730228e+00
6.075576095349767274e+04 9.913557341395079492e-01
6.075576121355146461e+04 9.974916251477792262e-01
6.075576147360526375e+04 9.976412209215278493e-01
6.075576173365905561e+04 9.973911487685584998e-01
6.075576199371285475e+04 9.884307753836900634e-01
6.075576225376664661e+04 9.946031045275530724e-01
6.075576251382044575e+04 9.898436651440359890e-01
6.075576277387423761e+04 9.913904234558231776e-01
6.075576303392802947e+04 9.987383131299621963e-01
6.075576329398183589e+04 1.005239204936960729e+00
6.075576355403563502e+04 9.910184197048060861e-01
6.075576381408943416e+04 1.002858350677641175e+00
6.075576407414322603e+04 9.891454760303544091e-01
6.075576433419702516e+04 9.928213179421694345e-01
6.075576459425081703e+04 9.927016493598477265e-01
6.075576485430461616e+04 9.845102260030682562e-01
6.075576511435840803e+04 9.985296501618150522e-01
6.075576537441220717e+04 9.894814339880271259e-01
6.075576563446599903e+04 9.985159259362543782e-01
6.075576589451979817e+04 1.009438258680428691e+00
6.075576615457359003e+04 9.979215130382329546e-01
6.075576641462739644e+04 9.855129789525933770e-01
6.075576667468119558e+04 9.894937264936035648e-01
6.075576693473499472e+04 1.001433326909656252e+00
6.075576719478878658e+04 9.856452763102462322e-01
6.075576745484258572e+04 9.939207019487259487e-01
6.075576771489637758e+04 9.917432960633748573e-01
6.075576797495017672e+04 9.838767237162582280e-01
6.075576823500396858e+04 1.002489204510268461e+00
6.075576849505776045e+04 9.952218127505002565e-01
6.075576875511155959e+04 9.869498860143856023e-01
6.075576901516535145e+04 9.840649067769301483e-01
6.075576927521915786e+04 9.984504833844619620e-01
6.075576953527295700e+04 9.901857947576186980e-01
6.075576979532675614e+04 1.005842918401727903e+00
6.075577005538054800e+04 9.784083583782764437e-01
6.075577031543434714e+04 9.991608385223859079e-01
6.075577057548813900e+04 9.909152868993559293e-01
6.075577083554193814e+04 9.950964115881716365e-01
6.075577109559573000e+04 9.988227665136159006e-01
6.075577135564952914e+04 9.993273927140343682e-01
6.075577161570332100e+04 9.926190587159490208e-01
6.075577187575712014e+04 9.941210169627487936e-01
6.075577213581091200e+04 1.006634704728986529e+00
6.075577239586471842e+04 9.932673839584471587e-01
6.075577265591851756e+04 9.910403634793852889e-01
6.075577291597231670e+04 9.818015806671842594e-01
6.075577317602610856e+04 9.959080464842582359e-01
