6.075547523418369383e+04 9.991567838689212611e-01
6.075547549424438330e+04 9.976753932916699874e-01
6.075547575430508005e+04 1.009661728611937370e+00
6.075547601436576224e+04 1.003741529374418739e+00
6.075547627442645899e+04 1.006117395189098485e+00
6.075547653448714846e+04 9.865149947505750250e-01
6.075547679454784520e+04 9.993465930688935073e-01
6.075547705460853467e+04 9.965574874584530729e-01
6.075547731466922414e+04 1.007890164605728334e+00
6.075547757472991361e+04 1.002901996760845682e+00
6.075547783479061036e+04 9.975765769630056123e-01
6.075547809485129255e+04 1.005179103979408906e+00
6.075547835491198930e+04 9.959909415935314092e-01
6.075547861497267877e+04 9.978791829957165405e-01
6.075547887503337552e+04 9.951172203062318422e-01
6.075547913509406499e+04 9.973303177474284187e-01
6.075547939515475446e+04 1.009634725521860288e+00
6.075547965521544393e+04 1.003037508213916906e+00
6.075547991527614067e+04 1.000961896664620543e+00
6.075548017533683014e+04 1.002810840768447509e+00
6.075548043539752689e+04 9.972522121522338079e-01
6.075548069545820908e+04 1.005761404370388412e+00
6.075548095551890583e+04 9.922861786684951113e-01
6.075548121557959530e+04 9.989182556328680684e-01
6.075548147564028477e+04 1.002877476469365758e+00
6.075548173570098152e+04 1.006357085049444100e+00
6.075548199576167099e+04 1.014757034138891623e+00
6.075548225582236773e+04 9.982793249597297081e-01
6.075548251588305720e+04 9.973140218604578111e-01
6.075548277594374667e+04 1.007964022214444810e+00
6.075548303600443614e+04 1.005879686090547231e+00
6.075548329606513289e+04 1.007609510063382174e+00
6.075548355612582236e+04 1.003641677780696906e+00
6.075548381618651911e+04 9.925420394321214923e-01
6.075548407624720130e+04 1.003438901293776775e+00
6.075548433630789805e+04 9.978494733142005968e-01
6.075548459636858752e+04 9.987634992474645479e-01
6.075548485642928426e+04 1.006894080458999197e+00
6.075548511648997373e+04 1.003922206622386737e+00
6.075548537655066320e+04 1.005594617906123922e+00
6.075548563661135267e+04 1.017312418008010422e+00
6.075548589667204942e+04 1.004200259272473028e+00
6.075548615673273162e+04 9.956678970984600419e-01
6.075548641679342836e+04 1.011779104034245202e+00
6.075548667685411783e+04 1.004925475387877798e+00
6.075548693691481458e+04 9.973714929992751888e-01
6.075548719697551132e+04 1.006044387384791516e+00
6.075548745703619352e+04 1.012173374718073005e+00
6.075548771709689026e+04 1.007467436691082296e+00
6.075548797715757973e+04 1.005634653758269215e+00
6.075548823721827648e+04 1.003606234760126226e+00
6.075548849727896595e+04 1.013412532899121254e+00
6.075548875733965542e+04 9.894096342918938802e-01
6.075548901740034489e+04 9.955555688725927777e-01
6.075548927746104164e+04 9.980762635811820660e-01
6.075548953752172383e+04 1.017297410273799052e+00
6.075548979758242058e+04 1.003745998758568403e+00
6.075549005764311732e+04 9.873383795947047181e-01
6.075549031770380680e+04 1.005772277115216884e+00
6.075549057776450354e+04 9.861953732239642223e-01
6.075549083782518574e+04 1.007688789840935906e+00
6.075549109788588248e+04 1.001306250577830514e+00
6.075549135794657195e+04 1.006055008823875552e+00
6.075549161800726870e+04 9.953212191842034651e-01
6.075549187806795817e+04 1.007544327671959339e+00
6.075549213812864764e+04 1.006070217715559156e+00
6.075549239818933711e+04 1.005727187592943217e+00
6.075549265825003386e+04 1.004972164430124826e+00
6.075549291831072333e+04 1.012724062933871849e+00
6.075549317837142007e+04 9.974758957427628525e-01
6.075549343843210954e+04 1.010246607659848639e+00
6.075549369849279901e+04 1.015542228129828972e+00
6.075549395855349576e+04 1.000534856669455408e+00
6.075549421861417795e+04 1.009282719841992915e+00
6.075549447867487470e+04 1.006837266206644488e+00
6.075549473873556417e+04 1.015052749469822713e+00
6.075549499879626092e+04 1.003264164276971737e+00
6.075549525885695766e+04 9.998484130913648515e-01
6.075549551891763986e+04 9.959524092435393383e-01
6.075549577897833660e+04 9.929021373606322642e-01
6.075549603903902607e+04 1.004759134443398594e+00
6.075549629909972282e+04 1.002235423931317149e+00
6.075549655916041229e+04 9.971071060832698008e-01
6.075549681922110176e+04 9.972957637442612100e-01
6.075549707928179851e+04 1.003665546009315346e+00
6.075549733934248798e+04 1.011035648660656872e+00
6.075549759940317745e+04 9.988753543347563824e-01
6.075549785946386692e+04 1.001795924835459983e+00
6.075549811952456366e+04 1.009219329428117984e+00
6.075549837958525313e+04 1.009054964120563280e+00
6.075549863964594988e+04 9.937485693530129227e-01
6.075549889970663935e+04 1.011576408683531492e+00
6.075549915976732882e+04 1.001820274741562100e+00
6.075549941982802557e+04 1.007931973301106288e+00
6.075549967988871504e+04 1.002632196170389900e+00
6.075549993994941178e+04 1.015951591017320244e+00
6.075550020001009398e+04 1.006636875011669874e+00
6.075550046007079072e+04 1.012794459097575928e+00
6.075550072013148747e+04 9.953863286657445020e-01
6.075550098019216966e+04 1.003954030865563229e+00
6.075550124025286641e+04 1.002651253544546650e+00
6.075550150031355588e+04 1.013116901041114737e+00
6.075550176037425263e+04 9.992564068992320081e-01
6.075550202043494210e+04 9.992907003411358735e-01
6.075550228049563157e+04 1.003831730930645039e+00
6.075550254055632831e+04 1.011464967925057579e+00
6.075550280061701778e+04 9.914406959874370040e-01
6.075550306067771453e+04 1.002050240066275189e+00
6.075550332073840400e+04 9.959567229300149149e-01
6.075550358079909347e+04 9.979921353554980223e-01
6.075550513883041276e+04 9.965609525578418282e-01
6.075550539889110951e+04 9.903825338507163956e-01
6.075550565895179898e+04 9.827836609692922609e-01
6.075550591901248845e+04 1.005188469250786865e+00
6.075550617907318519e+04 9.942230933187821140e-01
6.075550643913387466e+04 1.001584757480934451e+00
6.075550669919457141e+04 1.009694904808939420e+00
6.075550695925526088e+04 9.974207703497830479e-01
6.075550721931595035e+04 1.008672442754791732e+00
6.075550747937664710e+04 9.946036909648294788e-01
6.075550773943733657e+04 1.005608049678944127e+00
6.075550799949803331e+04 1.000759507249110225e+00
6.075550825955872278e+04 9.912280282604113424e-01
6.075550851961941225e+04 9.947251872124422967e-01
6.075550877968010900e+04 9.997913290795841235e-01
6.075550903974079847e+04 9.947109059973633371e-01
6.075550929980148794e+04 9.990329823066518289e-01
6.075550955986217741e+04 9.940491174544773267e-01
6.075550981992287416e+04 9.863660446645969859e-01
6.075551007998357090e+04 1.018904290781343702e+00
6.075551034004426037e+04 9.929116965303870224e-01
6.075551060010494984e+04 1.001197320173570882e+00
6.075551086016564659e+04 1.001182626927958008e+00
6.075551112022633606e+04 1.002487055033149055e+00
6.075551138028703281e+04 1.003111023582547334e+00
6.075551164034772228e+04 1.009808256792551706e+00
6.075551190040841175e+04 1.006833526391737177e+00
6.075551216046910849e+04 9.944601406288448020e-01
6.075551242052979796e+04 9.995777558778297101e-01
6.075551268059049471e+04 1.001183312539259074e+00
6.075551294065118418e+04 9.951750472221639887e-01
6.075551320071187365e+04 9.969445535514296353e-01
6.075551346077257040e+04 9.964404878812177513e-01
6.075551372083325987e+04 1.001371324257442907e+00
6.075551398089394934e+04 9.939119791934010184e-01
6.075551424095464608e+04 9.927671938210601565e-01
6.075551450101533555e+04 1.007595912039946917e+00
6.075551476107603230e+04 9.985433227607356521e-01
6.075551502113672177e+04 1.001902593139808006e+00
6.075551528119741124e+04 9.960557874722667515e-01
6.075551554125810799e+04 9.988716831564845577e-01
6.075551580131879746e+04 1.000699258837533412e+00
6.075551606137949420e+04 1.003087811663576856e+00
6.075551632144019095e+04 9.940944999673042570e-01
6.075551658150087314e+04 9.883163438190222250e-01
6.075551684156156989e+04 1.004099359180559814e+00
6.075551710162226664e+04 9.890519739101235608e-01
6.075551736168294883e+04 1.015246652896347967e+00
6.075551762174364558e+04 9.973619676346060503e-01
6.075551788180433505e+04 9.943291267888219043e-01
6.075551814186503179e+04 1.001187931141643617e+00
6.075551840192572854e+04 1.007484899013775470e+00
6.075551866198641073e+04 1.009383683815228583e+00
6.075551892204710748e+04 9.954519092548191894e-01
6.075551918210780423e+04 9.879864983444971438e-01
6.075551944216849370e+04 9.945415553944744191e-01
6.075551970222919044e+04 9.945149194361326828e-01
6.075551996228987991e+04 9.984029931895368470e-01
6.075552022235056938e+04 1.001100591503916615e+00
6.075552048241126613e+04 1.006426294425485590e+00
6.075552074247194832e+04 1.008055395455906611e+00
6.075552100253265235e+04 9.881553576914213766e-01
6.075552126259334182e+04 1.002867735199281185e+00
6.075552152265403129e+04 1.000479404770245662e+00
6.075552178271472803e+04 9.878910071057768194e-01
6.075552204277541750e+04 9.962029647660215481e-01
6.075552230283610697e+04 9.996582419572654921e-01
6.075552256289680372e+04 1.000482258913040656e+00
6.075552282295750047e+04 9.776811640540264969e-01
6.075552308301818994e+04 1.005813996252744369e+00
6.075552334307887941e+04 9.935157581584457276e-01
6.075552360313957615e+04 9.863462454295514048e-01
6.075552386320026562e+04 1.008382304017587661e+00
6.075552412326096237e+04 9.899820920641176913e-01
6.075552438332165912e+04 9.932711325099276012e-01
6.075552464338234131e+04 1.003648657027700120e+00
6.075552490344303806e+04 9.879171438428487884e-01
6.075552516350373480e+04 9.923821591800869868e-01
6.075552542356441700e+04 1.000803909209347253e+00
6.075552568362511374e+04 9.983541451614925677e-01
6.075552594368581049e+04 9.831239281674566399e-01
6.075552620374649996e+04 9.977973240841604419e-01
6.075552646380719671e+04 1.011754508944220587e+00
6.075552672386788618e+04 9.917809906430212763e-01
6.075552698392857565e+04 9.894444772828792090e-01
6.075552724398927239e+04 9.997673414596547348e-01
6.075552750404996914e+04 1.002665673008547476e+00
6.075552776411065861e+04 1.005051400372295456e+00
6.075552802417134808e+04 9.964058745477456513e-01
6.075552828423204483e+04 1.002094230687819776e+00
6.075552854429273430e+04 1.001614008829354363e+00
6.075552880435342377e+04 9.985243933175638187e-01
6.075552906441412051e+04 9.850096183268910455e-01
6.075552932447480998e+04 9.922380889865897169e-01
6.075552958453550673e+04 1.008031071987804728e+00
6.075552984459620347e+04 9.867235070713344935e-01
6.075553010465688567e+04 9.954203637651751757e-01
6.075553036471758242e+04 9.958888141400245031e-01
6.075553062477827916e+04 9.905252291396476894e-01
6.075553088483896863e+04 9.890942183749761307e-01
6.075553114489966538e+04 9.852714847567285439e-01
6.075553140496035485e+04 9.858988476094927567e-01
6.075553166502104432e+04 9.990869819424010867e-01
6.075553192508174106e+04 1.008155735973199185e+00
6.075553218514243054e+04 9.941196149804719662e-01
6.075553244520312728e+04 9.871492804906927265e-01
6.075553270526381675e+04 9.977960504186818014e-01
6.075553296532451350e+04 9.927633661529018383e-01
6.075553322538520297e+04 9.986828091277951680e-01
6.075553348544589244e+04 9.977009195432267052e-01
6.075553503087646095e+04 1.000338423424988132e+00
6.075553529093715770e+04 1.003405087404357410e+00
6.075553555099784717e+04 1.003830470620097337e+00
6.075553581105853664e+04 9.908508801599780202e-01
6.075553607111923338e+04 1.004021977177764979e+00
6.075553633117992285e+04 9.921815490557593931e-01
6.075553659124061960e+04 1.015070544153553467e+00
6.075553685130131635e+04 9.895242501614837094e-01
6.075553711136199854e+04 9.753856558174783808e-01
6.075553737142269529e+04 9.899956266447644815e-01
6.075553763148339203e+04 9.902048322212129161e-01
6.075553789154408878e+04 1.008120694129215345e+00
6.075553815160477825e+04 1.005040220444482602e+00
6.075553841166546772e+04 9.967646646437067215e-01
6.075553867172616447e+04 9.921432142318606928e-01
6.075553893178685394e+04 1.000762304030681227e+00
6.075553919184754341e+04 1.026071890445241275e+00
6.075553945190824015e+04 9.923588611263810533e-01
6.075553971196892962e+04 9.853390101055492512e-01
6.075553997202962637e+04 1.000741991713373524e+00
6.075554023209032312e+04 9.674918768713758332e-01
6.075554049215101259e+04 9.726005589092900916e-01
6.075554075221170206e+04 9.905161963575009887e-01
6.075554101227239880e+04 9.846215547387399125e-01
6.075554127233309555e+04 9.925331948425278883e-01
6.075554153239378502e+04 9.885111863269148147e-01
6.075554179245447449e+04 9.915483273729326363e-01
6.075554205251517124e+04 9.795002555800680355e-01
6.075554231257586798e+04 9.854079632569743286e-01
6.075554257263655018e+04 9.949766796177903494e-01
6.075554283269725420e+04 9.980735956637046824e-01
6.075554309275794367e+04 9.931751260995733688e-01
6.075554335281863314e+04 9.897766790393081049e-01
6.075554361287932988e+04 9.841260989435387518e-01
6.075554387294001936e+04 9.811135988724842827e-01
6.075554413300071610e+04 9.752252266482317467e-01
6.075554439306140557e+04 1.006373694424021137e+00
6.075554465312210232e+04 9.908845132279751056e-01
6.075554491318279906e+04 9.764975509568277756e-01
6.075554517324348853e+04 9.987271250498795938e-01
6.075554543330417800e+04 9.971067781627199755e-01
6.075554569336487475e+04 9.877307584434771304e-01
6.075554595342557150e+04 9.978079957601211358e-01
6.075554621348626097e+04 9.986311406027980064e-01
6.075554647354695044e+04 9.845024668680816271e-01
6.075554673360764718e+04 9.824400665695703916e-01
6.075554699366834393e+04 9.830680094558535975e-01
6.075554725372902612e+04 9.878074429771814824e-01
6.075554751378972287e+04 9.907935330649645378e-01
6.075554777385041962e+04 9.817731442009793863e-01
6.075554803391111636e+04 9.893368737372503219e-01
6.075554829397180583e+04 9.950466791023638846e-01
6.075554855403249530e+04 9.807237948531836169e-01
6.075554881409319205e+04 9.888100800676480340e-01
6.075554907415388152e+04 9.984770247867392756e-01
6.075554933421457827e+04 9.908610596025865247e-01
6.075554959427527501e+04 9.877196612128653630e-01
6.075554985433596448e+04 9.905106081938815921e-01
6.075555011439665395e+04 9.886079375570725469e-01
6.075555037445735070e+04 9.815456858417999086e-01
6.075555063451804017e+04 9.907252617000105177e-01
6.075555089457873692e+04 1.003308783075125943e+00
6.075555115463942639e+04 9.862565038319288657e-01
6.075555141470012313e+04 9.710133885748012395e-01
6.075555167476081988e+04 9.876494429355233695e-01
6.075555193482150935e+04 9.920650186908988033e-01
6.075555219488219882e+04 9.941018097283319532e-01
6.075555245494289557e+04 9.958049167549484215e-01
6.075555271500359231e+04 9.884421756605817899e-01
6.075555297506428906e+04 1.004802455133555927e+00
6.075555323512497125e+04 9.906089940634482671e-01
6.075555349518566800e+04 9.950779278470935907e-01
6.075555375524636474e+04 9.871540527143352062e-01
6.075555401530705421e+04 9.987235474161951787e-01
6.075555427536775096e+04 9.815223295062555087e-01
6.075555453542844043e+04 1.000710723523958290e+00
6.075555479548913718e+04 9.954337988780044277e-01
6.075555505554983392e+04 1.001984918258090440e+00
6.075555531561051612e+04 9.723710379525887237e-01
6.075555557567121286e+04 9.881213133407427129e-01
6.075555583573190961e+04 9.932524900571764181e-01
6.075555609579260636e+04 9.867991650840733930e-01
6.075555635585329583e+04 9.961856398054826922e-01
6.075555661591398530e+04 9.996620636226511980e-01
6.075555687597468204e+04 9.893813099831131330e-01
6.075555713603537879e+04 9.893240563965427503e-01
6.075555739609607554e+04 9.819315214464984232e-01
6.075555765615676501e+04 1.001694554787324831e+00
6.075555791621745448e+04 9.928407321713456080e-01
6.075555817627815122e+04 9.920799670942122006e-01
6.075555843633884797e+04 9.867622582927449981e-01
6.075555869639953016e+04 1.004812167101687637e+00
6.075555895646022691e+04 9.821127985601755261e-01
6.075555921652092366e+04 9.866985336484526137e-01
6.075555947658162040e+04 9.863680999333587218e-01
6.075555973664230987e+04 9.949140403081120354e-01
6.075555999670299934e+04 9.928462871787909760e-01
6.075556025676369609e+04 1.002988054910012750e+00
6.075556051682439283e+04 1.002895057727063666e+00
6.075556077688508958e+04 1.000655711349224042e+00
6.075556103694577905e+04 9.790434760187638474e-01
6.075556129700646852e+04 9.919158189775171275e-01
6.075556155706716527e+04 9.942779832545439733e-01
6.075556181712786201e+04 1.005014895750978798e+00
6.075556207718854421e+04 9.890036719378497709e-01
6.075556233724924095e+04 9.885422622672888071e-01
6.075556259730993770e+04 9.885042104173894506e-01
6.075556285737063445e+04 1.000265239854807975e+00
6.075556311743133119e+04 1.001191688527330426e+00
6.075556337749201339e+04 9.856346539494182935e-01
6.075556504896522529e+04 9.814992619713281963e-01
6.075556530902591476e+04 9.955239653870303629e-01
6.075556556908661150e+04 9.834235736087262314e-01
6.075556582914730097e+04 9.945523346055697989e-01
6.075556608920799772e+04 9.937176599450224801e-01
6.075556634926869447e+04 1.003590882274846718e+00
6.075556660932938394e+04 9.945633788383905216e-01
6.075556686939008068e+04 1.003210920632885861e+00
6.075556712945077015e+04 1.000576324368249725e+00
6.075556738951146690e+04 9.864192859940257296e-01
6.075556764957216365e+04 1.005894006957940956e+00
6.075556790963285312e+04 1.007115293952820068e+00
6.075556816969354986e+04 9.811300443903701041e-01
6.075556842975423933e+04 1.004023225730596547e+00
6.075556868981492880e+04 1.000166483122824523e+00
6.075556894987563282e+04 1.006314356760648288e+00
6.075556920993632230e+04 9.991325443233268766e-01
6.075556946999701904e+04 1.004386225246568065e+00
6.075556973005770851e+04 9.910706312943683427e-01
6.075556999011839798e+04 9.846222600232350519e-01
6.075557025017909473e+04 9.944670874962380225e-01
6.075557051023979147e+04 9.855462019150699193e-01
6.075557077030048822e+04 9.910201978685706514e-01
6.075557103036117769e+04 9.944728866490812891e-01
6.075557129042186716e+04 9.893982336544627776e-01
6.075557155048256391e+04 9.823979770271695777e-01
6.075557181054326065e+04 1.002949514757370375e+00
6.075557207060395740e+04 9.991047310209248966e-01
6.075557233066464687e+04 9.889954492189644286e-01
6.075557259072533634e+04 1.004840516687156571e+00
6.075557285078603309e+04 9.966089173203085405e-01
6.075557311084672983e+04 9.878451620867801930e-01
6.075557337090741930e+04 9.996604195468079546e-01
6.075557363096811605e+04 9.984590218560757124e-01
6.075557389102880552e+04 9.983449175733154490e-01
6.075557415108950227e+04 9.995408787483820445e-01
6.075557441115019901e+04 9.985668724319184397e-01
6.075557467121088848e+04 1.002056659100543090e+00
6.075557493127158523e+04 9.998100506832524603e-01
6.075557519133227470e+04 1.012007113055736429e+00
6.075557545139297144e+04 9.971326623181551163e-01
6.075557571145366819e+04 1.003216420828688449e+00
6.075557597151435766e+04 9.937332266692947558e-01
6.075557623157505441e+04 9.941958337347200914e-01
6.075557649163575115e+04 9.916681619613365584e-01
6.075557675169643335e+04 1.002312349874811881e+00
6.075557701175713009e+04 9.967495380546882444e-01
6.075557727181782684e+04 1.000140576511770130e+00
6.075557753187852359e+04 1.009027243635798321e+00
6.075557779193922033e+04 9.976003343738201190e-01
6.075557805199990980e+04 9.901592654050691555e-01
6.075557831206059927e+04 9.927066778855424545e-01
6.075557857212129602e+04 9.839574179575776292e-01
6.075557883218199277e+04 9.892089553871847851e-01
6.075557909224268951e+04 1.000056088250816710e+00
6.075557935230337898e+04 1.006549093357105962e+00
6.075557961236407573e+04 1.000474428870383514e+00
6.075557987242476520e+04 9.967091705561899051e-01
6.075558013248546195e+04 9.895217946334132764e-01
6.075558039254615869e+04 1.002436116360524654e+00
6.075558065260684816e+04 9.924468298752606721e-01
6.075558091266754491e+04 9.959937471411633991e-01
6.075558117272824165e+04 9.970700066428248576e-01
6.075558143278892385e+04 9.971077760603437312e-01
6.075558169284962059e+04 9.966683408577683423e-01
6.075558195291031734e+04 1.000883055747377348e+00
6.075558221297101409e+04 9.838752877790544193e-01
6.075558247303171083e+04 9.962247105789826529e-01
6.075558273309240030e+04 1.005076338001883673e+00
6.075558299315309705e+04 1.001111895999448720e+00
6.075558325321378652e+04 9.966410317120487639e-01
6.075558351327448327e+04 1.001105021991346433e+00
6.075558377333518001e+04 1.001886509668431291e+00
6.075558403339586948e+04 9.905806208059543261e-01
6.075558429345656623e+04 1.000702408003821153e+00
6.075558455351726298e+04 1.012361961737795024e+00
6.075558481357794517e+04 1.002541359870125381e+00
6.075558507363864192e+04 9.862732261395679156e-01
6.075558533369933866e+04 9.856517580061744388e-01
6.075558559376003541e+04 9.918423734578147855e-01
6.075558585382073215e+04 9.977437162903504131e-01
6.075558611388142162e+04 1.003044199214632171e+00
6.075558637394211837e+04 9.938088743753840104e-01
6.075558663400280784e+04 9.981112397426950000e-01
6.075558689406350459e+04 9.877240842373060659e-01
6.075558715412420133e+04 1.002333136371177158e+00
6.075558741418489080e+04 9.990736439996688034e-01
6.075558767424558755e+04 9.936590890899750228e-01
6.075558793430628430e+04 9.914758004263989344e-01
6.075558819436697377e+04 9.945816830373586104e-01
6.075558845442767051e+04 9.744070558776325441e-01
6.075558871448835998e+04 1.003430097687776135e+00
6.075558897454905673e+04 9.951613309824095532e-01
6.075558923460975348e+04 1.008301994893195497e+00
6.075558949467044295e+04 9.845363921403298413e-01
6.075558975473113969e+04 9.922735685437094055e-01
6.075559001479183644e+04 1.001126056402334763e+00
6.075559027485253318e+04 9.972496074593677484e-01
6.075559053491322265e+04 9.865834000988056296e-01
6.075559079497391212e+04 1.002623652919253816e+00
6.075559105503460887e+04 9.956809211386965508e-01
6.075559131509530562e+04 9.906095884403645080e-01
6.075559157515600236e+04 1.000087878903193506e+00
6.075559183521669911e+04 1.002321274291543496e+00
6.075559209527738858e+04 1.001772483114065748e+00
6.075559235533808533e+04 9.963448852136833622e-01
6.075559261539877480e+04 9.883402655439126328e-01
6.075559287545946427e+04 9.877581164414966919e-01
6.075559313552016101e+04 9.922444833142303189e-01
6.075559339558085776e+04 9.959952736033201859e-01
6.075559494101491873e+04 9.911263247049013625e-01
6.075559520107561548e+04 9.911814109118102234e-01
6.075559546113631222e+04 9.906305875972589714e-01
6.075559572119700897e+04 1.000765686571689406e+00
6.075559598125769844e+04 1.002235781773918921e+00
6.075559624131839519e+04 9.850133215277213639e-01
6.075559650137908466e+04 9.865115010994218725e-01
6.075559676143977413e+04 9.915917534313950510e-01
6.075559702150047087e+04 9.941898016021148976e-01
6.075559728156116762e+04 9.914247266238809253e-01
6.075559754162186437e+04 9.997151807982463945e-01
6.075559780168256111e+04 9.929971224429928744e-01
6.075559806174325058e+04 9.906886067241198468e-01
6.075559832180394733e+04 9.922962007443836274e-01
6.075559858186464407e+04 1.001013505003550241e+00
6.075559884192533355e+04 9.856979645587771177e-01
6.075559910198603029e+04 9.992192504250486662e-01
6.075559936204671976e+04 9.867780095110975092e-01
6.075559962210741651e+04 9.841497148224507274e-01
6.075559988216811325e+04 9.760633116766245232e-01
6.075560014222880272e+04 9.892260200783241642e-01
6.075560040228950675e+04 9.927099625772620728e-01
6.075560066235019622e+04 9.974728785976393342e-01
6.075560092241089296e+04 9.991115902061881160e-01
6.075560118247158971e+04 9.916755452695268369e-01
6.075560144253227918e+04 9.910214385789211100e-01
6.075560170259296865e+04 9.982472877833961089e-01
6.075560196265366540e+04 9.918685392896670061e-01
6.075560222271436214e+04 9.964599913208005422e-01
6.075560248277505889e+04 9.936467357001128597e-01
6.075560274283574836e+04 9.814790627330457484e-01
6.075560300289644510e+04 9.812371745066522655e-01
6.075560326295714185e+04 9.869764684120699849e-01
6.075560352301783860e+04 9.963349023317511488e-01
6.075560378307853534e+04 9.907551482432307433e-01
6.075560404313922481e+04 9.896549065734117079e-01
6.075560430319992156e+04 9.930772005570758232e-01
6.075560456326061831e+04 9.843734438828763977e-01
6.075560482332130050e+04 9.817089454604895904e-01
6.075560508338199725e+04 9.845323460295823947e-01
6.075560534344269399e+04 1.004184738106927766e+00
6.075560560350339074e+04 9.923976234504374716e-01
6.075560586356408749e+04 9.936308749330657886e-01
6.075560612362477696e+04 9.968919677573035987e-01
6.075560638368547370e+04 9.927375136660888666e-01
6.075560664374617045e+04 9.946151854233253875e-01
6.075560690380686719e+04 9.873754845478789344e-01
6.075560716386756394e+04 9.936528831050744914e-01
6.075560742392825341e+04 9.891871986046102405e-01
6.075560768398895016e+04 9.893547910291228265e-01
6.075560794404964690e+04 9.879538446880771208e-01
6.075560820411032910e+04 9.904713124629753729e-01
6.075560846417102584e+04 9.836933943201311425e-01
6.075560872423172259e+04 1.005687217796811916e+00
6.075560898429241934e+04 9.934676312867168901e-01
6.075560924435311608e+04 9.974943840885155399e-01
6.075560950441380555e+04 9.748271133392210075e-01
6.075560976447450230e+04 9.897503620430035953e-01
6.075561002453519905e+04 9.928718702026851917e-01
6.075561028459589579e+04 9.766814534808521131e-01
6.075561054465659254e+04 9.946159911172063328e-01
6.075561080471728201e+04 9.810712963466846626e-01
6.075561106477797875e+04 9.876334478739379197e-01
6.075561132483867550e+04 9.943608355053165093e-01
6.075561158489937225e+04 9.942623801192115307e-01
6.075561184496006899e+04 9.980874176934080300e-01
6.075561210502075846e+04 9.741448036221533879e-01
6.075561236508144793e+04 9.967150512797144923e-01
6.075561262514214468e+04 9.727573804992368789e-01
6.075561288520283415e+04 9.838347647301085575e-01
6.075561314526353090e+04 9.888602881070817086e-01
6.075561340532422764e+04 9.913314948210909527e-01
6.075561366538492439e+04 9.952927795922117404e-01
6.075561392544562113e+04 9.882200810977803673e-01
6.075561418550631060e+04 9.926853656222824895e-01
6.075561444556700735e+04 9.898119690066662368e-01
6.075561470562770410e+04 9.868626642611258992e-01
6.075561496568840084e+04 9.928787044244645754e-01
6.075561522574909759e+04 9.892685279957208477e-01
6.075561548580978706e+04 9.938316833016781482e-01
6.075561574587048381e+04 9.862619868612116925e-01
6.075561600593118055e+04 9.879843260266683025e-01
6.075561626599187002e+04 9.844079375571611612e-01
6.075561652605256677e+04 9.766312791697620010e-01
6.075561678611326352e+04 9.931455362593594183e-01
6.075561704617396026e+04 9.855060788025429286e-01
6.075561730623465701e+04 1.007812061447979080e+00
6.075561756629534648e+04 9.879078079565122295e-01
6.075561782635604322e+04 9.911905981397580723e-01
6.075561808641673269e+04 1.004545837329160252e+00
6.075561834647742944e+04 9.931051598488968013e-01
6.075561860653812619e+04 9.868752433373182420e-01
6.075561886659881566e+04 9.960669654685258001e-01
6.075561912665951240e+04 9.873031548999455786e-01
6.075561938672020915e+04 9.982595081058452946e-01
6.075561964678089862e+04 9.835158760800190025e-01
6.075561990684160264e+04 9.831910600372105735e-01
6.075562016690229211e+04 9.813484272031085531e-01
6.075562042696298886e+04 9.917973400137964912e-01
6.075562068702368560e+04 9.922781232128251583e-01
6.075562094708437508e+04 9.854179239540516999e-01
6.075562120714507182e+04 9.802990888122569135e-01
6.075562146720576857e+04 9.984750713672827516e-01
6.075562172726646531e+04 9.950426035286361603e-01
6.075562198732716206e+04 9.923598553380372778e-01
6.075562224738785153e+04 9.842575366555541549e-01
6.075562250744854828e+04 9.785004179461758156e-01
6.075562276750924502e+04 9.954113507914361669e-01
6.075562302756994177e+04 9.908449136242815092e-01
6.075562328763063852e+04 9.976447760450354307e-01
6.075562490904599690e+04 9.834527020580848822e-01
6.075562516909990518e+04 1.002282358766316106e+00
6.075562542915379890e+04 9.961104986926607729e-01
6.075562568920769263e+04 9.845052452497785600e-01
6.075562594926160091e+04 9.833579746007165001e-01
6.075562620931549463e+04 9.945157395972777925e-01
6.075562646936939564e+04 9.981350204130516879e-01
6.075562672942329664e+04 9.955105508418420346e-01
6.075562698947719036e+04 9.739356126776808065e-01
6.075562724953109864e+04 9.963763800501302947e-01
6.075562750958499237e+04 9.822131457117954101e-01
6.075562776963889337e+04 9.903200013692522452e-01
6.075562802969280165e+04 9.923218550497622248e-01
6.075562828974669537e+04 9.953552075150368106e-01
6.075562854980059637e+04 9.958491063224625961e-01
6.075562880985449738e+04 9.852314338254617443e-01
6.075562906990839110e+04 9.760376097805129048e-01
6.075562932996229938e+04 9.993639220293690784e-01
6.075562959001619311e+04 9.805281417400368849e-01
6.075562985007009411e+04 9.966815958576658030e-01
6.075563011012399511e+04 9.835317744499071368e-01
6.075563037017788884e+04 9.931471757962466729e-01
6.075563063023179711e+04 9.971530797416388037e-01
6.075563089028569084e+04 9.978433274452911395e-01
6.075563115033958456e+04 9.958576902916611573e-01
6.075563141039349284e+04 1.004330787514285506e+00
6.075563167044738657e+04 9.978880663228071324e-01
6.075563193050128757e+04 9.839099903894600319e-01
6.075563219055518857e+04 9.984640412579646185e-01
6.075563245060908230e+04 1.003435212681034638e+00
6.075563271066299058e+04 9.918436391337540625e-01
6.075563297071688430e+04 9.948318045799008358e-01
6.075563323077078530e+04 9.954997303822673560e-01
6.075563349082468631e+04 9.843667112331643265e-01
6.075563375087858003e+04 1.002689642067825515e+00
6.075563401093248831e+04 9.852101821636422008e-01
6.075563427098638203e+04 9.901475438324059963e-01
6.075563453104027576e+04 9.918701034624600732e-01
6.075563479109418404e+04 9.852970162884074901e-01
6.075563505114807776e+04 9.771762966360284519e-01
6.075563531120197877e+04 9.874670158407394815e-01
6.075563557125588704e+04 9.849859999971709579e-01
6.075563583130978077e+04 9.928700596588662108e-01
6.075563609136368905e+04 9.872416336820988292e-01
6.075563635141758277e+04 9.830081866636479759e-01
6.075563661147148377e+04 9.998765260347921568e-01
6.075563687152538478e+04 9.872496292729574519e-01
6.075563713157927850e+04 9.927169286061402476e-01
6.075563739163318678e+04 9.963624383883697977e-01
6.075563765168708051e+04 9.904241119619745515e-01
6.075563791174097423e+04 9.970467235044816467e-01
6.075563817179488251e+04 9.951425717397780479e-01
6.075563843184877624e+04 9.901228319688438750e-01
6.075563869190267724e+04 9.938648886268330873e-01
6.075563895195657824e+04 9.916696368125746952e-01
6.075563921201047197e+04 9.947731118579578036e-01
6.075563947206438024e+04 9.880461963233548861e-01
6.075563973211827397e+04 1.002473526798286274e+00
6.075563999217217497e+04 9.846950165443203451e-01
6.075564025222608325e+04 1.002735927270179905e+00
6.075564051227997697e+04 9.980734866392509952e-01
6.075564077233388525e+04 9.896271727868000134e-01
6.075564103238777898e+04 1.002894271027986006e+00
6.075564129244167270e+04 9.868889189469924883e-01
6.075564155249558098e+04 9.862079670089207717e-01
6.075564181254947471e+04 9.981438151506732970e-01
6.075564207260337571e+04 9.873398229019532124e-01
6.075564233265727671e+04 9.895252573870605417e-01
6.075564259271117044e+04 9.936304979340727650e-01
6.075564285276507871e+04 1.000193267236883621e+00
6.075564311281897244e+04 9.862271083045445197e-01
6.075564337287286617e+04 1.001798090044458744e+00
6.075564363292677444e+04 9.999112191272081507e-01
6.075564389298066817e+04 9.930246875582497967e-01
6.075564415303458372e+04 9.977967355298562602e-01
6.075564441308847745e+04 1.001207475341072684e+00
6.075564467314237118e+04 9.976889936135238113e-01
6.075564493319627945e+04 9.996229493327745130e-01
6.075564519325017318e+04 1.007530000819899962e+00
6.075564545330407418e+04 1.006587651237628833e+00
6.075564571335797518e+04 9.996082052480818048e-01
6.075564597341186891e+04 1.002310139254607435e+00
6.075564623346577719e+04 1.000869997954475510e+00
6.075564649351967091e+04 9.790114345586293787e-01
6.075564675357356464e+04 1.001473993115151506e+00
6.075564701362747292e+04 9.910688386275162687e-01
6.075564727368136664e+04 9.966612658806387470e-01
6.075564753373527492e+04 9.853495692641253134e-01
6.075564779378917592e+04 9.913395890924743270e-01
6.075564805384306965e+04 1.002742066960832901e+00
6.075564831389697792e+04 9.889990473426828466e-01
6.075564857395087165e+04 1.004351767482422719e+00
6.075564883400477265e+04 9.881146666169249304e-01
6.075564909405867365e+04 9.921306889898731107e-01
6.075564935411256738e+04 9.800362730674402334e-01
6.075564961416647566e+04 9.959428210671300574e-01
6.075564987422036938e+04 1.009400148525638308e+00
6.075565013427426311e+04 9.875145201461320577e-01
6.075565039432817866e+04 9.997938004905191356e-01
6.075565065438207239e+04 9.925577207356225395e-01
6.075565091443597339e+04 9.943892136015488603e-01
6.075565117448987439e+04 9.833421246865882148e-01
6.075565143454376812e+04 9.891084765529095657e-01
6.075565169459767640e+04 9.963447504544861166e-01
6.075565195465157012e+04 9.985820548150121656e-01
6.075565221470547112e+04 1.003692628726325253e+00
6.075565247475937213e+04 1.002541251123787003e+00
6.075565273481326585e+04 9.950876207972040310e-01
6.075565299486718141e+04 1.002532807533803139e+00
6.075565325492107513e+04 9.920147505051997161e-01
6.075565492676799477e+04 9.940268853791014436e-01
6.075565518682868424e+04 9.927679186406188627e-01
6.075565544688938098e+04 1.005619432733291907e+00
6.075565570695007773e+04 9.906830480738733069e-01
6.075565596701077448e+04 1.004494488385609063e+00
6.075565622707147122e+04 9.816096696862786075e-01
6.075565648713216069e+04 9.883353251592372768e-01
6.075565674719285744e+04 1.001324695965406297e+00
6.075565700725356146e+04 9.995660564270464343e-01
6.075565726731425821e+04 9.959664531983274394e-01
6.075565752737495495e+04 9.961254086704570687e-01
6.075565778743564442e+04 1.003921748340248277e+00
6.075565804749634117e+04 9.987353951537505381e-01
6.075565830755703792e+04 9.873609210222153987e-01
6.075565856761772739e+04 9.903756805142786002e-01
6.075565882767842413e+04 1.001458031499081747e+00
6.075565908773912088e+04 1.007523703510476709e+00
6.075565934779981762e+04 9.831737905273530975e-01
6.075565960786051437e+04 9.906737290205402946e-01
6.075565986792121112e+04 1.000452124778612450e+00
6.075566012798190786e+04 9.987011646722970815e-01
6.075566038804260461e+04 9.915815509490446544e-01
6.075566064810330136e+04 9.995445010586543333e-01
6.075566090816399810e+04 9.918637296735712816e-01
6.075566116822468757e+04 9.966239471909529302e-01
6.075566142828538432e+04 9.971494120817973039e-01
6.075566168834608106e+04 1.004120717029701959e+00
6.075566194840677781e+04 1.000537548160764567e+00
6.075566220846748183e+04 9.865961178226250183e-01
6.075566246852817130e+04 9.990348271625828502e-01
6.075566272858886805e+04 9.929661479835187876e-01
6.075566298864956480e+04 1.000432932286871690e+00
6.075566324871025427e+04 9.956306254941801326e-01
6.075566350877095101e+04 9.905029957899247339e-01
6.075566376883164776e+04 9.931231474083173083e-01
6.075566402889234450e+04 9.941498902585885755e-01
6.075566428895304125e+04 1.001209608486086422e+00
6.075566454901373800e+04 9.995426758140047996e-01
6.075566480907443474e+04 9.966518440341380902e-01
6.075566506913513149e+04 1.008363874565738172e+00
6.075566532919582824e+04 1.002312842981127883e+00
6.075566558925652498e+04 1.000930231289439698e+00
6.075566584931721445e+04 1.006474766493109740e+00
6.075566610937791120e+04 1.004541897753930657e+00
6.075566636943860794e+04 9.839273473752843113e-01
6.075566662949930469e+04 1.007702167662886339e+00
6.075566688956000144e+04 1.004119880742196491e+00
6.075566714962069818e+04 1.000757005983013981e+00
6.075566740968139493e+04 1.000199487889501526e+00
6.075566766974209168e+04 1.003383649613683870e+00
6.075566792980278115e+04 9.877302608793263605e-01
6.075566818986347789e+04 9.924810581834546674e-01
6.075566844992417464e+04 9.988591503950114969e-01
6.075566870998487866e+04 1.018532430330026273e+00
6.075566897004557541e+04 9.887557094356707044e-01
6.075566923010626488e+04 9.943135205682194222e-01
6.075566949016696162e+04 1.008963193112726975e+00
6.075566975022765837e+04 1.000211560459717264e+00
6.075567001028834784e+04 9.884601359234189699e-01
6.075567027034905186e+04 1.000295482797256552e+00
6.075567053040974133e+04 9.898250224895323024e-01
6.075567079047044535e+04 9.874931764010207447e-01
6.075567105053114210e+04 9.970222368083945241e-01
6.075567131059183157e+04 1.004471987453800619e+00
6.075567157065252832e+04 1.001696826169611532e+00
6.075567183071322506e+04 9.916439666204244219e-01
6.075567209077392181e+04 9.769852694871846710e-01
6.075567235083461856e+04 1.006005248820054376e+00
6.075567261089531530e+04 9.939069949886717437e-01
6.075567287095601205e+04 9.969529190474760716e-01
6.075567313101670879e+04 9.988523398900446271e-01
6.075567339107740554e+04 9.928155692812686839e-01
6.075567365113810229e+04 9.976163465282631426e-01
6.075567391119879176e+04 9.939870804989254793e-01
6.075567417125948850e+04 9.972315382707563902e-01
6.075567443132019253e+04 9.802406165443893205e-01
6.075567469138088200e+04 9.986454848156745001e-01
6.075567495144157874e+04 9.830397489762827679e-01
6.075567521150227549e+04 9.975585899797841938e-01
6.075567547156297223e+04 9.738184324412783033e-01
6.075567573162366898e+04 9.935458114038380195e-01
6.075567599168436573e+04 9.903111934020244478e-01
6.075567625174506247e+04 1.000742582329544828e+00
6.075567651180575922e+04 9.943148352080263264e-01
6.075567677186645597e+04 9.907423312407780402e-01
6.075567703192715271e+04 9.915920064286958269e-01
6.075567729198784218e+04 9.908894913447477970e-01
6.075567755204853893e+04 1.000245359711083193e+00
6.075567781210924295e+04 1.001593699383388492e+00
6.075567807216993242e+04 9.888493296010145706e-01
6.075567833223062917e+04 9.913657616047878429e-01
6.075567859229132591e+04 9.832454625694412309e-01
6.075567885235202266e+04 9.865929239356158176e-01
6.075567911241271941e+04 1.003337516075485381e+00
6.075567937247341615e+04 9.962475036330061817e-01
6.075567963253411290e+04 9.964096858312341265e-01
6.075567989259480964e+04 9.844907836015316382e-01
6.075568015265550639e+04 9.871997330741011378e-01
6.075568041271620314e+04 1.000597898199428348e+00
6.075568067277689261e+04 9.862701783052512106e-01
6.075568093283759663e+04 9.911802885080246428e-01
6.075568119289829338e+04 9.876697847680888653e-01
6.075568145295898285e+04 9.997586252101037241e-01
6.075568171301968687e+04 9.853551245326570562e-01
6.075568197308037634e+04 1.003443569251734058e+00
6.075568223314107308e+04 9.946611026631281272e-01
6.075568249320177711e+04 1.001101535129390596e+00
6.075568275326246658e+04 1.000579058382143671e+00
6.075568301332316332e+04 9.951538688192939075e-01
6.075568327338386007e+04 9.952699735470197373e-01
6.075568483179301256e+04 9.876823530037492915e-01
6.075568509184680443e+04 9.961301096180505965e-01
6.075568535190059629e+04 1.001164925244519388e+00
6.075568561195438815e+04 9.831602543385322690e-01
6.075568587200818729e+04 9.915018608227622599e-01
6.075568613206199370e+04 9.825491552913628857e-01
6.075568639211578557e+04 9.979403893363414380e-01
6.075568665216957743e+04 9.804359864453213724e-01
6.075568691222336929e+04 9.822686970125428241e-01
6.075568717227716115e+04 9.953461243320684826e-01
6.075568743233096029e+04 9.968885586322686621e-01
6.075568769238475215e+04 9.874590307954645985e-01
6.075568795243854402e+04 9.892267499591674840e-01
6.075568821249233588e+04 9.872748986442446695e-01
6.075568847254613502e+04 9.877382665056488875e-01
6.075568873259992688e+04 9.906690772847979165e-01
6.075568899265372602e+04 9.938753288534916130e-01
6.075568925270752516e+04 9.857705308697185531e-01
6.075568951276131702e+04 9.922208639645947459e-01
6.075568977281511616e+04 9.755756471750564041e-01
6.075569003286890802e+04 9.848152127983701432e-01
6.075569029292269988e+04 9.938996099944754636e-01
6.075569055297649174e+04 9.947849250752307526e-01
6.075569081303029088e+04 9.965007474479219418e-01
6.075569107308408275e+04 9.970323434627620385e-01
6.075569133313787461e+04 9.973733024988084006e-01
6.075569159319166647e+04 1.006305683165864995e+00
6.075569185324547288e+04 9.837849211204174882e-01
6.075569211329927202e+04 9.930756080913910600e-01
6.075569237335306389e+04 9.990546632347050426e-01
6.075569263340685575e+04 9.994388642073215312e-01
6.075569289346064761e+04 9.921253747039250337e-01
6.075569315351444675e+04 9.990662526277344080e-01
6.075569341356823861e+04 9.853814378495459048e-01
6.075569367362203047e+04 9.920529868126732875e-01
6.075569393367582234e+04 9.902219339514412022e-01
6.075569419372962147e+04 9.951887636555859507e-01
6.075569445378341334e+04 9.973451139625817419e-01
6.075569471383720520e+04 9.849039107422963291e-01
6.075569497389100434e+04 9.979558846044610521e-01
6.075569523394481075e+04 9.830485428686513982e-01
6.075569549399860261e+04 9.926510461102024951e-01
6.075569575405239448e+04 9.760250886606198772e-01
6.075569601410618634e+04 9.862400489299764095e-01
6.075569627415998548e+04 9.852018408990199649e-01
6.075569653421377734e+04 9.904562743705885852e-01
6.075569679426756920e+04 9.877940519586240198e-01
6.075569705432136107e+04 9.951964905715450227e-01
6.075569731437516020e+04 9.926540886611531223e-01
6.075569757442895207e+04 9.813099508234280899e-01
6.075569783448274393e+04 1.001330941413947517e+00
6.075569809453654307e+04 9.949647209556656824e-01
6.075569835459034948e+04 9.889253640649915411e-01
6.075569861464414134e+04 9.848954524696514889e-01
6.075569887469793321e+04 9.966380050867430507e-01
6.075569913475172507e+04 9.815006927508327372e-01
6.075569939480552421e+04 9.965605687037010219e-01
6.075569965485931607e+04 9.998328974467456387e-01
6.075569991491310793e+04 9.940924272888819191e-01
6.075570017496689979e+04 9.866285107316438152e-01
6.075570043502069893e+04 9.938623915848860957e-01
6.075570069507449080e+04 9.838858659073715929e-01
6.075570095512828993e+04 9.934316878319185973e-01
6.075570121518208907e+04 9.920086660964111402e-01
6.075570147523588821e+04 9.862350461662637846e-01
6.075570173528968007e+04 9.894630423396826302e-01
6.075570199534347194e+04 9.929456552413685744e-01
6.075570225539727107e+04 9.798036316115851241e-01
6.075570251545106294e+04 9.902572620182323870e-01
6.075570277550485480e+04 9.831201111882681420e-01
6.075570303555864666e+04 9.973230618077421061e-01
6.075570329561244580e+04 9.920717402259326967e-01
6.075570355566623766e+04 9.851397848816872971e-01
6.075570381572002952e+04 1.003458686155384472e+00
6.075570407577382866e+04 9.902906684192308573e-01
6.075570433582763508e+04 9.880347752741115430e-01
6.075570459588142694e+04 9.880640949505284931e-01
6.075570485593521880e+04 9.886177404895371001e-01
6.075570511598901066e+04 9.842312821774754639e-01
6.075570537604280980e+04 9.985475148647032784e-01
6.075570563609660167e+04 9.948488618177451226e-01
6.075570589615039353e+04 9.995009494217507173e-01
6.075570615620419267e+04 9.747682313222754136e-01
6.075570641625798453e+04 9.905813934780935970e-01
6.075570667631177639e+04 9.921043205984575453e-01
6.075570693636557553e+04 9.871948446432846636e-01
6.075570719641938194e+04 9.919686890301594451e-01
6.075570745647317381e+04 9.945540641118376657e-01
6.075570771652696567e+04 9.858211615800713812e-01
6.075570797658076481e+04 9.962691773933429751e-01
6.075570823663455667e+04 9.971685515557967561e-01
6.075570849668834853e+04 9.844436341402185153e-01
6.075570875674214039e+04 9.908390555076932449e-01
6.075570901679593953e+04 1.005076466470389285e+00
6.075570927684973140e+04 9.864312470676873668e-01
6.075570953690352326e+04 9.922164459253586255e-01
6.075570979695732240e+04 9.956729278690747975e-01
6.075571005701112153e+04 9.848255313602125582e-01
6.075571031706492067e+04 9.915631639707838119e-01
6.075571057711871254e+04 9.834325824144349859e-01
6.075571083717251167e+04 9.933448805336527743e-01
6.075571109722630354e+04 9.936305865814669680e-01
6.075571135728009540e+04 9.995674641824690010e-01
6.075571161733389454e+04 1.004994279326513418e+00
6.075571187738768640e+04 9.950139307005363420e-01
6.075571213744147826e+04 9.966645816194700247e-01
6.075571239749527740e+04 1.004187013166325970e+00
6.075571265754906926e+04 9.748965289353982433e-01
6.075571291760286840e+04 9.988877807258835784e-01
6.075571317765666754e+04 9.861625225878931644e-01
6.075571474868715450e+04 9.946375298237808416e-01
6.075571500874785124e+04 1.003720550711949766e+00
6.075571526880854799e+04 9.923950896596607230e-01
6.075571552886924474e+04 9.836908586222339324e-01
6.075571578892994148e+04 9.998483210165272084e-01
6.075571604899063823e+04 9.927903280334335889e-01
6.075571630905133497e+04 1.000447533968873204e+00
6.075571656911203172e+04 9.912543434380790552e-01
6.075571682917273574e+04 9.947630790707649995e-01
6.075571708923342521e+04 9.858019860785113275e-01
6.075571734929412196e+04 9.878881893626321187e-01
6.075571760935482598e+04 9.890818345768579434e-01
6.075571786941552273e+04 9.847936554374211449e-01
6.075571812947621947e+04 9.804761196887578079e-01
6.075571838953690894e+04 9.879345016372442778e-01
6.075571864959761297e+04 9.957210997497273341e-01
6.075571890965830971e+04 9.875825441434803453e-01
6.075571916971899918e+04 9.810846419342552638e-01
6.075571942977970320e+04 9.981199709740763426e-01
6.075571968984039995e+04 9.942805796863055656e-01
6.075571994990109670e+04 9.842484965990833112e-01
6.075572020996180072e+04 9.898984875871033040e-01
6.075572047002249019e+04 9.860304310900172009e-01
6.075572073008318694e+04 1.006212306296488945e+00
6.075572099014388368e+04 9.875862362964068497e-01
6.075572125020458770e+04 9.990509555946712750e-01
6.075572151026528445e+04 9.899400726653021509e-01
6.075572177032597392e+04 9.940740474582734354e-01
6.075572203038667794e+04 9.983069168938356608e-01
6.075572229044737469e+04 9.862861126465365391e-01
6.075572255050806416e+04 9.903987228633703843e-01
6.075572281056877546e+04 9.892045026774168859e-01
6.075572307062946493e+04 9.900640549651134048e-01
6.075572333069016167e+04 9.989680768854258819e-01
6.075572359075086570e+04 9.990641448841193206e-01
6.075572385081155517e+04 9.949898181923848561e-01
6.075572411087225191e+04 9.906104322453874733e-01
6.075572437093294866e+04 1.004144265719131068e+00
6.075572463099365268e+04 9.924811461384990263e-01
6.075572489105434943e+04 9.900425449644312259e-01
6.075572515111503890e+04 9.930968932314098163e-01
6.075572541117574292e+04 1.001605392694100649e+00
6.075572567123643967e+04 9.834737482223031568e-01
6.075572593129713641e+04 9.859489476570658661e-01
6.075572619135784043e+04 1.003180569819270840e+00
6.075572645141852990e+04 9.905507953654673070e-01
6.075572671147922665e+04 1.000302047062832766e+00
6.075572697153993067e+04 9.978720256055046978e-01
6.075572723160062014e+04 9.945942946518017136e-01
6.075572749166131689e+04 1.006758234633980065e+00
6.075572775172202091e+04 9.934678120101678722e-01
6.075572801178271766e+04 9.951552013612663394e-01
6.075572827184341440e+04 1.012457811335113700e+00
6.075572853190411115e+04 9.962251418698035987e-01
6.075572879196480790e+04 9.954561078913258809e-01
6.075572905202550464e+04 1.001378261247157342e+00
6.075572931208620867e+04 9.948219827899368317e-01
6.075572957214690541e+04 9.958656399566501172e-01
6.075572983220759488e+04 9.925057871893779859e-01
6.075573009226829890e+04 9.949053496494797422e-01
6.075573035232899565e+04 9.842818228343140907e-01
6.075573061238968512e+04 9.987071330430188354e-01
6.075573087245038914e+04 9.844193176431245140e-01
6.075573113251108589e+04 9.990942163138561982e-01
6.075573139257178264e+04 9.962866895876736351e-01
6.075573165263248666e+04 9.973094446876430430e-01
6.075573191269317613e+04 9.959709242523636652e-01
6.075573217275387287e+04 9.869092616333648982e-01
6.075573243281457690e+04 9.911239205081626702e-01
6.075573269287527364e+04 9.926028875006328578e-01
6.075573295293597039e+04 9.889771897352789276e-01
6.075573321299666713e+04 9.976515565597329216e-01
6.075573347305736388e+04 1.000732421728912858e+00
6.075573373311806063e+04 1.001040427902892604e+00
6.075573399317875737e+04 1.002866720653453170e+00
6.075573425323946140e+04 9.926334743946476635e-01
6.075573451330015087e+04 1.000569753588984589e+00
6.075573477336085489e+04 1.013060186664799245e+00
6.075573503342155163e+04 9.863773722012142420e-01
6.075573529348224110e+04 9.896896107723340830e-01
6.075573555354294513e+04 9.875591779632856282e-01
6.075573581360364187e+04 1.000261025030736661e+00
6.075573607366434589e+04 1.006810140895604500e+00
6.075573633372504264e+04 1.003174829242501342e+00
6.075573659378573211e+04 1.001535805438969362e+00
6.075573685384643613e+04 1.006803914032472713e+00
6.075573711390713288e+04 1.005407998663712110e+00
6.075573737396782963e+04 1.002643844893390312e+00
6.075573763402853365e+04 9.941323346268484684e-01
6.075573789408922312e+04 9.907358408808769612e-01
6.075573815414991986e+04 1.006858033091068361e+00
6.075573841421062389e+04 9.962108278628195590e-01
6.075573867427131336e+04 1.001871845262364280e+00
6.075573893433201010e+04 9.853188790784284112e-01
6.075573919439271413e+04 1.007779594391114975e+00
6.075573945445341087e+04 9.875979230315604651e-01
6.075573971451411489e+04 9.917438404695695375e-01
6.075573997457480436e+04 9.950988100923681134e-01
6.075574023463550111e+04 9.987201822306683852e-01
6.075574049469620513e+04 9.856642664162992284e-01
6.075574075475690188e+04 1.001041586603719002e+00
6.075574101481759863e+04 9.971596478022046739e-01
6.075574127487829537e+04 9.962713596627977841e-01
6.075574153493899212e+04 9.924383435463407510e-01
6.075574179499969614e+04 1.010141239500744303e+00
6.075574205506038561e+04 1.007427303780605410e+00
6.075574231512108236e+04 1.001330879371069127e+00
6.075574257518178638e+04 1.001559754474355302e+00
6.075574283524248312e+04 1.002054332514254575e+00
6.075574309530317987e+04 9.964662366175500718e-01
6.075574483016229351e+04 1.007011053537191447e+00
6.075574509021608537e+04 1.010505967373133807e+00
6.075574535026989179e+04 9.931297987072361666e-01
6.075574561032369093e+04 9.902168736433382135e-01
6.075574587037748279e+04 9.902688545778852713e-01
6.075574613043128193e+04 9.890432216634575946e-01
6.075574639048507379e+04 9.912954832899474322e-01
6.075574665053887293e+04 1.000816353010278936e+00
6.075574691059266479e+04 1.001385951335655555e+00
6.075574717064645665e+04 9.960811289333802998e-01
6.075574743070025579e+04 9.963163911863434086e-01
6.075574769075404765e+04 1.003451120054958290e+00
6.075574795080784679e+04 9.892671023968394595e-01
6.075574821086163865e+04 1.005764194412920309e+00
6.075574847091544507e+04 1.003254017776882057e+00
6.075574873096924421e+04 9.946637747729311085e-01
6.075574899102303607e+04 9.939932619854345841e-01
6.075574925107683521e+04 9.981920495639935442e-01
6.075574951113062707e+04 9.980289591231168433e-01
6.075574977118442621e+04 9.991371110170648162e-01
6.075575003123821807e+04 9.978452929031911278e-01
6.075575029129201721e+04 1.007924299090436016e+00
6.075575055134580907e+04 9.952731575365217909e-01
6.075575081139960093e+04 1.005908172013334712e+00
6.075575107145340007e+04 1.000653661853450505e+00
6.075575133150719921e+04 9.995838872646445328e-01
6.075575159156100563e+04 9.998057796257300289e-01
6.075575185161479749e+04 9.884567622992687097e-01
6.075575211166859663e+04 9.938794993698849556e-01
6.075575237172238849e+04 9.900129390766921889e-01
6.075575263177618035e+04 1.010632822311968715e+00
6.075575289182997949e+04 9.921755353622265794e-01
6.075575315188377135e+04 1.007259695191383475e+00
6.075575341193757049e+04 1.000334855188257821e+00
6.075575367199136235e+04 9.986408442332957991e-01
6.075575393204516149e+04 1.013143668208853709e+00
6.075575419209895335e+04 9.825701031312075173e-01
6.075575445215275249e+04 9.940111690920550025e-01
6.075575471220655891e+04 9.941610359728901836e-01
6.075575497226035077e+04 9.847837531227923158e-01
6.075575523231414991e+04 1.007121305319331750e+00
6.075575549236794177e+04 9.923558810925320328e-01
6.075575575242174091e+04 1.013375118453469836e+00
6.075575601247553277e+04 9.972025063678824353e-01
6.075575627252933191e+04 9.968633799956114760e-01
6.075575653258312377e+04 9.979427166540314476e-01
6.075575679263691563e+04 9.896765108505184427e-01
6.075575705269071477e+04 9.906119219121104491e-01
6.075575731274451391e+04 9.987669916172744466e-01
6.075575757279832033e+04 9.910512934501638505e-01
6.075575783285211219e+04 9.962708073152242161e-01
6.075575809290591133e+04 9.911226208018241168e-01
6.075575835295970319e+04 9.999455182026052436e-01
6.075575861301350233e+04 9.959193180119469968e-01
6.075575887306729419e+04 1.003014045212176297e+00
6.075575913312109333e+04 9.879787956235609458e-01
6.075575939317488519e+04 9.956165301826338521e-01
6.075575965322867705e+04 9.789705433315679661e-01
6.075575991328247619e+04 9.895792221222953211e-01
6.075576017333626805e+04 9.785710592426791754e-01
6.075576043339007447e+04 9.796890117019758648e-01
6.075576069344387361e+04 1.003222816735432010e+00
6.075576095349767274e+04 9.912736125753249805e-01
6.075576121355146461e+04 9.974416044706276852e-01
6.075576147360526375e+04 9.975112764806256527e-01
6.075576173365905561e+04 9.972331171386743520e-01
6.075576199371285475e+04 9.882736451544332779e-01
6.075576225376664661e+04 9.943480132315687392e-01
6.075576251382044575e+04 9.894646195600961258e-01
6.075576277387423761e+04 9.909958349777416853e-01
6.075576303392802947e+04 9.983970927214604885e-01
6.075576329398183589e+04 1.004868634558883311e+00
6.075576355403563502e+04 9.906183318675311211e-01
6.075576381408943416e+04 1.002483167620506155e+00
6.075576407414322603e+04 9.887929530125723065e-01
6.075576433419702516e+04 9.924358158490456105e-01
6.075576459425081703e+04 9.923175295004095231e-01
6.075576485430461616e+04 9.841766544519089388e-01
6.075576511435840803e+04 9.981827238984757322e-01
6.075576537441220717e+04 9.890660113350436822e-01
6.075576563446599903e+04 9.979766445142304043e-01
6.075576589451979817e+04 1.008801826327796247e+00
6.075576615457359003e+04 9.973243739698547383e-01
6.075576641462739644e+04 9.849569739516482736e-01
6.075576667468119558e+04 9.888658109833331489e-01
6.075576693473499472e+04 1.000730281707957969e+00
6.075576719478878658e+04 9.849177767886998502e-01
6.075576745484258572e+04 9.931337165439479975e-01
6.075576771489637758e+04 9.909337347392382922e-01
6.075576797495017672e+04 9.831069179742029096e-01
6.075576823500396858e+04 1.001722048927876418e+00
6.075576849505776045e+04 9.943909405924015177e-01
6.075576875511155959e+04 9.860779947854850791e-01
6.075576901516535145e+04 9.832064055121823021e-01
6.075576927521915786e+04 9.975362983539987072e-01
6.075576953527295700e+04 9.892414386808926485e-01
6.075576979532675614e+04 1.004906905827323671e+00
6.075577005538054800e+04 9.774455851972624343e-01
6.075577031543434714e+04 9.981062179632126385e-01
6.075577057548813900e+04 9.897847237150622091e-01
6.075577083554193814e+04 9.939345786171097652e-01
6.075577109559573000e+04 9.976809688002722387e-01
6.075577135564952914e+04 9.982196571672389274e-01
6.075577161570332100e+04 9.914902372212315296e-01
6.075577187575712014e+04 9.929136262094431231e-01
6.075577213581091200e+04 1.005400985182104634e+00
6.075577239586471842e+04 9.920504354909230882e-01
6.075577265591851756e+04 9.898327221865936831e-01
6.075577291597231670e+04 9.806090327640761828e-01
6.075577317602610856e+04 9.946965896777171245e-01
