6.075547523418369383e+04 9.988603111609789531e-01
6.075547549424438330e+04 9.943216313254923389e-01
6.075547575430508005e+04 1.000806677723568239e+00
6.075547601436576224e+04 9.890845483283798867e-01
6.075547627442645899e+04 9.960181740744146195e-01
6.075547653448714846e+04 9.800014796710339038e-01
6.075547679454784520e+04 1.020053235748407117e+00
6.075547705460853467e+04 9.944374890639114950e-01
6.075547731466922414e+04 9.997339677271868119e-01
6.075547757472991361e+04 9.938701609010799354e-01
6.075547783479061036e+04 9.946660333554501188e-01
6.075547809485129255e+04 1.001136149459484148e+00
6.075547835491198930e+04 9.941297268818717336e-01
6.075547861497267877e+04 9.930323683583049954e-01
6.075547887503337552e+04 1.000771864525598964e+00
6.075547913509406499e+04 1.002806773527377571e+00
6.075547939515475446e+04 9.985324295742599165e-01
6.075547965521544393e+04 1.009116772928174033e+00
6.075547991527614067e+04 9.987167508181253872e-01
6.075548017533683014e+04 9.917159007171260088e-01
6.075548043539752689e+04 9.940388217439835028e-01
6.075548069545820908e+04 9.934728977607271139e-01
6.075548095551890583e+04 9.966571779608788262e-01
6.075548121557959530e+04 9.979977303091435159e-01
6.075548147564028477e+04 1.002944616438406378e+00
6.075548173570098152e+04 9.951808209364607638e-01
6.075548199576167099e+04 9.921673964226574993e-01
6.075548225582236773e+04 9.956460484408775624e-01
6.075548251588305720e+04 9.950378648881184063e-01
6.075548277594374667e+04 9.979065273404599257e-01
6.075548303600443614e+04 9.976000410859321432e-01
6.075548329606513289e+04 9.995367581009457769e-01
6.075548355612582236e+04 9.912394006906192212e-01
6.075548381618651911e+04 9.993437073937033732e-01
6.075548407624720130e+04 9.977761692551311290e-01
6.075548433630789805e+04 9.971835470836357684e-01
6.075548459636858752e+04 9.912942268187487915e-01
6.075548485642928426e+04 9.975853033788455448e-01
6.075548511648997373e+04 9.998747185113131541e-01
6.075548537655066320e+04 9.959370513820500204e-01
6.075548563661135267e+04 9.968007158367218068e-01
6.075548589667204942e+04 9.971735701503439131e-01
6.075548615673273162e+04 1.003783785934947215e+00
6.075548641679342836e+04 1.003115254908919951e+00
6.075548667685411783e+04 1.003892607862254982e+00
6.075548693691481458e+04 9.971402982314475638e-01
6.075548719697551132e+04 9.993981123724960947e-01
6.075548745703619352e+04 1.010149317162398752e+00
6.075548771709689026e+04 9.987545424047965525e-01
6.075548797715757973e+04 9.958342151743113657e-01
6.075548823721827648e+04 9.968659706765530260e-01
6.075548849727896595e+04 9.914671723256912594e-01
6.075548875733965542e+04 1.001770065224365291e+00
6.075548901740034489e+04 9.970642670472058544e-01
6.075548927746104164e+04 1.003060615801060873e+00
6.075548953752172383e+04 1.002542454868925681e+00
6.075548979758242058e+04 9.945833804558773528e-01
6.075549005764311732e+04 9.974547774166783176e-01
6.075549031770380680e+04 9.926694970319465128e-01
6.075549057776450354e+04 9.973119080503229927e-01
6.075549083782518574e+04 9.915871862431384631e-01
6.075549109788588248e+04 9.970342301729495649e-01
6.075549135794657195e+04 9.975430781226534149e-01
6.075549161800726870e+04 9.994865761023978834e-01
6.075549187806795817e+04 9.903911336741896276e-01
6.075549213812864764e+04 1.006656871321099489e+00
6.075549239818933711e+04 1.006318380975648852e+00
6.075549265825003386e+04 9.907588882130330399e-01
6.075549291831072333e+04 1.003259454114148408e+00
6.075549317837142007e+04 1.002802111618117609e+00
6.075549343843210954e+04 9.892503453348623355e-01
6.075549369849279901e+04 9.879459889535897599e-01
6.075549395855349576e+04 9.967252548389462508e-01
6.075549421861417795e+04 1.004100889256821061e+00
6.075549447867487470e+04 9.934978080633070086e-01
6.075549473873556417e+04 9.945781884195656897e-01
6.075549499879626092e+04 1.000840661377651042e+00
6.075549525885695766e+04 1.003482040692864619e+00
6.075549551891763986e+04 9.900105667465293191e-01
6.075549577897833660e+04 1.003827757041329205e+00
6.075549603903902607e+04 9.975503532480888280e-01
6.075549629909972282e+04 9.968021123106953763e-01
6.075549655916041229e+04 1.000258733276301770e+00
6.075549681922110176e+04 1.001212444239425903e+00
6.075549707928179851e+04 9.938251968733606834e-01
6.075549733934248798e+04 1.003141916016600632e+00
6.075549759940317745e+04 1.001007082075465293e+00
6.075549785946386692e+04 9.928016451555464750e-01
6.075549811952456366e+04 1.002617364306874093e+00
6.075549837958525313e+04 1.001588534965663024e+00
6.075549863964594988e+04 1.000807886972928662e+00
6.075549889970663935e+04 9.994458397195107313e-01
6.075549915976732882e+04 9.977216262294730242e-01
6.075549941982802557e+04 9.935756671451567712e-01
6.075549967988871504e+04 9.951396034298635174e-01
6.075549993994941178e+04 9.985671749369326999e-01
6.075550020001009398e+04 9.966718953237414524e-01
6.075550046007079072e+04 1.008661458175332371e+00
6.075550072013148747e+04 1.002273181175308281e+00
6.075550098019216966e+04 9.941616871101853770e-01
6.075550124025286641e+04 9.950250310192513270e-01
6.075550150031355588e+04 1.002281048447525968e+00
6.075550176037425263e+04 1.005290426495204947e+00
6.075550202043494210e+04 1.001459976645282524e+00
6.075550228049563157e+04 9.981591260844193680e-01
6.075550254055632831e+04 1.000532006916265759e+00
6.075550280061701778e+04 9.965454643593204542e-01
6.075550306067771453e+04 9.999423144644693506e-01
6.075550332073840400e+04 1.009840339698292233e+00
6.075550358079909347e+04 9.850382265207741073e-01
6.075550513883041276e+04 9.964657755810072404e-01
6.075550539889110951e+04 1.006792008232374025e+00
6.075550565895179898e+04 9.956258602831951077e-01
6.075550591901248845e+04 1.004153091983897239e+00
6.075550617907318519e+04 9.931193040319035159e-01
6.075550643913387466e+04 1.002381266723940678e+00
6.075550669919457141e+04 9.921699682161517764e-01
6.075550695925526088e+04 1.001905491524881286e+00
6.075550721931595035e+04 9.895622065535524259e-01
6.075550747937664710e+04 1.000875550830838678e+00
6.075550773943733657e+04 9.940035053089598671e-01
6.075550799949803331e+04 9.941591700049343672e-01
6.075550825955872278e+04 9.921305579582232470e-01
6.075550851961941225e+04 9.882977506282744073e-01
6.075550877968010900e+04 9.972582438439262509e-01
6.075550903974079847e+04 9.917723702446600287e-01
6.075550929980148794e+04 9.922708658126456749e-01
6.075550955986217741e+04 1.005046236323689168e+00
6.075550981992287416e+04 9.947794627970700798e-01
6.075551007998357090e+04 9.956921179058561000e-01
6.075551034004426037e+04 9.965911159697883326e-01
6.075551060010494984e+04 9.955158823832430670e-01
6.075551086016564659e+04 9.986514672530871772e-01
6.075551112022633606e+04 1.004201283272128320e+00
6.075551138028703281e+04 1.004831254617546188e+00
6.075551164034772228e+04 9.955960373384656892e-01
6.075551190040841175e+04 1.001409366559876668e+00
6.075551216046910849e+04 9.994986856611391968e-01
6.075551242052979796e+04 1.004489974283872211e+00
6.075551268059049471e+04 1.003360794243997711e+00
6.075551294065118418e+04 1.003451959527638770e+00
6.075551320071187365e+04 1.005823398449810391e+00
6.075551346077257040e+04 9.984759088128397631e-01
6.075551372083325987e+04 1.004235290781851697e+00
6.075551398089394934e+04 9.966585040903507275e-01
6.075551424095464608e+04 9.968395216575083317e-01
6.075551450101533555e+04 1.011284072823908309e+00
6.075551476107603230e+04 1.008883431945506670e+00
6.075551502113672177e+04 1.011909216525339827e+00
6.075551528119741124e+04 1.002970263439267207e+00
6.075551554125810799e+04 1.001848713678838099e+00
6.075551580131879746e+04 1.001801893271987653e+00
6.075551606137949420e+04 9.979066804006495595e-01
6.075551632144019095e+04 1.007904225857882974e+00
6.075551658150087314e+04 1.002117399904232542e+00
6.075551684156156989e+04 9.985025448244712054e-01
6.075551710162226664e+04 9.916256007521280225e-01
6.075551736168294883e+04 1.002761535029458084e+00
6.075551762174364558e+04 9.957571830570223215e-01
6.075551788180433505e+04 1.000332567283019003e+00
6.075551814186503179e+04 9.993914722676174867e-01
6.075551840192572854e+04 9.966781267185327309e-01
6.075551866198641073e+04 9.993627386090992992e-01
6.075551892204710748e+04 1.010415859382072234e+00
6.075551918210780423e+04 1.000071526501054242e+00
6.075551944216849370e+04 1.000087439582096671e+00
6.075551970222919044e+04 9.967062315088837110e-01
6.075551996228987991e+04 1.005039532912882727e+00
6.075552022235056938e+04 1.009215533500668949e+00
6.075552048241126613e+04 9.967523281599544038e-01
6.075552074247194832e+04 9.957730330547828190e-01
6.075552100253265235e+04 9.991882561977296628e-01
6.075552126259334182e+04 1.005216258704940691e+00
6.075552152265403129e+04 9.986256654093910168e-01
6.075552178271472803e+04 1.003137639397196024e+00
6.075552204277541750e+04 1.004337604509729198e+00
6.075552230283610697e+04 9.970673838605481620e-01
6.075552256289680372e+04 9.980051691872950936e-01
6.075552282295750047e+04 1.000637934057613254e+00
6.075552308301818994e+04 9.995638049203564579e-01
6.075552334307887941e+04 9.952764826888084171e-01
6.075552360313957615e+04 1.006162139275662337e+00
6.075552386320026562e+04 9.939478185607334426e-01
6.075552412326096237e+04 1.007772633346663227e+00
6.075552438332165912e+04 1.006368822787663042e+00
6.075552464338234131e+04 9.894888957852955302e-01
6.075552490344303806e+04 9.965670852565520210e-01
6.075552516350373480e+04 1.009783916085072786e+00
6.075552542356441700e+04 1.001400728427395359e+00
6.075552568362511374e+04 9.986901675412032109e-01
6.075552594368581049e+04 1.001815989679909258e+00
6.075552620374649996e+04 9.893281362801479295e-01
6.075552646380719671e+04 1.001825274026960200e+00
6.075552672386788618e+04 1.009363563413684828e+00
6.075552698392857565e+04 1.004079259278778613e+00
6.075552724398927239e+04 9.899785860256923309e-01
6.075552750404996914e+04 9.945866028896117594e-01
6.075552776411065861e+04 9.935369672904911242e-01
6.075552802417134808e+04 9.906944019568501014e-01
6.075552828423204483e+04 9.982886285852351493e-01
6.075552854429273430e+04 1.001892078278649123e+00
6.075552880435342377e+04 1.009250854457372837e+00
6.075552906441412051e+04 1.004248423233628396e+00
6.075552932447480998e+04 9.950519050372015339e-01
6.075552958453550673e+04 9.967102368669110701e-01
6.075552984459620347e+04 1.004172253502326750e+00
6.075553010465688567e+04 1.005715345331601007e+00
6.075553036471758242e+04 9.935794934341775075e-01
6.075553062477827916e+04 9.913859154828515985e-01
6.075553088483896863e+04 1.010144445726912643e+00
6.075553114489966538e+04 9.962034953701752737e-01
6.075553140496035485e+04 1.004541122828534139e+00
6.075553166502104432e+04 9.824317908938265953e-01
6.075553192508174106e+04 1.008297605818009091e+00
6.075553218514243054e+04 9.958639316113766515e-01
6.075553244520312728e+04 9.914277116256455802e-01
6.075553270526381675e+04 9.974128444229957147e-01
6.075553296532451350e+04 9.991186560861495813e-01
6.075553322538520297e+04 1.007345083021083942e+00
6.075553348544589244e+04 9.968064937025066241e-01
6.075553503087646095e+04 9.923560584452837396e-01
6.075553529093715770e+04 9.972703245966133556e-01
6.075553555099784717e+04 9.958331530734192416e-01
6.075553581105853664e+04 1.010022647917079741e+00
6.075553607111923338e+04 9.999066927541929717e-01
6.075553633117992285e+04 9.962028416859995961e-01
6.075553659124061960e+04 9.957426601854364456e-01
6.075553685130131635e+04 9.908362200062168501e-01
6.075553711136199854e+04 9.964576771204703975e-01
6.075553737142269529e+04 9.960107859463130930e-01
6.075553763148339203e+04 9.988108772820352144e-01
6.075553789154408878e+04 9.960606664676994182e-01
6.075553815160477825e+04 1.003767429129460043e+00
6.075553841166546772e+04 9.938893371011420230e-01
6.075553867172616447e+04 9.956737947377077846e-01
6.075553893178685394e+04 9.947352697898140805e-01
6.075553919184754341e+04 9.954430094321368161e-01
6.075553945190824015e+04 9.963653958158537050e-01
6.075553971196892962e+04 1.003693518003441421e+00
6.075553997202962637e+04 1.008710195616918215e+00
6.075554023209032312e+04 9.926484490064121369e-01
6.075554049215101259e+04 9.946528435728828610e-01
6.075554075221170206e+04 1.001773978851097313e+00
6.075554101227239880e+04 1.000994384741547005e+00
6.075554127233309555e+04 1.010309684752331183e+00
6.075554153239378502e+04 9.943780905044478091e-01
6.075554179245447449e+04 1.001403841017234120e+00
6.075554205251517124e+04 1.016593908451491446e+00
6.075554231257586798e+04 9.994816136098149117e-01
6.075554257263655018e+04 9.991279911954634718e-01
6.075554283269725420e+04 9.996431659625563126e-01
6.075554309275794367e+04 1.003930656265587418e+00
6.075554335281863314e+04 1.005598198000781762e+00
6.075554361287932988e+04 9.988431492001674794e-01
6.075554387294001936e+04 9.998536112080638194e-01
6.075554413300071610e+04 9.935331400663282020e-01
6.075554439306140557e+04 1.000741872929204135e+00
6.075554465312210232e+04 9.962794880019718580e-01
6.075554491318279906e+04 9.952208613518747082e-01
6.075554517324348853e+04 9.976814402564773143e-01
6.075554543330417800e+04 1.004916034161125404e+00
6.075554569336487475e+04 9.991095540095524807e-01
6.075554595342557150e+04 9.970013546510728686e-01
6.075554621348626097e+04 1.000800299358766132e+00
6.075554647354695044e+04 9.917199604050878081e-01
6.075554673360764718e+04 9.952525918243008141e-01
6.075554699366834393e+04 9.937679841101272338e-01
6.075554725372902612e+04 9.953183030221447458e-01
6.075554751378972287e+04 1.001417181679019830e+00
6.075554777385041962e+04 9.977426567627076803e-01
6.075554803391111636e+04 1.002009767231498261e+00
6.075554829397180583e+04 9.988574020822501565e-01
6.075554855403249530e+04 9.939631342115522461e-01
6.075554881409319205e+04 1.016233326776505796e+00
6.075554907415388152e+04 9.914648736010250873e-01
6.075554933421457827e+04 9.960993663562630607e-01
6.075554959427527501e+04 1.002068284230552164e+00
6.075554985433596448e+04 9.938478946289407423e-01
6.075555011439665395e+04 1.000236293969015922e+00
6.075555037445735070e+04 9.978552515479820473e-01
6.075555063451804017e+04 9.959358042193049432e-01
6.075555089457873692e+04 9.860882870195418759e-01
6.075555115463942639e+04 9.966443462159569888e-01
6.075555141470012313e+04 9.920429486555274456e-01
6.075555167476081988e+04 9.973395680974488364e-01
6.075555193482150935e+04 1.005459141115268462e+00
6.075555219488219882e+04 9.979329036450135249e-01
6.075555245494289557e+04 1.002453062690738861e+00
6.075555271500359231e+04 1.000512460372017909e+00
6.075555297506428906e+04 9.943618678070683670e-01
6.075555323512497125e+04 9.962784035915097647e-01
6.075555349518566800e+04 9.982371720367635426e-01
6.075555375524636474e+04 1.001050467870347793e+00
6.075555401530705421e+04 9.950788346563135267e-01
6.075555427536775096e+04 9.981023492041960488e-01
6.075555453542844043e+04 1.007251161511705462e+00
6.075555479548913718e+04 9.891652306655595028e-01
6.075555505554983392e+04 1.003754271586056568e+00
6.075555531561051612e+04 9.895890627663199712e-01
6.075555557567121286e+04 9.995542818940822416e-01
6.075555583573190961e+04 9.891856595957028153e-01
6.075555609579260636e+04 9.978146032776300522e-01
6.075555635585329583e+04 9.874128694058558198e-01
6.075555661591398530e+04 1.010238123631384211e+00
6.075555687597468204e+04 9.981888504299065712e-01
6.075555713603537879e+04 9.971488587718017049e-01
6.075555739609607554e+04 1.001849178008863639e+00
6.075555765615676501e+04 1.001854155320268003e+00
6.075555791621745448e+04 1.001317741267681027e+00
6.075555817627815122e+04 1.003047392225001166e+00
6.075555843633884797e+04 9.821591173780606088e-01
6.075555869639953016e+04 1.001147810563020046e+00
6.075555895646022691e+04 9.937964054359966770e-01
6.075555921652092366e+04 9.980074398471456831e-01
6.075555947658162040e+04 1.001252034494565457e+00
6.075555973664230987e+04 9.906300996879071619e-01
6.075555999670299934e+04 9.875117066410069588e-01
6.075556025676369609e+04 9.928110777928207398e-01
6.075556051682439283e+04 1.002778783309444810e+00
6.075556077688508958e+04 1.008641456075177301e+00
6.075556103694577905e+04 9.917700385648964279e-01
6.075556129700646852e+04 1.007762630873961118e+00
6.075556155706716527e+04 1.003000068221894692e+00
6.075556181712786201e+04 9.896826122148132399e-01
6.075556207718854421e+04 1.001608869987685946e+00
6.075556233724924095e+04 1.007894865140823493e+00
6.075556259730993770e+04 9.926885503651720066e-01
6.075556285737063445e+04 1.012247029552021615e+00
6.075556311743133119e+04 1.004883573179687239e+00
6.075556337749201339e+04 1.005252473521534462e+00
6.075556504896522529e+04 9.963424396080925449e-01
6.075556530902591476e+04 1.007946745284449275e+00
6.075556556908661150e+04 9.976778125853420498e-01
6.075556582914730097e+04 9.995930208849990173e-01
6.075556608920799772e+04 9.913140326790071954e-01
6.075556634926869447e+04 1.000201220938198743e+00
6.075556660932938394e+04 1.004993530090496412e+00
6.075556686939008068e+04 1.005813860308333973e+00
6.075556712945077015e+04 1.001461862739107866e+00
6.075556738951146690e+04 1.001549886647570053e+00
6.075556764957216365e+04 1.003406856998038776e+00
6.075556790963285312e+04 1.005876643118456926e+00
6.075556816969354986e+04 9.946046142242821464e-01
6.075556842975423933e+04 1.000344195738258612e+00
6.075556868981492880e+04 9.914791870308813371e-01
6.075556894987563282e+04 1.002070463125004807e+00
6.075556920993632230e+04 9.993139479248518420e-01
6.075556946999701904e+04 1.005742837459504990e+00
6.075556973005770851e+04 1.004209219503726214e+00
6.075556999011839798e+04 1.000014339303105793e+00
6.075557025017909473e+04 1.000664886005489640e+00
6.075557051023979147e+04 9.892962904808890734e-01
6.075557077030048822e+04 1.009654215991910187e+00
6.075557103036117769e+04 9.933704544003514325e-01
6.075557129042186716e+04 9.960887531267935691e-01
6.075557155048256391e+04 9.962479310932260690e-01
6.075557181054326065e+04 1.006616424012970468e+00
6.075557207060395740e+04 9.965736189481325669e-01
6.075557233066464687e+04 1.003715553424168405e+00
6.075557259072533634e+04 1.005294635346998477e+00
6.075557285078603309e+04 1.001440672783376895e+00
6.075557311084672983e+04 9.910696596259966906e-01
6.075557337090741930e+04 9.974105658403645824e-01
6.075557363096811605e+04 1.003595911140537256e+00
6.075557389102880552e+04 9.974315203301048482e-01
6.075557415108950227e+04 1.004841524186267820e+00
6.075557441115019901e+04 9.943187323258738664e-01
6.075557467121088848e+04 1.001396829637922758e+00
6.075557493127158523e+04 1.002645085638946609e+00
6.075557519133227470e+04 1.011016310275959285e+00
6.075557545139297144e+04 9.944814502619275798e-01
6.075557571145366819e+04 1.006382001299682694e+00
6.075557597151435766e+04 9.892813744168761358e-01
6.075557623157505441e+04 9.933248110585807256e-01
6.075557649163575115e+04 9.913329806889437101e-01
6.075557675169643335e+04 9.936011043123473829e-01
6.075557701175713009e+04 9.993429309996302301e-01
6.075557727181782684e+04 1.009478370275773029e+00
6.075557753187852359e+04 1.011044479295564402e+00
6.075557779193922033e+04 9.976112951308235832e-01
6.075557805199990980e+04 9.994167672475646746e-01
6.075557831206059927e+04 1.002813623811589006e+00
6.075557857212129602e+04 9.948109104045465001e-01
6.075557883218199277e+04 1.001799550749624679e+00
6.075557909224268951e+04 9.908896804570368477e-01
6.075557935230337898e+04 9.961284705868724831e-01
6.075557961236407573e+04 9.977905492494185680e-01
6.075557987242476520e+04 9.989637236903293749e-01
6.075558013248546195e+04 9.977832312537487924e-01
6.075558039254615869e+04 1.001056498349158996e+00
6.075558065260684816e+04 9.967121251263666437e-01
6.075558091266754491e+04 1.003958763757543116e+00
6.075558117272824165e+04 9.885535750613203554e-01
6.075558143278892385e+04 1.005064491339190180e+00
6.075558169284962059e+04 1.004220312047096053e+00
6.075558195291031734e+04 9.970864489470441239e-01
6.075558221297101409e+04 1.006004073292034118e+00
6.075558247303171083e+04 9.968060859752079228e-01
6.075558273309240030e+04 1.007095242401715662e+00
6.075558299315309705e+04 1.001228938235179555e+00
6.075558325321378652e+04 9.952032262888418357e-01
6.075558351327448327e+04 9.974979349223619396e-01
6.075558377333518001e+04 1.004739152605992780e+00
6.075558403339586948e+04 1.007259876747868654e+00
6.075558429345656623e+04 1.001491157128967968e+00
6.075558455351726298e+04 9.998224692711203954e-01
6.075558481357794517e+04 1.003288218275907306e+00
6.075558507363864192e+04 9.958296491960286767e-01
6.075558533369933866e+04 1.006120221472355691e+00
6.075558559376003541e+04 9.974971504670404610e-01
6.075558585382073215e+04 9.948075242064192691e-01
6.075558611388142162e+04 1.001234816337993605e+00
6.075558637394211837e+04 1.007198978840729620e+00
6.075558663400280784e+04 9.977004700440339491e-01
6.075558689406350459e+04 1.002914212156284401e+00
6.075558715412420133e+04 1.009863123747749780e+00
6.075558741418489080e+04 1.001455992211503387e+00
6.075558767424558755e+04 1.000486997125050070e+00
6.075558793430628430e+04 1.005097990419323795e+00
6.075558819436697377e+04 1.002241618631691367e+00
6.075558845442767051e+04 9.998019304498347859e-01
6.075558871448835998e+04 1.009648863565651089e+00
6.075558897454905673e+04 1.009044213164890014e+00
6.075558923460975348e+04 9.993724153307183000e-01
6.075558949467044295e+04 9.978043585801795734e-01
6.075558975473113969e+04 1.001354559542278366e+00
6.075559001479183644e+04 1.001660512611723730e+00
6.075559027485253318e+04 9.991976641979591900e-01
6.075559053491322265e+04 1.000794972780389092e+00
6.075559079497391212e+04 1.008931240996378653e+00
6.075559105503460887e+04 9.979291500024896067e-01
6.075559131509530562e+04 9.994629655072234664e-01
6.075559157515600236e+04 1.007850848544981970e+00
6.075559183521669911e+04 1.005158067760647089e+00
6.075559209527738858e+04 1.003405540890776493e+00
6.075559235533808533e+04 9.888138910706860685e-01
6.075559261539877480e+04 1.003737422383067956e+00
6.075559287545946427e+04 9.962877438207645708e-01
6.075559313552016101e+04 1.003605905565618794e+00
6.075559339558085776e+04 1.006061590377457904e+00
6.075559494101491873e+04 1.002834851416188000e+00
6.075559520107561548e+04 9.995478548781927541e-01
6.075559546113631222e+04 1.005319855888136882e+00
6.075559572119700897e+04 1.010728025517812823e+00
6.075559598125769844e+04 1.010732285407354603e+00
6.075559624131839519e+04 1.007177878294817752e+00
6.075559650137908466e+04 1.005635313997240265e+00
6.075559676143977413e+04 9.965846209485321738e-01
6.075559702150047087e+04 9.939003658381927453e-01
6.075559728156116762e+04 1.005310870516992416e+00
6.075559754162186437e+04 9.985969586712870605e-01
6.075559780168256111e+04 1.003213511248555179e+00
6.075559806174325058e+04 1.001611057412562955e+00
6.075559832180394733e+04 9.946337040480854874e-01
6.075559858186464407e+04 1.015624148283748029e+00
6.075559884192533355e+04 9.996481105065624373e-01
6.075559910198603029e+04 1.004598987160782775e+00
6.075559936204671976e+04 9.972068775450796396e-01
6.075559962210741651e+04 9.977969308515742819e-01
6.075559988216811325e+04 1.002386293886914137e+00
6.075560014222880272e+04 1.001319838159119735e+00
6.075560040228950675e+04 9.978617534363565245e-01
6.075560066235019622e+04 9.964308103070571576e-01
6.075560092241089296e+04 9.990669261419420355e-01
6.075560118247158971e+04 1.008983230341616855e+00
6.075560144253227918e+04 1.003038757201527131e+00
6.075560170259296865e+04 1.004142594662343235e+00
6.075560196265366540e+04 1.001941356844240794e+00
6.075560222271436214e+04 1.012284850116751400e+00
6.075560248277505889e+04 1.002827643844220962e+00
6.075560274283574836e+04 1.006215113030277220e+00
6.075560300289644510e+04 1.003358157599875788e+00
6.075560326295714185e+04 9.978454055905680020e-01
6.075560352301783860e+04 1.009531230665968282e+00
6.075560378307853534e+04 9.935760983347283748e-01
6.075560404313922481e+04 9.887386829419403389e-01
6.075560430319992156e+04 9.995551517503850070e-01
6.075560456326061831e+04 9.998565627517244092e-01
6.075560482332130050e+04 9.923687627083797036e-01
6.075560508338199725e+04 9.975398198488204526e-01
6.075560534344269399e+04 9.883993552300381902e-01
6.075560560350339074e+04 1.000674315709320528e+00
6.075560586356408749e+04 1.006022915486159741e+00
6.075560612362477696e+04 1.009409345466675489e+00
6.075560638368547370e+04 1.001373649297395696e+00
6.075560664374617045e+04 1.014023022323013556e+00
6.075560690380686719e+04 9.953785870520674983e-01
6.075560716386756394e+04 1.009670696354399100e+00
6.075560742392825341e+04 1.000391843166673844e+00
6.075560768398895016e+04 1.007910239540092734e+00
6.075560794404964690e+04 9.940014887523371812e-01
6.075560820411032910e+04 1.010450311275853386e+00
6.075560846417102584e+04 1.007803613837592094e+00
6.075560872423172259e+04 1.005949781658588504e+00
6.075560898429241934e+04 1.003829944489600168e+00
6.075560924435311608e+04 1.006290105696582282e+00
6.075560950441380555e+04 1.010641491949466619e+00
6.075560976447450230e+04 1.008625551661975095e+00
6.075561002453519905e+04 1.004205122681713913e+00
6.075561028459589579e+04 1.007032909220698658e+00
6.075561054465659254e+04 9.976699323562100430e-01
6.075561080471728201e+04 1.006306598267173946e+00
6.075561106477797875e+04 9.950617405351477318e-01
6.075561132483867550e+04 9.977934563751057473e-01
6.075561158489937225e+04 1.002909088779329050e+00
6.075561184496006899e+04 1.003057781217790767e+00
6.075561210502075846e+04 9.893409207336619771e-01
6.075561236508144793e+04 9.996295355537094807e-01
6.075561262514214468e+04 1.005413819478554016e+00
6.075561288520283415e+04 1.002511425101181075e+00
6.075561314526353090e+04 9.991936623660253591e-01
6.075561340532422764e+04 1.001301763662417077e+00
6.075561366538492439e+04 1.009266672051214897e+00
6.075561392544562113e+04 1.005586921628653485e+00
6.075561418550631060e+04 1.011997205395754440e+00
6.075561444556700735e+04 9.897949740272508068e-01
6.075561470562770410e+04 1.016302661678668340e+00
6.075561496568840084e+04 1.002042958282663987e+00
6.075561522574909759e+04 9.978211782695298737e-01
6.075561548580978706e+04 9.973987727308231133e-01
6.075561574587048381e+04 9.976676228895169363e-01
6.075561600593118055e+04 1.000263421151174503e+00
6.075561626599187002e+04 9.832079427212651046e-01
6.075561652605256677e+04 1.000924944040876285e+00
6.075561678611326352e+04 9.985734787746641805e-01
6.075561704617396026e+04 9.950664396722878058e-01
6.075561730623465701e+04 9.925239272188181028e-01
6.075561756629534648e+04 1.004925367760279631e+00
6.075561782635604322e+04 1.000832748904615377e+00
6.075561808641673269e+04 1.008623013948585667e+00
6.075561834647742944e+04 9.958927238776373869e-01
6.075561860653812619e+04 9.963359831165696789e-01
6.075561886659881566e+04 9.950179427422762846e-01
6.075561912665951240e+04 1.003796580728464782e+00
6.075561938672020915e+04 9.928203455035705671e-01
6.075561964678089862e+04 1.002042890168916456e+00
6.075561990684160264e+04 1.002162163752547963e+00
6.075562016690229211e+04 9.958657599406351979e-01
6.075562042696298886e+04 9.905967597624447674e-01
6.075562068702368560e+04 1.002872520243154320e+00
6.075562094708437508e+04 9.983801566227273883e-01
6.075562120714507182e+04 9.961415568894039785e-01
6.075562146720576857e+04 9.939168485222721339e-01
6.075562172726646531e+04 1.002075992667766258e+00
6.075562198732716206e+04 1.007425222484159777e+00
6.075562224738785153e+04 1.002355675838406679e+00
6.075562250744854828e+04 1.002980886166419339e+00
6.075562276750924502e+04 9.919837312572538091e-01
6.075562302756994177e+04 9.969529157236610706e-01
6.075562328763063852e+04 1.003203674104402587e+00
6.075562490904599690e+04 1.005904167502355895e+00
6.075562516909990518e+04 1.003339858820448960e+00
6.075562542915379890e+04 1.000391898400089463e+00
6.075562568920769263e+04 1.001867275141083091e+00
6.075562594926160091e+04 9.951857331530847839e-01
6.075562620931549463e+04 1.001043265957638484e+00
6.075562646936939564e+04 9.952648023542725042e-01
6.075562672942329664e+04 1.009335101920505684e+00
6.075562698947719036e+04 1.012736633681148746e+00
6.075562724953109864e+04 9.969318244887319658e-01
6.075562750958499237e+04 9.985594565424646962e-01
6.075562776963889337e+04 9.999506332536955977e-01
6.075562802969280165e+04 9.992492306001233837e-01
6.075562828974669537e+04 9.859107313185377919e-01
6.075562854980059637e+04 9.991634136815951139e-01
6.075562880985449738e+04 9.921243201668404899e-01
6.075562906990839110e+04 9.876826650213007541e-01
6.075562932996229938e+04 9.992077014677029911e-01
6.075562959001619311e+04 9.903726629658292646e-01
6.075562985007009411e+04 1.004117645503307399e+00
6.075563011012399511e+04 9.924037349626191329e-01
6.075563037017788884e+04 9.944589420697949045e-01
6.075563063023179711e+04 1.000048651834764879e+00
6.075563089028569084e+04 1.006314934757372548e+00
6.075563115033958456e+04 9.980003352363142621e-01
6.075563141039349284e+04 1.002346588710858910e+00
6.075563167044738657e+04 1.002766370905033622e+00
6.075563193050128757e+04 9.909383912774093472e-01
6.075563219055518857e+04 1.003288425583949595e+00
6.075563245060908230e+04 9.989596572161224541e-01
6.075563271066299058e+04 1.000465729661401015e+00
6.075563297071688430e+04 9.986661149349806976e-01
6.075563323077078530e+04 1.000190496298118514e+00
6.075563349082468631e+04 9.970747046076890996e-01
6.075563375087858003e+04 1.003056817503185538e+00
6.075563401093248831e+04 9.955900117984748388e-01
6.075563427098638203e+04 1.000605879853079694e+00
6.075563453104027576e+04 9.931570529269987402e-01
6.075563479109418404e+04 9.974394130454055096e-01
6.075563505114807776e+04 1.014065510300437012e+00
6.075563531120197877e+04 9.923160923046050463e-01
6.075563557125588704e+04 9.949295277703487095e-01
6.075563583130978077e+04 9.951777887376637155e-01
6.075563609136368905e+04 9.942185069735927083e-01
6.075563635141758277e+04 1.010273273908505853e+00
6.075563661147148377e+04 9.974064397258389780e-01
6.075563687152538478e+04 9.968331392948853731e-01
6.075563713157927850e+04 1.001313946695653545e+00
6.075563739163318678e+04 1.000757795859884336e+00
6.075563765168708051e+04 9.882260093046817406e-01
6.075563791174097423e+04 9.973328535857145516e-01
6.075563817179488251e+04 9.944370750321993579e-01
6.075563843184877624e+04 1.001295193662468330e+00
6.075563869190267724e+04 9.932027707606128075e-01
6.075563895195657824e+04 9.931914852638008551e-01
6.075563921201047197e+04 9.973158251815839037e-01
6.075563947206438024e+04 9.983871511836385215e-01
6.075563973211827397e+04 1.002091678361847205e+00
6.075563999217217497e+04 9.935520522590373105e-01
6.075564025222608325e+04 9.926979440967422796e-01
6.075564051227997697e+04 9.964985547246424380e-01
6.075564077233388525e+04 1.002977707343698288e+00
6.075564103238777898e+04 9.995088287569998675e-01
6.075564129244167270e+04 9.909141982589186881e-01
6.075564155249558098e+04 9.991209103227646215e-01
6.075564181254947471e+04 9.990567687672139430e-01
6.075564207260337571e+04 9.963738572263420856e-01
6.075564233265727671e+04 9.938601412944679803e-01
6.075564259271117044e+04 9.873733444994546860e-01
6.075564285276507871e+04 1.003916949833284500e+00
6.075564311281897244e+04 9.955042094727261093e-01
6.075564337287286617e+04 9.994558856193788143e-01
6.075564363292677444e+04 9.938127237149840809e-01
6.075564389298066817e+04 9.988639951473023970e-01
6.075564415303458372e+04 1.005379411125603362e+00
6.075564441308847745e+04 9.964177074507856169e-01
6.075564467314237118e+04 9.980566388168430336e-01
6.075564493319627945e+04 1.003309491503655337e+00
6.075564519325017318e+04 9.960298481911553647e-01
6.075564545330407418e+04 9.983992719333352195e-01
6.075564571335797518e+04 1.001085055332571638e+00
6.075564597341186891e+04 1.003998526427172466e+00
6.075564623346577719e+04 9.954303520576311959e-01
6.075564649351967091e+04 9.964396491118184818e-01
6.075564675357356464e+04 1.002238913628628714e+00
6.075564701362747292e+04 9.954140800894115682e-01
6.075564727368136664e+04 9.996358582039672758e-01
6.075564753373527492e+04 9.875566225212211169e-01
6.075564779378917592e+04 9.979638365918594989e-01
6.075564805384306965e+04 1.001732664315309274e+00
6.075564831389697792e+04 9.973973972354343021e-01
6.075564857395087165e+04 1.000204545023801961e+00
6.075564883400477265e+04 1.005416411508848862e+00
6.075564909405867365e+04 9.857426755528707618e-01
6.075564935411256738e+04 1.000073087793868831e+00
6.075564961416647566e+04 9.973370661251720337e-01
6.075564987422036938e+04 9.919424485475122344e-01
6.075565013427426311e+04 9.989201535394314213e-01
6.075565039432817866e+04 9.937539820815860514e-01
6.075565065438207239e+04 1.001302234415597958e+00
6.075565091443597339e+04 1.011402118221105928e+00
6.075565117448987439e+04 1.006402162426748070e+00
6.075565143454376812e+04 1.011797331743700568e+00
6.075565169459767640e+04 9.986109671534544319e-01
6.075565195465157012e+04 1.007016310123511449e+00
6.075565221470547112e+04 1.004632103676237342e+00
6.075565247475937213e+04 9.974168947749212366e-01
6.075565273481326585e+04 1.002730258527786189e+00
6.075565299486718141e+04 9.900451630596015518e-01
6.075565325492107513e+04 1.014044691218775052e+00
6.075565492676799477e+04 9.976454152742081360e-01
6.075565518682868424e+04 9.961559769384101815e-01
6.075565544688938098e+04 9.920435218865484295e-01
6.075565570695007773e+04 9.987635329276064455e-01
6.075565596701077448e+04 1.012150074128046251e+00
6.075565622707147122e+04 9.906815419499461761e-01
6.075565648713216069e+04 1.008831014004267557e+00
6.075565674719285744e+04 9.988804501830151894e-01
6.075565700725356146e+04 9.976829061641910856e-01
6.075565726731425821e+04 1.004128761631979616e+00
6.075565752737495495e+04 1.000728995726239301e+00
6.075565778743564442e+04 1.003944389300110318e+00
6.075565804749634117e+04 9.975945010593071371e-01
6.075565830755703792e+04 1.002596275319884711e+00
6.075565856761772739e+04 9.981747232763196198e-01
6.075565882767842413e+04 1.003545056751811382e+00
6.075565908773912088e+04 9.931476658190636631e-01
6.075565934779981762e+04 1.015074758146458977e+00
6.075565960786051437e+04 9.985713546631594939e-01
6.075565986792121112e+04 1.004453448047723629e+00
6.075566012798190786e+04 1.000108439865931453e+00
6.075566038804260461e+04 1.005066764244612942e+00
6.075566064810330136e+04 1.000016352332683711e+00
6.075566090816399810e+04 9.994134431149925835e-01
6.075566116822468757e+04 1.005506607806024189e+00
6.075566142828538432e+04 1.002735667904521177e+00
6.075566168834608106e+04 9.947687026944691535e-01
6.075566194840677781e+04 1.000771071381151511e+00
6.075566220846748183e+04 9.972674208765376358e-01
6.075566246852817130e+04 1.011557633179056115e+00
6.075566272858886805e+04 1.003768460935414275e+00
6.075566298864956480e+04 9.921347784205993836e-01
6.075566324871025427e+04 9.960444078651089495e-01
6.075566350877095101e+04 9.981072788165838983e-01
6.075566376883164776e+04 9.899238600664929111e-01
6.075566402889234450e+04 1.002684070988727694e+00
6.075566428895304125e+04 9.992626019528985104e-01
6.075566454901373800e+04 9.968532365226460135e-01
6.075566480907443474e+04 9.994743051336667516e-01
6.075566506913513149e+04 9.973779910400594195e-01
6.075566532919582824e+04 9.982815594390324065e-01
6.075566558925652498e+04 1.003655518248677270e+00
6.075566584931721445e+04 9.999109928552593063e-01
6.075566610937791120e+04 1.003680293568040005e+00
6.075566636943860794e+04 1.004043782936227647e+00
6.075566662949930469e+04 1.000603063950039173e+00
6.075566688956000144e+04 9.952049560304759845e-01
6.075566714962069818e+04 1.007096195950741846e+00
6.075566740968139493e+04 9.955863040186240243e-01
6.075566766974209168e+04 1.002531808434066418e+00
6.075566792980278115e+04 9.895077269410629262e-01
6.075566818986347789e+04 1.002434073179219398e+00
6.075566844992417464e+04 1.003068525003882661e+00
6.075566870998487866e+04 1.012221372798910002e+00
6.075566897004557541e+04 1.014758780611227706e+00
6.075566923010626488e+04 9.993197883008257953e-01
6.075566949016696162e+04 9.994263244958160319e-01
6.075566975022765837e+04 9.989303996928275975e-01
6.075567001028834784e+04 1.009486430219056929e+00
6.075567027034905186e+04 9.989680134362830533e-01
6.075567053040974133e+04 1.006118895047495521e+00
6.075567079047044535e+04 9.893891596292661017e-01
6.075567105053114210e+04 1.000064007107090536e+00
6.075567131059183157e+04 9.955834450812621750e-01
6.075567157065252832e+04 9.973920596495745583e-01
6.075567183071322506e+04 1.005355513924705235e+00
6.075567209077392181e+04 9.975748809394149319e-01
6.075567235083461856e+04 1.003419055400018856e+00
6.075567261089531530e+04 1.010166658947034390e+00
6.075567287095601205e+04 1.002749522326842335e+00
6.075567313101670879e+04 1.000060153067585000e+00
6.075567339107740554e+04 1.004185537988864230e+00
6.075567365113810229e+04 9.988067005744500904e-01
6.075567391119879176e+04 9.971441587206675283e-01
6.075567417125948850e+04 1.001873379084554205e+00
6.075567443132019253e+04 9.969778612843078758e-01
6.075567469138088200e+04 9.992831355240208158e-01
6.075567495144157874e+04 9.947217720885533909e-01
6.075567521150227549e+04 1.004297592279499440e+00
6.075567547156297223e+04 1.002091066907274453e+00
6.075567573162366898e+04 1.005577224988535079e+00
6.075567599168436573e+04 1.002789560533664082e+00
6.075567625174506247e+04 1.004397973573857294e+00
6.075567651180575922e+04 9.991713967671552732e-01
6.075567677186645597e+04 1.002284444389870632e+00
6.075567703192715271e+04 9.977550923317023424e-01
6.075567729198784218e+04 1.004800861025977987e+00
6.075567755204853893e+04 1.002011581158284148e+00
6.075567781210924295e+04 1.002782027572638013e+00
6.075567807216993242e+04 9.986260449300649045e-01
6.075567833223062917e+04 9.954918320825283384e-01
6.075567859229132591e+04 9.954706551525041025e-01
6.075567885235202266e+04 1.011405697384792024e+00
6.075567911241271941e+04 1.004730734268459269e+00
6.075567937247341615e+04 1.001228745713673263e+00
6.075567963253411290e+04 9.980897156157509942e-01
6.075567989259480964e+04 1.002403635855945385e+00
6.075568015265550639e+04 9.961080829120941837e-01
6.075568041271620314e+04 1.006799186786852873e+00
6.075568067277689261e+04 1.001114422081134103e+00
6.075568093283759663e+04 1.009125898495150331e+00
6.075568119289829338e+04 1.002847676259652099e+00
6.075568145295898285e+04 1.006616130570099577e+00
6.075568171301968687e+04 1.000270744777694842e+00
6.075568197308037634e+04 9.969906160423804842e-01
6.075568223314107308e+04 1.009591348534970345e+00
6.075568249320177711e+04 1.001131507640233620e+00
6.075568275326246658e+04 9.973188512393860172e-01
6.075568301332316332e+04 1.006174495329058338e+00
6.075568327338386007e+04 1.005699817084369840e+00
6.075568483179301256e+04 1.004692003493925290e+00
6.075568509184680443e+04 1.002954412447867760e+00
6.075568535190059629e+04 1.005825158998515212e+00
6.075568561195438815e+04 1.004653224611026241e+00
6.075568587200818729e+04 1.005454070446582859e+00
6.075568613206199370e+04 9.995773787486434969e-01
6.075568639211578557e+04 9.973764052356801635e-01
6.075568665216957743e+04 9.974830488148090923e-01
6.075568691222336929e+04 1.005865179648159913e+00
6.075568717227716115e+04 9.980012898840318059e-01
6.075568743233096029e+04 9.947143808807289433e-01
6.075568769238475215e+04 1.002669717820053208e+00
6.075568795243854402e+04 1.005512618618590981e+00
6.075568821249233588e+04 1.004771201823216442e+00
6.075568847254613502e+04 1.004145041188791332e+00
6.075568873259992688e+04 1.010578054947466775e+00
6.075568899265372602e+04 1.006799113321067418e+00
6.075568925270752516e+04 9.953498358130388191e-01
6.075568951276131702e+04 1.001016772616438955e+00
6.075568977281511616e+04 9.991909550054470790e-01
6.075569003286890802e+04 1.000237236753035441e+00
6.075569029292269988e+04 9.999788312079197494e-01
6.075569055297649174e+04 9.981062914160674371e-01
6.075569081303029088e+04 1.004221483736414289e+00
6.075569107308408275e+04 9.971350690050897470e-01
6.075569133313787461e+04 1.009978355479152601e+00
6.075569159319166647e+04 9.968181547205094972e-01
6.075569185324547288e+04 1.001280953400840001e+00
6.075569211329927202e+04 9.918671273063225380e-01
6.075569237335306389e+04 1.005808758397932712e+00
6.075569263340685575e+04 1.006069025627758018e+00
6.075569289346064761e+04 9.977728940573831196e-01
6.075569315351444675e+04 1.008406618694057677e+00
6.075569341356823861e+04 1.002402588268383576e+00
6.075569367362203047e+04 9.997165449557953165e-01
6.075569393367582234e+04 9.990847263891354801e-01
6.075569419372962147e+04 1.007572066705953340e+00
6.075569445378341334e+04 9.955510449513937932e-01
6.075569471383720520e+04 1.003463045465725401e+00
6.075569497389100434e+04 1.004440098548009974e+00
6.075569523394481075e+04 1.035800212232553585e+00
6.075569549399860261e+04 1.002182333604568321e+00
6.075569575405239448e+04 1.002003944417588110e+00
6.075569601410618634e+04 9.981128046484963878e-01
6.075569627415998548e+04 1.000460015238262557e+00
6.075569653421377734e+04 1.002331644768018837e+00
6.075569679426756920e+04 9.972543015271055911e-01
6.075569705432136107e+04 9.982091544596048971e-01
6.075569731437516020e+04 1.003908808183212598e+00
6.075569757442895207e+04 1.001576244868515042e+00
6.075569783448274393e+04 1.005314233636373844e+00
6.075569809453654307e+04 1.012669230159872091e+00
6.075569835459034948e+04 1.006985316660965024e+00
6.075569861464414134e+04 9.983600055059799194e-01
6.075569887469793321e+04 9.947100063062114250e-01
6.075569913475172507e+04 1.003831611753389419e+00
6.075569939480552421e+04 1.004223415580122625e+00
6.075569965485931607e+04 1.012018344852889884e+00
6.075569991491310793e+04 9.954575369055862488e-01
6.075570017496689979e+04 9.971716924504646640e-01
6.075570043502069893e+04 1.002211726148599213e+00
6.075570069507449080e+04 1.008096212039113704e+00
6.075570095512828993e+04 1.001300835325807492e+00
6.075570121518208907e+04 9.997551426407377262e-01
6.075570147523588821e+04 9.976991143204546608e-01
6.075570173528968007e+04 1.001336683420019691e+00
6.075570199534347194e+04 1.008111043121310502e+00
6.075570225539727107e+04 9.937832933046042427e-01
6.075570251545106294e+04 1.000329156680290765e+00
6.075570277550485480e+04 1.002404329369284364e+00
6.075570303555864666e+04 1.014119446168378014e+00
6.075570329561244580e+04 9.940140250856850379e-01
6.075570355566623766e+04 1.000741543890741436e+00
6.075570381572002952e+04 1.006990352605875660e+00
6.075570407577382866e+04 9.969194955609420594e-01
6.075570433582763508e+04 9.877646545209451956e-01
6.075570459588142694e+04 1.005595651786979738e+00
6.075570485593521880e+04 1.002446100202284196e+00
6.075570511598901066e+04 1.003689699789499512e+00
6.075570537604280980e+04 9.967391743980900110e-01
6.075570563609660167e+04 1.002204539376214010e+00
6.075570589615039353e+04 9.951469916730067977e-01
6.075570615620419267e+04 9.955734882806381858e-01
6.075570641625798453e+04 1.001696936414908201e+00
6.075570667631177639e+04 9.990954712115980296e-01
6.075570693636557553e+04 1.006801629205155590e+00
6.075570719641938194e+04 9.986715068612476154e-01
6.075570745647317381e+04 9.998580360372286702e-01
6.075570771652696567e+04 1.001233168277480434e+00
6.075570797658076481e+04 1.012618988333342074e+00
6.075570823663455667e+04 1.004515921841558024e+00
6.075570849668834853e+04 9.875797053901507194e-01
6.075570875674214039e+04 1.001937743023332050e+00
6.075570901679593953e+04 9.976437234543182875e-01
6.075570927684973140e+04 1.008233616393195531e+00
6.075570953690352326e+04 9.959002729081163352e-01
6.075570979695732240e+04 1.002321566851446466e+00
6.075571005701112153e+04 1.000527200560989094e+00
6.075571031706492067e+04 9.938762056653293042e-01
6.075571057711871254e+04 9.966834641087872759e-01
6.075571083717251167e+04 1.010540994290008765e+00
6.075571109722630354e+04 9.930439485595252691e-01
6.075571135728009540e+04 1.003600028298535340e+00
6.075571161733389454e+04 1.001412850940501587e+00
6.075571187738768640e+04 9.983895084585308055e-01
6.075571213744147826e+04 1.001806384819316609e+00
6.075571239749527740e+04 1.010231471052117858e+00
6.075571265754906926e+04 9.864952172138518049e-01
6.075571291760286840e+04 1.009894014789912475e+00
6.075571317765666754e+04 9.956638464723760462e-01
6.075571474868715450e+04 1.004929210842299137e+00
6.075571500874785124e+04 9.964546025668965523e-01
6.075571526880854799e+04 9.932750779611178027e-01
6.075571552886924474e+04 9.904286995992517273e-01
6.075571578892994148e+04 9.972139169457304719e-01
6.075571604899063823e+04 9.983052739279050236e-01
6.075571630905133497e+04 1.003801496313071251e+00
6.075571656911203172e+04 9.939087003007088805e-01
6.075571682917273574e+04 1.004157674705839831e+00
6.075571708923342521e+04 1.003767731045291489e+00
6.075571734929412196e+04 9.888123805271402667e-01
6.075571760935482598e+04 9.948314803189269862e-01
6.075571786941552273e+04 1.000169690729866057e+00
6.075571812947621947e+04 9.943365055681783193e-01
6.075571838953690894e+04 9.965783695910022111e-01
6.075571864959761297e+04 1.009858821791877581e+00
6.075571890965830971e+04 9.960032718563985865e-01
6.075571916971899918e+04 9.954936653289184756e-01
6.075571942977970320e+04 9.929683380706800788e-01
6.075571968984039995e+04 9.955274233334858724e-01
6.075571994990109670e+04 9.963330154859401100e-01
6.075572020996180072e+04 1.001326218759732045e+00
6.075572047002249019e+04 9.938787674270143091e-01
6.075572073008318694e+04 1.004621176142093342e+00
6.075572099014388368e+04 9.996142065119142384e-01
6.075572125020458770e+04 1.000903202114893142e+00
6.075572151026528445e+04 9.913013784309934184e-01
6.075572177032597392e+04 9.961653990033059181e-01
6.075572203038667794e+04 1.003762359313872476e+00
6.075572229044737469e+04 9.945536583468476133e-01
6.075572255050806416e+04 9.973086078713958580e-01
6.075572281056877546e+04 1.000605940752675727e+00
6.075572307062946493e+04 9.967781421865132829e-01
6.075572333069016167e+04 9.921430682925241884e-01
6.075572359075086570e+04 9.934430322569329785e-01
6.075572385081155517e+04 9.941641824948075357e-01
6.075572411087225191e+04 9.916359949623189118e-01
6.075572437093294866e+04 9.995567160386128469e-01
6.075572463099365268e+04 9.936099607115488341e-01
6.075572489105434943e+04 9.868129254150981300e-01
6.075572515111503890e+04 1.002854611700125798e+00
6.075572541117574292e+04 1.002375428082370679e+00
6.075572567123643967e+04 1.006756479063823928e+00
6.075572593129713641e+04 9.852372535683058263e-01
6.075572619135784043e+04 9.916307300716264983e-01
6.075572645141852990e+04 1.002662608644868669e+00
6.075572671147922665e+04 9.985305889682597469e-01
6.075572697153993067e+04 1.008445630908307411e+00
6.075572723160062014e+04 9.954154852422603117e-01
6.075572749166131689e+04 1.000656313429220345e+00
6.075572775172202091e+04 1.006351176480550835e+00
6.075572801178271766e+04 9.889656531394070971e-01
6.075572827184341440e+04 1.000525516915043989e+00
6.075572853190411115e+04 1.000183028451335998e+00
6.075572879196480790e+04 9.974895115547265378e-01
6.075572905202550464e+04 9.965995276640248202e-01
6.075572931208620867e+04 1.005763339633282349e+00
6.075572957214690541e+04 9.971773897893606575e-01
6.075572983220759488e+04 9.968000101496645726e-01
6.075573009226829890e+04 9.983057891853058807e-01
6.075573035232899565e+04 1.008627681199769199e+00
6.075573061238968512e+04 9.953946142788437923e-01
6.075573087245038914e+04 1.009279800783315695e+00
6.075573113251108589e+04 1.003045797893327595e+00
6.075573139257178264e+04 9.975741328141278785e-01
6.075573165263248666e+04 9.967162015565581568e-01
6.075573191269317613e+04 9.978264017829083787e-01
6.075573217275387287e+04 1.000274830401069126e+00
6.075573243281457690e+04 9.905264617240139291e-01
6.075573269287527364e+04 1.002357201934724218e+00
6.075573295293597039e+04 9.972943312131359317e-01
6.075573321299666713e+04 1.000398223127907160e+00
6.075573347305736388e+04 1.000596139904759818e+00
6.075573373311806063e+04 9.981595687464263067e-01
6.075573399317875737e+04 9.956808918539036268e-01
6.075573425323946140e+04 9.932645005906872715e-01
6.075573451330015087e+04 9.953152533359143073e-01
6.075573477336085489e+04 1.008478335501593381e+00
6.075573503342155163e+04 9.972518473343756629e-01
6.075573529348224110e+04 1.001682480563189648e+00
6.075573555354294513e+04 9.873994525222126173e-01
6.075573581360364187e+04 9.982174430482519956e-01
6.075573607366434589e+04 1.002126749722677790e+00
6.075573633372504264e+04 9.941855376486820051e-01
6.075573659378573211e+04 1.001870290658117391e+00
6.075573685384643613e+04 1.012171193412840120e+00
6.075573711390713288e+04 9.980754796072205393e-01
6.075573737396782963e+04 1.000672090765067690e+00
6.075573763402853365e+04 1.002187993371751018e+00
6.075573789408922312e+04 1.008979543066591100e+00
6.075573815414991986e+04 1.008839959650098539e+00
6.075573841421062389e+04 9.990710096788967265e-01
6.075573867427131336e+04 1.007264836095611793e+00
6.075573893433201010e+04 1.000483506900484487e+00
6.075573919439271413e+04 1.006382435804261455e+00
6.075573945445341087e+04 9.972257059277744862e-01
6.075573971451411489e+04 9.920082048084658544e-01
6.075573997457480436e+04 9.960721294499818024e-01
6.075574023463550111e+04 9.970539441828101257e-01
6.075574049469620513e+04 9.987287421223569606e-01
6.075574075475690188e+04 9.980698266080566539e-01
6.075574101481759863e+04 9.920318337234016459e-01
6.075574127487829537e+04 1.004804721267289258e+00
6.075574153493899212e+04 9.980048520401938461e-01
6.075574179499969614e+04 9.988421413210122335e-01
6.075574205506038561e+04 1.000653014892031401e+00
6.075574231512108236e+04 9.959399214979323123e-01
6.075574257518178638e+04 9.995774060083161272e-01
6.075574283524248312e+04 9.936931547747119842e-01
6.075574309530317987e+04 1.004306499931395757e+00
6.075574483016229351e+04 1.002201375503496417e+00
6.075574509021608537e+04 1.005067329058701109e+00
6.075574535026989179e+04 1.006142854413637711e+00
6.075574561032369093e+04 1.003312904306031150e+00
6.075574587037748279e+04 1.000549640889524250e+00
6.075574613043128193e+04 9.971879566454526778e-01
6.075574639048507379e+04 1.002464975987516382e+00
6.075574665053887293e+04 1.000656230805796243e+00
6.075574691059266479e+04 9.968898753068915486e-01
6.075574717064645665e+04 1.004937080393040638e+00
6.075574743070025579e+04 1.002446572564984706e+00
6.075574769075404765e+04 1.005374089862939302e+00
6.075574795080784679e+04 9.979757896960267383e-01
6.075574821086163865e+04 1.000886376311540094e+00
6.075574847091544507e+04 1.006128466300856727e+00
6.075574873096924421e+04 1.001483037430359602e+00
6.075574899102303607e+04 1.010450930557168503e+00
6.075574925107683521e+04 1.002941679971017797e+00
6.075574951113062707e+04 1.004805667903742705e+00
6.075574977118442621e+04 9.975236029325640352e-01
6.075575003123821807e+04 1.007097162993494832e+00
6.075575029129201721e+04 9.987117371242651975e-01
6.075575055134580907e+04 1.000744266851396391e+00
6.075575081139960093e+04 9.996807630706051606e-01
6.075575107145340007e+04 9.976806488442998555e-01
6.075575133150719921e+04 9.985538442659199765e-01
6.075575159156100563e+04 1.008547543278085934e+00
6.075575185161479749e+04 1.003540314336610617e+00
6.075575211166859663e+04 1.004178351491368915e+00
6.075575237172238849e+04 1.010767482221185398e+00
6.075575263177618035e+04 1.003333486449538459e+00
6.075575289182997949e+04 9.988010005158707294e-01
6.075575315188377135e+04 1.002682660824298022e+00
6.075575341193757049e+04 9.971840119129559143e-01
6.075575367199136235e+04 9.992652146921368050e-01
6.075575393204516149e+04 1.011976314379865238e+00
6.075575419209895335e+04 9.970153355070644485e-01
6.075575445215275249e+04 9.948335586054686264e-01
6.075575471220655891e+04 1.013880796753466873e+00
6.075575497226035077e+04 9.934098395746917554e-01
6.075575523231414991e+04 1.002557103470735234e+00
6.075575549236794177e+04 9.991387528778958860e-01
6.075575575242174091e+04 1.009832570323879519e+00
6.075575601247553277e+04 1.004493860849819731e+00
6.075575627252933191e+04 1.007929209874675935e+00
6.075575653258312377e+04 1.004370996112236902e+00
6.075575679263691563e+04 1.000877594707008544e+00
6.075575705269071477e+04 1.001547976485327229e+00
6.075575731274451391e+04 1.005579681511860057e+00
6.075575757279832033e+04 1.011930607149692296e+00
6.075575783285211219e+04 1.004399307929130680e+00
6.075575809290591133e+04 1.005253112160246154e+00
6.075575835295970319e+04 9.963685727999385122e-01
6.075575861301350233e+04 1.001553562382307305e+00
6.075575887306729419e+04 9.974932541170835609e-01
6.075575913312109333e+04 1.004806529770638779e+00
6.075575939317488519e+04 1.009229659229828657e+00
6.075575965322867705e+04 9.962390316515126187e-01
6.075575991328247619e+04 1.002805698085959207e+00
6.075576017333626805e+04 9.931572210316853555e-01
6.075576043339007447e+04 1.001608138330425168e+00
6.075576069344387361e+04 1.008589225521866695e+00
6.075576095349767274e+04 9.901719767903044422e-01
6.075576121355146461e+04 1.002233494531269198e+00
6.075576147360526375e+04 1.002902559490490120e+00
6.075576173365905561e+04 1.007075042069828008e+00
6.075576199371285475e+04 1.003305150144203406e+00
6.075576225376664661e+04 1.000898823537250459e+00
6.075576251382044575e+04 9.985775644387787642e-01
6.075576277387423761e+04 1.008649916246101119e+00
6.075576303392802947e+04 9.980639613474563410e-01
6.075576329398183589e+04 1.017340621232096121e+00
6.075576355403563502e+04 1.003682686629040255e+00
6.075576381408943416e+04 1.005450279282051440e+00
6.075576407414322603e+04 1.004107142654868001e+00
6.075576433419702516e+04 1.004178428565975389e+00
6.075576459425081703e+04 1.007127978439355420e+00
6.075576485430461616e+04 1.004991258827029110e+00
6.075576511435840803e+04 9.999964483863647002e-01
6.075576537441220717e+04 9.963756618610623006e-01
6.075576563446599903e+04 1.012620695286962968e+00
6.075576589451979817e+04 1.002589967114293712e+00
6.075576615457359003e+04 1.000973299685158135e+00
6.075576641462739644e+04 1.003102898102298690e+00
6.075576667468119558e+04 9.991326658055937893e-01
6.075576693473499472e+04 1.000975495667836723e+00
6.075576719478878658e+04 1.004510287245021116e+00
6.075576745484258572e+04 1.007188722552694982e+00
6.075576771489637758e+04 1.003291792881761069e+00
6.075576797495017672e+04 9.915042876254153148e-01
6.075576823500396858e+04 1.004405621747775479e+00
6.075576849505776045e+04 9.988914695562914892e-01
6.075576875511155959e+04 1.006084276060629445e+00
6.075576901516535145e+04 9.967109897257576678e-01
6.075576927521915786e+04 1.011947513987785596e+00
6.075576953527295700e+04 1.001737210213464513e+00
6.075576979532675614e+04 9.915884328591340058e-01
6.075577005538054800e+04 9.968967319225963131e-01
6.075577031543434714e+04 1.003687086480119284e+00
6.075577057548813900e+04 1.009962733918868816e+00
6.075577083554193814e+04 9.979978164873060109e-01
6.075577109559573000e+04 1.009297575408696135e+00
6.075577135564952914e+04 1.003260299020193536e+00
6.075577161570332100e+04 9.964951868864286855e-01
6.075577187575712014e+04 1.001230802213503024e+00
6.075577213581091200e+04 1.007266098208010829e+00
6.075577239586471842e+04 1.004801832299785369e+00
6.075577265591851756e+04 1.005932398323376775e+00
6.075577291597231670e+04 1.000156414715051234e+00
6.075577317602610856e+04 1.010477486997289009e+00
