6.075585120116569306e+04 1.008662197311632980e+00
6.075585146121949219e+04 9.973947926923691920e-01
6.075585172127328406e+04 1.004553864581062328e+00
6.075585198132708319e+04 1.000123847852906644e+00
6.075585224138088233e+04 9.962105158611179734e-01
6.075585250143468147e+04 1.005724343379623686e+00
6.075585276148847333e+04 9.960836383784080761e-01
6.075585302154227247e+04 1.001450687684589447e+00
6.075585328159607161e+04 9.895936637960572879e-01
6.075585354164987803e+04 9.876055157411318675e-01
6.075585380170368444e+04 1.010905474171160723e+00
6.075585406175747630e+04 1.002076187741697266e+00
6.075585432181127544e+04 9.984496152949765557e-01
6.075585458186507458e+04 1.001559983696253209e+00
6.075585484191887372e+04 1.013058574349756880e+00
6.075585510197266558e+04 1.003270439939321079e+00
6.075585536202646472e+04 1.003583542982646071e+00
6.075585562208026386e+04 1.007986280624655562e+00
6.075585588213406299e+04 1.001081355235897474e+00
6.075585614218786213e+04 1.011336041944616460e+00
6.075585640224165400e+04 1.003991013434502921e+00
6.075585666229546041e+04 9.977778484109921520e-01
6.075585692234926682e+04 1.000227017103177296e+00
6.075585718240306596e+04 1.004478675995665871e+00
6.075585744245685783e+04 1.006242898386555673e+00
6.075585770251065696e+04 1.010377434551644971e+00
6.075585796256445610e+04 9.962066419419931540e-01
6.075585822261825524e+04 1.001963220467200655e+00
6.075585848267205438e+04 1.002963972101309942e+00
6.075585874272584624e+04 9.987921300750068898e-01
6.075585900277964538e+04 9.953477204811155277e-01
6.075585926283344452e+04 9.959538223291661829e-01
6.075585952288725093e+04 9.941609673090239241e-01
6.075585978294105735e+04 1.013984964462763649e+00
6.075586004299484921e+04 9.979769578053296897e-01
6.075586030304864835e+04 1.009395767253419729e+00
6.075586056310244749e+04 9.997296662838972559e-01
6.075586082315624662e+04 9.956809916014712769e-01
6.075586108321004576e+04 9.985385694291225578e-01
6.075586134326383763e+04 1.005081532195631677e+00
6.075586160331763676e+04 9.998416826135123614e-01
6.075586186337143590e+04 9.953596572935252684e-01
6.075586212342523504e+04 1.004704587596900955e+00
6.075586238347903418e+04 1.003915805312283860e+00
6.075586264353283332e+04 1.006972423128360772e+00
6.075586290358663973e+04 1.003117275703173661e+00
6.075586316364043887e+04 1.000926166682855056e+00
6.075586342369423801e+04 9.976558462123616966e-01
6.075586368374803715e+04 9.908526785205603593e-01
6.075586394380182901e+04 9.965302457255293955e-01
6.075586420385562815e+04 1.003967454740323673e+00
6.075586446390942729e+04 1.008472102769347956e+00
6.075586472396322642e+04 1.004336240270412128e+00
6.075586498401702556e+04 9.993378185425595417e-01
6.075586524407081743e+04 1.002776301283289095e+00
6.075586550412462384e+04 9.953468861875001128e-01
6.075586576417843025e+04 1.001846998087633667e+00
6.075586602423222939e+04 9.935876505769747347e-01
6.075586628428602853e+04 9.969109273614950029e-01
6.075586654433982039e+04 9.983073139956928355e-01
6.075586680439361953e+04 1.005230221804597202e+00
6.075586706444741867e+04 9.989437542780632562e-01
6.075586732450121781e+04 9.934766603492698467e-01
6.075586758455501695e+04 1.001800664521041995e+00
6.075586784460881609e+04 1.012702176088637662e+00
6.075586810466260795e+04 1.001968908237146572e+00
6.075586836471640709e+04 1.007194078145058347e+00
6.075586862477021350e+04 9.955191086776501441e-01
6.075586888482401991e+04 9.995251716408536380e-01
6.075586914487781905e+04 1.002725565790675955e+00
6.075586940493161092e+04 9.996625372508167739e-01
6.075586966498541005e+04 1.005704417554518448e+00
6.075586992503920919e+04 9.954590979096880066e-01
6.075587018509300833e+04 9.998278577241990206e-01
6.075587044514680747e+04 1.002021250092702376e+00
6.075587070520060661e+04 1.002701451335580751e+00
6.075587096525439847e+04 1.005401908713964065e+00
6.075587122530819761e+04 9.927836513153245335e-01
6.075587148536199675e+04 9.943831626050350092e-01
6.075587174541581044e+04 1.006718182324052302e+00
6.075587200546960958e+04 9.988670398173650211e-01
6.075587226552340871e+04 9.907125621684914618e-01
6.075587252557720058e+04 1.003375688360833573e+00
6.075587278563099972e+04 1.010629553110087508e+00
6.075587304568479885e+04 1.008981497812470041e+00
6.075587330573859799e+04 9.956626797298447906e-01
6.075587356579239713e+04 9.977657124265293387e-01
6.075587382584619627e+04 1.005836462863623382e+00
6.075587408589998813e+04 9.943381310906131976e-01
6.075587434595378727e+04 1.008162676883736619e+00
6.075587460600759368e+04 1.004234984707507605e+00
6.075587486606140010e+04 9.940583424616190600e-01
6.075587512611519924e+04 9.940446574436960780e-01
6.075587538616899838e+04 9.938900357701244692e-01
6.075587564622279751e+04 1.005988662448577209e+00
6.075587590627658938e+04 1.006308724194320936e+00
6.075587616633038851e+04 9.857055139562594936e-01
6.075587642638418765e+04 1.000635613698274362e+00
6.075587668643798679e+04 1.000147496636647038e+00
6.075587694649178593e+04 1.000522223685126111e+00
6.075587720654558507e+04 1.004611248222788911e+00
6.075587746659937693e+04 9.941968458182770529e-01
6.075587772665318334e+04 1.000851942134357797e+00
6.075587798670698976e+04 9.952946044017876304e-01
6.075587824676078890e+04 1.009053100702427708e+00
6.075587850681458804e+04 9.980771562330329472e-01
6.075587876686838717e+04 9.974476156871069366e-01
6.075587902692218631e+04 9.982359886256694237e-01
6.075587928697597818e+04 9.978111859736998879e-01
6.075587954702977731e+04 9.875118838602537918e-01
6.075588115586427011e+04 9.989635308552936577e-01
6.075588141592496686e+04 9.985782639044098463e-01
6.075588167598567088e+04 9.891726024989710986e-01
6.075588193604636763e+04 1.000463552142206280e+00
6.075588219610707165e+04 9.863972282390437440e-01
6.075588245616777567e+04 1.000430551647351285e+00
6.075588271622847242e+04 1.002310758692396941e+00
6.075588297628917644e+04 9.951652244572989359e-01
6.075588323634988046e+04 9.986969219322056057e-01
6.075588349641056993e+04 9.946022384235819747e-01
6.075588375647127395e+04 1.003538897429226529e+00
6.075588401653197798e+04 9.862065386967515668e-01
6.075588427659268200e+04 9.983372970578794359e-01
6.075588453665338602e+04 9.860678832613377631e-01
6.075588479671408277e+04 9.978213251659815430e-01
6.075588505677478679e+04 9.953329763215570392e-01
6.075588531683548354e+04 9.913312848374309372e-01
6.075588557689618756e+04 9.985964175509480789e-01
6.075588583695689158e+04 9.941517249896746344e-01
6.075588609701758833e+04 9.964404388940053536e-01
6.075588635707829235e+04 1.004543521415257601e+00
6.075588661713899637e+04 1.000778078964497553e+00
6.075588687719969312e+04 9.993883708740088911e-01
6.075588713726038986e+04 9.928854545845249291e-01
6.075588739732109389e+04 9.897432246624203733e-01
6.075588765738179791e+04 9.965221679946498767e-01
6.075588791744250193e+04 9.978426473091259741e-01
6.075588817750319868e+04 9.899296952353114909e-01
6.075588843756390270e+04 9.990883358311439810e-01
6.075588869762460672e+04 9.845641747738342886e-01
6.075588895768530347e+04 9.995109157996681093e-01
6.075588921774600749e+04 1.002421100844158586e+00
6.075588947780670424e+04 9.939842960507349057e-01
6.075588973786740826e+04 9.963600756103077050e-01
6.075588999792811228e+04 1.000510655397867765e+00
6.075589025798880903e+04 1.001593961757238471e+00
6.075589051804952032e+04 9.995106252945786807e-01
6.075589077811021707e+04 9.952725409003403412e-01
6.075589103817091382e+04 1.001630007813720580e+00
6.075589129823161784e+04 9.870401124851524433e-01
6.075589155829231458e+04 9.995377498045565634e-01
6.075589181835301861e+04 1.002784340770340510e+00
6.075589207841372263e+04 1.006802154960801055e+00
6.075589233847442665e+04 1.001330688609307407e+00
6.075589259853513067e+04 1.001992327409404471e+00
6.075589285859582742e+04 1.000403516456528585e+00
6.075589311865652417e+04 1.001972038721790748e+00
6.075589337871722819e+04 1.000794465502369279e+00
6.075589363877793221e+04 9.922728834782768015e-01
6.075589389883863623e+04 9.891102916667684486e-01
6.075589415889933298e+04 9.964279578801034098e-01
6.075589441896003700e+04 9.949437227345260260e-01
6.075589467902074102e+04 9.970647191372908891e-01
6.075589493908143777e+04 9.952687026600196551e-01
6.075589519914213452e+04 9.996342862168920984e-01
6.075589545920283854e+04 9.941032946619036137e-01
6.075589571926354256e+04 1.002852345855623772e+00
6.075589597932424658e+04 9.960291974752024657e-01
6.075589623938494333e+04 1.000634008300720801e+00
6.075589649944564735e+04 9.897223615075525505e-01
6.075589675950635137e+04 9.985396203866132581e-01
6.075589701956705539e+04 9.918348865623276556e-01
6.075589727962775942e+04 9.949797723090890722e-01
6.075589753968844889e+04 9.901115494321949262e-01
6.075589779974915291e+04 1.005263561128608041e+00
6.075589805980985693e+04 1.003549137763900312e+00
6.075589831987055368e+04 9.937044033607391746e-01
6.075589857993125770e+04 9.987648132404115531e-01
6.075589883999196172e+04 9.916852409480901853e-01
6.075589910005266574e+04 1.001132343065217922e+00
6.075589936011336977e+04 9.920568770159787775e-01
6.075589962017406651e+04 9.850644789849759553e-01
6.075589988023477054e+04 9.981206320143154453e-01
6.075590014029546728e+04 9.906326852489114598e-01
6.075590040035617130e+04 1.006860046382429763e+00
6.075590066041687533e+04 9.955223009675603363e-01
6.075590092047757207e+04 9.961948545237163666e-01
6.075590118053827609e+04 1.003958967708347361e+00
6.075590144059898012e+04 1.011953753854553106e+00
6.075590170065967686e+04 9.985923536274238232e-01
6.075590196072038816e+04 9.941442119130333710e-01
6.075590222078108491e+04 9.928461758219753186e-01
6.075590248084178893e+04 1.005207958849712480e+00
6.075590274090249295e+04 9.919311647442682345e-01
6.075590300096318242e+04 1.001796704042810626e+00
6.075590326102388644e+04 1.006577131723915608e+00
6.075590352108459047e+04 9.955311397536146245e-01
6.075590378114529449e+04 9.946899501730227522e-01
6.075590404120599851e+04 9.969998484288831175e-01
6.075590430126669526e+04 1.000975185319232574e+00
6.075590456132739928e+04 9.984455642081214721e-01
6.075590482138810330e+04 1.000725313813159323e+00
6.075590508144880732e+04 9.989189790789032575e-01
6.075590534150951135e+04 9.951793506293634684e-01
6.075590560157020809e+04 9.992359773445704807e-01
6.075590586163091211e+04 1.008672243122938683e+00
6.075590612169160886e+04 9.933405887197415129e-01
6.075590638175230561e+04 9.980127516990149328e-01
6.075590664181300963e+04 1.005445920264981918e+00
6.075590690187371365e+04 1.001551495362739130e+00
6.075590716193441767e+04 1.007474862125792958e+00
6.075590742199512169e+04 1.002321101613730114e+00
6.075590768205581844e+04 1.000011975089778238e+00
6.075590794211652246e+04 1.003359012613735057e+00
6.075590820217722649e+04 1.002543630013140952e+00
6.075590846223793051e+04 9.967052695844363930e-01
6.075590872229863453e+04 1.000035746572949025e+00
6.075590898235933128e+04 9.968736107737504737e-01
6.075590924242003530e+04 9.956783758593059641e-01
6.075590950248073932e+04 1.007986208636188152e+00
6.075591106051386305e+04 9.987408262252415181e-01
6.075591132057445793e+04 9.972469173012973309e-01
6.075591158063505281e+04 1.000873262766302396e+00
6.075591184069564770e+04 1.000225252668999421e+00
6.075591210075624258e+04 1.000972931871624061e+00
6.075591236081683746e+04 1.011611608568755649e+00
6.075591262087743235e+04 1.003612559610035815e+00
6.075591288093802723e+04 1.000790027303978702e+00
6.075591314099862211e+04 1.002659035444743552e+00
6.075591340105922427e+04 1.003829674380568360e+00
6.075591366111981915e+04 9.966913303392791468e-01
6.075591392118041404e+04 9.991404750281732694e-01
6.075591418124100892e+04 1.004397513592403923e+00
6.075591444130160380e+04 9.951547777581283283e-01
6.075591470136219868e+04 1.006446640226254852e+00
6.075591496142279357e+04 9.975210445642438417e-01
6.075591522148338845e+04 1.006177240834630116e+00
6.075591548154399061e+04 9.981215944334265178e-01
6.075591574160458549e+04 1.000957420595178338e+00
6.075591600166518037e+04 1.001281862123322597e+00
6.075591626172577526e+04 1.009683083680062987e+00
6.075591652178637742e+04 9.956949603086789891e-01
6.075591678184697230e+04 1.006997065066288721e+00
6.075591704190756718e+04 9.971398214630695644e-01
6.075591730196816206e+04 1.000004973594629920e+00
6.075591756202875695e+04 9.947538598380752939e-01
6.075591782208935183e+04 9.977409673789807698e-01
6.075591808214994671e+04 9.918139831694956499e-01
6.075591834221054160e+04 1.002744759282879761e+00
6.075591860227113648e+04 1.003931245884729817e+00
6.075591886233173136e+04 1.005123294444197679e+00
6.075591912239232624e+04 9.973416455649077861e-01
6.075591938245292840e+04 1.006759368162255974e+00
6.075591964251352329e+04 9.947288185922031900e-01
6.075591990257411817e+04 1.007803721419197496e+00
6.075592016263471305e+04 1.003671040445501372e+00
6.075592042269530793e+04 1.003855255025388971e+00
6.075592068275590282e+04 1.004242320615456707e+00
6.075592094281649770e+04 9.939421886441418552e-01
6.075592120287709986e+04 1.000535260769489287e+00
6.075592146293769474e+04 9.934505581904748972e-01
6.075592172299828962e+04 9.950863862218347622e-01
6.075592198305888451e+04 9.993005870403089963e-01
6.075592224311948667e+04 1.006481761551812237e+00
6.075592250318008155e+04 1.006805525639204335e+00
6.075592276324067643e+04 9.995248907364056024e-01
6.075592302330127131e+04 1.001654240794302320e+00
6.075592328336186620e+04 1.007131632953871758e+00
6.075592354342246108e+04 1.008105272046293299e+00
6.075592380348305596e+04 1.000847811366931461e+00
6.075592406354365812e+04 1.004406882849058436e+00
6.075592432360425300e+04 9.993793687256049552e-01
6.075592458366484789e+04 9.953692853839212207e-01
6.075592484372544277e+04 1.005252808986435653e+00
6.075592510378604493e+04 1.006253214795465700e+00
6.075592536384663981e+04 9.994151282578599416e-01
6.075592562390723469e+04 9.951808568525266629e-01
6.075592588396782958e+04 1.013254323721967998e+00
6.075592614402842446e+04 9.999065565740373751e-01
6.075592640408901934e+04 1.002365743889034322e+00
6.075592666414961423e+04 1.007738633754799551e+00
6.075592692421020911e+04 1.005408328789814565e+00
6.075592718427081127e+04 9.969593154457916384e-01
6.075592744433140615e+04 1.001511132527120651e+00
6.075592770439200103e+04 1.006665284503265534e+00
6.075592796445260319e+04 1.003494979282637756e+00
6.075592822451319807e+04 1.002244573860581633e+00
6.075592848457379296e+04 9.916959436706673792e-01
6.075592874463438784e+04 9.955310379764376050e-01
6.075592900469498272e+04 1.000977870725023644e+00
6.075592926475557761e+04 1.001932486447339787e+00
6.075592952481617249e+04 9.912474689311908671e-01
6.075592978487676737e+04 1.002299592395455630e+00
6.075593004493736953e+04 9.974852761077100949e-01
6.075593030499796441e+04 1.000469865339533193e+00
6.075593056505855930e+04 1.005545584216589683e+00
6.075593082511916145e+04 9.982172395647269658e-01
6.075593108517975634e+04 9.973709682823060918e-01
6.075593134524035122e+04 1.004855335304370101e+00
6.075593160530094610e+04 1.008934574350456082e+00
6.075593186536154099e+04 1.007994932747630301e+00
6.075593212542213587e+04 1.000477224254887609e+00
6.075593238548273075e+04 1.004845754918205047e+00
6.075593264554332563e+04 1.006437136830395929e+00
6.075593290560392779e+04 9.993931715028542273e-01
6.075593316566452268e+04 1.002873760627831290e+00
6.075593342572511756e+04 1.000336954328064465e+00
6.075593368578571244e+04 1.005821711745087610e+00
6.075593394584631460e+04 1.007951299710906357e+00
6.075593420590690948e+04 9.935471467446672644e-01
6.075593446596750437e+04 1.005353804397742357e+00
6.075593472602809925e+04 1.001462706153426030e+00
6.075593498608869413e+04 9.999435608704143608e-01
6.075593524614928901e+04 9.989089119914680293e-01
6.075593550620988390e+04 1.011242785815131828e+00
6.075593576627048606e+04 1.001364137120669406e+00
6.075593602633108094e+04 9.924297213157192710e-01
6.075593628639167582e+04 1.004954286415378650e+00
6.075593654645227070e+04 9.897476658741880540e-01
6.075593680651287286e+04 1.008352005883783820e+00
6.075593706657346775e+04 1.005230415564883018e+00
6.075593732663406263e+04 9.947458819830758969e-01
6.075593758669465751e+04 9.937274441149950288e-01
6.075593784675525239e+04 1.011359386619991696e+00
6.075593810681584728e+04 1.007225796372265725e+00
6.075593836687644216e+04 1.003916627843157716e+00
6.075593862693704432e+04 1.012196795794821247e+00
6.075593888699763920e+04 1.008049800493498793e+00
6.075593914705823408e+04 9.986362695195204475e-01
6.075593940711883624e+04 9.960977891689283270e-01
6.075594106598430517e+04 1.000226375463226125e+00
6.075594132604500919e+04 1.003596575578586503e+00
6.075594158610571321e+04 9.959405081860447373e-01
6.075594184616640996e+04 1.001320211876866484e+00
6.075594210622711398e+04 1.008803767523376083e+00
6.075594236628781800e+04 9.991177935856556669e-01
6.075594262634852203e+04 1.010849702257023086e+00
6.075594288640922605e+04 1.004766872917997933e+00
6.075594314646992279e+04 1.004178798757364044e+00
6.075594340653063409e+04 1.003101627467168022e+00
6.075594366659133811e+04 1.000917902227060896e+00
6.075594392665203486e+04 1.006317828005265591e+00
6.075594418671273888e+04 1.001833565886941502e+00
6.075594444677344291e+04 1.007480569508605539e+00
6.075594470683414693e+04 1.004883321283553954e+00
6.075594496689485095e+04 9.967364451117354252e-01
6.075594522695554770e+04 9.936738927530121002e-01
6.075594548701625172e+04 1.004292217162752188e+00
6.075594574707695574e+04 9.993237635810787722e-01
6.075594600713765976e+04 9.925786530649309825e-01
6.075594626719836378e+04 1.017820455417353553e+00
6.075594652725906053e+04 1.002688700386743514e+00
6.075594678731976455e+04 1.000012824834265013e+00
6.075594704738046858e+04 1.003926382181724808e+00
6.075594730744116532e+04 9.980722060701037179e-01
6.075594756750187662e+04 9.994511571024659036e-01
6.075594782756257337e+04 1.010413275939310296e+00
6.075594808762328466e+04 9.950358718115516199e-01
6.075594834768398869e+04 9.979432552756137831e-01
6.075594860774468543e+04 1.002928361215548625e+00
6.075594886780538945e+04 1.004083452071111271e+00
6.075594912786609348e+04 1.004685699613825589e+00
6.075594938792679750e+04 1.000491747635471773e+00
6.075594964798750152e+04 1.003016366994016639e+00
6.075594990804819827e+04 1.008772675637572336e+00
6.075595016810890229e+04 1.011249265621431581e+00
6.075595042816960631e+04 1.005970357039070340e+00
6.075595068823031033e+04 1.000063957868425168e+00
6.075595094829101436e+04 9.974212147417408358e-01
6.075595120835171110e+04 9.940559961346888684e-01
6.075595146841241512e+04 1.000898389775632058e+00
6.075595172847312642e+04 9.993194877776256924e-01
6.075595198853382317e+04 9.946276143337909881e-01
6.075595224859452719e+04 9.961282174252297228e-01
6.075595250865523121e+04 9.942397969055021267e-01
6.075595276871593524e+04 1.001894776554090205e+00
6.075595302877663926e+04 9.989506026681180817e-01
6.075595328883733600e+04 1.009420611570427173e+00
6.075595354889804003e+04 1.009483032019922399e+00
6.075595380895874405e+04 9.961057948648064375e-01
6.075595406901944807e+04 9.947473663964309099e-01
6.075595432908015209e+04 9.990743713257879133e-01
6.075595458914084884e+04 1.004970629395714576e+00
6.075595484920156014e+04 9.961765263745846477e-01
6.075595510926226416e+04 9.990098356608381192e-01
6.075595536932296091e+04 1.002390123432298719e+00
6.075595562938366493e+04 1.006731550073085790e+00
6.075595588944436895e+04 1.003229364037442783e+00
6.075595614950507297e+04 9.968946220806736980e-01
6.075595640956577699e+04 9.988546892095213625e-01
6.075595666962647374e+04 1.000536439218369100e+00
6.075595692968717776e+04 9.993227714050340049e-01
6.075595718974788178e+04 1.002740380662450193e+00
6.075595744980858581e+04 1.002251783529990892e+00
6.075595770986929710e+04 1.002360029634635552e+00
6.075595796992999385e+04 9.949383842664952793e-01
6.075595822999069787e+04 1.004705093507062275e+00
6.075595849005140190e+04 1.000972658932072878e+00
6.075595875011209864e+04 9.913023053516560879e-01
6.075595901017280994e+04 9.997840295164813762e-01
6.075595927023350669e+04 9.992316275111845503e-01
6.075595953029421071e+04 9.913692229917928644e-01
6.075595979035491473e+04 9.991651033524602266e-01
6.075596005041561148e+04 1.002764424911159136e+00
6.075596031047632277e+04 9.931234677275949663e-01
6.075596057053702680e+04 1.007553096585518615e+00
6.075596083059773082e+04 1.000333053475606970e+00
6.075596109065843484e+04 9.984302847490766908e-01
6.075596135071913159e+04 9.954285747149673735e-01
6.075596161077983561e+04 9.937006784119416514e-01
6.075596187084053963e+04 1.000648053876596277e+00
6.075596213090124365e+04 9.948463003054662801e-01
6.075596239096194768e+04 1.005941269485260969e+00
6.075596265102265170e+04 9.985720224332245154e-01
6.075596291108335572e+04 1.002300920468531586e+00
6.075596317114405974e+04 9.968941592766880078e-01
6.075596343120475649e+04 9.985963134593938140e-01
6.075596369126546051e+04 9.949420190328756020e-01
6.075596395132616453e+04 9.934916189720774948e-01
6.075596421138686856e+04 9.916470913385410091e-01
6.075596447144757258e+04 9.967230011201521078e-01
6.075596473150827660e+04 9.955401175542819558e-01
6.075596499156898062e+04 9.968088758323933041e-01
6.075596525162968464e+04 9.940896105881089628e-01
6.075596551169038867e+04 1.004088681590798116e+00
6.075596577175109269e+04 9.944320647282557379e-01
6.075596603181178943e+04 1.003977651988805286e+00
6.075596629187249346e+04 9.978999676207285230e-01
6.075596655193319748e+04 1.001131479172373551e+00
6.075596681199390150e+04 9.983340815079440045e-01
6.075596707205460552e+04 9.943311769608297324e-01
6.075596733211530955e+04 9.869709176297551956e-01
6.075596759217601357e+04 9.967031094805154368e-01
6.075596785223671759e+04 1.004702065059926541e+00
6.075596811229741434e+04 1.001704903096063193e+00
6.075596837235811836e+04 1.001577392402841715e+00
6.075596863241882238e+04 9.993969535867577303e-01
6.075596889247953368e+04 1.007987420772763709e+00
6.075596915254023770e+04 9.997092175728296004e-01
6.075596941260093445e+04 9.926682651968580240e-01
6.075597102105359954e+04 9.898666931546127312e-01
6.075597128111420170e+04 1.002695919490653065e+00
6.075597154117479658e+04 9.940249640240839124e-01
6.075597180123539147e+04 9.856561504669959506e-01
6.075597206129598635e+04 9.871621932802441268e-01
6.075597232135658123e+04 9.905883853117375404e-01
6.075597258141718339e+04 9.973841255883816315e-01
6.075597284147777827e+04 9.972220533196786141e-01
6.075597310153837316e+04 9.968566757605906714e-01
6.075597336159897532e+04 1.014703168235332909e+00
6.075597362165957020e+04 9.898211614312698581e-01
6.075597388172016508e+04 9.972752543251671709e-01
6.075597414178077452e+04 9.916225703767052035e-01
6.075597440184136940e+04 9.942826677502091259e-01
6.075597466190196428e+04 1.000219625242101174e+00
6.075597492196255916e+04 9.924996952789162385e-01
6.075597518202315405e+04 1.005064353020274304e+00
6.075597544208374893e+04 1.001943737657185363e+00
6.075597570214434381e+04 9.988391545327144350e-01
6.075597596220494597e+04 9.925233573297685963e-01
6.075597622226554813e+04 9.848721675807565745e-01
6.075597648232614301e+04 9.929288335104040630e-01
6.075597674238673790e+04 1.002086619206570273e+00
6.075597700244734006e+04 9.988732884153869174e-01
6.075597726250793494e+04 9.979681291841144830e-01
6.075597752256853710e+04 1.003779068930891860e+00
6.075597778262913198e+04 9.982847339834226563e-01
6.075597804268972686e+04 9.959114886903273067e-01
6.075597830275032175e+04 1.002303231547463369e+00
6.075597856281091663e+04 9.913750753948429306e-01
6.075597882287151151e+04 9.994766460815748266e-01
6.075597908293212095e+04 9.973141454690137575e-01
6.075597934299271583e+04 9.958134954863169241e-01
6.075597960305331071e+04 9.943638913353483044e-01
6.075597986311390559e+04 9.911123184869754521e-01
6.075598012317450775e+04 1.006459091943521456e+00
6.075598038323510264e+04 9.840634703694399743e-01
6.075598064329570479e+04 9.936263811893890630e-01
6.075598090335629968e+04 9.975593189873327438e-01
6.075598116341689456e+04 9.975671349493500095e-01
6.075598142347748944e+04 1.001157220145747484e+00
6.075598168353808433e+04 1.001676716612046381e+00
6.075598194359869376e+04 1.005493073403949778e+00
6.075598220365928864e+04 1.000368899902264630e+00
6.075598246371988353e+04 1.000278363081554822e+00
6.075598272378047841e+04 9.980069213827909014e-01
6.075598298384108057e+04 1.001131944345717395e+00
6.075598324390167545e+04 9.955068475633913616e-01
6.075598350396227761e+04 9.997366202269161173e-01
6.075598376402287249e+04 1.004483257297520638e+00
6.075598402408346738e+04 1.005069616525550158e+00
6.075598428414406226e+04 9.951618947408128468e-01
6.075598454420465714e+04 9.903637437515583342e-01
6.075598480426526658e+04 1.001623177920461405e+00
6.075598506432586146e+04 9.893880042604606961e-01
6.075598532438645634e+04 9.890115330577279318e-01
6.075598558444705122e+04 1.000661501519834129e+00
6.075598584450765338e+04 1.001831390310860659e+00
6.075598610456825554e+04 1.009039092546293537e+00
6.075598636462885042e+04 9.929427749488789479e-01
6.075598662468944531e+04 9.986796270388984542e-01
6.075598688475004019e+04 1.008313663898002810e+00
6.075598714481063507e+04 1.002061484645459188e+00
6.075598740487123723e+04 1.000297255250504502e+00
6.075598766493183211e+04 1.000316683762355607e+00
6.075598792499243427e+04 9.945820161113799740e-01
6.075598818505302916e+04 9.960110449279712119e-01
6.075598844511362404e+04 9.993224969161004223e-01
6.075598870517423347e+04 1.006998154956829872e+00
6.075598896523482836e+04 9.905712649822210336e-01
6.075598922529542324e+04 9.918701786441480595e-01
6.075598948535601812e+04 1.000278603373058628e+00
6.075598974541661300e+04 9.967421827294489223e-01
6.075599000547721516e+04 9.990154281732295249e-01
6.075599026553781005e+04 9.994167063328821543e-01
6.075599052559840493e+04 1.013520455160956013e+00
6.075599078565900709e+04 1.000247653710394813e+00
6.075599104571960197e+04 9.991590513556847242e-01
6.075599130578020413e+04 1.006252449880277178e+00
6.075599156584080629e+04 1.000199280401885549e+00
6.075599182590140117e+04 9.961226895385612012e-01
6.075599208596199605e+04 9.924686169279952619e-01
6.075599234602259094e+04 9.968239097403593929e-01
6.075599260608319310e+04 1.002205356187496399e+00
6.075599286614378798e+04 9.988893385955388560e-01
6.075599312620438286e+04 1.001894527288572201e+00
6.075599338626497774e+04 1.011993673541830896e+00
6.075599364632558718e+04 9.948771528284401366e-01
6.075599390638618206e+04 1.001834888589043571e+00
6.075599416644677694e+04 1.000863954037102266e+00
6.075599442650737910e+04 1.003749023073452040e+00
6.075599468656797399e+04 1.002165966201026936e+00
6.075599494662857614e+04 1.008053715178803600e+00
6.075599520668917103e+04 1.001520955728387952e+00
6.075599546674976591e+04 1.000946841610776517e+00
6.075599572681036079e+04 1.008348708829790441e+00
6.075599598687096295e+04 9.965105678926223787e-01
6.075599624693155783e+04 9.995868191269874359e-01
6.075599650699215999e+04 1.004077613001558067e+00
6.075599676705275488e+04 1.000211138858333459e+00
6.075599702711334976e+04 9.967810175349418600e-01
6.075599728717395192e+04 9.979266463527911579e-01
6.075599754723455408e+04 9.951639799992640922e-01
6.075599780729514896e+04 1.003139635065382729e+00
6.075599806735574384e+04 1.002027377866745006e+00
6.075599832741634600e+04 1.005973281105543959e+00
6.075599858747694088e+04 1.007599371835603108e+00
6.075599884753753577e+04 9.928381761770830316e-01
6.075599910759813065e+04 9.982572398982751949e-01
6.075599936765874008e+04 9.928253720976262242e-01
6.075600091310295102e+04 9.969263294858099478e-01
6.075600117316365504e+04 9.952422445350828095e-01
6.075600143322435179e+04 1.000387207128647260e+00
6.075600169328505581e+04 1.005338362193119339e+00
6.075600195334576711e+04 9.987717858537079607e-01
6.075600221340647113e+04 1.012369306911185429e+00
6.075600247346717515e+04 1.008089712201565957e+00
6.075600273352787190e+04 1.006769863756478145e+00
6.075600299358858319e+04 9.991187836539107137e-01
6.075600325364928722e+04 1.000060430138168366e+00
6.075600351370998396e+04 1.004917635681626065e+00
6.075600377377069526e+04 1.003922937760456158e+00
6.075600403383139928e+04 9.998133332310868981e-01
6.075600429389210331e+04 1.007354497396937054e+00
6.075600455395280733e+04 1.002287223062395149e+00
6.075600481401350407e+04 1.006674357587464819e+00
6.075600507407421537e+04 9.938559002953207822e-01
6.075600533413491939e+04 9.996771132304512752e-01
6.075600559419562342e+04 1.007376946553089292e+00
6.075600585425632744e+04 9.985363089033131301e-01
6.075600611431703146e+04 1.011169855908644832e+00
6.075600637437773548e+04 1.007705021740279205e+00
6.075600663443843951e+04 1.002685770296497969e+00
6.075600689449914353e+04 9.980776959117011460e-01
6.075600715455985483e+04 9.979994752166917449e-01
6.075600741462055157e+04 1.004889450202315127e+00
6.075600767468125559e+04 1.002275489287632659e+00
6.075600793474195962e+04 9.974146806466736015e-01
6.075600819480266364e+04 1.001224299154246600e+00
6.075600845486336766e+04 1.010609158454567558e+00
6.075600871492407168e+04 1.006521610075898021e+00
6.075600897498478298e+04 1.001647406507038873e+00
6.075600923504548700e+04 1.008500097829839515e+00
6.075600949510618375e+04 1.002582860417755795e+00
6.075600975516688777e+04 1.000380674628350119e+00
6.075601001522759907e+04 1.012484979079659064e+00
6.075601027528830309e+04 1.005128748307723363e+00
6.075601053534900711e+04 9.979268274977137754e-01
6.075601079540970386e+04 1.001693619581818462e+00
6.075601105547041516e+04 1.009474564235569582e+00
6.075601131553111918e+04 9.974885650830539463e-01
6.075601157559181593e+04 1.007527359339073891e+00
6.075601183565252722e+04 1.007714294019072421e+00
6.075601209571323125e+04 1.006576615737848845e+00
6.075601235577393527e+04 9.988060188959358987e-01
6.075601261583463929e+04 9.992920376065298482e-01
6.075601287589534331e+04 9.964266219431932026e-01
6.075601313595604734e+04 9.980930693351843797e-01
6.075601339601675136e+04 1.002292075741090249e+00
6.075601365607746266e+04 1.003335428232358995e+00
6.075601391613816668e+04 1.002463887415452781e+00
6.075601417619886342e+04 1.006495560224433206e+00
6.075601443625956745e+04 1.015262381295872540e+00
6.075601469632027874e+04 1.005674069347712196e+00
6.075601495638097549e+04 1.005779291355088256e+00
6.075601521644168679e+04 1.000971441289898012e+00
6.075601547650239081e+04 1.000448046762020482e+00
6.075601573656309483e+04 1.005569077956329327e+00
6.075601599662379886e+04 9.979147591998657196e-01
6.075601625668450288e+04 1.003630212320734350e+00
6.075601651674520690e+04 9.945485618249018112e-01
6.075601677680591092e+04 1.010389158928549858e+00
6.075601703686661494e+04 1.001521396440102629e+00
6.075601729692732624e+04 1.003597117459987365e+00
6.075601755698802299e+04 1.001023024008545592e+00
6.075601781704872701e+04 1.006191653063351010e+00
6.075601807710943831e+04 1.008305759224287446e+00
6.075601833717014233e+04 1.004492479761794455e+00
6.075601859723084635e+04 1.001561096137042473e+00
6.075601885729155038e+04 1.010537818747255123e+00
6.075601911735225440e+04 1.004774924047912910e+00
6.075601937741295842e+04 1.012732884188045190e+00
6.075601963747365517e+04 1.008574294154284345e+00
6.075601989753436646e+04 1.003223106389072639e+00
6.075602015759507049e+04 9.931765571177894047e-01
6.075602041765577451e+04 1.008955183071250872e+00
6.075602067771648581e+04 9.998408516322990769e-01
6.075602093777718255e+04 1.006424130845205323e+00
6.075602119783788658e+04 9.990998834602259349e-01
6.075602145789859787e+04 1.002722736999497988e+00
6.075602171795930190e+04 1.002079507545028614e+00
6.075602197802000592e+04 1.002462950038286893e+00
6.075602223808070994e+04 1.002469476388725411e+00
6.075602249814141396e+04 1.010915542493080466e+00
6.075602275820211798e+04 1.003330555709670113e+00
6.075602301826282201e+04 1.006126291856089150e+00
6.075602327832352603e+04 1.000832167853662469e+00
6.075602353838423005e+04 1.003872212655015250e+00
6.075602379844494135e+04 1.007104140596845054e+00
6.075602405850564537e+04 9.962160954636979371e-01
6.075602431856634212e+04 1.008854546072211589e+00
6.075602457862704614e+04 1.007983514903287192e+00
6.075602483868775744e+04 1.001963628801757489e+00
6.075602509874846146e+04 9.992386710909432201e-01
6.075602535880916548e+04 9.952104140038069424e-01
6.075602561886986950e+04 1.008689617062914268e+00
6.075602587893057353e+04 1.002214475558298457e+00
6.075602613899127755e+04 1.000950153641908535e+00
6.075602639905198885e+04 9.968781881862947003e-01
6.075602665911269287e+04 1.001304952496567591e+00
6.075602691917338962e+04 1.002387944381269325e+00
6.075602717923410091e+04 1.001722458496580259e+00
6.075602743929480494e+04 1.004989643427310897e+00
6.075602769935550168e+04 1.005452573370697822e+00
6.075602795941621298e+04 9.905406202583101338e-01
6.075602821947691700e+04 1.006803200281482180e+00
6.075602847953762102e+04 1.004747444090628994e+00
6.075602873959833232e+04 1.005779069569486373e+00
6.075602899965902907e+04 1.000724227578528858e+00
6.075602925971973309e+04 1.004343852045872509e+00
6.075603093119423283e+04 9.983177419010738074e-01
6.075603119125482772e+04 9.970743469205284315e-01
6.075603145131542988e+04 9.960980843970058674e-01
6.075603171137602476e+04 9.970151564549695200e-01
6.075603197143662692e+04 9.968868659538401289e-01
6.075603223149722908e+04 1.003963289227958855e+00
6.075603249155782396e+04 9.986218745647074124e-01
6.075603275161842612e+04 9.965871127343817193e-01
6.075603301167902100e+04 9.989344589309979705e-01
6.075603327173962316e+04 9.952287278739142540e-01
6.075603353180022532e+04 9.970817221824639365e-01
6.075603379186082020e+04 9.990766884825180716e-01
6.075603405192141508e+04 1.001057227717822462e+00
6.075603431198201724e+04 9.990811703182922443e-01
6.075603457204261213e+04 9.980301995338048959e-01
6.075603483210320701e+04 1.000273796294454343e+00
6.075603509216381644e+04 1.004156428819627855e+00
6.075603535222441133e+04 9.917999865286720729e-01
6.075603561228501349e+04 1.011035271600746466e+00
6.075603587234560837e+04 1.003379387772655340e+00
6.075603613240621053e+04 1.006548981255220854e+00
6.075603639246681269e+04 9.897371544779564045e-01
6.075603665252740757e+04 9.960225616035198737e-01
6.075603691258800245e+04 1.010317365483152985e+00
6.075603717264860461e+04 9.967630064461063810e-01
6.075603743270919949e+04 1.001556366978363810e+00
6.075603769276979438e+04 1.003552312834655735e+00
6.075603795283040381e+04 9.975295634362361108e-01
6.075603821289099869e+04 9.978834334202194567e-01
6.075603847295160085e+04 9.928492817810937732e-01
6.075603873301219573e+04 1.003288130502357101e+00
6.075603899307279789e+04 9.950357184904247143e-01
6.075603925313340005e+04 9.980086037175621705e-01
6.075603951319399494e+04 1.000371627338978442e+00
6.075603977325458982e+04 1.003101601741155591e+00
6.075604003331519198e+04 1.007326616125444829e+00
6.075604029337578686e+04 9.959945141910617750e-01
6.075604055343638902e+04 1.002488776230663348e+00
6.075604081349698390e+04 1.002792345779092598e+00
6.075604107355758606e+04 9.972051503087229207e-01
6.075604133361818822e+04 1.000222491633874000e+00
6.075604159367878310e+04 1.001827865681335306e+00
6.075604185373938526e+04 1.001824091494700086e+00
6.075604211379998742e+04 9.983409582372932967e-01
6.075604237386058230e+04 9.919240363928829574e-01
6.075604263392118446e+04 9.987646273153460985e-01
6.075604289398177934e+04 1.000461601479556428e+00
6.075604315404237423e+04 9.927211003559566205e-01
6.075604341410297639e+04 9.933610171223240526e-01
6.075604367416357127e+04 1.013140345442836932e+00
6.075604393422418070e+04 1.002650928939601060e+00
6.075604419428477559e+04 1.002084897045856904e+00
6.075604445434537047e+04 9.998046830262194984e-01
6.075604471440597990e+04 1.003682631695790972e+00
6.075604497446657479e+04 9.968281091124072679e-01
6.075604523452717694e+04 9.994032723990349254e-01
6.075604549458777183e+04 1.005947235979816057e+00
6.075604575464836671e+04 1.008399482946840564e+00
6.075604601470896887e+04 1.005641767636427764e+00
6.075604627476956375e+04 1.004784244074652833e+00
6.075604653483016591e+04 9.946540421202202387e-01
6.075604679489076807e+04 9.961205189033615071e-01
6.075604705495136295e+04 9.984314557063176387e-01
6.075604731501196511e+04 9.945116155740785224e-01
6.075604757507256727e+04 9.959115645455300925e-01
6.075604783513316943e+04 1.006318083573565447e+00
6.075604809519376431e+04 1.002739413598233487e+00
6.075604835525435919e+04 9.947611797926418920e-01
6.075604861531496135e+04 9.851673423538260810e-01
6.075604887537555624e+04 9.980063785346149352e-01
6.075604913543615839e+04 9.894255140435070928e-01
6.075604939549675328e+04 9.973189896881553551e-01
6.075604965555735544e+04 9.972341211940271011e-01
6.075604991561795759e+04 9.974234963647130581e-01
6.075605017567855248e+04 9.976954095000508671e-01
6.075605043573915464e+04 9.928638658216067947e-01
6.075605069579975680e+04 1.000176070965255404e+00
6.075605095586035168e+04 9.888265725110462201e-01
6.075605121592095384e+04 9.995797534668623419e-01
6.075605147598154872e+04 1.002593483366928551e+00
6.075605173604215088e+04 9.927930928265927824e-01
6.075605199610274576e+04 1.002111427499241758e+00
6.075605225616334792e+04 1.001353633840013302e+00
6.075605251622395008e+04 9.893302589201375952e-01
6.075605277628454496e+04 1.000821446973063633e+00
6.075605303634514712e+04 1.000109674254499925e+00
6.075605329640574200e+04 1.007605008279784720e+00
6.075605355646635144e+04 1.006627003661177966e+00
6.075605381652694632e+04 1.004266899961775428e+00
6.075605407658754848e+04 1.002730186066695506e+00
6.075605433664814336e+04 1.004656377169017789e+00
6.075605459670873825e+04 1.009179682512495901e+00
6.075605485676934040e+04 9.939823372530777190e-01
6.075605511682993529e+04 9.924577372325225078e-01
6.075605537689054472e+04 1.002556394792903705e+00
6.075605563695113960e+04 1.002050624748713981e+00
6.075605589701174176e+04 9.915148559048315713e-01
6.075605615707233665e+04 9.958091720968247351e-01
6.075605641713293880e+04 9.933147654219935951e-01
6.075605667719354096e+04 1.002668945453937033e+00
6.075605693725413585e+04 1.001801158884649823e+00
6.075605719731473800e+04 9.935870861366418172e-01
6.075605745737533289e+04 1.002052381718495866e+00
6.075605771743593505e+04 1.007152486934751012e+00
6.075605797749652993e+04 9.971913201427522466e-01
6.075605823755713209e+04 9.959431925854110856e-01
6.075605849761773425e+04 9.996399301877016974e-01
6.075605875767832913e+04 9.968698001642849471e-01
6.075605901773893129e+04 9.965363682843110249e-01
6.075605927779953345e+04 9.931173551715135606e-01
6.075606082322710427e+04 9.921814979207901342e-01
6.075606108328780829e+04 9.992259829087533074e-01
6.075606134334851231e+04 9.985141889730234643e-01
6.075606160340922361e+04 9.976594885607182883e-01
6.075606186346992035e+04 9.975394286722036874e-01
6.075606212353063165e+04 9.902131300478108633e-01
6.075606238359133567e+04 9.919218469545773020e-01
6.075606264365204697e+04 9.992154210255238533e-01
6.075606290371275099e+04 9.967579915470783369e-01
6.075606316377345502e+04 9.889897795676256820e-01
6.075606342383415904e+04 9.988529051489755117e-01
6.075606368389486306e+04 9.979340560465385090e-01
6.075606394395557436e+04 9.995284677212251667e-01
6.075606420401627838e+04 9.907859244341158389e-01
6.075606446407698240e+04 9.943671221951129180e-01
6.075606472413768643e+04 9.858949282744893239e-01
6.075606498419839772e+04 1.003218297021964522e+00
6.075606524425910175e+04 9.971358595829320492e-01
6.075606550431981304e+04 9.930792076201042651e-01
6.075606576438050979e+04 9.959875360719624426e-01
6.075606602444122109e+04 1.005986456219344127e+00
6.075606628450192511e+04 9.947466020066030312e-01
6.075606654456262913e+04 1.003980267285636607e+00
6.075606680462333316e+04 9.941784377459321753e-01
6.075606706468404445e+04 9.941761671696928149e-01
6.075606732474474848e+04 9.949185869832646301e-01
6.075606758480545250e+04 9.885339298232583838e-01
6.075606784486615652e+04 1.001428531345674333e+00
6.075606810492686054e+04 9.972188237848313985e-01
6.075606836498757184e+04 1.002492644082854767e+00
6.075606862504827586e+04 9.941398996071904026e-01
6.075606888510898716e+04 1.001158306888039418e+00
6.075606914516968391e+04 1.009050714621287925e+00
6.075606940523039520e+04 9.955125290671560379e-01
6.075606966529109923e+04 9.995768406817867602e-01
6.075606992535180325e+04 9.938377127799397082e-01
6.075607018541250727e+04 9.998489848243659051e-01
6.075607044547321857e+04 9.974998437342281754e-01
6.075607070553392259e+04 9.905286325128085378e-01
6.075607096559463389e+04 1.007123407768131251e+00
6.075607122565533064e+04 1.000715074603507171e+00
6.075607148571604193e+04 1.003050424718935574e+00
6.075607174577674596e+04 9.969846873699442780e-01
6.075607200583745725e+04 9.962080300986779768e-01
6.075607226589816128e+04 9.925693140436866457e-01
6.075607252595886530e+04 9.974122958695891272e-01
6.075607278601956932e+04 9.973610644045446394e-01
6.075607304608028062e+04 9.943739301251390827e-01
6.075607330614097737e+04 9.998166916149020533e-01
6.075607356620169594e+04 9.949730846874283996e-01
6.075607382626239269e+04 9.867056340184160446e-01
6.075607408632310398e+04 9.995012373864972099e-01
6.075607434638380801e+04 9.981432127551690403e-01
6.075607460644451203e+04 9.874032700925354789e-01
6.075607486650521605e+04 1.002620387256235590e+00
6.075607512656592735e+04 9.986248995717820209e-01
6.075607538662663137e+04 9.983141840135887346e-01
6.075607564668734267e+04 1.002748115786204819e+00
6.075607590674803942e+04 9.917463162107318375e-01
6.075607616680875071e+04 1.004195742101444022e+00
6.075607642686945474e+04 9.990533755266935989e-01
6.075607668693016603e+04 9.966954386927394660e-01
6.075607694699087006e+04 1.005393512433349734e+00
6.075607720705157408e+04 9.933984487273659347e-01
6.075607746711227810e+04 9.926585939367131850e-01
6.075607772717298940e+04 1.001317618199435433e+00
6.075607798723368614e+04 1.007404070921923411e+00
6.075607824729439744e+04 9.922663947340801815e-01
6.075607850735510146e+04 1.006016531101725064e+00
6.075607876741581276e+04 1.002831205201013987e+00
6.075607902747651679e+04 9.879412029066177992e-01
6.075607928753722081e+04 9.971867384737751472e-01
6.075607954759792483e+04 1.003820352904845725e+00
6.075607980765863613e+04 9.996296744805974743e-01
6.075608006771934015e+04 1.002067983418447605e+00
6.075608032778005145e+04 9.971113832243436725e-01
6.075608058784074819e+04 9.974923953668034526e-01
6.075608084790145949e+04 9.934493039372591650e-01
6.075608110796216351e+04 9.998214871751073263e-01
6.075608136802286754e+04 1.000420007239027909e+00
6.075608162808357156e+04 1.008024203501469707e+00
6.075608188814428286e+04 1.000417841985847600e+00
6.075608214820498688e+04 9.953264493250546519e-01
6.075608240826569818e+04 9.987273647598187143e-01
6.075608266832639492e+04 9.967821197057524785e-01
6.075608292838710622e+04 9.992497635960293501e-01
6.075608318844781024e+04 1.000063105456387769e+00
6.075608344850852154e+04 1.002603221084146679e+00
6.075608370856922556e+04 1.006109793726447377e+00
6.075608396862992959e+04 1.003769356563689819e+00
6.075608422869064088e+04 1.001816967254961499e+00
6.075608448875134491e+04 1.002351370290834209e+00
6.075608474881204893e+04 1.008071807965892575e+00
6.075608500887276023e+04 9.978183326233446282e-01
6.075608526893346425e+04 9.975333714833615195e-01
6.075608552899416827e+04 9.927885819690737135e-01
6.075608578905487957e+04 1.007433521084871053e+00
6.075608604911557632e+04 1.005526638882568324e+00
6.075608630917628761e+04 1.003055086599902390e+00
6.075608656923699164e+04 9.990920772475588851e-01
6.075608682929770293e+04 9.994208603075641628e-01
6.075608708935840696e+04 9.982125278361356768e-01
6.075608734941911098e+04 1.010969368767087539e+00
6.075608760947981500e+04 1.011793831462808768e+00
6.075608786954052630e+04 1.012243402774227086e+00
6.075608812960123760e+04 1.010130260444171979e+00
6.075608838966194162e+04 1.010391752964455714e+00
6.075608864972264564e+04 1.004851922814367082e+00
6.075608890978334966e+04 1.007863198156556228e+00
6.075608916984406096e+04 9.963009082983397269e-01
6.075609076569380704e+04 9.965460016084332073e-01
6.075609102575441648e+04 1.003889682386843729e+00
6.075609128581501136e+04 9.963260247482097487e-01
6.075609154587561352e+04 1.004323739065800636e+00
6.075609180593621568e+04 9.899111090183335682e-01
6.075609206599681784e+04 1.005408666516344862e+00
6.075609232605741272e+04 1.003087617807012277e+00
6.075609258611801488e+04 9.968166324704255121e-01
6.075609284617860976e+04 1.000642812509315416e+00
6.075609310623921192e+04 9.938939211448766242e-01
6.075609336629981408e+04 1.004142988264287606e+00
6.075609362636040896e+04 1.001953754894136850e+00
6.075609388642101840e+04 1.006916800433673709e+00
6.075609414648161328e+04 1.004215347448478513e+00
6.075609440654221544e+04 9.863457227897566293e-01
6.075609466660281760e+04 9.990956986960987107e-01
6.075609492666341976e+04 9.984129617355652631e-01
6.075609518672402191e+04 1.003829516291160795e+00
6.075609544678461680e+04 1.003008187948522201e+00
6.075609570684521896e+04 9.942048781636891874e-01
6.075609596690581384e+04 1.006808233644119088e+00
6.075609622696641600e+04 1.002894171724157957e+00
6.075609648702701088e+04 1.000971353111293372e+00
6.075609674708762032e+04 1.003417982081241000e+00
6.075609700714822247e+04 1.000855640730436313e+00
6.075609726720881736e+04 1.001617710630299918e+00
6.075609752726942679e+04 1.002145429369011964e+00
6.075609778733002167e+04 1.009402371877743620e+00
6.075609804739062383e+04 1.017099632822510369e+00
6.075609830745121872e+04 1.000225912393111205e+00
6.075609856751182087e+04 1.004846389636176784e+00
6.075609882757242303e+04 9.982274096137333519e-01
6.075609908763301792e+04 1.001493334921476075e+00
6.075609934769362008e+04 9.977522056095534664e-01
6.075609960775422223e+04 1.007949214713374175e+00
6.075609986781482439e+04 1.002238101909978862e+00
6.075610012787541928e+04 1.015667298386744966e+00
6.075610038793602143e+04 1.006233805445133189e+00
6.075610064799663087e+04 1.003181703817741743e+00
6.075610090805722575e+04 9.960290822927506671e-01
6.075610116811782791e+04 9.995579600064614656e-01
6.075610142817842279e+04 9.944077957097615661e-01
6.075610168823902495e+04 1.004039522908579229e+00
6.075610194829962711e+04 1.010643963663427458e+00
6.075610220836022199e+04 1.004784949008994621e+00
6.075610246842083143e+04 9.948051087306712947e-01
6.075610272848142631e+04 9.987402567324497049e-01
6.075610298854202847e+04 1.010089951619214110e+00
6.075610324860263063e+04 1.003849021515526019e+00
6.075610350866323279e+04 1.012557028398103132e+00
6.075610376872383495e+04 1.011521851595224231e+00
6.075610402878442983e+04 1.004297674208787239e+00
6.075610428884503199e+04 1.000682124475265944e+00
6.075610454890563415e+04 1.008005599182203005e+00
6.075610480896622903e+04 1.004794193824119830e+00
6.075610506902683119e+04 1.000151245727373128e+00
6.075610532908743335e+04 1.006159336446422081e+00
6.075610558914803551e+04 1.005387598405764971e+00
6.075610584920863766e+04 1.003387334434858058e+00
6.075610610926923255e+04 1.001987282283357983e+00
6.075610636932984198e+04 1.007284676016517277e+00
6.075610662939043686e+04 1.006471868574614570e+00
6.075610688945103902e+04 9.999611361406459675e-01
6.075610714951164118e+04 9.963118980906070510e-01
6.075610740957223607e+04 9.961703365512575292e-01
6.075610766963283822e+04 1.005549298352668375e+00
6.075610792969343311e+04 9.981118965590294323e-01
6.075610818975403527e+04 9.948003687045272603e-01
6.075610844981464470e+04 1.000028699839818236e+00
6.075610870987523958e+04 1.014124232844325624e+00
6.075610896993584174e+04 1.004095540603732628e+00
6.075610922999644390e+04 1.008798327160181030e+00
6.075610949005704606e+04 1.000647346377929736e+00
6.075610975011764822e+04 9.969723757496885552e-01
6.075611001017824310e+04 1.000776613757069056e+00
6.075611027023884526e+04 1.007181381830710931e+00
6.075611053029944742e+04 9.996825611826949398e-01
6.075611079036004230e+04 9.995762978470389415e-01
6.075611105042064446e+04 9.955594104918267240e-01
6.075611131048124662e+04 9.982382556269243645e-01
6.075611157054184878e+04 9.980181802658222301e-01
6.075611183060245094e+04 1.001282561444025943e+00
6.075611209066305310e+04 1.007282726696433706e+00
6.075611235072365525e+04 1.005872191705055485e+00
6.075611261078425741e+04 1.004885343644992046e+00
6.075611287084485230e+04 1.000077875409607797e+00
6.075611313090545445e+04 9.972543572509405818e-01
6.075611339096604934e+04 1.003757136102493508e+00
6.075611365102665150e+04 9.988550520750689721e-01
6.075611391108725365e+04 1.001226577802627915e+00
6.075611417114785581e+04 1.005137967147230915e+00
6.075611443120845797e+04 9.974744868081008020e-01
6.075611469126906013e+04 9.996175647276167586e-01
6.075611495132966229e+04 9.896076866018119755e-01
6.075611521139026445e+04 9.952488677670559003e-01
6.075611547145085933e+04 9.974681529974328553e-01
6.075611573151146149e+04 9.979981156289081667e-01
6.075611599157206365e+04 1.003857616057301616e+00
6.075611625163265853e+04 9.932002906208613480e-01
6.075611651169326069e+04 9.988233421602306095e-01
6.075611677175386285e+04 9.983702408538451811e-01
6.075611703181446501e+04 1.006451224628778895e+00
6.075611729187506717e+04 9.991035769441211079e-01
6.075611755193566933e+04 9.914154395211632886e-01
6.075611781199626421e+04 9.940492422792762683e-01
6.075611807205687364e+04 9.894357615479792978e-01
6.075611833211747580e+04 1.005117230336458833e+00
6.075611859217807068e+04 1.001439584028203544e+00
6.075611885223867284e+04 9.964352733786210337e-01
6.075611911229926773e+04 9.888411479678629323e-01
6.075612077117233275e+04 1.006291908981886474e+00
6.075612103123303677e+04 1.006991025617388180e+00
6.075612129129374080e+04 9.997097714963060211e-01
6.075612155135445209e+04 1.013709897969333751e+00
6.075612181141516339e+04 1.001153323876432077e+00
6.075612207147586741e+04 9.989011707950606889e-01
6.075612233153657144e+04 9.968125337080745441e-01
6.075612259159728274e+04 9.936754812241586077e-01
6.075612285165798676e+04 9.987631568605458421e-01
6.075612311171869806e+04 1.005193584045634525e+00
6.075612337177940935e+04 9.940237945760890259e-01
6.075612363184010610e+04 9.887687287959993077e-01
6.075612389190081740e+04 9.932404003586302599e-01
6.075612415196152870e+04 9.944744811598663636e-01
6.075612441202222544e+04 9.983793152945852345e-01
6.075612467208293674e+04 1.003274783999784647e+00
6.075612493214364804e+04 9.966548202541113399e-01
6.075612519220435206e+04 9.987536480343200962e-01
6.075612545226506336e+04 9.976656848607087236e-01
6.075612571232576738e+04 1.006434747420220210e+00
6.075612597238647140e+04 9.941659548377974609e-01
6.075612623244718270e+04 9.982819098626709575e-01
6.075612649250789400e+04 9.959839257164480042e-01
6.075612675256859802e+04 1.004718285712447701e+00
6.075612701262930204e+04 1.007490621319939716e+00
6.075612727269001334e+04 1.006190560596848416e+00
6.075612753275071736e+04 9.997727238809761552e-01
6.075612779281142139e+04 9.980661775937496039e-01
6.075612805287213268e+04 1.001031069838309362e+00
6.075612831293283671e+04 9.870181379919023001e-01
6.075612857299354800e+04 1.001540669122496618e+00
6.075612883305425930e+04 9.966775821730767815e-01
6.075612909311495605e+04 1.003214917831511288e+00
6.075612935317566735e+04 9.895983042864666679e-01
6.075612961323637865e+04 9.967882764749954605e-01
6.075612987329708267e+04 9.997609025590972198e-01
6.075613013335779397e+04 9.997274321107588735e-01
6.075613039341849799e+04 1.008003734391450301e+00
6.075613065347920201e+04 9.993023850459623603e-01
6.075613091353991331e+04 9.924110804328359903e-01
6.075613117360061733e+04 1.001573740377001309e+00
6.075613143366133590e+04 9.978172493901981133e-01
6.075613169372203265e+04 9.987515132711717314e-01
6.075613195378274395e+04 9.910819092961072885e-01
6.075613221384345525e+04 9.950236528478376696e-01
6.075613247390415199e+04 9.923169562342252226e-01
6.075613273396486329e+04 9.942756531535351661e-01
6.075613299402557459e+04 9.970392633269817839e-01
6.075613325408627861e+04 1.003151185569004511e+00
6.075613351414698991e+04 9.886359274670923902e-01
6.075613377420769393e+04 9.942023374131252478e-01
6.075613403426840523e+04 9.921060066974393132e-01
6.075613429432910925e+04 9.991232245574993565e-01
6.075613455438982055e+04 9.909012866142095088e-01
6.075613481445053185e+04 1.000019461501949758e+00
6.075613507451122859e+04 1.007690847329436368e+00
6.075613533457193989e+04 1.002254006394557750e+00
6.075613559463265119e+04 1.003829955690807463e+00
6.075613585469334794e+04 9.994136339980530526e-01
6.075613611475405924e+04 1.002878505566943135e+00
6.075613637481477053e+04 9.956609941070848624e-01
6.075613663487548183e+04 9.950728745974559697e-01
6.075613689493618585e+04 9.935637557114432861e-01
6.075613715499688988e+04 9.909800601912817086e-01
6.075613741505760117e+04 9.958178951823147829e-01
6.075613767511830520e+04 9.952427547345068515e-01
6.075613793517901649e+04 1.000036205638978215e+00
6.075613819523972779e+04 9.846639624397959256e-01
6.075613845530043181e+04 1.002459540142809802e+00
6.075613871536113584e+04 9.981427064648297209e-01
6.075613897542184714e+04 1.000110591466474075e+00
6.075613923548255116e+04 9.929493994238994814e-01
6.075613949554325518e+04 9.962613995033917647e-01
6.075613975560396648e+04 1.003071745332065889e+00
6.075614001566467778e+04 1.006129480447888414e+00
6.075614027572538907e+04 1.002026757913881294e+00
6.075614053578608582e+04 1.003303621987443828e+00
6.075614079584679712e+04 9.969078667501294344e-01
6.075614105590750842e+04 9.935684547858498750e-01
6.075614131596821244e+04 1.000052940053498984e+00
6.075614157602892374e+04 9.957800119066472222e-01
6.075614183608962776e+04 9.953435981301761437e-01
6.075614209615033906e+04 9.939796981965466349e-01
6.075614235621104308e+04 9.972923477980211171e-01
6.075614261627174710e+04 9.969265347502456187e-01
6.075614287633246568e+04 1.000328535660883311e+00
6.075614313639316970e+04 9.963234428507122820e-01
6.075614339645387372e+04 9.903491005425265614e-01
6.075614365651458502e+04 1.009517786818523888e+00
6.075614391657528904e+04 9.920057807597472133e-01
6.075614417663600034e+04 1.002901480818039870e+00
6.075614443669670436e+04 1.003289552554386788e+00
6.075614469675741566e+04 9.995722075004075391e-01
6.075614495681812696e+04 1.000035911478665884e+00
6.075614521687882370e+04 9.965888549128961715e-01
6.075614547693953500e+04 1.003408247949039156e+00
6.075614573700024630e+04 9.990127837452860149e-01
6.075614599706095760e+04 9.978618742289028232e-01
6.075614625712166162e+04 1.002326732607057735e+00
6.075614651718236564e+04 9.948808690980973646e-01
6.075614677724307694e+04 1.000217174566177425e+00
6.075614703730378824e+04 9.964572763435187719e-01
6.075614729736448498e+04 9.939923976628405322e-01
6.075614755742519628e+04 9.998215740829301534e-01
6.075614781748590758e+04 9.952948032122193034e-01
6.075614807754661888e+04 1.002861316483526499e+00
6.075614833760732290e+04 9.891016914134210802e-01
6.075614859766802692e+04 1.004363993037665770e+00
6.075614885772873822e+04 9.993054315159218826e-01
6.075614911778944952e+04 1.003089069139689649e+00
