6.075547523418369383e+04 9.923396727872448864e-01
6.075547549424438330e+04 9.933945315318902791e-01
6.075547575430508005e+04 9.999249308626916299e-01
6.075547601436576224e+04 9.826384280000721727e-01
6.075547627442645899e+04 9.961927643528947218e-01
6.075547653448714846e+04 9.892879874714309851e-01
6.075547679454784520e+04 9.958420093765542047e-01
6.075547705460853467e+04 9.871756063932102254e-01
6.075547731466922414e+04 9.995162348434977195e-01
6.075547757472991361e+04 9.981518095473440599e-01
6.075547783479061036e+04 9.980735159596958450e-01
6.075547809485129255e+04 9.941549205698799740e-01
6.075547835491198930e+04 1.000018609161034355e+00
6.075547861497267877e+04 9.896254643815661778e-01
6.075547887503337552e+04 9.883165747249015309e-01
6.075547913509406499e+04 9.970392379634130942e-01
6.075547939515475446e+04 9.825510824058087955e-01
6.075547965521544393e+04 9.962257168545312069e-01
6.075547991527614067e+04 9.882482209924126071e-01
6.075548017533683014e+04 1.001788875675645896e+00
6.075548043539752689e+04 9.964511074705614257e-01
6.075548069545820908e+04 1.002721551604671690e+00
6.075548095551890583e+04 1.008912620755811673e+00
6.075548121557959530e+04 9.964237706422697238e-01
6.075548147564028477e+04 9.975041110841632586e-01
6.075548173570098152e+04 9.933850620265005649e-01
6.075548199576167099e+04 9.979351568988183985e-01
6.075548225582236773e+04 9.896347317159315260e-01
6.075548251588305720e+04 9.949208408494412126e-01
6.075548277594374667e+04 9.951965112474576713e-01
6.075548303600443614e+04 9.908199587804091824e-01
6.075548329606513289e+04 1.006685577087165440e+00
6.075548355612582236e+04 9.958003824834344986e-01
6.075548381618651911e+04 9.951252120921154631e-01
6.075548407624720130e+04 9.929551715572061399e-01
6.075548433630789805e+04 9.946537403741421146e-01
6.075548459636858752e+04 9.907340564472615352e-01
6.075548485642928426e+04 9.969040456091358138e-01
6.075548511648997373e+04 9.947339652794747744e-01
6.075548537655066320e+04 9.978134601908655865e-01
6.075548563661135267e+04 1.000922052447519084e+00
6.075548589667204942e+04 9.944038390109057879e-01
6.075548615673273162e+04 9.971608582062451154e-01
6.075548641679342836e+04 9.968133211228511481e-01
6.075548667685411783e+04 1.007507204591733041e+00
6.075548693691481458e+04 9.868908973993845146e-01
6.075548719697551132e+04 9.944432076864712089e-01
6.075548745703619352e+04 9.945405577566388544e-01
6.075548771709689026e+04 1.004892518694690651e+00
6.075548797715757973e+04 9.926970835657495940e-01
6.075548823721827648e+04 1.003522368811375909e+00
6.075548849727896595e+04 9.956953270355132224e-01
6.075548875733965542e+04 9.897911561039118844e-01
6.075548901740034489e+04 1.002860473089853155e+00
6.075548927746104164e+04 9.943294024283617638e-01
6.075548953752172383e+04 9.921894608824290973e-01
6.075548979758242058e+04 1.001725232219420780e+00
6.075549005764311732e+04 9.923572145244682341e-01
6.075549031770380680e+04 1.003767433157933597e+00
6.075549057776450354e+04 9.950260544721024614e-01
6.075549083782518574e+04 9.948732676474997261e-01
6.075549109788588248e+04 9.895104171894880674e-01
6.075549135794657195e+04 1.000247267914240457e+00
6.075549161800726870e+04 9.985437155345322502e-01
6.075549187806795817e+04 9.935678135334651273e-01
6.075549213812864764e+04 1.010086026259727543e+00
6.075549239818933711e+04 9.988785478149457830e-01
6.075549265825003386e+04 9.982437882257751971e-01
6.075549291831072333e+04 9.930902563674155470e-01
6.075549317837142007e+04 9.853273881901895015e-01
6.075549343843210954e+04 9.944964502383939475e-01
6.075549369849279901e+04 1.013479873729624448e+00
6.075549395855349576e+04 9.944962216271778788e-01
6.075549421861417795e+04 9.893763309276364382e-01
6.075549447867487470e+04 9.926223662574777951e-01
6.075549473873556417e+04 9.941501857039655166e-01
6.075549499879626092e+04 9.957895851854650093e-01
6.075549525885695766e+04 9.912347987782367253e-01
6.075549551891763986e+04 1.001850533397895759e+00
6.075549577897833660e+04 1.000752685501151040e+00
6.075549603903902607e+04 1.008240809270351646e+00
6.075549629909972282e+04 9.969553275802786052e-01
6.075549655916041229e+04 1.005831678182181887e+00
6.075549681922110176e+04 9.940131686860977922e-01
6.075549707928179851e+04 9.944816906822487868e-01
6.075549733934248798e+04 9.935903793272182760e-01
6.075549759940317745e+04 1.007392425401047564e+00
6.075549785946386692e+04 1.001619472734764704e+00
6.075549811952456366e+04 1.003688843173855094e+00
6.075549837958525313e+04 1.000134898227442504e+00
6.075549863964594988e+04 1.002233782956496233e+00
6.075549889970663935e+04 1.002891667079283566e+00
6.075549915976732882e+04 1.004640967248852990e+00
6.075549941982802557e+04 1.009694264996601643e+00
6.075549967988871504e+04 1.003885301290122323e+00
6.075549993994941178e+04 1.006090315389418732e+00
6.075550020001009398e+04 1.005676408990827886e+00
6.075550046007079072e+04 1.004826580728430230e+00
6.075550072013148747e+04 1.008148397013554520e+00
6.075550098019216966e+04 1.000335929593262119e+00
6.075550124025286641e+04 9.930971251848482728e-01
6.075550150031355588e+04 1.000929583373666665e+00
6.075550176037425263e+04 9.820868105373021795e-01
6.075550202043494210e+04 9.955727234316084084e-01
6.075550228049563157e+04 9.910528966223750569e-01
6.075550254055632831e+04 1.001749433849756565e+00
6.075550280061701778e+04 1.006570154371248638e+00
6.075550306067771453e+04 1.000486657920922173e+00
6.075550332073840400e+04 9.999931193359267168e-01
6.075550358079909347e+04 9.974301588224336879e-01
6.075550513883041276e+04 9.896898274578581622e-01
6.075550539889110951e+04 1.013496543624829549e+00
6.075550565895179898e+04 9.970036615567519078e-01
6.075550591901248845e+04 1.011296363838176005e+00
6.075550617907318519e+04 9.995020250860352506e-01
6.075550643913387466e+04 1.002335206562757763e+00
6.075550669919457141e+04 9.980427741947586195e-01
6.075550695925526088e+04 1.006292305368808870e+00
6.075550721931595035e+04 9.997924722621069904e-01
6.075550747937664710e+04 1.004128359720907415e+00
6.075550773943733657e+04 1.002703588005620317e+00
6.075550799949803331e+04 1.003362609584857124e+00
6.075550825955872278e+04 1.006845543537482346e+00
6.075550851961941225e+04 1.000338308985542213e+00
6.075550877968010900e+04 1.006486897232205635e+00
6.075550903974079847e+04 9.931554848216301856e-01
6.075550929980148794e+04 9.969598976224072207e-01
6.075550955986217741e+04 1.006544204081777583e+00
6.075550981992287416e+04 9.910144884441725033e-01
6.075551007998357090e+04 9.922261086696559929e-01
6.075551034004426037e+04 9.875991734928668553e-01
6.075551060010494984e+04 1.009906757176428416e+00
6.075551086016564659e+04 9.944071841087458452e-01
6.075551112022633606e+04 1.003389109966093651e+00
6.075551138028703281e+04 1.004020087856726917e+00
6.075551164034772228e+04 1.004981591850370171e+00
6.075551190040841175e+04 9.999766800339957573e-01
6.075551216046910849e+04 9.930922598202818197e-01
6.075551242052979796e+04 1.010172878277645792e+00
6.075551268059049471e+04 1.016060989824212113e+00
6.075551294065118418e+04 1.006095288719783820e+00
6.075551320071187365e+04 1.007407989433069417e+00
6.075551346077257040e+04 9.948254064113727368e-01
6.075551372083325987e+04 1.008228336428154126e+00
6.075551398089394934e+04 9.902144620200307168e-01
6.075551424095464608e+04 1.000564632039185886e+00
6.075551450101533555e+04 9.992238576147984830e-01
6.075551476107603230e+04 1.002322404238667586e+00
6.075551502113672177e+04 1.002830705526672528e+00
6.075551528119741124e+04 9.970947505473101158e-01
6.075551554125810799e+04 9.986739151501753398e-01
6.075551580131879746e+04 9.938071621767302632e-01
6.075551606137949420e+04 9.947242193406353739e-01
6.075551632144019095e+04 1.007366461963518089e+00
6.075551658150087314e+04 1.004405345409077999e+00
6.075551684156156989e+04 9.959223152770895204e-01
6.075551710162226664e+04 9.971504444213030727e-01
6.075551736168294883e+04 1.002324536242153563e+00
6.075551762174364558e+04 9.988029825847170029e-01
6.075551788180433505e+04 9.999296249744999976e-01
6.075551814186503179e+04 1.003548469663119835e+00
6.075551840192572854e+04 9.975642818229533137e-01
6.075551866198641073e+04 1.002648602644437004e+00
6.075551892204710748e+04 1.000872426823135708e+00
6.075551918210780423e+04 9.979204782374136995e-01
6.075551944216849370e+04 9.972339961449510071e-01
6.075551970222919044e+04 1.003222054242822514e+00
6.075551996228987991e+04 9.916754379014762755e-01
6.075552022235056938e+04 1.002418602737902953e+00
6.075552048241126613e+04 1.008556876876014696e+00
6.075552074247194832e+04 9.917167252214493800e-01
6.075552100253265235e+04 9.950531233767609951e-01
6.075552126259334182e+04 9.994346503337696586e-01
6.075552152265403129e+04 9.874321090563448200e-01
6.075552178271472803e+04 1.003872884861374049e+00
6.075552204277541750e+04 1.002105527843052402e+00
6.075552230283610697e+04 9.968783078123159003e-01
6.075552256289680372e+04 1.007479633132254637e+00
6.075552282295750047e+04 9.948249405556551794e-01
6.075552308301818994e+04 1.004240176771406423e+00
6.075552334307887941e+04 1.000354706403127958e+00
6.075552360313957615e+04 1.006506251979841338e+00
6.075552386320026562e+04 1.003233164406198252e+00
6.075552412326096237e+04 9.962369840071961802e-01
6.075552438332165912e+04 1.002661471396272486e+00
6.075552464338234131e+04 1.008034775134026395e+00
6.075552490344303806e+04 1.008842652960094899e+00
6.075552516350373480e+04 1.006467886466551720e+00
6.075552542356441700e+04 9.957932311626529476e-01
6.075552568362511374e+04 9.983753488563209544e-01
6.075552594368581049e+04 1.009095152643963544e+00
6.075552620374649996e+04 1.003322106075755782e+00
6.075552646380719671e+04 1.003920478053184073e+00
6.075552672386788618e+04 1.004618231520085780e+00
6.075552698392857565e+04 1.003299148948633368e+00
6.075552724398927239e+04 1.002653641290897957e+00
6.075552750404996914e+04 9.991787739289152981e-01
6.075552776411065861e+04 1.003541736547352903e+00
6.075552802417134808e+04 1.008066318407130124e+00
6.075552828423204483e+04 1.002746126508918367e+00
6.075552854429273430e+04 1.002837908009557522e+00
6.075552880435342377e+04 1.007789268845882269e+00
6.075552906441412051e+04 9.954661836383602580e-01
6.075552932447480998e+04 9.999246786816837762e-01
6.075552958453550673e+04 9.917389951203674503e-01
6.075552984459620347e+04 1.004953343147772848e+00
6.075553010465688567e+04 1.002943959975948873e+00
6.075553036471758242e+04 9.997661672329835048e-01
6.075553062477827916e+04 9.899232618796133254e-01
6.075553088483896863e+04 9.970284656882615337e-01
6.075553114489966538e+04 9.966148057197334875e-01
6.075553140496035485e+04 1.004777206225883290e+00
6.075553166502104432e+04 9.874771134110189585e-01
6.075553192508174106e+04 1.003116314164462120e+00
6.075553218514243054e+04 1.012000640619752145e+00
6.075553244520312728e+04 1.007532415851864149e+00
6.075553270526381675e+04 1.003005980900975480e+00
6.075553296532451350e+04 9.935988241026449952e-01
6.075553322538520297e+04 1.001190308202503099e+00
6.075553348544589244e+04 9.912179742586357811e-01
6.075553503087646095e+04 9.932721724861584001e-01
6.075553529093715770e+04 9.876837501143348463e-01
6.075553555099784717e+04 1.005967886006304379e+00
6.075553581105853664e+04 1.012363684982984235e+00
6.075553607111923338e+04 9.999511041218777097e-01
6.075553633117992285e+04 9.908675848284133059e-01
6.075553659124061960e+04 9.969798003734333669e-01
6.075553685130131635e+04 9.946423571704504640e-01
6.075553711136199854e+04 1.007639979999437996e+00
6.075553737142269529e+04 9.987864400980859259e-01
6.075553763148339203e+04 9.860903579712849698e-01
6.075553789154408878e+04 9.987746287668547440e-01
6.075553815160477825e+04 1.006507224176179216e+00
6.075553841166546772e+04 9.956237175124053040e-01
6.075553867172616447e+04 9.985469851741883840e-01
6.075553893178685394e+04 9.959857673653490506e-01
6.075553919184754341e+04 9.953096912340088087e-01
6.075553945190824015e+04 1.001520149462138187e+00
6.075553971196892962e+04 1.008882364502924789e+00
6.075553997202962637e+04 1.018421004878379055e+00
6.075554023209032312e+04 9.966015368559535403e-01
6.075554049215101259e+04 9.890222868536759915e-01
6.075554075221170206e+04 9.967152229259444995e-01
6.075554101227239880e+04 1.007349223414742312e+00
6.075554127233309555e+04 1.001495313020184019e+00
6.075554153239378502e+04 9.917233676265534426e-01
6.075554179245447449e+04 9.960041560029417873e-01
6.075554205251517124e+04 1.006122165144780256e+00
6.075554231257586798e+04 9.959332646576088965e-01
6.075554257263655018e+04 1.007800918220683961e+00
6.075554283269725420e+04 9.995182080871134467e-01
6.075554309275794367e+04 1.015697516560095881e+00
6.075554335281863314e+04 1.010951045620783084e+00
6.075554361287932988e+04 1.002412852443596236e+00
6.075554387294001936e+04 9.963664690767395360e-01
6.075554413300071610e+04 1.006049018376915738e+00
6.075554439306140557e+04 1.000070754137776907e+00
6.075554465312210232e+04 1.007028133668803616e+00
6.075554491318279906e+04 1.002460896635221310e+00
6.075554517324348853e+04 9.908404959386666322e-01
6.075554543330417800e+04 9.927713735822498720e-01
6.075554569336487475e+04 9.957561266400425382e-01
6.075554595342557150e+04 9.984454000426152831e-01
6.075554621348626097e+04 9.967170019768690770e-01
6.075554647354695044e+04 1.004878243879494315e+00
6.075554673360764718e+04 1.017213917174812465e+00
6.075554699366834393e+04 9.889442660887508563e-01
6.075554725372902612e+04 1.006446105487095899e+00
6.075554751378972287e+04 1.007060529099284896e+00
6.075554777385041962e+04 1.003080271986655170e+00
6.075554803391111636e+04 1.006707571303446125e+00
6.075554829397180583e+04 1.000940497642877958e+00
6.075554855403249530e+04 1.007673799623131528e+00
6.075554881409319205e+04 1.013741660302351466e+00
6.075554907415388152e+04 1.001028351026768126e+00
6.075554933421457827e+04 9.997854710943850920e-01
6.075554959427527501e+04 1.000978878472579492e+00
6.075554985433596448e+04 1.004160245345386393e+00
6.075555011439665395e+04 1.005581343370246294e+00
6.075555037445735070e+04 9.907307254538014751e-01
6.075555063451804017e+04 1.007414105812665328e+00
6.075555089457873692e+04 1.007201434026221643e+00
6.075555115463942639e+04 1.000827973471582366e+00
6.075555141470012313e+04 1.005527774210995373e+00
6.075555167476081988e+04 1.005418305138963797e+00
6.075555193482150935e+04 1.000267395406695181e+00
6.075555219488219882e+04 1.007675074540804072e+00
6.075555245494289557e+04 1.000243175579496047e+00
6.075555271500359231e+04 1.000986275535772352e+00
6.075555297506428906e+04 1.003794931754497854e+00
6.075555323512497125e+04 1.001704621487830904e+00
6.075555349518566800e+04 1.000414553526318029e+00
6.075555375524636474e+04 9.922872317304813894e-01
6.075555401530705421e+04 1.005073558581454751e+00
6.075555427536775096e+04 1.001704295542706458e+00
6.075555453542844043e+04 1.000613819051294318e+00
6.075555479548913718e+04 9.916385711866774200e-01
6.075555505554983392e+04 1.001389975257478637e+00
6.075555531561051612e+04 9.911751327488281804e-01
6.075555557567121286e+04 9.996022575003392641e-01
6.075555583573190961e+04 1.001981409895655206e+00
6.075555609579260636e+04 1.001103430656456572e+00
6.075555635585329583e+04 9.920511881154897571e-01
6.075555661591398530e+04 1.002512417742087658e+00
6.075555687597468204e+04 1.000303957766428553e+00
6.075555713603537879e+04 1.008650100704628017e+00
6.075555739609607554e+04 9.900881811058169779e-01
6.075555765615676501e+04 9.909242699674533084e-01
6.075555791621745448e+04 9.869618058757251289e-01
6.075555817627815122e+04 1.004700280521472644e+00
6.075555843633884797e+04 1.004713367952466463e+00
6.075555869639953016e+04 1.005670407821687817e+00
6.075555895646022691e+04 1.001636339998936087e+00
6.075555921652092366e+04 1.002861475493984411e+00
6.075555947658162040e+04 1.002102099336066754e+00
6.075555973664230987e+04 1.015917816434057430e+00
6.075555999670299934e+04 9.994910861825363479e-01
6.075556025676369609e+04 1.002278817165340508e+00
6.075556051682439283e+04 1.011141420864353435e+00
6.075556077688508958e+04 9.889256317188594991e-01
6.075556103694577905e+04 9.965122341866639033e-01
6.075556129700646852e+04 1.005729532105202439e+00
6.075556155706716527e+04 1.011327887087178912e+00
6.075556181712786201e+04 9.967605465751583349e-01
6.075556207718854421e+04 1.002667989484735678e+00
6.075556233724924095e+04 9.947538957546815386e-01
6.075556259730993770e+04 1.004733155533025446e+00
6.075556285737063445e+04 1.002391658430853871e+00
6.075556311743133119e+04 1.004939628678157781e+00
6.075556337749201339e+04 9.866853138729659856e-01
6.075556504896522529e+04 9.958832512193667164e-01
6.075556530902591476e+04 1.011565637721097533e+00
6.075556556908661150e+04 9.979586004716025638e-01
6.075556582914730097e+04 1.003460942552447221e+00
6.075556608920799772e+04 1.010213189461322214e+00
6.075556634926869447e+04 9.941801326305360620e-01
6.075556660932938394e+04 1.001555661218652693e+00
6.075556686939008068e+04 1.007573136590627749e+00
6.075556712945077015e+04 1.007612565031417606e+00
6.075556738951146690e+04 9.832113410439452528e-01
6.075556764957216365e+04 1.002378466593649708e+00
6.075556790963285312e+04 9.993857603884630514e-01
6.075556816969354986e+04 9.858115782601316601e-01
6.075556842975423933e+04 1.007092525893181545e+00
6.075556868981492880e+04 9.901173513017593741e-01
6.075556894987563282e+04 1.006740953939407657e+00
6.075556920993632230e+04 9.928966968492306533e-01
6.075556946999701904e+04 9.945711243682888725e-01
6.075556973005770851e+04 9.974700023619940126e-01
6.075556999011839798e+04 1.003782318372663074e+00
6.075557025017909473e+04 1.005258572021217933e+00
6.075557051023979147e+04 1.005080389156314480e+00
6.075557077030048822e+04 9.975755781215742690e-01
6.075557103036117769e+04 1.007310657074006022e+00
6.075557129042186716e+04 9.979157892881316272e-01
6.075557155048256391e+04 1.003634949669749421e+00
6.075557181054326065e+04 9.976459429428325976e-01
6.075557207060395740e+04 1.001817722798537424e+00
6.075557233066464687e+04 9.969249015817450710e-01
6.075557259072533634e+04 9.996179956928190613e-01
6.075557285078603309e+04 9.924732354884920893e-01
6.075557311084672983e+04 9.917102365583715384e-01
6.075557337090741930e+04 9.999118342121182668e-01
6.075557363096811605e+04 1.012383488230415907e+00
6.075557389102880552e+04 9.946111792339683566e-01
6.075557415108950227e+04 9.999712130745889160e-01
6.075557441115019901e+04 1.001377517269979700e+00
6.075557467121088848e+04 1.002124800635090685e+00
6.075557493127158523e+04 1.014391800306932101e+00
6.075557519133227470e+04 1.004242318506140430e+00
6.075557545139297144e+04 1.001047202012220527e+00
6.075557571145366819e+04 1.002781468953319211e+00
6.075557597151435766e+04 9.842492964214950568e-01
6.075557623157505441e+04 1.000526917085644563e+00
6.075557649163575115e+04 1.000083591894514345e+00
6.075557675169643335e+04 1.005786020531945102e+00
6.075557701175713009e+04 9.998108934833820349e-01
6.075557727181782684e+04 9.989875815178973495e-01
6.075557753187852359e+04 9.973017883691441821e-01
6.075557779193922033e+04 1.003436389600988132e+00
6.075557805199990980e+04 1.005395556202891338e+00
6.075557831206059927e+04 9.988210439892994952e-01
6.075557857212129602e+04 9.906339926206187974e-01
6.075557883218199277e+04 9.930485579201465685e-01
6.075557909224268951e+04 1.003290313468748085e+00
6.075557935230337898e+04 1.004164234258370092e+00
6.075557961236407573e+04 1.007432479185488283e+00
6.075557987242476520e+04 1.004953789707413225e+00
6.075558013248546195e+04 1.003808456375174796e+00
6.075558039254615869e+04 9.909118695438415836e-01
6.075558065260684816e+04 1.001835671615638690e+00
6.075558091266754491e+04 9.995457132799082656e-01
6.075558117272824165e+04 9.913372980354190345e-01
6.075558143278892385e+04 9.990221232608959001e-01
6.075558169284962059e+04 9.962696039404762560e-01
6.075558195291031734e+04 1.002910221263688451e+00
6.075558221297101409e+04 9.987171127950686955e-01
6.075558247303171083e+04 9.984256690934545375e-01
6.075558273309240030e+04 1.006890565960057549e+00
6.075558299315309705e+04 1.007806241302193984e+00
6.075558325321378652e+04 9.991282646839899639e-01
6.075558351327448327e+04 9.969302076227446463e-01
6.075558377333518001e+04 1.001801978813862792e+00
6.075558403339586948e+04 9.971965976587429115e-01
6.075558429345656623e+04 9.976997553083742920e-01
6.075558455351726298e+04 1.001040727663273122e+00
6.075558481357794517e+04 1.005022450485727914e+00
6.075558507363864192e+04 1.013081070282383589e+00
6.075558533369933866e+04 1.003536751877277755e+00
6.075558559376003541e+04 1.007712907980513828e+00
6.075558585382073215e+04 9.992939598031694848e-01
6.075558611388142162e+04 1.006918438339410304e+00
6.075558637394211837e+04 1.001124602072174907e+00
6.075558663400280784e+04 1.010771034765183929e+00
6.075558689406350459e+04 9.950779789978402290e-01
6.075558715412420133e+04 1.006592720230218729e+00
6.075558741418489080e+04 1.003143255219253183e+00
6.075558767424558755e+04 1.003928977823384416e+00
6.075558793430628430e+04 1.003516217133058941e+00
6.075558819436697377e+04 1.011481861773899649e+00
6.075558845442767051e+04 1.010058626529577674e+00
6.075558871448835998e+04 9.941154976681993993e-01
6.075558897454905673e+04 1.008246147879135801e+00
6.075558923460975348e+04 9.981432833799023241e-01
6.075558949467044295e+04 9.991475166395348273e-01
6.075558975473113969e+04 9.876235737239243972e-01
6.075559001479183644e+04 9.986850050187642269e-01
6.075559027485253318e+04 9.964793132345993731e-01
6.075559053491322265e+04 1.009754901522229797e+00
6.075559079497391212e+04 1.010918555788878903e+00
6.075559105503460887e+04 1.013240677189333638e+00
6.075559131509530562e+04 9.946844725451263747e-01
6.075559157515600236e+04 1.012157901858806275e+00
6.075559183521669911e+04 9.997216695370908512e-01
6.075559209527738858e+04 1.003955020428416001e+00
6.075559235533808533e+04 1.006356391226340241e+00
6.075559261539877480e+04 9.999863965932286325e-01
6.075559287545946427e+04 1.004503496909511684e+00
6.075559313552016101e+04 1.001948353644593448e+00
6.075559339558085776e+04 1.007536456683455484e+00
6.075559494101491873e+04 1.010147191274120226e+00
6.075559520107561548e+04 1.016148710416996170e+00
6.075559546113631222e+04 1.005614994391963890e+00
6.075559572119700897e+04 1.014173041847981738e+00
6.075559598125769844e+04 1.000736712680606155e+00
6.075559624131839519e+04 1.002433430039104234e+00
6.075559650137908466e+04 1.017378383825162880e+00
6.075559676143977413e+04 1.002489668141507861e+00
6.075559702150047087e+04 1.009543955269437632e+00
6.075559728156116762e+04 9.988928536566026306e-01
6.075559754162186437e+04 1.008561475832362664e+00
6.075559780168256111e+04 1.001384361690551561e+00
6.075559806174325058e+04 1.001406854468302354e+00
6.075559832180394733e+04 1.001190806642726194e+00
6.075559858186464407e+04 1.020855338422256064e+00
6.075559884192533355e+04 1.002363880326242462e+00
6.075559910198603029e+04 1.014976852621345182e+00
6.075559936204671976e+04 9.989612148227375865e-01
6.075559962210741651e+04 1.004080581010271533e+00
6.075559988216811325e+04 1.000681462123692578e+00
6.075560014222880272e+04 1.003189053238133122e+00
6.075560040228950675e+04 1.000237487000489756e+00
6.075560066235019622e+04 1.008107898316995099e+00
6.075560092241089296e+04 1.004823439074835845e+00
6.075560118247158971e+04 1.009066621548843523e+00
6.075560144253227918e+04 1.007585849129662758e+00
6.075560170259296865e+04 1.000692136145332034e+00
6.075560196265366540e+04 1.013966461711183653e+00
6.075560222271436214e+04 9.993754554331648610e-01
6.075560248277505889e+04 9.998035711438681972e-01
6.075560274283574836e+04 1.012795651673882302e+00
6.075560300289644510e+04 1.004006493060660254e+00
6.075560326295714185e+04 1.006481920301688149e+00
6.075560352301783860e+04 1.009126700276065547e+00
6.075560378307853534e+04 9.961572716712743247e-01
6.075560404313922481e+04 9.941294604944546087e-01
6.075560430319992156e+04 1.010777857954895609e+00
6.075560456326061831e+04 1.003654461731360081e+00
6.075560482332130050e+04 1.000956979157862525e+00
6.075560508338199725e+04 1.006414439743020139e+00
6.075560534344269399e+04 1.010059054204983431e+00
6.075560560350339074e+04 1.008062172930579425e+00
6.075560586356408749e+04 1.005108013030654668e+00
6.075560612362477696e+04 1.007407776353640649e+00
6.075560638368547370e+04 1.008035912401643808e+00
6.075560664374617045e+04 1.006400975565909794e+00
6.075560690380686719e+04 1.006377308465875142e+00
6.075560716386756394e+04 1.005836707635822780e+00
6.075560742392825341e+04 1.007889207778916330e+00
6.075560768398895016e+04 1.009809768819784459e+00
6.075560794404964690e+04 1.004435499116462793e+00
6.075560820411032910e+04 1.009341471821074698e+00
6.075560846417102584e+04 1.011970458472378764e+00
6.075560872423172259e+04 1.004556227806318036e+00
6.075560898429241934e+04 9.938452226818553781e-01
6.075560924435311608e+04 1.007875481778031324e+00
6.075560950441380555e+04 1.000748180593198589e+00
6.075560976447450230e+04 1.008264981863480347e+00
6.075561002453519905e+04 1.002538403069382911e+00
6.075561028459589579e+04 1.013806432214726216e+00
6.075561054465659254e+04 1.018971959765445412e+00
6.075561080471728201e+04 9.997879444627953971e-01
6.075561106477797875e+04 1.002755621693347976e+00
6.075561132483867550e+04 1.026421694106012250e+00
6.075561158489937225e+04 9.888346814895169201e-01
6.075561184496006899e+04 1.003122042904630806e+00
6.075561210502075846e+04 1.002785762449498908e+00
6.075561236508144793e+04 1.005291678927385801e+00
6.075561262514214468e+04 1.011729404538029842e+00
6.075561288520283415e+04 1.010997059299047374e+00
6.075561314526353090e+04 1.000159771978299972e+00
6.075561340532422764e+04 1.004859486170164518e+00
6.075561366538492439e+04 9.954534777030993320e-01
6.075561392544562113e+04 1.000719542108289062e+00
6.075561418550631060e+04 1.002373926808427296e+00
6.075561444556700735e+04 9.981978250409684339e-01
6.075561470562770410e+04 1.010969474501629772e+00
6.075561496568840084e+04 1.003665427490048279e+00
6.075561522574909759e+04 1.003989173297415771e+00
6.075561548580978706e+04 1.004690689920933355e+00
6.075561574587048381e+04 1.001786596569798737e+00
6.075561600593118055e+04 9.977613419156804442e-01
6.075561626599187002e+04 1.007115472416834301e+00
6.075561652605256677e+04 1.002910070489158478e+00
6.075561678611326352e+04 1.000718560329077356e+00
6.075561704617396026e+04 1.000503046871092261e+00
6.075561730623465701e+04 1.002750921555628061e+00
6.075561756629534648e+04 1.002114046714936535e+00
6.075561782635604322e+04 1.007123692230459611e+00
6.075561808641673269e+04 1.011538199891148793e+00
6.075561834647742944e+04 1.001411761669240841e+00
6.075561860653812619e+04 1.008289122137680183e+00
6.075561886659881566e+04 1.009892783778162162e+00
6.075561912665951240e+04 1.000390703914413093e+00
6.075561938672020915e+04 1.007065288278286674e+00
6.075561964678089862e+04 1.009202724013250396e+00
6.075561990684160264e+04 9.998997060393756131e-01
6.075562016690229211e+04 9.975261962158731288e-01
6.075562042696298886e+04 1.006188806433228278e+00
6.075562068702368560e+04 9.986664152964749297e-01
6.075562094708437508e+04 9.989707510111549560e-01
6.075562120714507182e+04 9.923537504112153185e-01
6.075562146720576857e+04 1.008292054591718223e+00
6.075562172726646531e+04 1.021893641395731578e+00
6.075562198732716206e+04 1.011046103217410730e+00
6.075562224738785153e+04 9.946911067589537803e-01
6.075562250744854828e+04 1.036733697657163722e+00
6.075562276750924502e+04 1.011231864941868785e+00
6.075562302756994177e+04 1.006161296452599885e+00
6.075562328763063852e+04 1.000983672576446937e+00
6.075562490904599690e+04 1.001242244777463153e+00
6.075562516909990518e+04 9.973222275826445493e-01
6.075562542915379890e+04 1.001903773030764278e+00
6.075562568920769263e+04 9.998468665139605971e-01
6.075562594926160091e+04 1.010260754663546701e+00
6.075562620931549463e+04 9.973968540110527137e-01
6.075562646936939564e+04 9.941615661289801009e-01
6.075562672942329664e+04 9.982582377875185431e-01
6.075562698947719036e+04 1.002955527295992244e+00
6.075562724953109864e+04 1.002887453702548504e+00
6.075562750958499237e+04 9.980131721675057355e-01
6.075562776963889337e+04 1.003660994782362259e+00
6.075562802969280165e+04 9.943386437085983687e-01
6.075562828974669537e+04 1.005771314491683555e+00
6.075562854980059637e+04 1.000949213779603886e+00
6.075562880985449738e+04 9.916448169905169863e-01
6.075562906990839110e+04 1.003626703560494438e+00
6.075562932996229938e+04 1.001495833782696243e+00
6.075562959001619311e+04 9.969334851190650992e-01
6.075562985007009411e+04 9.973614376036035178e-01
6.075563011012399511e+04 1.002028165462523601e+00
6.075563037017788884e+04 9.991287509894073438e-01
6.075563063023179711e+04 1.001391767440452440e+00
6.075563089028569084e+04 9.985943522749621826e-01
6.075563115033958456e+04 1.008626764622569505e+00
6.075563141039349284e+04 1.011302557584754069e+00
6.075563167044738657e+04 1.000165457774756739e+00
6.075563193050128757e+04 1.000776355267265272e+00
6.075563219055518857e+04 9.930506791124648069e-01
6.075563245060908230e+04 9.956035119201316341e-01
6.075563271066299058e+04 9.912103503897569112e-01
6.075563297071688430e+04 1.001975093033830699e+00
6.075563323077078530e+04 9.990146591240809393e-01
6.075563349082468631e+04 9.890344326407126685e-01
6.075563375087858003e+04 1.003738024473555868e+00
6.075563401093248831e+04 1.004057558784774873e+00
6.075563427098638203e+04 9.918869292046847974e-01
6.075563453104027576e+04 9.967787964905462372e-01
6.075563479109418404e+04 1.005958332491434737e+00
6.075563505114807776e+04 9.913029869524953019e-01
6.075563531120197877e+04 1.000050219320858247e+00
6.075563557125588704e+04 1.003013113272728907e+00
6.075563583130978077e+04 9.981768239126018738e-01
6.075563609136368905e+04 9.948362977608090629e-01
6.075563635141758277e+04 9.982812586323676074e-01
6.075563661147148377e+04 9.971875490555909272e-01
6.075563687152538478e+04 9.934169115715677512e-01
6.075563713157927850e+04 9.975450826003591231e-01
6.075563739163318678e+04 9.886400687417730149e-01
6.075563765168708051e+04 9.991369781896158875e-01
6.075563791174097423e+04 1.004688484992611208e+00
6.075563817179488251e+04 1.008691675415346989e+00
6.075563843184877624e+04 9.950676858214695386e-01
6.075563869190267724e+04 1.009387122208563747e+00
6.075563895195657824e+04 9.953904763614093154e-01
6.075563921201047197e+04 1.005455989188697608e+00
6.075563947206438024e+04 9.988460046608473863e-01
6.075563973211827397e+04 1.006403338366149924e+00
6.075563999217217497e+04 1.004270047658690101e+00
6.075564025222608325e+04 9.916286097190082360e-01
6.075564051227997697e+04 9.945057309263747314e-01
6.075564077233388525e+04 9.967892013305643673e-01
6.075564103238777898e+04 1.005491808257494846e+00
6.075564129244167270e+04 1.004933991703592211e+00
6.075564155249558098e+04 1.000072835808428984e+00
6.075564181254947471e+04 1.003756079938102452e+00
6.075564207260337571e+04 1.001290317087789372e+00
6.075564233265727671e+04 9.932621697143524386e-01
6.075564259271117044e+04 9.902989388851209940e-01
6.075564285276507871e+04 9.985279704328222650e-01
6.075564311281897244e+04 9.899292312730788579e-01
6.075564337287286617e+04 1.007477360489686058e+00
6.075564363292677444e+04 1.016113004579064505e+00
6.075564389298066817e+04 1.003733981348597926e+00
6.075564415303458372e+04 1.002294618264438109e+00
6.075564441308847745e+04 9.977668277720089796e-01
6.075564467314237118e+04 9.969529865166671945e-01
6.075564493319627945e+04 1.016842265703239878e+00
6.075564519325017318e+04 9.953759491883950039e-01
6.075564545330407418e+04 9.940063751723825503e-01
6.075564571335797518e+04 9.843452275696490394e-01
6.075564597341186891e+04 9.948442258619545342e-01
6.075564623346577719e+04 9.843472081834209186e-01
6.075564649351967091e+04 1.004329720530642289e+00
6.075564675357356464e+04 9.999361297284344863e-01
6.075564701362747292e+04 9.932737414967113265e-01
6.075564727368136664e+04 9.937727391341382166e-01
6.075564753373527492e+04 1.006139025604252168e+00
6.075564779378917592e+04 9.906377949165842134e-01
6.075564805384306965e+04 1.006538029666725897e+00
6.075564831389697792e+04 1.007244377031717431e+00
6.075564857395087165e+04 1.008371082922102646e+00
6.075564883400477265e+04 9.883279846281284309e-01
6.075564909405867365e+04 9.997580828452060642e-01
6.075564935411256738e+04 1.007426261770392850e+00
6.075564961416647566e+04 1.003848345636265238e+00
6.075564987422036938e+04 9.974610013722436941e-01
6.075565013427426311e+04 1.013693451160241787e+00
6.075565039432817866e+04 1.002424696932991521e+00
6.075565065438207239e+04 9.973918224806707089e-01
6.075565091443597339e+04 9.969489785037906060e-01
6.075565117448987439e+04 1.001294470360165834e+00
6.075565143454376812e+04 1.001195712615776001e+00
6.075565169459767640e+04 9.902028501242943204e-01
6.075565195465157012e+04 9.977180190132683979e-01
6.075565221470547112e+04 1.000709743244983851e+00
6.075565247475937213e+04 1.003516836967382142e+00
6.075565273481326585e+04 9.979124083620908303e-01
6.075565299486718141e+04 1.008857444232874601e+00
6.075565325492107513e+04 1.005335432595210854e+00
6.075565492676799477e+04 9.928193186009437454e-01
6.075565518682868424e+04 9.980902362849022325e-01
6.075565544688938098e+04 9.936926266192596113e-01
6.075565570695007773e+04 9.990364019871057488e-01
6.075565596701077448e+04 1.000849565030706101e+00
6.075565622707147122e+04 1.006616373702276190e+00
6.075565648713216069e+04 9.982852134126206645e-01
6.075565674719285744e+04 9.926666889449825559e-01
6.075565700725356146e+04 9.908761722117475079e-01
6.075565726731425821e+04 1.012543474819042055e+00
6.075565752737495495e+04 9.981770892482830781e-01
6.075565778743564442e+04 1.003349883556812427e+00
6.075565804749634117e+04 9.946858377360332515e-01
6.075565830755703792e+04 1.007110929070261784e+00
6.075565856761772739e+04 1.010855241371702906e+00
6.075565882767842413e+04 1.006101433129300782e+00
6.075565908773912088e+04 9.958241344750584645e-01
6.075565934779981762e+04 1.009265549519606120e+00
6.075565960786051437e+04 1.002738653534565927e+00
6.075565986792121112e+04 1.003938391891741944e+00
6.075566012798190786e+04 1.010145798663111716e+00
6.075566038804260461e+04 9.915152606420792880e-01
6.075566064810330136e+04 9.940393587889690963e-01
6.075566090816399810e+04 9.972339988691241164e-01
6.075566116822468757e+04 1.027809301479905235e+00
6.075566142828538432e+04 9.964313669462906420e-01
6.075566168834608106e+04 9.934823105095001994e-01
6.075566194840677781e+04 9.996100866405797092e-01
6.075566220846748183e+04 9.914118860547939116e-01
6.075566246852817130e+04 9.995041115701266410e-01
6.075566272858886805e+04 1.004617618980982785e+00
6.075566298864956480e+04 1.003604731902634217e+00
6.075566324871025427e+04 9.789268288520014405e-01
6.075566350877095101e+04 9.908175621430241886e-01
6.075566376883164776e+04 9.929066217152100471e-01
6.075566402889234450e+04 1.003169328508531688e+00
6.075566428895304125e+04 1.004457331231784156e+00
6.075566454901373800e+04 1.000177152295402605e+00
6.075566480907443474e+04 1.005670279470198825e+00
6.075566506913513149e+04 9.928189959177744495e-01
6.075566532919582824e+04 1.001004550035241358e+00
6.075566558925652498e+04 1.012774095097153992e+00
6.075566584931721445e+04 1.008890689759755377e+00
6.075566610937791120e+04 1.001566048522626540e+00
6.075566636943860794e+04 9.963822160728569299e-01
6.075566662949930469e+04 1.008863359446650509e+00
6.075566688956000144e+04 1.012380360263826606e+00
6.075566714962069818e+04 1.009171433075478408e+00
6.075566740968139493e+04 9.984441563536550213e-01
6.075566766974209168e+04 1.001299807969220357e+00
6.075566792980278115e+04 1.000144144432602245e+00
6.075566818986347789e+04 9.949536102959987138e-01
6.075566844992417464e+04 9.988402468867862982e-01
6.075566870998487866e+04 1.011998071884873340e+00
6.075566897004557541e+04 1.009835630596550349e+00
6.075566923010626488e+04 1.006238695552667206e+00
6.075566949016696162e+04 1.001160507786418519e+00
6.075566975022765837e+04 9.964618177178726777e-01
6.075567001028834784e+04 1.000829821347301030e+00
6.075567027034905186e+04 1.007969812736271065e+00
6.075567053040974133e+04 1.000024494878470449e+00
6.075567079047044535e+04 9.917133152038413169e-01
6.075567105053114210e+04 1.008248985352885541e+00
6.075567131059183157e+04 1.008872207619539552e+00
6.075567157065252832e+04 1.004360792743869135e+00
6.075567183071322506e+04 1.009157407154682939e+00
6.075567209077392181e+04 9.971232944530202813e-01
6.075567235083461856e+04 1.006525155248081838e+00
6.075567261089531530e+04 1.004411237556581682e+00
6.075567287095601205e+04 1.005150752661486901e+00
6.075567313101670879e+04 1.009751222297627260e+00
6.075567339107740554e+04 1.001929328947859688e+00
6.075567365113810229e+04 1.005850376111671274e+00
6.075567391119879176e+04 1.005765560938232328e+00
6.075567417125948850e+04 9.984628842276768168e-01
6.075567443132019253e+04 9.929130188767080201e-01
6.075567469138088200e+04 9.903970365206790083e-01
6.075567495144157874e+04 1.004252991232611469e+00
6.075567521150227549e+04 1.003703438919015367e+00
6.075567547156297223e+04 9.981207470880708588e-01
6.075567573162366898e+04 9.923061975094968901e-01
6.075567599168436573e+04 1.010024815136823184e+00
6.075567625174506247e+04 1.003881132705440216e+00
6.075567651180575922e+04 1.000173935053819463e+00
6.075567677186645597e+04 1.006434276700629571e+00
6.075567703192715271e+04 1.011531822392262026e+00
6.075567729198784218e+04 1.002888016664182924e+00
6.075567755204853893e+04 1.010471534567576768e+00
6.075567781210924295e+04 9.985576593818829005e-01
6.075567807216993242e+04 1.007519232971880729e+00
6.075567833223062917e+04 1.003864396277953208e+00
6.075567859229132591e+04 1.007974357693897316e+00
6.075567885235202266e+04 1.015270304448247174e+00
6.075567911241271941e+04 1.012270737501180129e+00
6.075567937247341615e+04 9.995645806594674054e-01
6.075567963253411290e+04 1.012557256321660271e+00
6.075567989259480964e+04 1.005550634249037900e+00
6.075568015265550639e+04 1.012128918495129870e+00
6.075568041271620314e+04 9.905139880484996606e-01
6.075568067277689261e+04 1.015629292559524499e+00
6.075568093283759663e+04 1.004177394050399519e+00
6.075568119289829338e+04 9.956160437501355709e-01
6.075568145295898285e+04 1.000787301433145648e+00
6.075568171301968687e+04 9.866398050213727178e-01
6.075568197308037634e+04 1.011101467133355358e+00
6.075568223314107308e+04 1.013168160653200145e+00
6.075568249320177711e+04 1.007244123079830134e+00
6.075568275326246658e+04 1.012080191938045104e+00
6.075568301332316332e+04 1.002125756653703181e+00
6.075568327338386007e+04 1.013148251492740348e+00
6.075568483179301256e+04 1.000808458900997566e+00
6.075568509184680443e+04 1.008808853474526757e+00
6.075568535190059629e+04 1.011709032806461739e+00
6.075568561195438815e+04 9.946646647225267923e-01
6.075568587200818729e+04 9.987465082270564620e-01
6.075568613206199370e+04 1.004353875153952025e+00
6.075568639211578557e+04 1.017140917370584541e+00
6.075568665216957743e+04 9.954857062181046157e-01
6.075568691222336929e+04 9.975962364839040530e-01
6.075568717227716115e+04 9.953524269000341151e-01
6.075568743233096029e+04 1.006295784526449522e+00
6.075568769238475215e+04 1.004081025263966254e+00
6.075568795243854402e+04 1.002370369104294001e+00
6.075568821249233588e+04 1.031536405865181472e+00
6.075568847254613502e+04 9.983339690985743031e-01
6.075568873259992688e+04 1.011560129464823543e+00
6.075568899265372602e+04 1.009734031064351445e+00
6.075568925270752516e+04 9.997354827559316037e-01
6.075568951276131702e+04 1.011802393554288582e+00
6.075568977281511616e+04 9.958119319225544608e-01
6.075569003286890802e+04 1.004912632474218581e+00
6.075569029292269988e+04 1.009185830413260154e+00
6.075569055297649174e+04 9.997555768303817425e-01
6.075569081303029088e+04 9.985656026244571493e-01
6.075569107308408275e+04 1.009018144124466554e+00
6.075569133313787461e+04 1.014880815089209465e+00
6.075569159319166647e+04 9.996415271277000469e-01
6.075569185324547288e+04 1.005278969988052218e+00
6.075569211329927202e+04 1.008390946161942248e+00
6.075569237335306389e+04 1.005431718653556183e+00
6.075569263340685575e+04 1.017169161092468244e+00
6.075569289346064761e+04 1.002873385394490668e+00
6.075569315351444675e+04 1.009309133427952698e+00
6.075569341356823861e+04 1.004640607343376901e+00
6.075569367362203047e+04 9.901413144101303132e-01
6.075569393367582234e+04 1.004977264035030293e+00
6.075569419372962147e+04 1.010598642297763305e+00
6.075569445378341334e+04 1.010939026630489179e+00
6.075569471383720520e+04 9.956657936692584476e-01
6.075569497389100434e+04 1.010857796730113112e+00
6.075569523394481075e+04 9.985151616177108114e-01
6.075569549399860261e+04 9.932307751226693293e-01
6.075569575405239448e+04 1.011679442421077768e+00
6.075569601410618634e+04 1.008648050456034007e+00
6.075569627415998548e+04 9.944192171267189906e-01
6.075569653421377734e+04 1.015736223981554387e+00
6.075569679426756920e+04 1.000015240963014973e+00
6.075569705432136107e+04 9.979278589694595691e-01
6.075569731437516020e+04 1.003886045847785624e+00
6.075569757442895207e+04 1.005873562378326369e+00
6.075569783448274393e+04 1.009676781705318049e+00
6.075569809453654307e+04 1.001932482940846691e+00
6.075569835459034948e+04 1.007779762058219619e+00
6.075569861464414134e+04 1.011352114499869836e+00
6.075569887469793321e+04 9.918236312332388005e-01
6.075569913475172507e+04 9.951866703471180520e-01
6.075569939480552421e+04 9.905475069277932532e-01
6.075569965485931607e+04 1.003704951064204653e+00
6.075569991491310793e+04 1.008124652383895592e+00
6.075570017496689979e+04 1.004603872997234859e+00
6.075570043502069893e+04 1.014026637981266132e+00
6.075570069507449080e+04 9.948297227653487562e-01
6.075570095512828993e+04 1.002502603109152401e+00
6.075570121518208907e+04 1.015351654482950838e+00
6.075570147523588821e+04 9.988363787845574437e-01
6.075570173528968007e+04 1.001695080842537111e+00
6.075570199534347194e+04 1.018095576881048014e+00
6.075570225539727107e+04 1.002009165516121625e+00
6.075570251545106294e+04 9.994103510118990119e-01
6.075570277550485480e+04 1.004155738514370011e+00
6.075570303555864666e+04 1.008380507707384632e+00
6.075570329561244580e+04 9.947809658856896498e-01
6.075570355566623766e+04 1.004929511956407895e+00
6.075570381572002952e+04 1.003947237075682564e+00
6.075570407577382866e+04 1.004621655116439749e+00
6.075570433582763508e+04 1.005042454892624448e+00
6.075570459588142694e+04 1.001442166264085332e+00
6.075570485593521880e+04 9.938371030878951906e-01
6.075570511598901066e+04 9.963596067573939896e-01
6.075570537604280980e+04 9.935624329170815727e-01
6.075570563609660167e+04 9.936661843886407386e-01
6.075570589615039353e+04 1.004839100014720765e+00
6.075570615620419267e+04 1.007319387741963723e+00
6.075570641625798453e+04 1.000481762963594035e+00
6.075570667631177639e+04 9.886233253503220464e-01
6.075570693636557553e+04 1.002804211798147493e+00
6.075570719641938194e+04 1.007503721612303726e+00
6.075570745647317381e+04 1.003786212021738455e+00
6.075570771652696567e+04 1.017017473241092818e+00
6.075570797658076481e+04 1.000969253395026071e+00
6.075570823663455667e+04 1.005414804254347372e+00
6.075570849668834853e+04 9.934121295194914270e-01
6.075570875674214039e+04 1.004055564893486574e+00
6.075570901679593953e+04 1.001114203501214384e+00
6.075570927684973140e+04 1.004516696705072487e+00
6.075570953690352326e+04 9.978309582598006156e-01
6.075570979695732240e+04 9.970067265706016313e-01
6.075571005701112153e+04 9.912585671278740795e-01
6.075571031706492067e+04 1.007751449370347219e+00
6.075571057711871254e+04 1.005055792347929966e+00
6.075571083717251167e+04 1.004761389821230200e+00
6.075571109722630354e+04 1.005409279200271122e+00
6.075571135728009540e+04 9.921058804901466965e-01
6.075571161733389454e+04 1.002681286273086281e+00
6.075571187738768640e+04 1.000603016604023843e+00
6.075571213744147826e+04 9.995663579367705109e-01
6.075571239749527740e+04 1.011259623468219404e+00
6.075571265754906926e+04 9.904564707373698651e-01
6.075571291760286840e+04 9.993358745884991512e-01
6.075571317765666754e+04 1.017687716053690794e+00
6.075571474868715450e+04 1.006734140387814946e+00
6.075571500874785124e+04 1.015664813619849616e+00
6.075571526880854799e+04 9.909486526206435775e-01
6.075571552886924474e+04 9.979136930383283310e-01
6.075571578892994148e+04 9.933838672728273478e-01
6.075571604899063823e+04 9.968635390270088603e-01
6.075571630905133497e+04 9.963382169458632198e-01
6.075571656911203172e+04 9.989323956001112670e-01
6.075571682917273574e+04 9.958470161271093524e-01
6.075571708923342521e+04 1.006312958654312029e+00
6.075571734929412196e+04 9.954026107948892310e-01
6.075571760935482598e+04 9.887407379356274451e-01
6.075571786941552273e+04 1.001089777786977830e+00
6.075571812947621947e+04 9.978445986531943035e-01
6.075571838953690894e+04 9.972338269034842773e-01
6.075571864959761297e+04 1.014220316136876132e+00
6.075571890965830971e+04 1.008279715994747194e+00
6.075571916971899918e+04 9.945887113454653372e-01
6.075571942977970320e+04 9.894620374829913301e-01
6.075571968984039995e+04 1.000960753077224208e+00
6.075571994990109670e+04 9.973228007932267714e-01
6.075572020996180072e+04 1.004709792202850505e+00
6.075572047002249019e+04 1.003892941218926582e+00
6.075572073008318694e+04 9.944976543094627974e-01
6.075572099014388368e+04 1.008112818090570961e+00
6.075572125020458770e+04 9.926496958465176323e-01
6.075572151026528445e+04 1.002993476169480980e+00
6.075572177032597392e+04 9.835727037957648911e-01
6.075572203038667794e+04 1.010013930251846492e+00
6.075572229044737469e+04 9.926553989506270437e-01
6.075572255050806416e+04 9.989752229995506605e-01
6.075572281056877546e+04 1.001194170174035891e+00
6.075572307062946493e+04 1.006536678750405089e+00
6.075572333069016167e+04 9.942569011673633161e-01
6.075572359075086570e+04 1.007244132248488411e+00
6.075572385081155517e+04 9.986356806097685945e-01
6.075572411087225191e+04 9.999643879953520331e-01
6.075572437093294866e+04 1.001124750305919298e+00
6.075572463099365268e+04 9.992073261354859071e-01
6.075572489105434943e+04 9.961629554118246466e-01
6.075572515111503890e+04 1.002409940593908866e+00
6.075572541117574292e+04 9.967046712992728708e-01
6.075572567123643967e+04 1.003373722547096447e+00
6.075572593129713641e+04 9.968742063517646024e-01
6.075572619135784043e+04 1.012796460874684001e+00
6.075572645141852990e+04 9.975626723264668927e-01
6.075572671147922665e+04 9.922312010256394421e-01
6.075572697153993067e+04 1.000147860861296367e+00
6.075572723160062014e+04 9.989503852137990858e-01
6.075572749166131689e+04 1.008375446379242701e+00
6.075572775172202091e+04 9.966024191696069012e-01
6.075572801178271766e+04 9.976045458240421215e-01
6.075572827184341440e+04 1.008174234995694807e+00
6.075572853190411115e+04 1.007958177433804892e+00
6.075572879196480790e+04 1.004278108075714826e+00
6.075572905202550464e+04 9.922688017072051059e-01
6.075572931208620867e+04 1.000443170523246383e+00
6.075572957214690541e+04 9.977530132766778692e-01
6.075572983220759488e+04 1.002147409181269655e+00
6.075573009226829890e+04 1.009605181932167417e+00
6.075573035232899565e+04 1.005631950132917840e+00
6.075573061238968512e+04 1.004550372739781539e+00
6.075573087245038914e+04 1.002232134739961422e+00
6.075573113251108589e+04 9.882994182636704039e-01
6.075573139257178264e+04 1.002990042831889417e+00
6.075573165263248666e+04 9.902275238202835617e-01
6.075573191269317613e+04 9.983364665473775101e-01
6.075573217275387287e+04 1.000888631729401235e+00
6.075573243281457690e+04 9.944578585205982035e-01
6.075573269287527364e+04 9.946075793801294473e-01
6.075573295293597039e+04 9.935892805027980446e-01
6.075573321299666713e+04 9.991295693881855344e-01
6.075573347305736388e+04 1.001654862023299231e+00
6.075573373311806063e+04 9.937083619333515472e-01
6.075573399317875737e+04 9.971668129380215628e-01
6.075573425323946140e+04 1.000760949654353027e+00
6.075573451330015087e+04 9.860031594451107440e-01
6.075573477336085489e+04 1.001159630228428243e+00
6.075573503342155163e+04 9.985598120296776958e-01
6.075573529348224110e+04 9.949256004533082454e-01
6.075573555354294513e+04 1.001417880410351957e+00
6.075573581360364187e+04 9.944169216534356481e-01
6.075573607366434589e+04 1.009839323822306456e+00
6.075573633372504264e+04 1.014820493135373036e+00
6.075573659378573211e+04 1.008382154523186802e+00
6.075573685384643613e+04 1.014537950642023789e+00
6.075573711390713288e+04 9.964200669544828193e-01
6.075573737396782963e+04 1.004047938456325895e+00
6.075573763402853365e+04 1.001225898533732117e+00
6.075573789408922312e+04 1.016145706101080570e+00
6.075573815414991986e+04 1.002914591758703677e+00
6.075573841421062389e+04 1.003180369276029271e+00
6.075573867427131336e+04 9.969304302127801609e-01
6.075573893433201010e+04 9.932030935229907431e-01
6.075573919439271413e+04 1.000401541893815249e+00
6.075573945445341087e+04 9.944818348267635555e-01
6.075573971451411489e+04 1.005206646789412073e+00
6.075573997457480436e+04 1.007341972211120984e+00
6.075574023463550111e+04 1.004226894790210212e+00
6.075574049469620513e+04 1.000320740352586002e+00
6.075574075475690188e+04 9.997933018972442465e-01
6.075574101481759863e+04 1.006814182550467507e+00
6.075574127487829537e+04 1.004583823980036206e+00
6.075574153493899212e+04 9.934210212031475695e-01
6.075574179499969614e+04 1.003400074606065839e+00
6.075574205506038561e+04 9.962230717484183984e-01
6.075574231512108236e+04 9.921363874069849542e-01
6.075574257518178638e+04 9.947788950374246708e-01
6.075574283524248312e+04 1.000923726024684823e+00
6.075574309530317987e+04 1.003454871559972039e+00
6.075574483016229351e+04 1.000364309348286573e+00
6.075574509021608537e+04 9.987656432643364779e-01
6.075574535026989179e+04 9.991502425679783528e-01
6.075574561032369093e+04 9.993987762195455371e-01
6.075574587037748279e+04 1.006806329260613531e+00
6.075574613043128193e+04 9.977937186487179089e-01
6.075574639048507379e+04 1.000425038779696463e+00
6.075574665053887293e+04 1.003357249613471724e+00
6.075574691059266479e+04 1.001450524191040969e+00
6.075574717064645665e+04 1.015844737515764429e+00
6.075574743070025579e+04 1.006945449213397570e+00
6.075574769075404765e+04 1.008017367197898695e+00
6.075574795080784679e+04 9.977112231055664804e-01
6.075574821086163865e+04 9.911818781836518877e-01
6.075574847091544507e+04 1.005165294552610167e+00
6.075574873096924421e+04 9.941902989552834358e-01
6.075574899102303607e+04 1.011340947498738041e+00
6.075574925107683521e+04 1.013283108114623410e+00
6.075574951113062707e+04 1.010612052909109382e+00
6.075574977118442621e+04 1.001574530405210162e+00
6.075575003123821807e+04 1.001457212376947847e+00
6.075575029129201721e+04 9.958313095139823545e-01
6.075575055134580907e+04 9.947499208808996407e-01
6.075575081139960093e+04 9.994197782110858519e-01
6.075575107145340007e+04 1.013064022361979566e+00
6.075575133150719921e+04 1.005705051568100306e+00
6.075575159156100563e+04 9.974710472873916656e-01
6.075575185161479749e+04 9.950618463748451825e-01
6.075575211166859663e+04 1.006472446357916439e+00
6.075575237172238849e+04 9.996626858247549263e-01
6.075575263177618035e+04 1.002320384532509712e+00
6.075575289182997949e+04 1.006323949267403428e+00
6.075575315188377135e+04 9.970825762769630618e-01
6.075575341193757049e+04 9.992814915369648832e-01
6.075575367199136235e+04 1.014103194316118062e+00
6.075575393204516149e+04 1.008837510172724716e+00
6.075575419209895335e+04 1.005383410344210304e+00
6.075575445215275249e+04 1.000907117304048022e+00
6.075575471220655891e+04 1.001933109119106602e+00
6.075575497226035077e+04 9.952048146077400181e-01
6.075575523231414991e+04 1.001444436573651675e+00
6.075575549236794177e+04 9.903607339560460687e-01
6.075575575242174091e+04 1.008791210324138321e+00
6.075575601247553277e+04 1.003251325375759784e+00
6.075575627252933191e+04 1.003702829503241079e+00
6.075575653258312377e+04 1.011446351974105040e+00
6.075575679263691563e+04 1.014086746976812670e+00
6.075575705269071477e+04 1.009184708295365329e+00
6.075575731274451391e+04 1.002326621960837993e+00
6.075575757279832033e+04 1.000564073502751672e+00
6.075575783285211219e+04 1.009132180333756734e+00
6.075575809290591133e+04 1.010201951698382228e+00
6.075575835295970319e+04 1.010942215991522009e+00
6.075575861301350233e+04 1.006019077711411969e+00
6.075575887306729419e+04 9.917511043738221899e-01
6.075575913312109333e+04 1.008126516735070810e+00
6.075575939317488519e+04 1.011771856826334304e+00
6.075575965322867705e+04 1.003171712241997637e+00
6.075575991328247619e+04 9.947668836832490591e-01
6.075576017333626805e+04 1.000132261497294950e+00
6.075576043339007447e+04 9.975164894339951793e-01
6.075576069344387361e+04 1.008770935649230704e+00
6.075576095349767274e+04 1.004094058133807588e+00
6.075576121355146461e+04 1.004140559442163072e+00
6.075576147360526375e+04 1.007970856833510842e+00
6.075576173365905561e+04 1.015196412702870310e+00
6.075576199371285475e+04 1.001636526118795611e+00
6.075576225376664661e+04 1.003989420062757931e+00
6.075576251382044575e+04 9.997102384126860253e-01
6.075576277387423761e+04 1.004616393265393093e+00
6.075576303392802947e+04 9.977242077632298978e-01
6.075576329398183589e+04 1.003500442800161041e+00
6.075576355403563502e+04 9.945539291429027484e-01
6.075576381408943416e+04 1.011457428280698512e+00
6.075576407414322603e+04 1.009369556168272286e+00
6.075576433419702516e+04 1.016423897656734354e+00
6.075576459425081703e+04 1.009976660878921351e+00
6.075576485430461616e+04 1.003715657712095588e+00
6.075576511435840803e+04 1.017981329231006704e+00
6.075576537441220717e+04 1.004960896323709774e+00
6.075576563446599903e+04 1.009724675873478139e+00
6.075576589451979817e+04 1.002240049766042862e+00
6.075576615457359003e+04 1.017082326106960144e+00
6.075576641462739644e+04 9.997830414425564749e-01
6.075576667468119558e+04 9.997922999309243330e-01
6.075576693473499472e+04 1.005318519242322628e+00
6.075576719478878658e+04 1.005381413568871229e+00
6.075576745484258572e+04 1.005077037695557562e+00
6.075576771489637758e+04 1.004839995958203058e+00
6.075576797495017672e+04 1.009216285128787138e+00
6.075576823500396858e+04 9.983749016282202904e-01
6.075576849505776045e+04 1.002252761049965635e+00
6.075576875511155959e+04 1.004157033352100825e+00
6.075576901516535145e+04 9.993517804196614396e-01
6.075576927521915786e+04 1.007241887816849646e+00
6.075576953527295700e+04 1.001963230070982203e+00
6.075576979532675614e+04 9.975151478736540289e-01
6.075577005538054800e+04 1.005490879477107802e+00
6.075577031543434714e+04 1.006369471889371425e+00
6.075577057548813900e+04 1.003190969020312906e+00
6.075577083554193814e+04 1.010323412777543561e+00
6.075577109559573000e+04 9.988715308056494990e-01
6.075577135564952914e+04 1.016794019335616417e+00
6.075577161570332100e+04 9.949623314161252230e-01
6.075577187575712014e+04 1.009359717915692567e+00
6.075577213581091200e+04 1.005022648584634970e+00
6.075577239586471842e+04 1.005377084495158169e+00
6.075577265591851756e+04 1.002073896803362674e+00
6.075577291597231670e+04 9.906154098791790652e-01
6.075577317602610856e+04 1.000753744652851385e+00
