6.075585120116569306e+04 9.980287899747811720e-01
6.075585146121949219e+04 9.965232354627545641e-01
6.075585172127328406e+04 9.988439301077312038e-01
6.075585198132708319e+04 1.008932285866170231e+00
6.075585224138088233e+04 1.007388894671206847e+00
6.075585250143468147e+04 9.924123313762240883e-01
6.075585276148847333e+04 1.004732144590365639e+00
6.075585302154227247e+04 9.957618543040853698e-01
6.075585328159607161e+04 1.001546895906832768e+00
6.075585354164987803e+04 1.006123326302222232e+00
6.075585380170368444e+04 1.011297272566251015e+00
6.075585406175747630e+04 1.003193351511245224e+00
6.075585432181127544e+04 1.007481788292140523e+00
6.075585458186507458e+04 9.914575024248377666e-01
6.075585484191887372e+04 9.999895923420063504e-01
6.075585510197266558e+04 1.006328627553559896e+00
6.075585536202646472e+04 1.001661681982903618e+00
6.075585562208026386e+04 1.007032702135751689e+00
6.075585588213406299e+04 1.005116473269556998e+00
6.075585614218786213e+04 1.007710744163139438e+00
6.075585640224165400e+04 1.004089656701297573e+00
6.075585666229546041e+04 1.002342314940133372e+00
6.075585692234926682e+04 1.003937218940533116e+00
6.075585718240306596e+04 1.003943608441178581e+00
6.075585744245685783e+04 1.006922232915974602e+00
6.075585770251065696e+04 1.006340517777310151e+00
6.075585796256445610e+04 1.001963590060805931e+00
6.075585822261825524e+04 1.003187338627956393e+00
6.075585848267205438e+04 1.006848243453929426e+00
6.075585874272584624e+04 9.964087954314070350e-01
6.075585900277964538e+04 9.944271511510082151e-01
6.075585926283344452e+04 1.005748229268617511e+00
6.075585952288725093e+04 1.001122366982760026e+00
6.075585978294105735e+04 1.001487139236532986e+00
6.075586004299484921e+04 1.009442575367499151e+00
6.075586030304864835e+04 1.006523962929570359e+00
6.075586056310244749e+04 1.007891805017444353e+00
6.075586082315624662e+04 1.001218043689639847e+00
6.075586108321004576e+04 1.000434794467256250e+00
6.075586134326383763e+04 1.007701468586549298e+00
6.075586160331763676e+04 1.003945023447524898e+00
6.075586186337143590e+04 1.000143901769982246e+00
6.075586212342523504e+04 1.002756178802792997e+00
6.075586238347903418e+04 9.969481229286116797e-01
6.075586264353283332e+04 1.006385370610181518e+00
6.075586290358663973e+04 9.951031211712468849e-01
6.075586316364043887e+04 9.985760298105296195e-01
6.075586342369423801e+04 1.005331946808740273e+00
6.075586368374803715e+04 9.961800784610864712e-01
6.075586394380182901e+04 1.007190548482109982e+00
6.075586420385562815e+04 1.001299309329413356e+00
6.075586446390942729e+04 1.003001859261219764e+00
6.075586472396322642e+04 1.002720183551123911e+00
6.075586498401702556e+04 1.006289610590717531e+00
6.075586524407081743e+04 9.931782763501870726e-01
6.075586550412462384e+04 1.004702692637527317e+00
6.075586576417843025e+04 1.004008608124923985e+00
6.075586602423222939e+04 9.982446534235137614e-01
6.075586628428602853e+04 9.879505443342936344e-01
6.075586654433982039e+04 1.000598678448791023e+00
6.075586680439361953e+04 1.003707062381402837e+00
6.075586706444741867e+04 1.009642705823069919e+00
6.075586732450121781e+04 1.001949791212806362e+00
6.075586758455501695e+04 1.000268236157977553e+00
6.075586784460881609e+04 1.013542891453193873e+00
6.075586810466260795e+04 9.862588437488215565e-01
6.075586836471640709e+04 1.002895018713823472e+00
6.075586862477021350e+04 9.947340346223875196e-01
6.075586888482401991e+04 1.002355958158511751e+00
6.075586914487781905e+04 1.006179979637006117e+00
6.075586940493161092e+04 9.876797395415167768e-01
6.075586966498541005e+04 1.001543468652640767e+00
6.075586992503920919e+04 9.953262647740653835e-01
6.075587018509300833e+04 1.004212145600054784e+00
6.075587044514680747e+04 9.960897113607322106e-01
6.075587070520060661e+04 9.968103139028412496e-01
6.075587096525439847e+04 9.970195102371159912e-01
6.075587122530819761e+04 9.852325097297484069e-01
6.075587148536199675e+04 9.976922639136888149e-01
6.075587174541581044e+04 1.007003477789411683e+00
6.075587200546960958e+04 1.002861760426295268e+00
6.075587226552340871e+04 9.994244291262750490e-01
6.075587252557720058e+04 9.958217319375322063e-01
6.075587278563099972e+04 1.003574936045603883e+00
6.075587304568479885e+04 9.984502748975722097e-01
6.075587330573859799e+04 1.003481748958046538e+00
6.075587356579239713e+04 9.897961525274424632e-01
6.075587382584619627e+04 1.001864026320195222e+00
6.075587408589998813e+04 9.938877599200929280e-01
6.075587434595378727e+04 9.996528016987159537e-01
6.075587460600759368e+04 9.993037995617589653e-01
6.075587486606140010e+04 1.002520764705558065e+00
6.075587512611519924e+04 1.002600266214610070e+00
6.075587538616899838e+04 9.956026981442805956e-01
6.075587564622279751e+04 1.000603800678979471e+00
6.075587590627658938e+04 1.006349257859213475e+00
6.075587616633038851e+04 1.000296426109586578e+00
6.075587642638418765e+04 9.917399378299329715e-01
6.075587668643798679e+04 9.954553316790166750e-01
6.075587694649178593e+04 1.002159784798908326e+00
6.075587720654558507e+04 9.996470801332708600e-01
6.075587746659937693e+04 1.001700798464477238e+00
6.075587772665318334e+04 1.009157146734685817e+00
6.075587798670698976e+04 1.000252398237637008e+00
6.075587824676078890e+04 9.931788365021734233e-01
6.075587850681458804e+04 1.001473088962746782e+00
6.075587876686838717e+04 1.010056384907666915e+00
6.075587902692218631e+04 1.008464481406328161e+00
6.075587928697597818e+04 9.927079310854318717e-01
6.075587954702977731e+04 9.864554799843440192e-01
6.075588115586427011e+04 1.009956493348322271e+00
6.075588141592496686e+04 9.960779562190995584e-01
6.075588167598567088e+04 9.942222464693841744e-01
6.075588193604636763e+04 9.952991533408777070e-01
6.075588219610707165e+04 1.012848436271234220e+00
6.075588245616777567e+04 1.004720533434082519e+00
6.075588271622847242e+04 1.004287062253591767e+00
6.075588297628917644e+04 9.977922303018004202e-01
6.075588323634988046e+04 9.930516029757179286e-01
6.075588349641056993e+04 9.933303078680545406e-01
6.075588375647127395e+04 1.000314184171042564e+00
6.075588401653197798e+04 9.952800949397689889e-01
6.075588427659268200e+04 9.985116096830020105e-01
6.075588453665338602e+04 9.960466186748505590e-01
6.075588479671408277e+04 9.890442449212581977e-01
6.075588505677478679e+04 1.002155339844263526e+00
6.075588531683548354e+04 1.003827128896814358e+00
6.075588557689618756e+04 9.922041449187333217e-01
6.075588583695689158e+04 9.977296755418614271e-01
6.075588609701758833e+04 9.919618340204159335e-01
6.075588635707829235e+04 1.001443607696645532e+00
6.075588661713899637e+04 1.004079956897244941e+00
6.075588687719969312e+04 9.951564868862620150e-01
6.075588713726038986e+04 9.984180821019740248e-01
6.075588739732109389e+04 9.974163508470086370e-01
6.075588765738179791e+04 1.015875524841639121e+00
6.075588791744250193e+04 9.934574505940263478e-01
6.075588817750319868e+04 9.935656279980535910e-01
6.075588843756390270e+04 1.009462709880680320e+00
6.075588869762460672e+04 9.992485107158953772e-01
6.075588895768530347e+04 1.005060225237755622e+00
6.075588921774600749e+04 1.013067032432361181e+00
6.075588947780670424e+04 9.924610024599906932e-01
6.075588973786740826e+04 1.002216423296565573e+00
6.075588999792811228e+04 9.985937937711256707e-01
6.075589025798880903e+04 1.002463705501532187e+00
6.075589051804952032e+04 9.947172815223755959e-01
6.075589077811021707e+04 9.940376557091966658e-01
6.075589103817091382e+04 1.001523918548564041e+00
6.075589129823161784e+04 9.883525231633136787e-01
6.075589155829231458e+04 9.928279623769198370e-01
6.075589181835301861e+04 9.898624958810349206e-01
6.075589207841372263e+04 9.958766052175709316e-01
6.075589233847442665e+04 1.000808649619834512e+00
6.075589259853513067e+04 9.957311146074327990e-01
6.075589285859582742e+04 9.930884479012768162e-01
6.075589311865652417e+04 9.897732161261419970e-01
6.075589337871722819e+04 9.882403764837967008e-01
6.075589363877793221e+04 9.979858088050620468e-01
6.075589389883863623e+04 9.934299264263091178e-01
6.075589415889933298e+04 9.989924119362558752e-01
6.075589441896003700e+04 9.963852106830314304e-01
6.075589467902074102e+04 9.990005161052182281e-01
6.075589493908143777e+04 1.002694670022750589e+00
6.075589519914213452e+04 1.000273668893982393e+00
6.075589545920283854e+04 9.836228240437709935e-01
6.075589571926354256e+04 1.009978880654186284e+00
6.075589597932424658e+04 9.896272438004599659e-01
6.075589623938494333e+04 9.972998827010578493e-01
6.075589649944564735e+04 9.865331792712329628e-01
6.075589675950635137e+04 9.953518662815774576e-01
6.075589701956705539e+04 9.950349778862159766e-01
6.075589727962775942e+04 9.984340433005429727e-01
6.075589753968844889e+04 9.928257528928438047e-01
6.075589779974915291e+04 1.003087979836516874e+00
6.075589805980985693e+04 9.897726141163685210e-01
6.075589831987055368e+04 1.001222312004060422e+00
6.075589857993125770e+04 9.943037385528481487e-01
6.075589883999196172e+04 1.004074228309517203e+00
6.075589910005266574e+04 9.976741170312586338e-01
6.075589936011336977e+04 1.000095993212748446e+00
6.075589962017406651e+04 9.950702324155271672e-01
6.075589988023477054e+04 9.962784214536234417e-01
6.075590014029546728e+04 9.939883467124017713e-01
6.075590040035617130e+04 1.000590687762319408e+00
6.075590066041687533e+04 1.006539495651758820e+00
6.075590092047757207e+04 9.864091169583023566e-01
6.075590118053827609e+04 1.003528971740393905e+00
6.075590144059898012e+04 9.879967563339209224e-01
6.075590170065967686e+04 1.008887320316903535e+00
6.075590196072038816e+04 9.991250236391582273e-01
6.075590222078108491e+04 9.997054601308701383e-01
6.075590248084178893e+04 1.006199933668971536e+00
6.075590274090249295e+04 1.005821861733701361e+00
6.075590300096318242e+04 9.887196630312188317e-01
6.075590326102388644e+04 1.010093326235741218e+00
6.075590352108459047e+04 1.004411197290626445e+00
6.075590378114529449e+04 9.954845543526977814e-01
6.075590404120599851e+04 1.000560272985701715e+00
6.075590430126669526e+04 1.011397014449150644e+00
6.075590456132739928e+04 1.005173782291546303e+00
6.075590482138810330e+04 1.003669426845970269e+00
6.075590508144880732e+04 9.886699721466302160e-01
6.075590534150951135e+04 9.926705281982816098e-01
6.075590560157020809e+04 1.005377799462700450e+00
6.075590586163091211e+04 1.001365217171797939e+00
6.075590612169160886e+04 1.003004064717183175e+00
6.075590638175230561e+04 9.966954202824107600e-01
6.075590664181300963e+04 1.003463437375401002e+00
6.075590690187371365e+04 1.002754394624005174e+00
6.075590716193441767e+04 1.008695398841660262e+00
6.075590742199512169e+04 1.001392628696665010e+00
6.075590768205581844e+04 9.976621034981746350e-01
6.075590794211652246e+04 1.008296301168336795e+00
6.075590820217722649e+04 1.003669596538534936e+00
6.075590846223793051e+04 9.919154443697122403e-01
6.075590872229863453e+04 1.007770882685209202e+00
6.075590898235933128e+04 1.003850428420204111e+00
6.075590924242003530e+04 1.012034333193547520e+00
6.075590950248073932e+04 9.918169177667144343e-01
6.075591106051386305e+04 9.953793086652836797e-01
6.075591132057445793e+04 9.989954635981673770e-01
6.075591158063505281e+04 1.002108122509675514e+00
6.075591184069564770e+04 9.976620942785958679e-01
6.075591210075624258e+04 9.978171588379424195e-01
6.075591236081683746e+04 9.924046393850699532e-01
6.075591262087743235e+04 1.008044986538427779e+00
6.075591288093802723e+04 9.952640914228202407e-01
6.075591314099862211e+04 1.004348415847936549e+00
6.075591340105922427e+04 9.998981893394945919e-01
6.075591366111981915e+04 1.006172302625041759e+00
6.075591392118041404e+04 9.928248921400159022e-01
6.075591418124100892e+04 1.003083946837083573e+00
6.075591444130160380e+04 1.006464237794701067e+00
6.075591470136219868e+04 1.004592634540928175e+00
6.075591496142279357e+04 9.932604459938988439e-01
6.075591522148338845e+04 9.992595734527368601e-01
6.075591548154399061e+04 9.969855573902007828e-01
6.075591574160458549e+04 9.928005863504971718e-01
6.075591600166518037e+04 1.002663357222691509e+00
6.075591626172577526e+04 1.000821178653383825e+00
6.075591652178637742e+04 9.970125298036497385e-01
6.075591678184697230e+04 1.006330955909494396e+00
6.075591704190756718e+04 1.002097791947709426e+00
6.075591730196816206e+04 1.003678217007293538e+00
6.075591756202875695e+04 1.005494183300287503e+00
6.075591782208935183e+04 9.977288440287256366e-01
6.075591808214994671e+04 1.001390519551060843e+00
6.075591834221054160e+04 9.986157602333762817e-01
6.075591860227113648e+04 9.949668904734931818e-01
6.075591886233173136e+04 1.004625777262045050e+00
6.075591912239232624e+04 1.007180205045473675e+00
6.075591938245292840e+04 1.006909016300117088e+00
6.075591964251352329e+04 1.003613293104080428e+00
6.075591990257411817e+04 9.982174051440656504e-01
6.075592016263471305e+04 1.002618674718940506e+00
6.075592042269530793e+04 9.945367283976971340e-01
6.075592068275590282e+04 9.999361193375714274e-01
6.075592094281649770e+04 9.887119447083876356e-01
6.075592120287709986e+04 9.975749056157111605e-01
6.075592146293769474e+04 1.004296979020951275e+00
6.075592172299828962e+04 9.985072533682063378e-01
6.075592198305888451e+04 1.003919524305908251e+00
6.075592224311948667e+04 1.002235866604134884e+00
6.075592250318008155e+04 9.992998016050120835e-01
6.075592276324067643e+04 9.980992220976510065e-01
6.075592302330127131e+04 1.001334808392523534e+00
6.075592328336186620e+04 9.919557904552841476e-01
6.075592354342246108e+04 1.000553045601591862e+00
6.075592380348305596e+04 9.871081870071003461e-01
6.075592406354365812e+04 9.999528532885589849e-01
6.075592432360425300e+04 9.995276521762608279e-01
6.075592458366484789e+04 1.005291660430707612e+00
6.075592484372544277e+04 9.974775772035308075e-01
6.075592510378604493e+04 9.983499563480994210e-01
6.075592536384663981e+04 9.926125258016330610e-01
6.075592562390723469e+04 1.009960302772106244e+00
6.075592588396782958e+04 1.004330167547335062e+00
6.075592614402842446e+04 1.008924508342481374e+00
6.075592640408901934e+04 1.009706079207308038e+00
6.075592666414961423e+04 1.001924426083429021e+00
6.075592692421020911e+04 9.997908402721203958e-01
6.075592718427081127e+04 1.000625377181164177e+00
6.075592744433140615e+04 9.972427259520763032e-01
6.075592770439200103e+04 1.003666739497234950e+00
6.075592796445260319e+04 9.997140037520495515e-01
6.075592822451319807e+04 1.004049254581347528e+00
6.075592848457379296e+04 9.958690826994457401e-01
6.075592874463438784e+04 9.932153387221407392e-01
6.075592900469498272e+04 9.955732396614064283e-01
6.075592926475557761e+04 1.000179619318362745e+00
6.075592952481617249e+04 1.000555228031241084e+00
6.075592978487676737e+04 1.008797455104833318e+00
6.075593004493736953e+04 1.000757458920593201e+00
6.075593030499796441e+04 1.008281207749775588e+00
6.075593056505855930e+04 1.000847409928286913e+00
6.075593082511916145e+04 1.004632307848057682e+00
6.075593108517975634e+04 9.954842126677377889e-01
6.075593134524035122e+04 9.970450392898562164e-01
6.075593160530094610e+04 1.007739334101270812e+00
6.075593186536154099e+04 1.007706960549545228e+00
6.075593212542213587e+04 9.994133357215528868e-01
6.075593238548273075e+04 1.000969656569943078e+00
6.075593264554332563e+04 1.000106990266374840e+00
6.075593290560392779e+04 9.993974223224553199e-01
6.075593316566452268e+04 9.997189396746140044e-01
6.075593342572511756e+04 1.003971136070987535e+00
6.075593368578571244e+04 1.004793958249916130e+00
6.075593394584631460e+04 1.012091336180523937e+00
6.075593420590690948e+04 1.003264055435831192e+00
6.075593446596750437e+04 1.000975549076438043e+00
6.075593472602809925e+04 9.965417725429523976e-01
6.075593498608869413e+04 1.002290394878414981e+00
6.075593524614928901e+04 1.002968166835549235e+00
6.075593550620988390e+04 1.011216450396211108e+00
6.075593576627048606e+04 1.009797984999610598e+00
6.075593602633108094e+04 1.002802529692662148e+00
6.075593628639167582e+04 9.960709011120104650e-01
6.075593654645227070e+04 9.937500495301032633e-01
6.075593680651287286e+04 1.004093220886427718e+00
6.075593706657346775e+04 1.002711381987911432e+00
6.075593732663406263e+04 9.978224250651721583e-01
6.075593758669465751e+04 9.985109694781689749e-01
6.075593784675525239e+04 9.990829837431650651e-01
6.075593810681584728e+04 1.008250389764719035e+00
6.075593836687644216e+04 1.011503963060621070e+00
6.075593862693704432e+04 1.001993456053331677e+00
6.075593888699763920e+04 9.966908145809841857e-01
6.075593914705823408e+04 1.007112610457396862e+00
6.075593940711883624e+04 9.914900991349078208e-01
6.075594106598430517e+04 9.993253701846668280e-01
6.075594132604500919e+04 9.969526453625274787e-01
6.075594158610571321e+04 1.005667103701224585e+00
6.075594184616640996e+04 9.911192175290596262e-01
6.075594210622711398e+04 9.991912775292079996e-01
6.075594236628781800e+04 1.008528541337971873e+00
6.075594262634852203e+04 1.010980885365863280e+00
6.075594288640922605e+04 9.909047066790520608e-01
6.075594314646992279e+04 1.002271166805600355e+00
6.075594340653063409e+04 1.014662088613090152e+00
6.075594366659133811e+04 1.007191115244752133e+00
6.075594392665203486e+04 9.950389021836060222e-01
6.075594418671273888e+04 9.897849647779931592e-01
6.075594444677344291e+04 9.974684756383210837e-01
6.075594470683414693e+04 1.002703383827382666e+00
6.075594496689485095e+04 1.006256963022068351e+00
6.075594522695554770e+04 1.000960999703176313e+00
6.075594548701625172e+04 9.955733968911903986e-01
6.075594574707695574e+04 1.001159373678103037e+00
6.075594600713765976e+04 9.918877480419273640e-01
6.075594626719836378e+04 1.008560757742318570e+00
6.075594652725906053e+04 1.001131976712180682e+00
6.075594678731976455e+04 1.001054074177802455e+00
6.075594704738046858e+04 1.004069151262873438e+00
6.075594730744116532e+04 1.000562259071850812e+00
6.075594756750187662e+04 1.003364834606200739e+00
6.075594782756257337e+04 1.005127430633872887e+00
6.075594808762328466e+04 9.989549799880820258e-01
6.075594834768398869e+04 1.009292252750310093e+00
6.075594860774468543e+04 1.005231113181264124e+00
6.075594886780538945e+04 1.002653605448502461e+00
6.075594912786609348e+04 9.962055356237113912e-01
6.075594938792679750e+04 1.004460927843081830e+00
6.075594964798750152e+04 1.001432039119487083e+00
6.075594990804819827e+04 9.990453028874350938e-01
6.075595016810890229e+04 1.004431955334243121e+00
6.075595042816960631e+04 9.935931180746080393e-01
6.075595068823031033e+04 9.919727079842800554e-01
6.075595094829101436e+04 1.002009361289234013e+00
6.075595120835171110e+04 9.920248630441341753e-01
6.075595146841241512e+04 9.979453798450982349e-01
6.075595172847312642e+04 1.001337653357594615e+00
6.075595198853382317e+04 1.000098438931587008e+00
6.075595224859452719e+04 9.971117739603323482e-01
6.075595250865523121e+04 9.994344589720209893e-01
6.075595276871593524e+04 1.003717728215643090e+00
6.075595302877663926e+04 1.012297892851948600e+00
6.075595328883733600e+04 1.002718948101381402e+00
6.075595354889804003e+04 1.008614006127958707e+00
6.075595380895874405e+04 9.932024236607382983e-01
6.075595406901944807e+04 9.998987424000403967e-01
6.075595432908015209e+04 9.998544643191684678e-01
6.075595458914084884e+04 9.945898398028457654e-01
6.075595484920156014e+04 9.977901492418359553e-01
6.075595510926226416e+04 9.859285878035409789e-01
6.075595536932296091e+04 1.014137857048745595e+00
6.075595562938366493e+04 1.006718230611725051e+00
6.075595588944436895e+04 9.896041906251589193e-01
6.075595614950507297e+04 9.981476044361046185e-01
6.075595640956577699e+04 1.009268327681895894e+00
6.075595666962647374e+04 1.007319947478064082e+00
6.075595692968717776e+04 1.004179029055450201e+00
6.075595718974788178e+04 9.944682938337245925e-01
6.075595744980858581e+04 9.986236638117037545e-01
6.075595770986929710e+04 9.980214939002759467e-01
6.075595796992999385e+04 9.928429376921860117e-01
6.075595822999069787e+04 9.968839078548017429e-01
6.075595849005140190e+04 1.001112638656132869e+00
6.075595875011209864e+04 1.006175623276009068e+00
6.075595901017280994e+04 1.000404335089004615e+00
6.075595927023350669e+04 9.916368622303071145e-01
6.075595953029421071e+04 9.902540029552002743e-01
6.075595979035491473e+04 1.000045778721733614e+00
6.075596005041561148e+04 9.969272380236573472e-01
6.075596031047632277e+04 9.938484479605351751e-01
6.075596057053702680e+04 1.008167861139217081e+00
6.075596083059773082e+04 9.947082000682385683e-01
6.075596109065843484e+04 9.898208989264356550e-01
6.075596135071913159e+04 1.002786436970831030e+00
6.075596161077983561e+04 9.991950362613631897e-01
6.075596187084053963e+04 9.953600573520349215e-01
6.075596213090124365e+04 9.991557480607172748e-01
6.075596239096194768e+04 9.982292148624910544e-01
6.075596265102265170e+04 1.003149134556631461e+00
6.075596291108335572e+04 1.005167549768460233e+00
6.075596317114405974e+04 9.953382769574257161e-01
6.075596343120475649e+04 1.000608790724181851e+00
6.075596369126546051e+04 1.007909657215664945e+00
6.075596395132616453e+04 9.969455740315370518e-01
6.075596421138686856e+04 9.873910876360312283e-01
6.075596447144757258e+04 9.924053428011928579e-01
6.075596473150827660e+04 9.908595211711315187e-01
6.075596499156898062e+04 9.992565381664219037e-01
6.075596525162968464e+04 9.923478406824666198e-01
6.075596551169038867e+04 1.005100239152656005e+00
6.075596577175109269e+04 9.948834212995790738e-01
6.075596603181178943e+04 9.913753010804594590e-01
6.075596629187249346e+04 1.001743288234848706e+00
6.075596655193319748e+04 1.002587385588319391e+00
6.075596681199390150e+04 9.939577081178462281e-01
6.075596707205460552e+04 1.000890552409482881e+00
6.075596733211530955e+04 9.964974952922566187e-01
6.075596759217601357e+04 1.001544355151609889e+00
6.075596785223671759e+04 1.002646367356620827e+00
6.075596811229741434e+04 1.000093382451352708e+00
6.075596837235811836e+04 9.993971287808289805e-01
6.075596863241882238e+04 1.005285407650497786e+00
6.075596889247953368e+04 1.009621969389785656e+00
6.075596915254023770e+04 9.950721131967268374e-01
6.075596941260093445e+04 9.854237227235955743e-01
6.075597102105359954e+04 9.957110726110104393e-01
6.075597128111420170e+04 1.007448053514307329e+00
6.075597154117479658e+04 1.000178431264931334e+00
6.075597180123539147e+04 9.956108711591822313e-01
6.075597206129598635e+04 9.940537575514932778e-01
6.075597232135658123e+04 9.967865858700805104e-01
6.075597258141718339e+04 9.976078408094113392e-01
6.075597284147777827e+04 1.005781716175378815e+00
6.075597310153837316e+04 9.917380066281255013e-01
6.075597336159897532e+04 9.932445984473968759e-01
6.075597362165957020e+04 9.946635828612019337e-01
6.075597388172016508e+04 9.901141509598221369e-01
6.075597414178077452e+04 1.003854076696547137e+00
6.075597440184136940e+04 1.004168223319887643e+00
6.075597466190196428e+04 1.007703208961788555e+00
6.075597492196255916e+04 9.888200174691118560e-01
6.075597518202315405e+04 9.976710306429199537e-01
6.075597544208374893e+04 1.001230593789888879e+00
6.075597570214434381e+04 9.997597341952887406e-01
6.075597596220494597e+04 1.001487578866755213e+00
6.075597622226554813e+04 9.970430896990676306e-01
6.075597648232614301e+04 1.003290964700028542e+00
6.075597674238673790e+04 9.883988445182469995e-01
6.075597700244734006e+04 9.934080617463458829e-01
6.075597726250793494e+04 9.998904373453499916e-01
6.075597752256853710e+04 9.956220163289124514e-01
6.075597778262913198e+04 1.002416614835301534e+00
6.075597804268972686e+04 9.904891606552629346e-01
6.075597830275032175e+04 1.005178535005195828e+00
6.075597856281091663e+04 1.004992585254418369e+00
6.075597882287151151e+04 9.956201934339664605e-01
6.075597908293212095e+04 9.962267205849507645e-01
6.075597934299271583e+04 1.000638673719645988e+00
6.075597960305331071e+04 9.984647943609123999e-01
6.075597986311390559e+04 9.988077526754134405e-01
6.075598012317450775e+04 1.000369304181424557e+00
6.075598038323510264e+04 1.004163181817783190e+00
6.075598064329570479e+04 1.001762811794640884e+00
6.075598090335629968e+04 1.003209198944769343e+00
6.075598116341689456e+04 9.983770321049275642e-01
6.075598142347748944e+04 9.908716323262921621e-01
6.075598168353808433e+04 1.005272940128646875e+00
6.075598194359869376e+04 9.919705470049172691e-01
6.075598220365928864e+04 9.989855212942201357e-01
6.075598246371988353e+04 9.949619033165301163e-01
6.075598272378047841e+04 9.880329814603026062e-01
6.075598298384108057e+04 9.981474586486058787e-01
6.075598324390167545e+04 1.001288504310430261e+00
6.075598350396227761e+04 9.979357642877269008e-01
6.075598376402287249e+04 9.893852552469628581e-01
6.075598402408346738e+04 1.004837905758074301e+00
6.075598428414406226e+04 1.000794194964367056e+00
6.075598454420465714e+04 9.970189868380358034e-01
6.075598480426526658e+04 1.012743220769563690e+00
6.075598506432586146e+04 1.003181099799488329e+00
6.075598532438645634e+04 1.004911249825088726e+00
6.075598558444705122e+04 1.008968387518591969e+00
6.075598584450765338e+04 9.950922643867822215e-01
6.075598610456825554e+04 1.000759508042889268e+00
6.075598636462885042e+04 9.968879374569499241e-01
6.075598662468944531e+04 1.000672144812981612e+00
6.075598688475004019e+04 9.978562260509564741e-01
6.075598714481063507e+04 9.878455836806284696e-01
6.075598740487123723e+04 1.001963434926159247e+00
6.075598766493183211e+04 1.008877181311860216e+00
6.075598792499243427e+04 9.942982766397283623e-01
6.075598818505302916e+04 1.001201139290426756e+00
6.075598844511362404e+04 9.981490956814355053e-01
6.075598870517423347e+04 1.001824282824274714e+00
6.075598896523482836e+04 1.001710627527636399e+00
6.075598922529542324e+04 9.947882510517371824e-01
6.075598948535601812e+04 9.939105856829435481e-01
6.075598974541661300e+04 9.919205949506763043e-01
6.075599000547721516e+04 9.889266099761226947e-01
6.075599026553781005e+04 1.000101500562662116e+00
6.075599052559840493e+04 1.009222236957530772e+00
6.075599078565900709e+04 9.883939304037463458e-01
6.075599104571960197e+04 1.010263450459612411e+00
6.075599130578020413e+04 9.961753372966491993e-01
6.075599156584080629e+04 1.000715156922473703e+00
6.075599182590140117e+04 1.000285753864645910e+00
6.075599208596199605e+04 9.902804773306407293e-01
6.075599234602259094e+04 1.000919568776671431e+00
6.075599260608319310e+04 9.989969727930503307e-01
6.075599286614378798e+04 9.967734074888270346e-01
6.075599312620438286e+04 9.983762728784838503e-01
6.075599338626497774e+04 1.002777973043063264e+00
6.075599364632558718e+04 1.005464845752066738e+00
6.075599390638618206e+04 1.006478431552745301e+00
6.075599416644677694e+04 1.001845857114196381e+00
6.075599442650737910e+04 1.000123772260810062e+00
6.075599468656797399e+04 1.005774486837302861e+00
6.075599494662857614e+04 1.007644739867436634e+00
6.075599520668917103e+04 9.950979573658941257e-01
6.075599546674976591e+04 1.002537330210905964e+00
6.075599572681036079e+04 9.938975309875324182e-01
6.075599598687096295e+04 9.893728562494357170e-01
6.075599624693155783e+04 9.912472243818215567e-01
6.075599650699215999e+04 1.003184973238969491e+00
6.075599676705275488e+04 9.957434356547449905e-01
6.075599702711334976e+04 9.930819814417501945e-01
6.075599728717395192e+04 9.946326629162108857e-01
6.075599754723455408e+04 1.000524033858967377e+00
6.075599780729514896e+04 1.001894803273889023e+00
6.075599806735574384e+04 1.003699313035887775e+00
6.075599832741634600e+04 1.002015321290852468e+00
6.075599858747694088e+04 1.007288829292661392e+00
6.075599884753753577e+04 9.970484479828501945e-01
6.075599910759813065e+04 1.004823380633669050e+00
6.075599936765874008e+04 9.961828074289612589e-01
6.075600091310295102e+04 1.040254672986633766e+00
6.075600117316365504e+04 1.003936556567523564e+00
6.075600143322435179e+04 9.909196186582170940e-01
6.075600169328505581e+04 1.004362000374848574e+00
6.075600195334576711e+04 9.970507153866194905e-01
6.075600221340647113e+04 1.003441563744351450e+00
6.075600247346717515e+04 1.004843459442412712e+00
6.075600273352787190e+04 9.954926528930710949e-01
6.075600299358858319e+04 9.999780245161562497e-01
6.075600325364928722e+04 1.007295617035653956e+00
6.075600351370998396e+04 9.968997767227676388e-01
6.075600377377069526e+04 1.003525301992953089e+00
6.075600403383139928e+04 9.948745079128579194e-01
6.075600429389210331e+04 1.013361021311229404e+00
6.075600455395280733e+04 1.002691985778145112e+00
6.075600481401350407e+04 1.001112976457102954e+00
6.075600507407421537e+04 1.003720012551022611e+00
6.075600533413491939e+04 9.946180003734074182e-01
6.075600559419562342e+04 1.013633834319445537e+00
6.075600585425632744e+04 1.006474210673594882e+00
6.075600611431703146e+04 1.006067228201303898e+00
6.075600637437773548e+04 1.006682921250405149e+00
6.075600663443843951e+04 1.007072816513256752e+00
6.075600689449914353e+04 9.934472222818843123e-01
6.075600715455985483e+04 9.906806234583789283e-01
6.075600741462055157e+04 1.003696284601690358e+00
6.075600767468125559e+04 9.949626703810928730e-01
6.075600793474195962e+04 1.012501990844943300e+00
6.075600819480266364e+04 9.982666568665005125e-01
6.075600845486336766e+04 1.005251342791191327e+00
6.075600871492407168e+04 9.969264479390150813e-01
6.075600897498478298e+04 9.955486139029194881e-01
6.075600923504548700e+04 1.007590971996967344e+00
6.075600949510618375e+04 1.003085655114067221e+00
6.075600975516688777e+04 1.008556589677430226e+00
6.075601001522759907e+04 1.010749544577787651e+00
6.075601027528830309e+04 1.004422238789652644e+00
6.075601053534900711e+04 9.965623432744761256e-01
6.075601079540970386e+04 9.971890232359149620e-01
6.075601105547041516e+04 1.003786286047835707e+00
6.075601131553111918e+04 1.001905836775963676e+00
6.075601157559181593e+04 1.009473440666005084e+00
6.075601183565252722e+04 1.007370684705627628e+00
6.075601209571323125e+04 1.004775231321335616e+00
6.075601235577393527e+04 1.000186372336050900e+00
6.075601261583463929e+04 9.960717401822068995e-01
6.075601287589534331e+04 1.005286346928565777e+00
6.075601313595604734e+04 9.993958636047151067e-01
6.075601339601675136e+04 9.956710531194955527e-01
6.075601365607746266e+04 1.000390390184716871e+00
6.075601391613816668e+04 1.005874384887688100e+00
6.075601417619886342e+04 1.001773984665897954e+00
6.075601443625956745e+04 1.007568178949468818e+00
6.075601469632027874e+04 1.005008489391744808e+00
6.075601495638097549e+04 1.015367287555793974e+00
6.075601521644168679e+04 1.006333684063743350e+00
6.075601547650239081e+04 1.004057533601961039e+00
6.075601573656309483e+04 1.002971212779453669e+00
6.075601599662379886e+04 1.010632697746467690e+00
6.075601625668450288e+04 1.012361610541190116e+00
6.075601651674520690e+04 1.005420517504542532e+00
6.075601677680591092e+04 1.004044108788495704e+00
6.075601703686661494e+04 9.975619152955731428e-01
6.075601729692732624e+04 1.012269292163070267e+00
6.075601755698802299e+04 1.004797860682982602e+00
6.075601781704872701e+04 1.009971238861248954e+00
6.075601807710943831e+04 1.007888137184473010e+00
6.075601833717014233e+04 1.000852592100830885e+00
6.075601859723084635e+04 9.888081033782312179e-01
6.075601885729155038e+04 1.009271889169686354e+00
6.075601911735225440e+04 1.006056366378131006e+00
6.075601937741295842e+04 1.010925885057912144e+00
6.075601963747365517e+04 1.001213779926619196e+00
6.075601989753436646e+04 1.014273584333487799e+00
6.075602015759507049e+04 1.001189450947930881e+00
6.075602041765577451e+04 1.002072091010254740e+00
6.075602067771648581e+04 1.001763156666614529e+00
6.075602093777718255e+04 1.017509834112859002e+00
6.075602119783788658e+04 9.887949068529469088e-01
6.075602145789859787e+04 1.004188347454557428e+00
6.075602171795930190e+04 1.003862264922089631e+00
6.075602197802000592e+04 1.010407143749679992e+00
6.075602223808070994e+04 1.002162888677333052e+00
6.075602249814141396e+04 1.012163560231296167e+00
6.075602275820211798e+04 9.973265239919318903e-01
6.075602301826282201e+04 1.012854985621253867e+00
6.075602327832352603e+04 1.005657648474239885e+00
6.075602353838423005e+04 1.003049866910251886e+00
6.075602379844494135e+04 1.007133284330344436e+00
6.075602405850564537e+04 9.978046722573972183e-01
6.075602431856634212e+04 1.016947624085082325e+00
6.075602457862704614e+04 1.002836155169501975e+00
6.075602483868775744e+04 1.001331764939981550e+00
6.075602509874846146e+04 1.007023010906555438e+00
6.075602535880916548e+04 9.970763597334565409e-01
6.075602561886986950e+04 1.015044248322213738e+00
6.075602587893057353e+04 9.985215738219093140e-01
6.075602613899127755e+04 9.979105968626112988e-01
6.075602639905198885e+04 1.008508980162784896e+00
6.075602665911269287e+04 1.004782724638836555e+00
6.075602691917338962e+04 9.930775177885813321e-01
6.075602717923410091e+04 1.008384830161751955e+00
6.075602743929480494e+04 9.961791342142006789e-01
6.075602769935550168e+04 1.003225964962197292e+00
6.075602795941621298e+04 1.003530337383625071e+00
6.075602821947691700e+04 1.007182993507528268e+00
6.075602847953762102e+04 1.000650907351042784e+00
6.075602873959833232e+04 1.011683687925572173e+00
6.075602899965902907e+04 9.886791131610325190e-01
6.075602925971973309e+04 9.913135362253291394e-01
6.075603093119423283e+04 9.956582222127070558e-01
6.075603119125482772e+04 9.923929116522540728e-01
6.075603145131542988e+04 1.013955310320411307e+00
6.075603171137602476e+04 1.004826961823190867e+00
6.075603197143662692e+04 1.003772642311631991e+00
6.075603223149722908e+04 1.001430421538157090e+00
6.075603249155782396e+04 1.004760519397746910e+00
6.075603275161842612e+04 1.003410305397395064e+00
6.075603301167902100e+04 1.002945222982767115e+00
6.075603327173962316e+04 1.003083563753582652e+00
6.075603353180022532e+04 9.976729608283310125e-01
6.075603379186082020e+04 1.000050429711502931e+00
6.075603405192141508e+04 1.011126956128846732e+00
6.075603431198201724e+04 9.916372947166732787e-01
6.075603457204261213e+04 9.938425390988453456e-01
6.075603483210320701e+04 1.000729909654263228e+00
6.075603509216381644e+04 9.994829092041128682e-01
6.075603535222441133e+04 9.998750795302601135e-01
6.075603561228501349e+04 1.004153544305047552e+00
6.075603587234560837e+04 1.000259749187777825e+00
6.075603613240621053e+04 1.003916039270324578e+00
6.075603639246681269e+04 9.916810374997977462e-01
6.075603665252740757e+04 1.000320255780819290e+00
6.075603691258800245e+04 9.926662521813912621e-01
6.075603717264860461e+04 1.008027068136398974e+00
6.075603743270919949e+04 9.953399819702434259e-01
6.075603769276979438e+04 1.001011442624300862e+00
6.075603795283040381e+04 1.004923194238705575e+00
6.075603821289099869e+04 1.000203879193329648e+00
6.075603847295160085e+04 1.010537860402362265e+00
6.075603873301219573e+04 1.010367206544792840e+00
6.075603899307279789e+04 1.006101163944311594e+00
6.075603925313340005e+04 1.000704129491685412e+00
6.075603951319399494e+04 9.993097433841753308e-01
6.075603977325458982e+04 9.976334809344468146e-01
6.075604003331519198e+04 9.979165268662713029e-01
6.075604029337578686e+04 1.001528150435566644e+00
6.075604055343638902e+04 9.979863819016172588e-01
6.075604081349698390e+04 9.987666099032768141e-01
6.075604107355758606e+04 1.003128778793532794e+00
6.075604133361818822e+04 9.975920343572440840e-01
6.075604159367878310e+04 9.993148637486609642e-01
6.075604185373938526e+04 9.939390121196448602e-01
6.075604211379998742e+04 9.932459728652108799e-01
6.075604237386058230e+04 1.008956906298307477e+00
6.075604263392118446e+04 9.928060238770471946e-01
6.075604289398177934e+04 9.976554092316393119e-01
6.075604315404237423e+04 1.006083724212800901e+00
6.075604341410297639e+04 9.968239019142645096e-01
6.075604367416357127e+04 9.988499292408293817e-01
6.075604393422418070e+04 1.004701335627282921e+00
6.075604419428477559e+04 9.941442873729412488e-01
6.075604445434537047e+04 9.947060886303260574e-01
6.075604471440597990e+04 9.963032676973246904e-01
6.075604497446657479e+04 1.007218982479288094e+00
6.075604523452717694e+04 1.001866200892299830e+00
6.075604549458777183e+04 1.004357964198745679e+00
6.075604575464836671e+04 1.005451484349634939e+00
6.075604601470896887e+04 1.004028331888045411e+00
6.075604627476956375e+04 1.000524800214754650e+00
6.075604653483016591e+04 9.972075146268472023e-01
6.075604679489076807e+04 9.916130376328989859e-01
6.075604705495136295e+04 9.922833235960240028e-01
6.075604731501196511e+04 9.965183912802862976e-01
6.075604757507256727e+04 9.901151546413266002e-01
6.075604783513316943e+04 1.002109642601554107e+00
6.075604809519376431e+04 9.959483957282465605e-01
6.075604835525435919e+04 1.006648728504060175e+00
6.075604861531496135e+04 9.997430712854016299e-01
6.075604887537555624e+04 1.008057742638748477e+00
6.075604913543615839e+04 1.001044629679321174e+00
6.075604939549675328e+04 9.947578632091956807e-01
6.075604965555735544e+04 9.934838379212679316e-01
6.075604991561795759e+04 9.932838560943944017e-01
6.075605017567855248e+04 9.981759194251786926e-01
6.075605043573915464e+04 9.985996139759624191e-01
6.075605069579975680e+04 1.003361088952258839e+00
6.075605095586035168e+04 1.003988283141188154e+00
6.075605121592095384e+04 1.001721964193505121e+00
6.075605147598154872e+04 1.000167467042159197e+00
6.075605173604215088e+04 9.986163689494572671e-01
6.075605199610274576e+04 9.910235202024898493e-01
6.075605225616334792e+04 1.001305782545588219e+00
6.075605251622395008e+04 1.004408046986959846e+00
6.075605277628454496e+04 1.005398484606948806e+00
6.075605303634514712e+04 9.994230354175800413e-01
6.075605329640574200e+04 9.912868651594296532e-01
6.075605355646635144e+04 1.000870210331171517e+00
6.075605381652694632e+04 1.006679648674260408e+00
6.075605407658754848e+04 9.913462050638488510e-01
6.075605433664814336e+04 1.010958524435104700e+00
6.075605459670873825e+04 1.002940297615698029e+00
6.075605485676934040e+04 9.966605091841349573e-01
6.075605511682993529e+04 9.891784774224655630e-01
6.075605537689054472e+04 9.989882554112519131e-01
6.075605563695113960e+04 9.958188657488185047e-01
6.075605589701174176e+04 9.956038719409354698e-01
6.075605615707233665e+04 9.974741977792644931e-01
6.075605641713293880e+04 9.912240866692142438e-01
6.075605667719354096e+04 1.001630731484110637e+00
6.075605693725413585e+04 9.925784450475163556e-01
6.075605719731473800e+04 9.977336676474353183e-01
6.075605745737533289e+04 1.001100345087303722e+00
6.075605771743593505e+04 9.902915303648645029e-01
6.075605797749652993e+04 9.933213260196158689e-01
6.075605823755713209e+04 9.970012437525686000e-01
6.075605849761773425e+04 9.946721782644978305e-01
6.075605875767832913e+04 9.974288704185444443e-01
6.075605901773893129e+04 9.953778426507956523e-01
6.075605927779953345e+04 9.908322387520961394e-01
6.075606082322710427e+04 9.927941998954821212e-01
6.075606108328780829e+04 9.985212585184907175e-01
6.075606134334851231e+04 9.842046098257324349e-01
6.075606160340922361e+04 9.885569071058863955e-01
6.075606186346992035e+04 1.001614162937424446e+00
6.075606212353063165e+04 9.954404936844856167e-01
6.075606238359133567e+04 9.897488613939990909e-01
6.075606264365204697e+04 9.950685559615797260e-01
6.075606290371275099e+04 1.001567010621085441e+00
6.075606316377345502e+04 9.848105028978888509e-01
6.075606342383415904e+04 9.929928352806264291e-01
6.075606368389486306e+04 9.918531042949609855e-01
6.075606394395557436e+04 1.002491826994456936e+00
6.075606420401627838e+04 9.945395805339025674e-01
6.075606446407698240e+04 1.002843230611889069e+00
6.075606472413768643e+04 9.952134859585376470e-01
6.075606498419839772e+04 9.947071879923506943e-01
6.075606524425910175e+04 9.945280094261166326e-01
6.075606550431981304e+04 9.937662294912438243e-01
6.075606576438050979e+04 9.913678956552346433e-01
6.075606602444122109e+04 9.968736484319791202e-01
6.075606628450192511e+04 9.983186632327977206e-01
6.075606654456262913e+04 9.953157552385050177e-01
6.075606680462333316e+04 9.998183633446607876e-01
6.075606706468404445e+04 9.994258860480346174e-01
6.075606732474474848e+04 9.969157141043296644e-01
6.075606758480545250e+04 9.952246558236766960e-01
6.075606784486615652e+04 9.997923212701503859e-01
6.075606810492686054e+04 9.946727562893110663e-01
6.075606836498757184e+04 1.005004741092665910e+00
6.075606862504827586e+04 9.969356788985589413e-01
6.075606888510898716e+04 9.843112296525796667e-01
6.075606914516968391e+04 1.000062460510359186e+00
6.075606940523039520e+04 1.002535262505456659e+00
6.075606966529109923e+04 9.964899422208771673e-01
6.075606992535180325e+04 9.994709651721129795e-01
6.075607018541250727e+04 9.966601703115959277e-01
6.075607044547321857e+04 1.012249209324965982e+00
6.075607070553392259e+04 9.851888668524466652e-01
6.075607096559463389e+04 9.880871109651965245e-01
6.075607122565533064e+04 9.927896075080548943e-01
6.075607148571604193e+04 9.958772405102431780e-01
6.075607174577674596e+04 1.009477787906037038e+00
6.075607200583745725e+04 1.005179121716794022e+00
6.075607226589816128e+04 9.981432778879413270e-01
6.075607252595886530e+04 9.914629638691060398e-01
6.075607278601956932e+04 9.945610838887137817e-01
6.075607304608028062e+04 9.970257652306002694e-01
6.075607330614097737e+04 9.901229938641125106e-01
6.075607356620169594e+04 1.006290746359229438e+00
6.075607382626239269e+04 9.904720223864476036e-01
6.075607408632310398e+04 1.004877745930862654e+00
6.075607434638380801e+04 9.918210135386666959e-01
6.075607460644451203e+04 9.984126251346496783e-01
6.075607486650521605e+04 9.934208150695541528e-01
6.075607512656592735e+04 1.004087469627241491e+00
6.075607538662663137e+04 9.879327833836661910e-01
6.075607564668734267e+04 1.003768446682123949e+00
6.075607590674803942e+04 1.001837888790195086e+00
6.075607616680875071e+04 1.000710184772816591e+00
6.075607642686945474e+04 1.000051713089094019e+00
6.075607668693016603e+04 9.956289817604191406e-01
6.075607694699087006e+04 9.988696670359628049e-01
6.075607720705157408e+04 9.930698276212933662e-01
6.075607746711227810e+04 9.943739382405790694e-01
6.075607772717298940e+04 9.985160197269282722e-01
6.075607798723368614e+04 9.962326767000736494e-01
6.075607824729439744e+04 9.967851690985112256e-01
6.075607850735510146e+04 9.997537488493539737e-01
6.075607876741581276e+04 1.003954235807970052e+00
6.075607902747651679e+04 9.956663219188340852e-01
6.075607928753722081e+04 9.975479323822596944e-01
6.075607954759792483e+04 1.006752062578659679e+00
6.075607980765863613e+04 9.957030092545349209e-01
6.075608006771934015e+04 1.003681412048461397e+00
6.075608032778005145e+04 9.901787088994253860e-01
6.075608058784074819e+04 1.004144940308480338e+00
6.075608084790145949e+04 9.928629251197230721e-01
6.075608110796216351e+04 1.004477423313854922e+00
6.075608136802286754e+04 9.922342723169061962e-01
6.075608162808357156e+04 1.000238088734521913e+00
6.075608188814428286e+04 1.004215327356674736e+00
6.075608214820498688e+04 9.977112811039423601e-01
6.075608240826569818e+04 9.944568404256203253e-01
6.075608266832639492e+04 9.994701160140343488e-01
6.075608292838710622e+04 9.952711267758280744e-01
6.075608318844781024e+04 1.001090217477803357e+00
6.075608344850852154e+04 1.000566433562867008e+00
6.075608370856922556e+04 9.958968802934634601e-01
6.075608396862992959e+04 9.947779376173518928e-01
6.075608422869064088e+04 1.004435287592463144e+00
6.075608448875134491e+04 9.994511656238215247e-01
6.075608474881204893e+04 9.997281887184091831e-01
6.075608500887276023e+04 9.911861670418720127e-01
6.075608526893346425e+04 1.007606130450687143e+00
6.075608552899416827e+04 9.971712464356912164e-01
6.075608578905487957e+04 1.012874766962672535e+00
6.075608604911557632e+04 1.003735471788032685e+00
6.075608630917628761e+04 1.002233452103153066e+00
6.075608656923699164e+04 9.994893270769421578e-01
6.075608682929770293e+04 9.978957822631698837e-01
6.075608708935840696e+04 1.000371195290809201e+00
6.075608734941911098e+04 1.001705496909259363e+00
6.075608760947981500e+04 1.001594510732297216e+00
6.075608786954052630e+04 9.933720004676540594e-01
6.075608812960123760e+04 1.001956604351643021e+00
6.075608838966194162e+04 1.007576179978130870e+00
6.075608864972264564e+04 9.970150411534457469e-01
6.075608890978334966e+04 9.966130097851935155e-01
6.075608916984406096e+04 1.010156369028543555e+00
6.075609076569380704e+04 1.006164054478353442e+00
6.075609102575441648e+04 1.000963966294691421e+00
6.075609128581501136e+04 9.967509489119981136e-01
6.075609154587561352e+04 9.970706417840208280e-01
6.075609180593621568e+04 1.005309092233353185e+00
6.075609206599681784e+04 1.005483870056365081e+00
6.075609232605741272e+04 9.983549149800386990e-01
6.075609258611801488e+04 9.866931060715099511e-01
6.075609284617860976e+04 9.979872295307932184e-01
6.075609310623921192e+04 9.985061500475570506e-01
6.075609336629981408e+04 1.003958923125996217e+00
6.075609362636040896e+04 9.920545687271895563e-01
6.075609388642101840e+04 9.995072038421735083e-01
6.075609414648161328e+04 1.005949411345540057e+00
6.075609440654221544e+04 9.924529963626991247e-01
6.075609466660281760e+04 9.895424526046791014e-01
6.075609492666341976e+04 9.969385084389409402e-01
6.075609518672402191e+04 9.963910945965318566e-01
6.075609544678461680e+04 1.005346009220965176e+00
6.075609570684521896e+04 1.003040465266133996e+00
6.075609596690581384e+04 1.008343639112986745e+00
6.075609622696641600e+04 9.968700319800452014e-01
6.075609648702701088e+04 1.011209264143034803e+00
6.075609674708762032e+04 1.007116580377096504e+00
6.075609700714822247e+04 1.000841597675585559e+00
6.075609726720881736e+04 9.969210786120626944e-01
6.075609752726942679e+04 9.977539481265967902e-01
6.075609778733002167e+04 9.995232803404909827e-01
6.075609804739062383e+04 1.005120746827610212e+00
6.075609830745121872e+04 1.000084776133039810e+00
6.075609856751182087e+04 9.925193048559660669e-01
6.075609882757242303e+04 9.953968790325240512e-01
6.075609908763301792e+04 1.000899764500579270e+00
6.075609934769362008e+04 9.997601573390316743e-01
6.075609960775422223e+04 1.004676831354778033e+00
6.075609986781482439e+04 1.002965474226946041e+00
6.075610012787541928e+04 1.005731673985259755e+00
6.075610038793602143e+04 1.000712315232784366e+00
6.075610064799663087e+04 9.965619695890043372e-01
6.075610090805722575e+04 9.986995129252902448e-01
6.075610116811782791e+04 9.949954179301241375e-01
6.075610142817842279e+04 9.971203988912711313e-01
6.075610168823902495e+04 1.005719697309475524e+00
6.075610194829962711e+04 9.972820096307584148e-01
6.075610220836022199e+04 9.982585601184200685e-01
6.075610246842083143e+04 9.994404522064668228e-01
6.075610272848142631e+04 1.004694155420219115e+00
6.075610298854202847e+04 1.008928581839455996e+00
6.075610324860263063e+04 1.006264313029885393e+00
6.075610350866323279e+04 9.982442934841795346e-01
6.075610376872383495e+04 1.005637964741958879e+00
6.075610402878442983e+04 1.004038593204942487e+00
6.075610428884503199e+04 9.985928683887838053e-01
6.075610454890563415e+04 1.000385468292154023e+00
6.075610480896622903e+04 9.965423930035128830e-01
6.075610506902683119e+04 1.009091395422959003e+00
6.075610532908743335e+04 9.900454155501487996e-01
6.075610558914803551e+04 9.862338134965014103e-01
6.075610584920863766e+04 1.012714960225793881e+00
6.075610610926923255e+04 9.951085964717593102e-01
6.075610636932984198e+04 9.965292486104261327e-01
6.075610662939043686e+04 1.006072793178087066e+00
6.075610688945103902e+04 1.008860103599968694e+00
6.075610714951164118e+04 9.933487904900677457e-01
6.075610740957223607e+04 1.002962179552390420e+00
6.075610766963283822e+04 1.005922881478764630e+00
6.075610792969343311e+04 1.001810277287080497e+00
6.075610818975403527e+04 9.973888821369961688e-01
6.075610844981464470e+04 1.002619057523953527e+00
6.075610870987523958e+04 1.006162591767012060e+00
6.075610896993584174e+04 9.883498253428747438e-01
6.075610922999644390e+04 1.003067925415530137e+00
6.075610949005704606e+04 9.965656472749720995e-01
6.075610975011764822e+04 9.990395165393376464e-01
6.075611001017824310e+04 9.929122017837513914e-01
6.075611027023884526e+04 1.000687036812085706e+00
6.075611053029944742e+04 9.925801228080012306e-01
6.075611079036004230e+04 9.936780267504327080e-01
6.075611105042064446e+04 9.967794356045294180e-01
6.075611131048124662e+04 1.000653125564169965e+00
6.075611157054184878e+04 9.994898924876083335e-01
6.075611183060245094e+04 9.912439949268099237e-01
6.075611209066305310e+04 1.001500023878871826e+00
6.075611235072365525e+04 1.007580709050965195e+00
6.075611261078425741e+04 1.006411382649794239e+00
6.075611287084485230e+04 9.974634924688726700e-01
6.075611313090545445e+04 1.008075825587149144e+00
6.075611339096604934e+04 9.989828110289131757e-01
6.075611365102665150e+04 9.969847299297178722e-01
6.075611391108725365e+04 1.008292787944243818e+00
6.075611417114785581e+04 1.007452095508331258e+00
6.075611443120845797e+04 1.011087860303890196e+00
6.075611469126906013e+04 9.928942955096965450e-01
6.075611495132966229e+04 9.989140384750396784e-01
6.075611521139026445e+04 9.949806694556880826e-01
6.075611547145085933e+04 9.983640314247184122e-01
6.075611573151146149e+04 1.006066063381310549e+00
6.075611599157206365e+04 9.986248792209607705e-01
6.075611625163265853e+04 9.939684951926197609e-01
6.075611651169326069e+04 1.006273388450501738e+00
6.075611677175386285e+04 9.986752299238610409e-01
6.075611703181446501e+04 1.006703501396614797e+00
6.075611729187506717e+04 1.001020525426163044e+00
6.075611755193566933e+04 9.910663972092790264e-01
6.075611781199626421e+04 9.885748807679559658e-01
6.075611807205687364e+04 1.004911120736736274e+00
6.075611833211747580e+04 1.009531358499548448e+00
6.075611859217807068e+04 1.002912651499103358e+00
6.075611885223867284e+04 9.906603718530769820e-01
6.075611911229926773e+04 9.895355123258615659e-01
6.075612077117233275e+04 9.941592422075570257e-01
6.075612103123303677e+04 1.006188691488595577e+00
6.075612129129374080e+04 9.995121246474391041e-01
6.075612155135445209e+04 1.015059806275877552e+00
6.075612181141516339e+04 9.971640611692373923e-01
6.075612207147586741e+04 9.988983085506611959e-01
6.075612233153657144e+04 9.937892332958579988e-01
6.075612259159728274e+04 9.984727983433564491e-01
6.075612285165798676e+04 1.001434533976117036e+00
6.075612311171869806e+04 1.005651841696747484e+00
6.075612337177940935e+04 1.002199178565311932e+00
6.075612363184010610e+04 1.004415301018569018e+00
6.075612389190081740e+04 1.002487330158225998e+00
6.075612415196152870e+04 9.995370438858423023e-01
6.075612441202222544e+04 1.008772643902607236e+00
6.075612467208293674e+04 1.010738091736851585e+00
6.075612493214364804e+04 9.970570056090378719e-01
6.075612519220435206e+04 9.975470242712908275e-01
6.075612545226506336e+04 1.008272523375795426e+00
6.075612571232576738e+04 1.008654689686834693e+00
6.075612597238647140e+04 9.971194949236134031e-01
6.075612623244718270e+04 1.007352301672287176e+00
6.075612649250789400e+04 9.964752310530377022e-01
6.075612675256859802e+04 1.007677909364954161e+00
6.075612701262930204e+04 9.977763110497226418e-01
6.075612727269001334e+04 1.002560536817685755e+00
6.075612753275071736e+04 9.997115498372541875e-01
6.075612779281142139e+04 9.938039045579309949e-01
6.075612805287213268e+04 1.003179288052977514e+00
6.075612831293283671e+04 9.972875673929958440e-01
6.075612857299354800e+04 1.001993871775128442e+00
6.075612883305425930e+04 1.006008105568663380e+00
6.075612909311495605e+04 9.993447421806405107e-01
6.075612935317566735e+04 1.001881822796364618e+00
6.075612961323637865e+04 1.008641244009933047e+00
6.075612987329708267e+04 1.008411361984193011e+00
6.075613013335779397e+04 1.003981457966129920e+00
6.075613039341849799e+04 1.008924880014476111e+00
6.075613065347920201e+04 9.948802654047850247e-01
6.075613091353991331e+04 9.890215135183025863e-01
6.075613117360061733e+04 9.990510031223371890e-01
6.075613143366133590e+04 9.937900504165064763e-01
6.075613169372203265e+04 1.006194360805283461e+00
6.075613195378274395e+04 9.896658907002684469e-01
6.075613221384345525e+04 1.004365548044877876e+00
6.075613247390415199e+04 9.996479087789834628e-01
6.075613273396486329e+04 9.939347392880479859e-01
6.075613299402557459e+04 1.001603962235123380e+00
6.075613325408627861e+04 9.911743587677671607e-01
6.075613351414698991e+04 1.002057875590633085e+00
6.075613377420769393e+04 9.981618450626693617e-01
6.075613403426840523e+04 1.001681922856129558e+00
6.075613429432910925e+04 9.968259122283280593e-01
6.075613455438982055e+04 9.912809389191910014e-01
6.075613481445053185e+04 1.005302435091229629e+00
6.075613507451122859e+04 1.002930579856471827e+00
6.075613533457193989e+04 9.996041928524930231e-01
6.075613559463265119e+04 9.842041455170886799e-01
6.075613585469334794e+04 1.003799774780932852e+00
6.075613611475405924e+04 1.009634161597925406e+00
6.075613637481477053e+04 1.001192799761673857e+00
6.075613663487548183e+04 9.963175636687802150e-01
6.075613689493618585e+04 9.977393004970717127e-01
6.075613715499688988e+04 9.988902410494689965e-01
6.075613741505760117e+04 1.005601974608407501e+00
6.075613767511830520e+04 1.008505258765290069e+00
6.075613793517901649e+04 9.941829405904786254e-01
6.075613819523972779e+04 9.911173644117855508e-01
6.075613845530043181e+04 1.002339263229604871e+00
6.075613871536113584e+04 9.935084666825665378e-01
6.075613897542184714e+04 1.004483880425581122e+00
6.075613923548255116e+04 1.001271902140053127e+00
6.075613949554325518e+04 1.005214114481196352e+00
6.075613975560396648e+04 1.000559352266711333e+00
6.075614001566467778e+04 1.003811960886155763e+00
6.075614027572538907e+04 1.003004779932059165e+00
6.075614053578608582e+04 1.000182261035126752e+00
6.075614079584679712e+04 1.002833834212939035e+00
6.075614105590750842e+04 9.991307956959867287e-01
6.075614131596821244e+04 1.001167168804897978e+00
6.075614157602892374e+04 9.933118384924927158e-01
6.075614183608962776e+04 1.000435993886701347e+00
6.075614209615033906e+04 9.979244575038566101e-01
6.075614235621104308e+04 9.853670524129628516e-01
6.075614261627174710e+04 9.996390960650749502e-01
6.075614287633246568e+04 9.967026367733979875e-01
6.075614313639316970e+04 1.011147491099434914e+00
6.075614339645387372e+04 1.001634346733127012e+00
6.075614365651458502e+04 1.004376854630815386e+00
6.075614391657528904e+04 9.968796941129239864e-01
6.075614417663600034e+04 9.916126752346401396e-01
6.075614443669670436e+04 1.002666513753922795e+00
6.075614469675741566e+04 9.996486044302387297e-01
6.075614495681812696e+04 9.924588523107232829e-01
6.075614521687882370e+04 9.942549511279246133e-01
6.075614547693953500e+04 1.005329789276950825e+00
6.075614573700024630e+04 9.939320396759422360e-01
6.075614599706095760e+04 1.005592755563445850e+00
6.075614625712166162e+04 9.969871274715244036e-01
6.075614651718236564e+04 9.987333681723817858e-01
6.075614677724307694e+04 9.994663440082103278e-01
6.075614703730378824e+04 9.982062526403472358e-01
6.075614729736448498e+04 9.954446079813732418e-01
6.075614755742519628e+04 9.961565729573617078e-01
6.075614781748590758e+04 1.007092824841443024e+00
6.075614807754661888e+04 1.000127266449621466e+00
6.075614833760732290e+04 9.916951284584751836e-01
6.075614859766802692e+04 1.003076441757811521e+00
6.075614885772873822e+04 9.890155660972753671e-01
6.075614911778944952e+04 1.001128633533095336e+00
