6.075585120116569306e+04 9.952531334920091677e-01
6.075585146121949219e+04 9.936382608070943867e-01
6.075585172127328406e+04 9.958381905723495686e-01
6.075585198132708319e+04 1.006109238249344839e+00
6.075585224138088233e+04 1.004702976103871048e+00
6.075585250143468147e+04 9.896802575605169183e-01
6.075585276148847333e+04 1.002929941518361900e+00
6.075585302154227247e+04 9.948534888013449429e-01
6.075585328159607161e+04 9.998508885039667504e-01
6.075585354164987803e+04 1.003323059169467513e+00
6.075585380170368444e+04 1.008209492381646033e+00
6.075585406175747630e+04 1.000186209753472832e+00
6.075585432181127544e+04 1.004674663535481960e+00
6.075585458186507458e+04 9.891800151435258259e-01
6.075585484191887372e+04 9.978307730761800665e-01
6.075585510197266558e+04 1.003886689517161424e+00
6.075585536202646472e+04 9.990244109788826155e-01
6.075585562208026386e+04 1.004148930613953938e+00
6.075585588213406299e+04 1.002031189960320701e+00
6.075585614218786213e+04 1.004505613250287865e+00
6.075585640224165400e+04 1.000958208470224209e+00
6.075585666229546041e+04 9.996533576538528809e-01
6.075585692234926682e+04 1.001494921994625642e+00
6.075585718240306596e+04 1.001549770273017170e+00
6.075585744245685783e+04 1.004528185696259568e+00
6.075585770251065696e+04 1.003725346709717581e+00
6.075585796256445610e+04 9.991484129984631313e-01
6.075585822261825524e+04 1.000335315461248653e+00
6.075585848267205438e+04 1.004189822438313229e+00
6.075585874272584624e+04 9.939096271827755347e-01
6.075585900277964538e+04 9.925179094687336390e-01
6.075585926283344452e+04 1.004718166601634932e+00
6.075585952288725093e+04 1.000145030412286307e+00
6.075585978294105735e+04 9.998331258893463636e-01
6.075586004299484921e+04 1.007406627622990269e+00
6.075586030304864835e+04 1.004428049220787766e+00
6.075586056310244749e+04 1.005859488326733109e+00
6.075586082315624662e+04 9.994416495163966907e-01
6.075586108321004576e+04 9.987460700612740272e-01
6.075586134326383763e+04 1.005944095777179914e+00
6.075586160331763676e+04 1.001907650910029979e+00
6.075586186337143590e+04 9.974126633167149647e-01
6.075586212342523504e+04 9.999247990451695101e-01
6.075586238347903418e+04 9.948701046650497704e-01
6.075586264353283332e+04 1.004696670216189913e+00
6.075586290358663973e+04 9.932971086444323250e-01
6.075586316364043887e+04 9.970141582068755559e-01
6.075586342369423801e+04 1.003795556485317153e+00
6.075586368374803715e+04 9.942410412199040870e-01
6.075586394380182901e+04 1.005056882550186215e+00
6.075586420385562815e+04 9.989461441525996355e-01
6.075586446390942729e+04 1.000077096521247322e+00
6.075586472396322642e+04 9.996914525138963503e-01
6.075586498401702556e+04 1.004003426138661892e+00
6.075586524407081743e+04 9.915075456081223759e-01
6.075586550412462384e+04 1.003160160383057553e+00
6.075586576417843025e+04 1.003042665425495805e+00
6.075586602423222939e+04 9.978727660712383152e-01
6.075586628428602853e+04 9.871552938729869497e-01
6.075586654433982039e+04 9.994953706776861235e-01
6.075586680439361953e+04 1.002410291837839251e+00
6.075586706444741867e+04 1.008168835121301843e+00
6.075586732450121781e+04 1.000642912791874339e+00
6.075586758455501695e+04 9.991391205490581795e-01
6.075586784460881609e+04 1.012434555280148807e+00
6.075586810466260795e+04 9.851970434646349917e-01
6.075586836471640709e+04 1.001687692057384726e+00
6.075586862477021350e+04 9.930170987418568407e-01
6.075586888482401991e+04 9.998998307893527393e-01
6.075586914487781905e+04 1.003825635968931262e+00
6.075586940493161092e+04 9.861108205949840055e-01
6.075586966498541005e+04 1.000310932078494197e+00
6.075586992503920919e+04 9.938169604206036345e-01
6.075587018509300833e+04 1.002308482808725643e+00
6.075587044514680747e+04 9.944918052449870371e-01
6.075587070520060661e+04 9.958390684549590643e-01
6.075587096525439847e+04 9.962934528249821620e-01
6.075587122530819761e+04 9.842066968752972711e-01
6.075587148536199675e+04 9.962489135169708687e-01
6.075587174541581044e+04 1.005709706230874190e+00
6.075587200546960958e+04 1.002294151737635364e+00
6.075587226552340871e+04 9.994491846619451003e-01
6.075587252557720058e+04 9.958247389390387783e-01
6.075587278563099972e+04 1.003228225158733666e+00
6.075587304568479885e+04 9.983032646422335121e-01
6.075587330573859799e+04 1.003755558696020955e+00
6.075587356579239713e+04 9.900461439930855478e-01
6.075587382584619627e+04 1.001651826197465622e+00
6.075587408589998813e+04 9.935325649042761054e-01
6.075587434595378727e+04 9.995492905749082668e-01
6.075587460600759368e+04 9.993354576386265231e-01
6.075587486606140010e+04 1.002576158880085888e+00
6.075587512611519924e+04 1.002513547767306390e+00
6.075587538616899838e+04 9.955692421592405861e-01
6.075587564622279751e+04 1.001154171005896654e+00
6.075587590627658938e+04 1.007281117045641938e+00
6.075587616633038851e+04 1.000579388381812818e+00
6.075587642638418765e+04 9.910641935422594972e-01
6.075587668643798679e+04 9.947698922061894988e-01
6.075587694649178593e+04 1.002032898894026136e+00
6.075587720654558507e+04 9.995467998223162009e-01
6.075587746659937693e+04 1.001601673572593221e+00
6.075587772665318334e+04 1.009752780144303808e+00
6.075587798670698976e+04 1.001431070803831647e+00
6.075587824676078890e+04 9.941595274057951626e-01
6.075587850681458804e+04 1.002063588768457469e+00
6.075587876686838717e+04 1.010711987732507922e+00
6.075587902692218631e+04 1.009706740446465911e+00
6.075587928697597818e+04 9.944321657508512491e-01
6.075587954702977731e+04 9.881716810385205996e-01
6.075588115586427011e+04 1.011417647241627193e+00
6.075588141592496686e+04 9.970773327912023642e-01
6.075588167598567088e+04 9.951022183474876881e-01
6.075588193604636763e+04 9.961018751894752388e-01
6.075588219610707165e+04 1.013608262918283209e+00
6.075588245616777567e+04 1.005663196179914287e+00
6.075588271622847242e+04 1.005627190472772270e+00
6.075588297628917644e+04 9.992132200265819719e-01
6.075588323634988046e+04 9.941947486790362332e-01
6.075588349641056993e+04 9.943160081384763149e-01
6.075588375647127395e+04 1.001182921468261489e+00
6.075588401653197798e+04 9.958877327199948670e-01
6.075588427659268200e+04 9.989890954645002097e-01
6.075588453665338602e+04 9.967303779392890917e-01
6.075588479671408277e+04 9.904510523794768373e-01
6.075588505677478679e+04 1.004216388114167913e+00
6.075588531683548354e+04 1.005572108899204453e+00
6.075588557689618756e+04 9.935174871388057216e-01
6.075588583695689158e+04 9.990430443941277217e-01
6.075588609701758833e+04 9.934587680060746884e-01
6.075588635707829235e+04 1.002659161488256734e+00
6.075588661713899637e+04 1.004971171155827125e+00
6.075588687719969312e+04 9.962367379795568079e-01
6.075588713726038986e+04 9.994432939803101767e-01
6.075588739732109389e+04 9.982175130709332045e-01
6.075588765738179791e+04 1.016731148518814187e+00
6.075588791744250193e+04 9.942322756255945748e-01
6.075588817750319868e+04 9.943559010831650724e-01
6.075588843756390270e+04 1.010767258525236079e+00
6.075588869762460672e+04 1.000920553458094497e+00
6.075588895768530347e+04 1.006673869074080407e+00
6.075588921774600749e+04 1.014736424874016496e+00
6.075588947780670424e+04 9.939389487102442411e-01
6.075588973786740826e+04 1.003439361836681920e+00
6.075588999792811228e+04 1.000335763914568687e+00
6.075589025798880903e+04 1.004854562412313967e+00
6.075589051804952032e+04 9.972340140754631932e-01
6.075589077811021707e+04 9.960226143644321795e-01
6.075589103817091382e+04 1.002801551488200937e+00
6.075589129823161784e+04 9.895545285680932279e-01
6.075589155829231458e+04 9.939186047327532858e-01
6.075589181835301861e+04 9.906216490818846587e-01
6.075589207841372263e+04 9.963829638781602771e-01
6.075589233847442665e+04 1.001359606700517046e+00
6.075589259853513067e+04 9.967980524440664958e-01
6.075589285859582742e+04 9.947396783102609996e-01
6.075589311865652417e+04 9.919059449564733288e-01
6.075589337871722819e+04 9.909671830804647197e-01
6.075589363877793221e+04 1.001211916792887013e+00
6.075589389883863623e+04 9.966205482627170653e-01
6.075589415889933298e+04 1.001784470979282471e+00
6.075589441896003700e+04 9.988756429134550974e-01
6.075589467902074102e+04 1.001219570690935701e+00
6.075589493908143777e+04 1.004402665072132050e+00
6.075589519914213452e+04 1.001486942976103300e+00
6.075589545920283854e+04 9.846457955221185054e-01
6.075589571926354256e+04 1.011197780792516765e+00
6.075589597932424658e+04 9.915008658333728242e-01
6.075589623938494333e+04 9.996835684402585187e-01
6.075589649944564735e+04 9.893756707940482009e-01
6.075589675950635137e+04 9.986013677139135014e-01
6.075589701956705539e+04 9.981886760254907731e-01
6.075589727962775942e+04 1.001537334227262654e+00
6.075589753968844889e+04 9.960150850547022650e-01
6.075589779974915291e+04 1.006208436526667249e+00
6.075589805980985693e+04 9.927804993154321078e-01
6.075589831987055368e+04 1.003735654680812495e+00
6.075589857993125770e+04 9.963777621475102819e-01
6.075589883999196172e+04 1.006175056724057493e+00
6.075589910005266574e+04 1.000011244366123098e+00
6.075589936011336977e+04 1.002246215215228720e+00
6.075589962017406651e+04 9.967386989773150408e-01
6.075589988023477054e+04 9.977502443657970677e-01
6.075590014029546728e+04 9.953299617965357671e-01
6.075590040035617130e+04 1.001595383192916522e+00
6.075590066041687533e+04 1.007615665087990386e+00
6.075590092047757207e+04 9.881587895059986693e-01
6.075590118053827609e+04 1.005571646966653354e+00
6.075590144059898012e+04 9.898389380643960456e-01
6.075590170065967686e+04 1.010695988442656734e+00
6.075590196072038816e+04 1.000903190817954647e+00
6.075590222078108491e+04 1.001621355895532473e+00
6.075590248084178893e+04 1.008204548221948160e+00
6.075590274090249295e+04 1.007569159493636235e+00
6.075590300096318242e+04 9.903343832855500128e-01
6.075590326102388644e+04 1.011600949284476192e+00
6.075590352108459047e+04 1.006054375782061916e+00
6.075590378114529449e+04 9.973552872621519461e-01
6.075590404120599851e+04 1.002107205483083963e+00
6.075590430126669526e+04 1.012895796127511128e+00
6.075590456132739928e+04 1.006873359703991833e+00
6.075590482138810330e+04 1.004875604916168674e+00
6.075590508144880732e+04 9.893272799053184352e-01
6.075590534150951135e+04 9.933140113196269327e-01
6.075590560157020809e+04 1.006235962275745743e+00
6.075590586163091211e+04 1.002434965144967327e+00
6.075590612169160886e+04 1.004210258512419296e+00
6.075590638175230561e+04 9.979364731213543616e-01
6.075590664181300963e+04 1.004868443159160574e+00
6.075590690187371365e+04 1.003987541869671762e+00
6.075590716193441767e+04 1.009228337064695280e+00
6.075590742199512169e+04 1.001434014416691776e+00
6.075590768205581844e+04 9.976268757698085743e-01
6.075590794211652246e+04 1.008020388705350046e+00
6.075590820217722649e+04 1.003239187468047078e+00
6.075590846223793051e+04 9.918762669934289011e-01
6.075590872229863453e+04 1.007795635117785915e+00
6.075590898235933128e+04 1.003784714504075470e+00
6.075590924242003530e+04 1.012320733294373998e+00
6.075590950248073932e+04 9.925627816138582471e-01
6.075591106051386305e+04 9.961836273352292492e-01
6.075591132057445793e+04 9.998713749178105292e-01
6.075591158063505281e+04 1.002703338352428197e+00
6.075591184069564770e+04 9.977904224046563186e-01
6.075591210075624258e+04 9.977869359153150874e-01
6.075591236081683746e+04 9.925026812018477029e-01
6.075591262087743235e+04 1.008476934467290143e+00
6.075591288093802723e+04 9.956152173509990044e-01
6.075591314099862211e+04 1.004087700250522186e+00
6.075591340105922427e+04 9.994334204477257622e-01
6.075591366111981915e+04 1.005931216865961764e+00
6.075591392118041404e+04 9.928785796047431278e-01
6.075591418124100892e+04 1.003710882579094132e+00
6.075591444130160380e+04 1.007272847462303389e+00
6.075591470136219868e+04 1.005051235252110375e+00
6.075591496142279357e+04 9.930969590888383269e-01
6.075591522148338845e+04 9.983795060798965615e-01
6.075591548154399061e+04 9.963489588701216482e-01
6.075591574160458549e+04 9.928893995856461485e-01
6.075591600166518037e+04 1.002615715661405726e+00
6.075591626172577526e+04 1.000403980805988358e+00
6.075591652178637742e+04 9.963005606822014082e-01
6.075591678184697230e+04 1.005214967439485685e+00
6.075591704190756718e+04 1.000728861173266537e+00
6.075591730196816206e+04 1.002066086949727985e+00
6.075591756202875695e+04 1.004094156119547332e+00
6.075591782208935183e+04 9.968462773098392127e-01
6.075591808214994671e+04 1.000760333282271208e+00
6.075591834221054160e+04 9.978040056422341486e-01
6.075591860227113648e+04 9.937514548102404088e-01
6.075591886233173136e+04 1.003166843397456320e+00
6.075591912239232624e+04 1.005646211867150974e+00
6.075591938245292840e+04 1.005430618267445508e+00
6.075591964251352329e+04 1.002075731246062862e+00
6.075591990257411817e+04 9.965219518784003139e-01
6.075592016263471305e+04 1.000931265336336695e+00
6.075592042269530793e+04 9.927393552487315809e-01
6.075592068275590282e+04 9.980109734405891997e-01
6.075592094281649770e+04 9.865785111016949216e-01
6.075592120287709986e+04 9.952120755755891057e-01
6.075592146293769474e+04 1.002134215752636948e+00
6.075592172299828962e+04 9.964196769422232203e-01
6.075592198305888451e+04 1.001512063376425621e+00
6.075592224311948667e+04 9.994684271560351219e-01
6.075592250318008155e+04 9.965999261110087826e-01
6.075592276324067643e+04 9.961276144595053728e-01
6.075592302330127131e+04 1.000105764164542332e+00
6.075592328336186620e+04 9.907235933710689668e-01
6.075592354342246108e+04 9.992020342007478240e-01
6.075592380348305596e+04 9.855038948937202559e-01
6.075592406354365812e+04 9.980901123081403759e-01
6.075592432360425300e+04 9.976255482926380536e-01
6.075592458366484789e+04 1.003245362171319988e+00
6.075592484372544277e+04 9.950803849243281540e-01
6.075592510378604493e+04 9.956515846668654302e-01
6.075592536384663981e+04 9.900643725548756713e-01
6.075592562390723469e+04 1.007424461043989750e+00
6.075592588396782958e+04 1.001481962891766830e+00
6.075592614402842446e+04 1.005905207317710381e+00
6.075592640408901934e+04 1.006602091604241522e+00
6.075592666414961423e+04 9.988635299386628974e-01
6.075592692421020911e+04 9.969189002491949392e-01
6.075592718427081127e+04 9.981581059474922135e-01
6.075592744433140615e+04 9.952461679890312052e-01
6.075592770439200103e+04 1.001389968273428854e+00
6.075592796445260319e+04 9.970363022218927673e-01
6.075592822451319807e+04 1.001254221724040772e+00
6.075592848457379296e+04 9.932621977849557249e-01
6.075592874463438784e+04 9.909397481246273731e-01
6.075592900469498272e+04 9.931201287773466779e-01
6.075592926475557761e+04 9.974487869845125587e-01
6.075592952481617249e+04 9.977978040367477819e-01
6.075592978487676737e+04 1.006226644739359966e+00
6.075593004493736953e+04 9.982662109147071305e-01
6.075593030499796441e+04 1.005497030672108716e+00
6.075593056505855930e+04 9.980111347746655204e-01
6.075593082511916145e+04 1.002155473800368179e+00
6.075593108517975634e+04 9.929662196781351424e-01
6.075593134524035122e+04 9.937195399625931014e-01
6.075593160530094610e+04 1.004001916657040194e+00
6.075593186536154099e+04 1.004675576022698857e+00
6.075593212542213587e+04 9.970103844996758280e-01
6.075593238548273075e+04 9.983928064594778107e-01
6.075593264554332563e+04 9.969556479874902566e-01
6.075593290560392779e+04 9.964356990272136283e-01
6.075593316566452268e+04 9.977117297892640346e-01
6.075593342572511756e+04 1.002443066433098551e+00
6.075593368578571244e+04 1.002908062647786647e+00
6.075593394584631460e+04 1.009437303361446325e+00
6.075593420590690948e+04 1.000127780985759385e+00
6.075593446596750437e+04 9.978567401541024173e-01
6.075593472602809925e+04 9.935472941240122147e-01
6.075593498608869413e+04 9.990821687088367042e-01
6.075593524614928901e+04 9.995246265262707208e-01
6.075593550620988390e+04 1.007836738108570884e+00
6.075593576627048606e+04 1.006776899295487748e+00
6.075593602633108094e+04 1.000253520395272488e+00
6.075593628639167582e+04 9.939857539946143072e-01
6.075593654645227070e+04 9.917991827956594841e-01
6.075593680651287286e+04 1.002023463372603951e+00
6.075593706657346775e+04 1.000341760610358843e+00
6.075593732663406263e+04 9.950835016631275343e-01
6.075593758669465751e+04 9.958244960341893215e-01
6.075593784675525239e+04 9.966192161813517414e-01
6.075593810681584728e+04 1.005530691175350988e+00
6.075593836687644216e+04 1.008300592857030775e+00
6.075593862693704432e+04 9.988924109911897498e-01
6.075593888699763920e+04 9.941188034891611514e-01
6.075593914705823408e+04 1.004968972885353251e+00
6.075593940711883624e+04 9.894766669148920002e-01
6.075594106598430517e+04 9.971369357503919728e-01
6.075594132604500919e+04 9.942710008496928875e-01
6.075594158610571321e+04 1.002627764714879355e+00
6.075594184616640996e+04 9.878143429650985130e-01
6.075594210622711398e+04 9.959376833122116635e-01
6.075594236628781800e+04 1.006329651491814081e+00
6.075594262634852203e+04 1.009517470674626383e+00
6.075594288640922605e+04 9.892948103258987214e-01
6.075594314646992279e+04 1.000378407629746835e+00
6.075594340653063409e+04 1.012461714497692178e+00
6.075594366659133811e+04 1.004515951639440186e+00
6.075594392665203486e+04 9.921402539962589362e-01
6.075594418671273888e+04 9.868681014659601569e-01
6.075594444677344291e+04 9.942982119872429969e-01
6.075594470683414693e+04 9.994947442914262625e-01
6.075594496689485095e+04 1.003575170290684104e+00
6.075594522695554770e+04 9.985167187275475476e-01
6.075594548701625172e+04 9.928939839757231489e-01
6.075594574707695574e+04 9.986259265868872026e-01
6.075594600713765976e+04 9.900133909770181262e-01
6.075594626719836378e+04 1.007032561009789440e+00
6.075594652725906053e+04 9.991865615590049821e-01
6.075594678731976455e+04 9.987475551649541705e-01
6.075594704738046858e+04 1.001825859213229197e+00
6.075594730744116532e+04 9.986425740467517187e-01
6.075594756750187662e+04 1.001643722625800148e+00
6.075594782756257337e+04 1.003418091166759396e+00
6.075594808762328466e+04 9.971538770815762120e-01
6.075594834768398869e+04 1.007562459860625204e+00
6.075594860774468543e+04 1.003731015084078582e+00
6.075594886780538945e+04 1.001032098690100236e+00
6.075594912786609348e+04 9.944643142808201608e-01
6.075594938792679750e+04 1.003010698699269732e+00
6.075594964798750152e+04 1.000406398232673855e+00
6.075594990804819827e+04 9.980044445143504417e-01
6.075595016810890229e+04 1.003358471285234144e+00
6.075595042816960631e+04 9.926005250586336093e-01
6.075595068823031033e+04 9.908137901200620989e-01
6.075595094829101436e+04 1.000398936254343285e+00
6.075595120835171110e+04 9.903034656319552598e-01
6.075595146841241512e+04 9.967601506597705274e-01
6.075595172847312642e+04 1.000245947046580097e+00
6.075595198853382317e+04 9.983947918100889440e-01
6.075595224859452719e+04 9.956296262842613265e-01
6.075595250865523121e+04 9.988036743611208301e-01
6.075595276871593524e+04 1.003390770157019496e+00
6.075595302877663926e+04 1.011779095057382616e+00
6.075595328883733600e+04 1.001991814757177135e+00
6.075595354889804003e+04 1.007299321636168532e+00
6.075595380895874405e+04 9.914236030551569767e-01
6.075595406901944807e+04 9.980957917742319108e-01
6.075595432908015209e+04 9.984444928970931388e-01
6.075595458914084884e+04 9.939368716467646969e-01
6.075595484920156014e+04 9.973392940963531350e-01
6.075595510926226416e+04 9.848976190586231638e-01
6.075595536932296091e+04 1.012633536339910156e+00
6.075595562938366493e+04 1.005410397651200771e+00
6.075595588944436895e+04 9.885714573358014290e-01
6.075595614950507297e+04 9.973175614405821454e-01
6.075595640956577699e+04 1.008711846505402132e+00
6.075595666962647374e+04 1.007264598419075563e+00
6.075595692968717776e+04 1.004560802069182079e+00
6.075595718974788178e+04 9.948626255535146790e-01
6.075595744980858581e+04 9.988679555449831993e-01
6.075595770986929710e+04 9.978357710490384225e-01
6.075595796992999385e+04 9.925947718796598318e-01
6.075595822999069787e+04 9.973223469840698518e-01
6.075595849005140190e+04 1.001936295098376783e+00
6.075595875011209864e+04 1.006469591120420004e+00
6.075595901017280994e+04 1.000288918431769591e+00
6.075595927023350669e+04 9.918169964325135313e-01
6.075595953029421071e+04 9.912123388092640708e-01
6.075595979035491473e+04 1.001929530145997171e+00
6.075596005041561148e+04 9.990473828214790908e-01
6.075596031047632277e+04 9.953448716615953540e-01
6.075596057053702680e+04 1.009217255745057162e+00
6.075596083059773082e+04 9.957510274505397829e-01
6.075596109065843484e+04 9.906248605521312811e-01
6.075596135071913159e+04 1.003097876816810397e+00
6.075596161077983561e+04 9.993889536353790515e-01
6.075596187084053963e+04 9.958704903349588911e-01
6.075596213090124365e+04 1.000265317810180132e+00
6.075596239096194768e+04 9.995752780796172132e-01
6.075596265102265170e+04 1.004125015403473098e+00
6.075596291108335572e+04 1.005963421656878909e+00
6.075596317114405974e+04 9.965723688243367517e-01
6.075596343120475649e+04 1.002356182978610066e+00
6.075596369126546051e+04 1.009605758717912138e+00
6.075596395132616453e+04 9.985379554858744289e-01
6.075596421138686856e+04 9.891814324966746730e-01
6.075596447144757258e+04 9.939891120215723630e-01
6.075596473150827660e+04 9.922392711049748959e-01
6.075596499156898062e+04 1.000715120188295337e+00
6.075596525162968464e+04 9.934174547254032150e-01
6.075596551169038867e+04 1.005701759906299619e+00
6.075596577175109269e+04 9.958281757044521454e-01
6.075596603181178943e+04 9.929047267642662211e-01
6.075596629187249346e+04 1.002821609079446397e+00
6.075596655193319748e+04 1.003138279425097812e+00
6.075596681199390150e+04 9.951639792283676345e-01
6.075596707205460552e+04 1.002728075612344227e+00
6.075596733211530955e+04 9.984035214180724260e-01
6.075596759217601357e+04 1.003449950508758404e+00
6.075596785223671759e+04 1.004557598352643577e+00
6.075596811229741434e+04 1.001793111970511463e+00
6.075596837235811836e+04 1.000763896671869047e+00
6.075596863241882238e+04 1.006742319202062363e+00
6.075596889247953368e+04 1.011746876145426022e+00
6.075596915254023770e+04 9.978385499454741625e-01
6.075596941260093445e+04 9.879031698715184939e-01
6.075597102105359954e+04 9.976598742607798442e-01
6.075597128111420170e+04 1.009184489487855219e+00
6.075597154117479658e+04 1.001709328018832945e+00
6.075597180123539147e+04 9.971642220403454937e-01
6.075597206129598635e+04 9.959734863651820147e-01
6.075597232135658123e+04 9.985166080191927307e-01
6.075597258141718339e+04 9.989868940296261490e-01
6.075597284147777827e+04 1.007413076213267367e+00
6.075597310153837316e+04 9.938334238202294335e-01
6.075597336159897532e+04 9.956286432657807106e-01
6.075597362165957020e+04 9.971453066636187801e-01
6.075597388172016508e+04 9.923353191281867325e-01
6.075597414178077452e+04 1.005224263285408703e+00
6.075597440184136940e+04 1.005106691268447650e+00
6.075597466190196428e+04 1.009259450045423501e+00
6.075597492196255916e+04 9.908786571375404195e-01
6.075597518202315405e+04 9.995845324337223614e-01
6.075597544208374893e+04 1.002749915080771936e+00
6.075597570214434381e+04 1.001083762824561685e+00
6.075597596220494597e+04 1.003363573522162655e+00
6.075597622226554813e+04 9.992584863406663853e-01
6.075597648232614301e+04 1.005478922984118340e+00
6.075597674238673790e+04 9.906766766610427544e-01
6.075597700244734006e+04 9.952684776102408426e-01
6.075597726250793494e+04 1.001299891145050802e+00
6.075597752256853710e+04 9.970274951779254380e-01
6.075597778262913198e+04 1.003917801848896119e+00
6.075597804268972686e+04 9.922586817119617431e-01
6.075597830275032175e+04 1.007556956766348710e+00
6.075597856281091663e+04 1.007541036200086282e+00
6.075597882287151151e+04 9.979428635352987076e-01
6.075597908293212095e+04 9.981014792185928242e-01
6.075597934299271583e+04 1.001736491651096461e+00
6.075597960305331071e+04 9.992719131463179139e-01
6.075597986311390559e+04 9.998945567126586997e-01
6.075598012317450775e+04 1.002148172062109266e+00
6.075598038323510264e+04 1.006505781881507744e+00
6.075598064329570479e+04 1.003991367449752037e+00
6.075598090335629968e+04 1.005194435974614997e+00
6.075598116341689456e+04 1.000479675375344657e+00
6.075598142347748944e+04 9.929431652670223096e-01
6.075598168353808433e+04 1.006918694526544034e+00
6.075598194359869376e+04 9.932164220659869258e-01
6.075598220365928864e+04 1.000119310843808229e+00
6.075598246371988353e+04 9.960827183954518160e-01
6.075598272378047841e+04 9.890307873768608982e-01
6.075598298384108057e+04 9.992486689796952204e-01
6.075598324390167545e+04 1.002624218664041500e+00
6.075598350396227761e+04 9.994929839937818361e-01
6.075598376402287249e+04 9.911033263456023867e-01
6.075598402408346738e+04 1.006511036766382983e+00
6.075598428414406226e+04 1.002475939055206933e+00
6.075598454420465714e+04 9.988171137128458721e-01
6.075598480426526658e+04 1.014307411430503736e+00
6.075598506432586146e+04 1.004170112599622522e+00
6.075598532438645634e+04 1.005603032283883369e+00
6.075598558444705122e+04 1.009801628038369703e+00
6.075598584450765338e+04 9.961649881051474198e-01
6.075598610456825554e+04 1.002167770944687897e+00
6.075598636462885042e+04 9.985386529618278662e-01
6.075598662468944531e+04 1.002189036994044269e+00
6.075598688475004019e+04 9.988863093063906629e-01
6.075598714481063507e+04 9.885539768595072996e-01
6.075598740487123723e+04 1.002889041727892172e+00
6.075598766493183211e+04 1.009975474493866709e+00
6.075598792499243427e+04 9.952975226641497253e-01
6.075598818505302916e+04 1.002041473993322773e+00
6.075598844511362404e+04 9.989038703531236685e-01
6.075598870517423347e+04 1.002784879407024654e+00
6.075598896523482836e+04 1.002764514397640694e+00
6.075598922529542324e+04 9.955234180595555760e-01
6.075598948535601812e+04 9.944182025398902169e-01
6.075598974541661300e+04 9.922574022466392751e-01
6.075599000547721516e+04 9.891999715169400575e-01
6.075599026553781005e+04 1.000694151331055215e+00
6.075599052559840493e+04 1.010439123225161051e+00
6.075599078565900709e+04 9.899485552828406476e-01
6.075599104571960197e+04 1.011632992554734711e+00
6.075599130578020413e+04 9.970762232024306115e-01
6.075599156584080629e+04 1.001142368594073462e+00
6.075599182590140117e+04 1.000389953006663779e+00
6.075599208596199605e+04 9.902542180568629782e-01
6.075599234602259094e+04 1.000779005772508334e+00
6.075599260608319310e+04 9.986016219036191188e-01
6.075599286614378798e+04 9.958612900698768922e-01
6.075599312620438286e+04 9.972374763969139577e-01
6.075599338626497774e+04 1.002223533761322782e+00
6.075599364632558718e+04 1.005808525209147319e+00
6.075599390638618206e+04 1.007061537893188641e+00
6.075599416644677694e+04 1.001920997327454765e+00
6.075599442650737910e+04 9.998529688875592569e-01
6.075599468656797399e+04 1.005475452867744091e+00
6.075599494662857614e+04 1.007259099724863161e+00
6.075599520668917103e+04 9.948611207308879489e-01
6.075599546674976591e+04 1.002292172523439717e+00
6.075599572681036079e+04 9.934505644322169093e-01
6.075599598687096295e+04 9.889897213308682655e-01
6.075599624693155783e+04 9.909431467247086234e-01
6.075599650699215999e+04 1.002629844575545714e+00
6.075599676705275488e+04 9.950145448005504045e-01
6.075599702711334976e+04 9.930016528700410516e-01
6.075599728717395192e+04 9.950215294203974548e-01
6.075599754723455408e+04 1.000435971474862740e+00
6.075599780729514896e+04 1.001281882475779872e+00
6.075599806735574384e+04 1.002861299356542668e+00
6.075599832741634600e+04 1.001252230342859928e+00
6.075599858747694088e+04 1.006722327213174673e+00
6.075599884753753577e+04 9.963252044914866490e-01
6.075599910759813065e+04 1.003729619070121704e+00
6.075599936765874008e+04 9.951648936649776234e-01
6.075600091310295102e+04 1.039653684318561089e+00
6.075600117316365504e+04 1.003602308235677532e+00
6.075600143322435179e+04 9.902863517755170486e-01
6.075600169328505581e+04 1.003497758021745012e+00
6.075600195334576711e+04 9.964103944677371594e-01
6.075600221340647113e+04 1.003154002048723292e+00
6.075600247346717515e+04 1.004259548801124113e+00
6.075600273352787190e+04 9.943514288068937557e-01
6.075600299358858319e+04 9.988887968235115045e-01
6.075600325364928722e+04 1.006057458476132593e+00
6.075600351370998396e+04 9.952329427690239649e-01
6.075600377377069526e+04 1.002026608415018449e+00
6.075600403383139928e+04 9.938942054204710219e-01
6.075600429389210331e+04 1.012369967095309908e+00
6.075600455395280733e+04 1.001218857955871844e+00
6.075600481401350407e+04 9.995225899207804687e-01
6.075600507407421537e+04 1.002178882172998664e+00
6.075600533413491939e+04 9.932884252434299732e-01
6.075600559419562342e+04 1.013067203811019557e+00
6.075600585425632744e+04 1.005944140170302425e+00
6.075600611431703146e+04 1.005036448887745237e+00
6.075600637437773548e+04 1.005337474723769109e+00
6.075600663443843951e+04 1.005673969804844914e+00
6.075600689449914353e+04 9.920077633422788033e-01
6.075600715455985483e+04 9.889683817846981473e-01
6.075600741462055157e+04 1.001506687116753946e+00
6.075600767468125559e+04 9.929210566342724364e-01
6.075600793474195962e+04 1.011058852358736715e+00
6.075600819480266364e+04 9.967040555658590595e-01
6.075600845486336766e+04 1.003473225251565903e+00
6.075600871492407168e+04 9.951130578971718599e-01
6.075600897498478298e+04 9.936220302184293196e-01
6.075600923504548700e+04 1.005467848860512436e+00
6.075600949510618375e+04 1.000481510929499329e+00
6.075600975516688777e+04 1.005431609679701799e+00
6.075601001522759907e+04 1.007730306241340301e+00
6.075601027528830309e+04 1.001870841440100968e+00
6.075601053534900711e+04 9.940997151119523867e-01
6.075601079540970386e+04 9.945887831287993919e-01
6.075601105547041516e+04 1.001140398624020378e+00
6.075601131553111918e+04 9.993076651216327155e-01
6.075601157559181593e+04 1.006823730495593594e+00
6.075601183565252722e+04 1.004826622910829359e+00
6.075601209571323125e+04 1.002207355802965383e+00
6.075601235577393527e+04 9.965729765299969900e-01
6.075601261583463929e+04 9.913840055636539139e-01
6.075601287589534331e+04 1.001809336337806666e+00
6.075601313595604734e+04 9.970512806274145490e-01
6.075601339601675136e+04 9.933841128868088344e-01
6.075601365607746266e+04 9.981061304141861656e-01
6.075601391613816668e+04 1.003609563223589740e+00
6.075601417619886342e+04 9.993817909036188940e-01
6.075601443625956745e+04 1.004953704327304465e+00
6.075601469632027874e+04 1.002567144479242112e+00
6.075601495638097549e+04 1.012978121375345486e+00
6.075601521644168679e+04 1.003454117585462990e+00
6.075601547650239081e+04 1.000713375860627252e+00
6.075601573656309483e+04 9.994072936735916013e-01
6.075601599662379886e+04 1.007293408176517246e+00
6.075601625668450288e+04 1.009617670822762214e+00
6.075601651674520690e+04 1.003085958113698828e+00
6.075601677680591092e+04 1.001420386839056542e+00
6.075601703686661494e+04 9.938497687976102224e-01
6.075601729692732624e+04 1.007524057178793120e+00
6.075601755698802299e+04 1.000665046494979782e+00
6.075601781704872701e+04 1.007139119917989323e+00
6.075601807710943831e+04 1.005784259391136359e+00
6.075601833717014233e+04 9.988226648965226051e-01
6.075601859723084635e+04 9.867646111111875173e-01
6.075601885729155038e+04 1.007117460409167053e+00
6.075601911735225440e+04 1.003616077459019484e+00
6.075601937741295842e+04 1.008706067394298911e+00
6.075601963747365517e+04 9.994191801445310164e-01
6.075601989753436646e+04 1.012547288598200979e+00
6.075602015759507049e+04 9.991241938720069049e-01
6.075602041765577451e+04 9.994821915604271689e-01
6.075602067771648581e+04 9.988970367189445865e-01
6.075602093777718255e+04 1.014984747552074351e+00
6.075602119783788658e+04 9.866229794697261024e-01
6.075602145789859787e+04 1.002071729305890058e+00
6.075602171795930190e+04 1.001542104894568075e+00
6.075602197802000592e+04 1.007662336208887011e+00
6.075602223808070994e+04 9.991531625294689523e-01
6.075602249814141396e+04 1.009127934838344620e+00
6.075602275820211798e+04 9.942284187316350330e-01
6.075602301826282201e+04 1.009848779484753489e+00
6.075602327832352603e+04 1.002741093636652758e+00
6.075602353838423005e+04 1.000021007859548394e+00
6.075602379844494135e+04 1.004253332337408766e+00
6.075602405850564537e+04 9.951062165930028014e-01
6.075602431856634212e+04 1.014452241117395737e+00
6.075602457862704614e+04 1.000326609802158817e+00
6.075602483868775744e+04 9.982419859422078101e-01
6.075602509874846146e+04 1.003798674970259652e+00
6.075602535880916548e+04 9.947803206701720802e-01
6.075602561886986950e+04 1.013304633646014308e+00
6.075602587893057353e+04 9.965207507506096407e-01
6.075602613899127755e+04 9.956073227168077411e-01
6.075602639905198885e+04 1.006273626587175007e+00
6.075602665911269287e+04 1.002760412416658253e+00
6.075602691917338962e+04 9.912731398698906293e-01
6.075602717923410091e+04 1.006959200364580420e+00
6.075602743929480494e+04 9.948965885293816758e-01
6.075602769935550168e+04 1.001524983463216945e+00
6.075602795941621298e+04 1.001713044800662145e+00
6.075602821947691700e+04 1.005636677458366934e+00
6.075602847953762102e+04 9.992289691380182859e-01
6.075602873959833232e+04 1.010105169727443464e+00
6.075602899965902907e+04 9.867788284819560829e-01
6.075602925971973309e+04 9.891827330480084113e-01
6.075603093119423283e+04 9.936612825286224027e-01
6.075603119125482772e+04 9.901058554416062307e-01
6.075603145131542988e+04 1.011241623500562348e+00
6.075603171137602476e+04 1.002069670004253954e+00
6.075603197143662692e+04 1.001109864688880968e+00
6.075603223149722908e+04 9.991982571257818080e-01
6.075603249155782396e+04 1.003070802634263403e+00
6.075603275161842612e+04 1.001645279990617254e+00
6.075603301167902100e+04 1.001329532353675722e+00
6.075603327173962316e+04 1.001674418087228791e+00
6.075603353180022532e+04 9.959123253734724068e-01
6.075603379186082020e+04 9.982078669725276132e-01
6.075603405192141508e+04 1.009559588908362171e+00
6.075603431198201724e+04 9.901857607412107853e-01
6.075603457204261213e+04 9.921559668048171021e-01
6.075603483210320701e+04 9.985089879185717887e-01
6.075603509216381644e+04 9.973921504626803713e-01
6.075603535222441133e+04 9.984979485102246644e-01
6.075603561228501349e+04 1.003088044670543910e+00
6.075603587234560837e+04 9.991446024792557390e-01
6.075603613240621053e+04 1.003087559400101636e+00
6.075603639246681269e+04 9.909780971106179059e-01
6.075603665252740757e+04 9.990804538881533636e-01
6.075603691258800245e+04 9.910727433806802988e-01
6.075603717264860461e+04 1.006768619328071379e+00
6.075603743270919949e+04 9.946916716265561398e-01
6.075603769276979438e+04 1.000500773503151475e+00
6.075603795283040381e+04 1.004509931720206195e+00
6.075603821289099869e+04 9.998714326103528283e-01
6.075603847295160085e+04 1.010505822675868082e+00
6.075603873301219573e+04 1.010519194133465470e+00
6.075603899307279789e+04 1.005915351419670589e+00
6.075603925313340005e+04 1.000347744281768758e+00
6.075603951319399494e+04 9.989563694887401146e-01
6.075603977325458982e+04 9.972470587980574175e-01
6.075604003331519198e+04 9.975562497922205729e-01
6.075604029337578686e+04 1.001241719557466769e+00
6.075604055343638902e+04 9.979123988375657728e-01
6.075604081349698390e+04 9.988710474993588440e-01
6.075604107355758606e+04 1.003355510223689517e+00
6.075604133361818822e+04 9.977739019906423090e-01
6.075604159367878310e+04 9.994038137597492932e-01
6.075604185373938526e+04 9.938252836181918903e-01
6.075604211379998742e+04 9.929599747640571739e-01
6.075604237386058230e+04 1.008746538143702853e+00
6.075604263392118446e+04 9.926552817029390408e-01
6.075604289398177934e+04 9.976559562902176381e-01
6.075604315404237423e+04 1.006359140334180058e+00
6.075604341410297639e+04 9.970878576177386599e-01
6.075604367416357127e+04 9.992304156576768959e-01
6.075604393422418070e+04 1.005175368788288948e+00
6.075604419428477559e+04 9.945541460546079016e-01
6.075604445434537047e+04 9.948660977265169070e-01
6.075604471440597990e+04 9.960722592674299269e-01
6.075604497446657479e+04 1.006935976629235174e+00
6.075604523452717694e+04 1.001754383275483828e+00
6.075604549458777183e+04 1.004366163459682992e+00
6.075604575464836671e+04 1.005512323674169428e+00
6.075604601470896887e+04 1.004292310628096097e+00
6.075604627476956375e+04 1.001290484543166937e+00
6.075604653483016591e+04 9.985380589724662803e-01
6.075604679489076807e+04 9.932703660682915547e-01
6.075604705495136295e+04 9.942818545532295937e-01
6.075604731501196511e+04 9.984990606245527367e-01
6.075604757507256727e+04 9.915887957192848212e-01
6.075604783513316943e+04 1.003479731357441507e+00
6.075604809519376431e+04 9.974769921077872858e-01
6.075604835525435919e+04 1.008225029247504123e+00
6.075604861531496135e+04 1.001104879691234073e+00
6.075604887537555624e+04 1.009190402603139747e+00
6.075604913543615839e+04 1.002097876957144695e+00
6.075604939549675328e+04 9.956839085270891010e-01
6.075604965555735544e+04 9.940934592708545736e-01
6.075604991561795759e+04 9.935298942074720641e-01
6.075605017567855248e+04 9.984145618829307622e-01
6.075605043573915464e+04 9.991466567729607728e-01
6.075605069579975680e+04 1.004447180457770150e+00
6.075605095586035168e+04 1.005931465670954816e+00
6.075605121592095384e+04 1.004019546152230546e+00
6.075605147598154872e+04 1.002227601777644805e+00
6.075605173604215088e+04 1.000707467743759294e+00
6.075605199610274576e+04 9.931801946619411847e-01
6.075605225616334792e+04 1.003229544312465915e+00
6.075605251622395008e+04 1.005733357662514926e+00
6.075605277628454496e+04 1.005905332536433772e+00
6.075605303634514712e+04 9.996202123320495625e-01
6.075605329640574200e+04 9.916450087494270704e-01
6.075605355646635144e+04 1.001497467131343688e+00
6.075605381652694632e+04 1.007877349528320865e+00
6.075605407658754848e+04 9.928592126796702555e-01
6.075605433664814336e+04 1.012273088740627935e+00
6.075605459670873825e+04 1.004183471536208350e+00
6.075605485676934040e+04 9.978519219193598966e-01
6.075605511682993529e+04 9.902325606428635796e-01
6.075605537689054472e+04 1.000382278774701872e+00
6.075605563695113960e+04 9.975161909821588235e-01
6.075605589701174176e+04 9.973495991206643430e-01
6.075605615707233665e+04 9.993796091155334738e-01
6.075605641713293880e+04 9.931947316027548434e-01
6.075605667719354096e+04 1.003514714879259806e+00
6.075605693725413585e+04 9.944762397709460133e-01
6.075605719731473800e+04 9.997704137914591449e-01
6.075605745737533289e+04 1.003274892716599975e+00
6.075605771743593505e+04 9.925480772316244149e-01
6.075605797749652993e+04 9.954161007335485811e-01
6.075605823755713209e+04 9.989657669474770740e-01
6.075605849761773425e+04 9.967796301519675772e-01
6.075605875767832913e+04 9.992973754795466679e-01
6.075605901773893129e+04 9.970905033213374180e-01
6.075605927779953345e+04 9.932515462202271550e-01
6.075606082322710427e+04 9.957654531912208951e-01
6.075606108328780829e+04 1.001366187255030571e+00
6.075606134334851231e+04 9.866401389181413961e-01
6.075606160340922361e+04 9.904730654699460679e-01
6.075606186346992035e+04 1.003256701866836798e+00
6.075606212353063165e+04 9.970500377593588537e-01
6.075606238359133567e+04 9.916863366718642325e-01
6.075606264365204697e+04 9.976057603457216816e-01
6.075606290371275099e+04 1.004466119823363091e+00
6.075606316377345502e+04 9.878425329697362312e-01
6.075606342383415904e+04 9.960572520603779845e-01
6.075606368389486306e+04 9.947266297205514807e-01
6.075606394395557436e+04 1.005095614274269522e+00
6.075606420401627838e+04 9.966310731106249321e-01
6.075606446407698240e+04 1.004530551121038950e+00
6.075606472413768643e+04 9.969360552852021273e-01
6.075606498419839772e+04 9.964168948863388886e-01
6.075606524425910175e+04 9.963629825377964266e-01
6.075606550431981304e+04 9.960361759486267008e-01
6.075606576438050979e+04 9.939703988509154264e-01
6.075606602444122109e+04 9.993027863088786988e-01
6.075606628450192511e+04 1.000198965408156226e+00
6.075606654456262913e+04 9.970440627446549575e-01
6.075606680462333316e+04 1.001671487221015511e+00
6.075606706468404445e+04 1.001331089551264153e+00
6.075606732474474848e+04 9.988700317203650370e-01
6.075606758480545250e+04 9.971976472578629735e-01
6.075606784486615652e+04 1.001556250619537902e+00
6.075606810492686054e+04 9.962944907665949312e-01
6.075606836498757184e+04 1.006601512009929200e+00
6.075606862504827586e+04 9.986317830695553566e-01
6.075606888510898716e+04 9.859952948960825081e-01
6.075606914516968391e+04 1.001811607498002132e+00
6.075606940523039520e+04 1.004504783695063130e+00
6.075606966529109923e+04 9.984767498371208694e-01
6.075606992535180325e+04 1.001081909878697385e+00
6.075607018541250727e+04 9.981646034782359900e-01
6.075607044547321857e+04 1.014049755965396038e+00
6.075607070553392259e+04 9.870330139778994427e-01
6.075607096559463389e+04 9.897160878867126144e-01
6.075607122565533064e+04 9.944855696187043792e-01
6.075607148571604193e+04 9.975840255301435811e-01
6.075607174577674596e+04 1.011006025124505658e+00
6.075607200583745725e+04 1.006597375485103862e+00
6.075607226589816128e+04 1.000005902450603168e+00
6.075607252595886530e+04 9.935666117466609437e-01
6.075607278601956932e+04 9.964441753220322218e-01
6.075607304608028062e+04 9.985088998480123879e-01
6.075607330614097737e+04 9.910668089240251000e-01
6.075607356620169594e+04 1.006983994654243153e+00
6.075607382626239269e+04 9.912616546026914444e-01
6.075607408632310398e+04 1.005908158302306621e+00
6.075607434638380801e+04 9.931667257823982853e-01
6.075607460644451203e+04 1.000026149951139809e+00
6.075607486650521605e+04 9.949188952082073101e-01
6.075607512656592735e+04 1.005164917553776682e+00
6.075607538662663137e+04 9.885896358201524681e-01
6.075607564668734267e+04 1.004292483505685674e+00
6.075607590674803942e+04 1.002426538446409499e+00
6.075607616680875071e+04 1.001545813492808579e+00
6.075607642686945474e+04 1.001093703707924609e+00
6.075607668693016603e+04 9.966168580059758808e-01
6.075607694699087006e+04 9.996909383667619275e-01
6.075607720705157408e+04 9.938889515575624056e-01
6.075607746711227810e+04 9.956741007699896340e-01
6.075607772717298940e+04 1.000158581840942196e+00
6.075607798723368614e+04 9.973289496195847370e-01
6.075607824729439744e+04 9.970765576898582561e-01
6.075607850735510146e+04 1.000015108747271730e+00
6.075607876741581276e+04 1.004684194994521773e+00
6.075607902747651679e+04 9.964955855720910582e-01
6.075607928753722081e+04 9.977918124501681252e-01
6.075607954759792483e+04 1.006490805861824267e+00
6.075607980765863613e+04 9.954190153744175706e-01
6.075608006771934015e+04 1.003014512362888633e+00
6.075608032778005145e+04 9.893108108829252734e-01
6.075608058784074819e+04 1.003497769190660804e+00
6.075608084790145949e+04 9.925343491117980532e-01
6.075608110796216351e+04 1.004540452374082404e+00
6.075608136802286754e+04 9.921467189538727416e-01
6.075608162808357156e+04 9.996556744467798294e-01
6.075608188814428286e+04 1.003632586887191369e+00
6.075608214820498688e+04 9.975378393458933513e-01
6.075608240826569818e+04 9.945233234964805380e-01
6.075608266832639492e+04 9.995851657467280660e-01
6.075608292838710622e+04 9.952957842692276014e-01
6.075608318844781024e+04 1.000655499226365652e+00
6.075608344850852154e+04 9.994788663290596897e-01
6.075608370856922556e+04 9.946403846636988622e-01
6.075608396862992959e+04 9.938689204129114163e-01
6.075608422869064088e+04 1.003925032414556995e+00
6.075608448875134491e+04 9.990784927919357239e-01
6.075608474881204893e+04 9.992820975775711378e-01
6.075608500887276023e+04 9.904076145140129350e-01
6.075608526893346425e+04 1.006761179581896926e+00
6.075608552899416827e+04 9.964854003531692372e-01
6.075608578905487957e+04 1.011956320233562634e+00
6.075608604911557632e+04 1.002634343017549723e+00
6.075608630917628761e+04 1.001348647460255759e+00
6.075608656923699164e+04 9.986683243118351649e-01
6.075608682929770293e+04 9.969544776817226284e-01
6.075608708935840696e+04 9.995481208201010270e-01
6.075608734941911098e+04 1.000888242185291599e+00
6.075608760947981500e+04 1.000410604298310302e+00
6.075608786954052630e+04 9.919407903639620994e-01
6.075608812960123760e+04 1.000490302974313961e+00
6.075608838966194162e+04 1.005833169534949390e+00
6.075608864972264564e+04 9.947796470498508903e-01
6.075608890978334966e+04 9.941199909110288724e-01
6.075608916984406096e+04 1.007850405347932687e+00
6.075609076569380704e+04 1.004446413700835983e+00
6.075609102575441648e+04 9.999362541327477816e-01
6.075609128581501136e+04 9.958735861463419159e-01
6.075609154587561352e+04 9.962451325384831247e-01
6.075609180593621568e+04 1.004131758935805196e+00
6.075609206599681784e+04 1.003740237084826514e+00
6.075609232605741272e+04 9.968396903756274741e-01
6.075609258611801488e+04 9.854871334490018508e-01
6.075609284617860976e+04 9.966595535856759280e-01
6.075609310623921192e+04 9.970889857125486699e-01
6.075609336629981408e+04 1.002227562708317921e+00
6.075609362636040896e+04 9.899601859229530953e-01
6.075609388642101840e+04 9.973971567115237358e-01
6.075609414648161328e+04 1.003986149248748738e+00
6.075609440654221544e+04 9.908097319754926025e-01
6.075609466660281760e+04 9.881351006368559453e-01
6.075609492666341976e+04 9.955768335988232076e-01
6.075609518672402191e+04 9.948975559622663667e-01
6.075609544678461680e+04 1.003499974388383009e+00
6.075609570684521896e+04 1.000555751181419595e+00
6.075609596690581384e+04 1.005489745235740973e+00
6.075609622696641600e+04 9.942488689733233187e-01
6.075609648702701088e+04 1.008790822115046781e+00
6.075609674708762032e+04 1.004536232219297665e+00
6.075609700714822247e+04 9.981979786639072483e-01
6.075609726720881736e+04 9.945083442046155353e-01
6.075609752726942679e+04 9.955576936063696980e-01
6.075609778733002167e+04 9.973354320933106587e-01
6.075609804739062383e+04 1.002475936575697224e+00
6.075609830745121872e+04 9.970076241978979015e-01
6.075609856751182087e+04 9.895741787059983974e-01
6.075609882757242303e+04 9.929609620206307774e-01
6.075609908763301792e+04 9.989898698197957616e-01
6.075609934769362008e+04 9.981672306962964258e-01
6.075609960775422223e+04 1.002822282398498244e+00
6.075609986781482439e+04 1.000277896466030603e+00
6.075610012787541928e+04 1.002725693927363881e+00
6.075610038793602143e+04 9.981652155887162925e-01
6.075610064799663087e+04 9.939597078131067187e-01
6.075610090805722575e+04 9.957456891809293165e-01
6.075610116811782791e+04 9.919143479820154985e-01
6.075610142817842279e+04 9.938440714651159968e-01
6.075610168823902495e+04 1.002524250758997759e+00
6.075610194829962711e+04 9.942787271127618842e-01
6.075610220836022199e+04 9.952362207165947883e-01
6.075610246842083143e+04 9.964739018816305416e-01
6.075610272848142631e+04 1.001442145376350457e+00
6.075610298854202847e+04 1.005340452885094660e+00
6.075610324860263063e+04 1.002980642649890175e+00
6.075610350866323279e+04 9.958109711479229409e-01
6.075610376872383495e+04 1.003410664319370316e+00
6.075610402878442983e+04 1.001439513508604939e+00
6.075610428884503199e+04 9.965883868239220345e-01
6.075610454890563415e+04 9.990550590020607080e-01
6.075610480896622903e+04 9.949779816621878714e-01
6.075610506902683119e+04 1.007196273901064032e+00
6.075610532908743335e+04 9.880555527621160961e-01
6.075610558914803551e+04 9.840678548101388090e-01
6.075610584920863766e+04 1.010407550992727277e+00
6.075610610926923255e+04 9.928571380356661091e-01
6.075610636932984198e+04 9.942297273954917580e-01
6.075610662939043686e+04 1.003722873718562836e+00
6.075610688945103902e+04 1.006790610766089333e+00
6.075610714951164118e+04 9.916810610060212694e-01
6.075610740957223607e+04 1.001120285849716574e+00
6.075610766963283822e+04 1.003397086541353067e+00
6.075610792969343311e+04 9.992331889183124760e-01
6.075610818975403527e+04 9.950892160427489141e-01
6.075610844981464470e+04 1.000450301225426220e+00
6.075610870987523958e+04 1.003862279910618716e+00
6.075610896993584174e+04 9.861401438374307604e-01
6.075610922999644390e+04 1.001055819677446168e+00
6.075610949005704606e+04 9.946240327500170952e-01
6.075610975011764822e+04 9.972091980519948162e-01
6.075611001017824310e+04 9.911547976283525685e-01
6.075611027023884526e+04 9.989704512979773465e-01
6.075611053029944742e+04 9.906724233018454617e-01
6.075611079036004230e+04 9.912730474060817976e-01
6.075611105042064446e+04 9.938134685439555804e-01
6.075611131048124662e+04 9.976253229085343399e-01
6.075611157054184878e+04 9.971011204765928282e-01
6.075611183060245094e+04 9.894427679459731895e-01
6.075611209066305310e+04 9.996184665100952271e-01
6.075611235072365525e+04 1.005618986836106066e+00
6.075611261078425741e+04 1.004924609784694889e+00
6.075611287084485230e+04 9.963525046306065391e-01
6.075611313090545445e+04 1.006970795376396444e+00
6.075611339096604934e+04 9.977036102796590367e-01
6.075611365102665150e+04 9.954399790620381827e-01
6.075611391108725365e+04 1.006471151791180851e+00
6.075611417114785581e+04 1.005842285666440628e+00
6.075611443120845797e+04 1.009871790869208752e+00
6.075611469126906013e+04 9.917860005786894861e-01
6.075611495132966229e+04 9.977003036516743917e-01
6.075611521139026445e+04 9.937844711692134236e-01
6.075611547145085933e+04 9.970649572228154067e-01
6.075611573151146149e+04 1.004533727974550983e+00
6.075611599157206365e+04 9.969022465279112621e-01
6.075611625163265853e+04 9.921980248907967814e-01
6.075611651169326069e+04 1.004531279112540254e+00
6.075611677175386285e+04 9.971443976924657671e-01
6.075611703181446501e+04 1.005479311896686712e+00
6.075611729187506717e+04 9.996631859658000607e-01
6.075611755193566933e+04 9.894897122995559569e-01
6.075611781199626421e+04 9.869112556165665628e-01
6.075611807205687364e+04 1.003313669134667352e+00
6.075611833211747580e+04 1.008369510251988732e+00
6.075611859217807068e+04 1.002508006372788030e+00
6.075611885223867284e+04 9.906411877498435548e-01
6.075611911229926773e+04 9.893300001079561312e-01
6.075612077117233275e+04 9.936154420367188100e-01
6.075612103123303677e+04 1.004870697122838941e+00
6.075612129129374080e+04 9.982540584277008744e-01
6.075612155135445209e+04 1.014383226300785035e+00
6.075612181141516339e+04 9.965246818693286324e-01
6.075612207147586741e+04 9.978192542814943167e-01
6.075612233153657144e+04 9.929249457003197499e-01
6.075612259159728274e+04 9.981086723575480768e-01
6.075612285165798676e+04 1.001045154937074466e+00
6.075612311171869806e+04 1.004887172766615544e+00
6.075612337177940935e+04 1.001306765403833010e+00
6.075612363184010610e+04 1.003410779898871397e+00
6.075612389190081740e+04 1.001762160577148952e+00
6.075612415196152870e+04 9.996009254080331363e-01
6.075612441202222544e+04 1.009481177610734859e+00
6.075612467208293674e+04 1.011667151278570209e+00
6.075612493214364804e+04 9.976293800400243272e-01
6.075612519220435206e+04 9.973349853939066367e-01
6.075612545226506336e+04 1.007947864490526202e+00
6.075612571232576738e+04 1.008850795720660720e+00
6.075612597238647140e+04 9.974187034157580012e-01
6.075612623244718270e+04 1.007501629341867488e+00
6.075612649250789400e+04 9.966025138923112481e-01
6.075612675256859802e+04 1.007596451759519063e+00
6.075612701262930204e+04 9.976993422124311728e-01
6.075612727269001334e+04 1.002566678736332983e+00
6.075612753275071736e+04 9.994981787804290141e-01
6.075612779281142139e+04 9.933729196533503947e-01
6.075612805287213268e+04 1.003215297202269873e+00
6.075612831293283671e+04 9.980080107289318603e-01
6.075612857299354800e+04 1.003122227581100034e+00
6.075612883305425930e+04 1.007378110801999460e+00
6.075612909311495605e+04 1.000863931468799928e+00
6.075612935317566735e+04 1.003492647171273733e+00
6.075612961323637865e+04 1.009876207351138699e+00
6.075612987329708267e+04 1.008969116449965897e+00
6.075613013335779397e+04 1.004320316036533045e+00
6.075613039341849799e+04 1.009180404429850020e+00
6.075613065347920201e+04 9.950884577144957222e-01
6.075613091353991331e+04 9.893442195889198265e-01
6.075613117360061733e+04 9.994793568707235343e-01
6.075613143366133590e+04 9.944716134514191008e-01
6.075613169372203265e+04 1.007463108187189205e+00
6.075613195378274395e+04 9.912806195225397632e-01
6.075613221384345525e+04 1.005887855540812170e+00
6.075613247390415199e+04 1.001155123749233766e+00
6.075613273396486329e+04 9.953820488723138515e-01
6.075613299402557459e+04 1.003019854560455393e+00
6.075613325408627861e+04 9.926616942041016634e-01
6.075613351414698991e+04 1.003713958283739549e+00
6.075613377420769393e+04 9.998348864276703774e-01
6.075613403426840523e+04 1.002718285673232623e+00
6.075613429432910925e+04 9.973433885093568874e-01
6.075613455438982055e+04 9.923700365009188173e-01
6.075613481445053185e+04 1.007270406491244774e+00
6.075613507451122859e+04 1.005249015123175882e+00
6.075613533457193989e+04 1.001719830990876581e+00
6.075613559463265119e+04 9.859435948030028651e-01
6.075613585469334794e+04 1.005224412591522620e+00
6.075613611475405924e+04 1.010995551572495765e+00
6.075613637481477053e+04 1.002769158642648595e+00
6.075613663487548183e+04 9.978010752882771062e-01
6.075613689493618585e+04 9.991736364039177642e-01
6.075613715499688988e+04 1.000819929571607148e+00
6.075613741505760117e+04 1.007702930413622688e+00
6.075613767511830520e+04 1.010476577901676443e+00
6.075613793517901649e+04 9.965334074756253546e-01
6.075613819523972779e+04 9.938461275820203999e-01
6.075613845530043181e+04 1.004577882345990103e+00
6.075613871536113584e+04 9.948186782999386413e-01
6.075613897542184714e+04 1.005645159590228488e+00
6.075613923548255116e+04 1.003219475431794683e+00
6.075613949554325518e+04 1.007798819018206116e+00
6.075613975560396648e+04 1.003554569151712705e+00
6.075614001566467778e+04 1.006998557582888587e+00
6.075614027572538907e+04 1.005932397261303013e+00
6.075614053578608582e+04 1.002554452409133878e+00
6.075614079584679712e+04 1.004759322527339016e+00
6.075614105590750842e+04 1.000824960714018719e+00
6.075614131596821244e+04 1.002704184969207768e+00
6.075614157602892374e+04 9.945900872262609660e-01
6.075614183608962776e+04 1.001937748137197381e+00
6.075614209615033906e+04 1.000095969732216039e+00
6.075614235621104308e+04 9.879093298404938439e-01
6.075614261627174710e+04 1.002130382025723465e+00
6.075614287633246568e+04 9.991627261538128524e-01
6.075614313639316970e+04 1.013598339650813251e+00
6.075614339645387372e+04 1.003832072328822322e+00
6.075614365651458502e+04 1.006535734307842045e+00
6.075614391657528904e+04 9.992352258480701188e-01
6.075614417663600034e+04 9.938776941474091187e-01
6.075614443669670436e+04 1.004634162713886170e+00
6.075614469675741566e+04 1.001649834403150141e+00
6.075614495681812696e+04 9.948064517547093866e-01
6.075614521687882370e+04 9.968219923889028999e-01
6.075614547693953500e+04 1.007522322915869184e+00
6.075614573700024630e+04 9.956867165188529878e-01
6.075614599706095760e+04 1.007138922368894685e+00
6.075614625712166162e+04 9.987655217796982399e-01
6.075614651718236564e+04 1.000686066474923752e+00
6.075614677724307694e+04 1.001491676739247660e+00
6.075614703730378824e+04 1.000291635693894676e+00
6.075614729736448498e+04 9.975819125630873696e-01
6.075614755742519628e+04 9.983520505125745848e-01
6.075614781748590758e+04 1.008881761214299955e+00
6.075614807754661888e+04 1.001550450661609970e+00
6.075614833760732290e+04 9.932771990878184187e-01
6.075614859766802692e+04 1.005207127197577766e+00
6.075614885772873822e+04 9.913410744571801159e-01
6.075614911778944952e+04 1.003296706977382824e+00
