6.075547523418369383e+04 9.957424386345303802e-01
6.075547549424438330e+04 9.965293103209964531e-01
6.075547575430508005e+04 1.002740107833007377e+00
6.075547601436576224e+04 9.854062008323024591e-01
6.075547627442645899e+04 9.991245269969153409e-01
6.075547653448714846e+04 9.923576569685573778e-01
6.075547679454784520e+04 9.990200867980458810e-01
6.075547705460853467e+04 9.903376090739749449e-01
6.075547731466922414e+04 1.002599960562359671e+00
6.075547757472991361e+04 1.001110372603455145e+00
6.075547783479061036e+04 1.000825983148733389e+00
6.075547809485129255e+04 9.968699010429105112e-01
6.075547835491198930e+04 1.003048251605588082e+00
6.075547861497267877e+04 9.928991798275716985e-01
6.075547887503337552e+04 9.915381729282193302e-01
6.075547913509406499e+04 1.000156536126821427e+00
6.075547939515475446e+04 9.855139554535816693e-01
6.075547965521544393e+04 9.989921526990783729e-01
6.075547991527614067e+04 9.909617731977612420e-01
6.075548017533683014e+04 1.004648412885212672e+00
6.075548043539752689e+04 9.994119809386450282e-01
6.075548069545820908e+04 1.005578929267411770e+00
6.075548095551890583e+04 1.011596568456464951e+00
6.075548121557959530e+04 9.990691285104301711e-01
6.075548147564028477e+04 1.000321179447705822e+00
6.075548173570098152e+04 9.964209535197097178e-01
6.075548199576167099e+04 1.000992559301106422e+00
6.075548225582236773e+04 9.924966953056226782e-01
6.075548251588305720e+04 9.976744995417339279e-01
6.075548277594374667e+04 9.978973443317467051e-01
6.075548303600443614e+04 9.934505980198611308e-01
6.075548329606513289e+04 1.009284607243139842e+00
6.075548355612582236e+04 9.984715468018854345e-01
6.075548381618651911e+04 9.977568083772074825e-01
6.075548407624720130e+04 9.954658476365048081e-01
6.075548433630789805e+04 9.970774865333249526e-01
6.075548459636858752e+04 9.929887700459042454e-01
6.075548485642928426e+04 9.990981295616699898e-01
6.075548511648997373e+04 9.970832944399901088e-01
6.075548537655066320e+04 1.000231401232863915e+00
6.075548563661135267e+04 1.003155054742110641e+00
6.075548589667204942e+04 9.965172876974027760e-01
6.075548615673273162e+04 9.993898372598177815e-01
6.075548641679342836e+04 9.990748941746750988e-01
6.075548667685411783e+04 1.009756932288831344e+00
6.075548693691481458e+04 9.891807977866001744e-01
6.075548719697551132e+04 9.965194991086719911e-01
6.075548745703619352e+04 9.962306977935695418e-01
6.075548771709689026e+04 1.006545051314957195e+00
6.075548797715757973e+04 9.946445165448566383e-01
6.075548823721827648e+04 1.005640785018808048e+00
6.075548849727896595e+04 9.977859209768946691e-01
6.075548875733965542e+04 9.918853930696096555e-01
6.075548901740034489e+04 1.005020570613125441e+00
6.075548927746104164e+04 9.964515541362595208e-01
6.075548953752172383e+04 9.941571813981706640e-01
6.075548979758242058e+04 1.003528153863179950e+00
6.075549005764311732e+04 9.941158878732061499e-01
6.075549031770380680e+04 1.005539660475733399e+00
6.075549057776450354e+04 9.967870330073819174e-01
6.075549083782518574e+04 9.965318787096838493e-01
6.075549109788588248e+04 9.911661671031919418e-01
6.075549135794657195e+04 1.002029900283875063e+00
6.075549161800726870e+04 1.000160283051939158e+00
6.075549187806795817e+04 9.948709268763641367e-01
6.075549213812864764e+04 1.011332735663153404e+00
6.075549239818933711e+04 1.000249089157398963e+00
6.075549265825003386e+04 9.997658185914539697e-01
6.075549291831072333e+04 9.944874891827448771e-01
6.075549317837142007e+04 9.865310028602852777e-01
6.075549343843210954e+04 9.956716052798479932e-01
6.075549369849279901e+04 1.014532281319968643e+00
6.075549395855349576e+04 9.953731049699295896e-01
6.075549421861417795e+04 9.902643990493923409e-01
6.075549447867487470e+04 9.936525853530350227e-01
6.075549473873556417e+04 9.952670342713688667e-01
6.075549499879626092e+04 9.967715919836096505e-01
6.075549525885695766e+04 9.919193216255888235e-01
6.075549551891763986e+04 1.002436979074944334e+00
6.075549577897833660e+04 1.001473103176452550e+00
6.075549603903902607e+04 1.009126038592571550e+00
6.075549629909972282e+04 9.979133636429501353e-01
6.075549655916041229e+04 1.006609509232928135e+00
6.075549681922110176e+04 9.945308062880349187e-01
6.075549707928179851e+04 9.950015798349162166e-01
6.075549733934248798e+04 9.943107124980393730e-01
6.075549759940317745e+04 1.008064282836367509e+00
6.075549785946386692e+04 1.002015174149073040e+00
6.075549811952456366e+04 1.003935192055911418e+00
6.075549837958525313e+04 1.000401635906238207e+00
6.075549863964594988e+04 1.002579397907823910e+00
6.075549889970663935e+04 1.003227833736992647e+00
6.075549915976732882e+04 1.004731434527196487e+00
6.075549941982802557e+04 1.009569076537519150e+00
6.075549967988871504e+04 1.003723163586164979e+00
6.075549993994941178e+04 1.005863974475759814e+00
6.075550020001009398e+04 1.005246494033224414e+00
6.075550046007079072e+04 1.004195249296777170e+00
6.075550072013148747e+04 1.007519441510584812e+00
6.075550098019216966e+04 9.998451699026427164e-01
6.075550124025286641e+04 9.926947145414750651e-01
6.075550150031355588e+04 1.000477658892929611e+00
6.075550176037425263e+04 9.815408017603359792e-01
6.075550202043494210e+04 9.951155062931781314e-01
6.075550228049563157e+04 9.907716960289956187e-01
6.075550254055632831e+04 1.001524857022264348e+00
6.075550280061701778e+04 1.006473003625292240e+00
6.075550306067771453e+04 1.000289078152448941e+00
6.075550332073840400e+04 9.994155683713439320e-01
6.075550358079909347e+04 9.965260049400411768e-01
6.075550513883041276e+04 9.885028172791141543e-01
6.075550539889110951e+04 1.012471143313257604e+00
6.075550565895179898e+04 9.960923891053860002e-01
6.075550591901248845e+04 1.010277316840205719e+00
6.075550617907318519e+04 9.981661248817926824e-01
6.075550643913387466e+04 1.000810598664695794e+00
6.075550669919457141e+04 9.965422519156275083e-01
6.075550695925526088e+04 1.004775328723521488e+00
6.075550721931595035e+04 9.982369582357509818e-01
6.075550747937664710e+04 1.002668565800659328e+00
6.075550773943733657e+04 1.001452422638072326e+00
6.075550799949803331e+04 1.002224008449965842e+00
6.075550825955872278e+04 1.005741648834288293e+00
6.075550851961941225e+04 9.990730611779776726e-01
6.075550877968010900e+04 1.005010915353874212e+00
6.075550903974079847e+04 9.915712774280077690e-01
6.075550929980148794e+04 9.953924703917973460e-01
6.075550955986217741e+04 1.005105165520673083e+00
6.075550981992287416e+04 9.895818699937617424e-01
6.075551007998357090e+04 9.906882391594225012e-01
6.075551034004426037e+04 9.859187498500096014e-01
6.075551060010494984e+04 1.007966859916647362e+00
6.075551086016564659e+04 9.922783257918850186e-01
6.075551112022633606e+04 1.001396368680759652e+00
6.075551138028703281e+04 1.002164760536643051e+00
6.075551164034772228e+04 1.003178335270109356e+00
6.075551190040841175e+04 9.982943781752456891e-01
6.075551216046910849e+04 9.914980543682689884e-01
6.075551242052979796e+04 1.008512403501746979e+00
6.075551268059049471e+04 1.014122410708917732e+00
6.075551294065118418e+04 1.003959128933773703e+00
6.075551320071187365e+04 1.005260899319917245e+00
6.075551346077257040e+04 9.927440741775436228e-01
6.075551372083325987e+04 1.006155350364942747e+00
6.075551398089394934e+04 9.879808885671411689e-01
6.075551424095464608e+04 9.981037289455403361e-01
6.075551450101533555e+04 9.967529132732039221e-01
6.075551476107603230e+04 1.000094018793616257e+00
6.075551502113672177e+04 1.000757962555931302e+00
6.075551528119741124e+04 9.949026835583096862e-01
6.075551554125810799e+04 9.963493561532744680e-01
6.075551580131879746e+04 9.915458609483701613e-01
6.075551606137949420e+04 9.925690960251529749e-01
6.075551632144019095e+04 1.005220763287537844e+00
6.075551658150087314e+04 1.002251901748666407e+00
6.075551684156156989e+04 9.938446723405481853e-01
6.075551710162226664e+04 9.952488909174534992e-01
6.075551736168294883e+04 1.000590291072142923e+00
6.075551762174364558e+04 9.970241273035737040e-01
6.075551788180433505e+04 9.979758716558465581e-01
6.075551814186503179e+04 1.001490117903078403e+00
6.075551840192572854e+04 9.955372877089255779e-01
6.075551866198641073e+04 1.000591180428569871e+00
6.075551892204710748e+04 9.986660287516396783e-01
6.075551918210780423e+04 9.957837824123663140e-01
6.075551944216849370e+04 9.952928381538744818e-01
6.075551970222919044e+04 1.001195966107531143e+00
6.075551996228987991e+04 9.894758019185727616e-01
6.075552022235056938e+04 1.000175991588235558e+00
6.075552048241126613e+04 1.006341090125402626e+00
6.075552074247194832e+04 9.895198996144692893e-01
6.075552100253265235e+04 9.928306664465894604e-01
6.075552126259334182e+04 9.971716303254474223e-01
6.075552152265403129e+04 9.851220743494042420e-01
6.075552178271472803e+04 1.001603623121429143e+00
6.075552204277541750e+04 9.999807122121054936e-01
6.075552230283610697e+04 9.948715341233878018e-01
6.075552256289680372e+04 1.005489552444918111e+00
6.075552282295750047e+04 9.927015835743258076e-01
6.075552308301818994e+04 1.001990997723311461e+00
6.075552334307887941e+04 9.980613007220290323e-01
6.075552360313957615e+04 1.004258207401078851e+00
6.075552386320026562e+04 1.001024861081514450e+00
6.075552412326096237e+04 9.939388771572654768e-01
6.075552438332165912e+04 1.000402785790974525e+00
6.075552464338234131e+04 1.005960559533453091e+00
6.075552490344303806e+04 1.006733084511222787e+00
6.075552516350373480e+04 1.004275598251135992e+00
6.075552542356441700e+04 9.937707002588208605e-01
6.075552568362511374e+04 9.965812430053815341e-01
6.075552594368581049e+04 1.007420505975871405e+00
6.075552620374649996e+04 1.001681354447441663e+00
6.075552646380719671e+04 1.002192983397376613e+00
6.075552672386788618e+04 1.002859504026792914e+00
6.075552698392857565e+04 1.001721787381213202e+00
6.075552724398927239e+04 1.001244630211210795e+00
6.075552750404996914e+04 9.977779714736499939e-01
6.075552776411065861e+04 1.001989321470606820e+00
6.075552802417134808e+04 1.006404809445674120e+00
6.075552828423204483e+04 1.001221146227965875e+00
6.075552854429273430e+04 1.001554204804494308e+00
6.075552880435342377e+04 1.006632417351212450e+00
6.075552906441412051e+04 9.942429072828937731e-01
6.075552932447480998e+04 9.985820736319304114e-01
6.075552958453550673e+04 9.903795621284514628e-01
6.075552984459620347e+04 1.003575509709821123e+00
6.075553010465688567e+04 1.001531096171606849e+00
6.075553036471758242e+04 9.983429976414041063e-01
6.075553062477827916e+04 9.886314568134936254e-01
6.075553088483896863e+04 9.958582967150397813e-01
6.075553114489966538e+04 9.954340788108995142e-01
6.075553140496035485e+04 1.003414735793796808e+00
6.075553166502104432e+04 9.858677215489738410e-01
6.075553192508174106e+04 1.001481325415595647e+00
6.075553218514243054e+04 1.010678751605073256e+00
6.075553244520312728e+04 1.006464761142823017e+00
6.075553270526381675e+04 1.001986514063569533e+00
6.075553296532451350e+04 9.925826039992909910e-01
6.075553322538520297e+04 1.000151912900219209e+00
6.075553348544589244e+04 9.903173825944371345e-01
6.075553503087646095e+04 9.928676838080975342e-01
6.075553529093715770e+04 9.873936407114952685e-01
6.075553555099784717e+04 1.005576786978702453e+00
6.075553581105853664e+04 1.011909170434309724e+00
6.075553607111923338e+04 9.994770168353033224e-01
6.075553633117992285e+04 9.905008802483376007e-01
6.075553659124061960e+04 9.968002212021057629e-01
6.075553685130131635e+04 9.945094324841819988e-01
6.075553711136199854e+04 1.007425757941033950e+00
6.075553737142269529e+04 9.984840360000010184e-01
6.075553763148339203e+04 9.858865166549588555e-01
6.075553789154408878e+04 9.987023058590019930e-01
6.075553815160477825e+04 1.006452736972140549e+00
6.075553841166546772e+04 9.956169780413550718e-01
6.075553867172616447e+04 9.986398192611594116e-01
6.075553893178685394e+04 9.960412363647285217e-01
6.075553919184754341e+04 9.952900613363671045e-01
6.075553945190824015e+04 1.001490584261770733e+00
6.075553971196892962e+04 1.008986258753965526e+00
6.075553997202962637e+04 1.018728656454407133e+00
6.075554023209032312e+04 9.970377296024219849e-01
6.075554049215101259e+04 9.895319569641939372e-01
6.075554075221170206e+04 9.971761520713366966e-01
6.075554101227239880e+04 1.007635288867423817e+00
6.075554127233309555e+04 1.001674159967647082e+00
6.075554153239378502e+04 9.919349712789903295e-01
6.075554179245447449e+04 9.963711574485343281e-01
6.075554205251517124e+04 1.006714915652093367e+00
6.075554231257586798e+04 9.966195498914460771e-01
6.075554257263655018e+04 1.008656647446848353e+00
6.075554283269725420e+04 1.000582997533050245e+00
6.075554309275794367e+04 1.016752723622134535e+00
6.075554335281863314e+04 1.011886308640058241e+00
6.075554361287932988e+04 1.003167164102156894e+00
6.075554387294001936e+04 9.970824093947626698e-01
6.075554413300071610e+04 1.006949188133942075e+00
6.075554439306140557e+04 1.001265422954457529e+00
6.075554465312210232e+04 1.008420984662992348e+00
6.075554491318279906e+04 1.003829117342287747e+00
6.075554517324348853e+04 9.922823184951706788e-01
6.075554543330417800e+04 9.944052437855757098e-01
6.075554569336487475e+04 9.973990659959383054e-01
6.075554595342557150e+04 1.000002419181302171e+00
6.075554621348626097e+04 9.982942618735005658e-01
6.075554647354695044e+04 1.006557644529842088e+00
6.075554673360764718e+04 1.018839106959096297e+00
6.075554699366834393e+04 9.903322506863775354e-01
6.075554725372902612e+04 1.007738404428330403e+00
6.075554751378972287e+04 1.008457485339760762e+00
6.075554777385041962e+04 1.004665569381644641e+00
6.075554803391111636e+04 1.008497555284805669e+00
6.075554829397180583e+04 1.002977229073011234e+00
6.075554855403249530e+04 1.009754959909925809e+00
6.075554881409319205e+04 1.015730079555661636e+00
6.075554907415388152e+04 1.003095409275037486e+00
6.075554933421457827e+04 1.001906699914432597e+00
6.075554959427527501e+04 1.002953092332397045e+00
6.075554985433596448e+04 1.006199866512422769e+00
6.075555011439665395e+04 1.007818850238436204e+00
6.075555037445735070e+04 9.930650697192108245e-01
6.075555063451804017e+04 1.009809532713718871e+00
6.075555089457873692e+04 1.009494749365210886e+00
6.075555115463942639e+04 1.002909550060283594e+00
6.075555141470012313e+04 1.007641245965417598e+00
6.075555167476081988e+04 1.007703134374849929e+00
6.075555193482150935e+04 1.002600535912539170e+00
6.075555219488219882e+04 1.009869376860460966e+00
6.075555245494289557e+04 1.002265872133153435e+00
6.075555271500359231e+04 1.002958038189426082e+00
6.075555297506428906e+04 1.005816691019194575e+00
6.075555323512497125e+04 1.003928748758731837e+00
6.075555349518566800e+04 1.002909688169801861e+00
6.075555375524636474e+04 9.949525894431267004e-01
6.075555401530705421e+04 1.007789726190481794e+00
6.075555427536775096e+04 1.004517893687728813e+00
6.075555453542844043e+04 1.003713298905073215e+00
6.075555479548913718e+04 9.948525686693524550e-01
6.075555505554983392e+04 1.004464602925010830e+00
6.075555531561051612e+04 9.941844763867037083e-01
6.075555557567121286e+04 1.002700200850472179e+00
6.075555583573190961e+04 1.005040374474082787e+00
6.075555609579260636e+04 1.004148727328729729e+00
6.075555635585329583e+04 9.951741062142531735e-01
6.075555661591398530e+04 1.005580023100147935e+00
6.075555687597468204e+04 1.003302924391246576e+00
6.075555713603537879e+04 1.011633773093193467e+00
6.075555739609607554e+04 9.929572085477729182e-01
6.075555765615676501e+04 9.938027345652421518e-01
6.075555791621745448e+04 9.899146774679451477e-01
6.075555817627815122e+04 1.007683303657595841e+00
6.075555843633884797e+04 1.007614069409741075e+00
6.075555869639953016e+04 1.008521256012556266e+00
6.075555895646022691e+04 1.004541336147376063e+00
6.075555921652092366e+04 1.005734903472802255e+00
6.075555947658162040e+04 1.004962374169527939e+00
6.075555973664230987e+04 1.018960456881861321e+00
6.075555999670299934e+04 1.002630395827840415e+00
6.075556025676369609e+04 1.005425284758932447e+00
6.075556051682439283e+04 1.014190836021136244e+00
6.075556077688508958e+04 9.919567749629810693e-01
6.075556103694577905e+04 9.996399007009354465e-01
6.075556129700646852e+04 1.008778233230920529e+00
6.075556155706716527e+04 1.014115284127240502e+00
6.075556181712786201e+04 9.994445688422204377e-01
6.075556207718854421e+04 1.005420814174922794e+00
6.075556233724924095e+04 9.975584088442275288e-01
6.075556259730993770e+04 1.007463124523298559e+00
6.075556285737063445e+04 1.005063700704205143e+00
6.075556311743133119e+04 1.007514309439358602e+00
6.075556337749201339e+04 9.891769426447115654e-01
6.075556504896522529e+04 9.984624988928305633e-01
6.075556530902591476e+04 1.014374490842441245e+00
6.075556556908661150e+04 1.000905431930929623e+00
6.075556582914730097e+04 1.006374563111067211e+00
6.075556608920799772e+04 1.012951591179227062e+00
6.075556634926869447e+04 9.969485525448477103e-01
6.075556660932938394e+04 1.004374396125958580e+00
6.075556686939008068e+04 1.010225225073581701e+00
6.075556712945077015e+04 1.010145505478546202e+00
6.075556738951146690e+04 9.856871502029941334e-01
6.075556764957216365e+04 1.004756488035335016e+00
6.075556790963285312e+04 1.001703829324428252e+00
6.075556816969354986e+04 9.882607519622255143e-01
6.075556842975423933e+04 1.009626488645601228e+00
6.075556868981492880e+04 9.925669205758538283e-01
6.075556894987563282e+04 1.009106229046430103e+00
6.075556920993632230e+04 9.952677388651262058e-01
6.075556946999701904e+04 9.969066108832959072e-01
6.075556973005770851e+04 9.995897270284174185e-01
6.075556999011839798e+04 1.005865482963343771e+00
6.075557025017909473e+04 1.007364286635449746e+00
6.075557051023979147e+04 1.007145586598599651e+00
6.075557077030048822e+04 9.996852282359631747e-01
6.075557103036117769e+04 1.009570892513336426e+00
6.075557129042186716e+04 1.000186874827859507e+00
6.075557155048256391e+04 1.005794810747920209e+00
6.075557181054326065e+04 9.999188815969960453e-01
6.075557207060395740e+04 1.004220070636955064e+00
6.075557233066464687e+04 9.993295477245092151e-01
6.075557259072533634e+04 1.002023335254574876e+00
6.075557285078603309e+04 9.947849569051767649e-01
6.075557311084672983e+04 9.938369218138813910e-01
6.075557337090741930e+04 1.001887096823558698e+00
6.075557363096811605e+04 1.014145172790081872e+00
6.075557389102880552e+04 9.961061434979446849e-01
6.075557415108950227e+04 1.001484575206052829e+00
6.075557441115019901e+04 1.003042705095686271e+00
6.075557467121088848e+04 1.003887024406375561e+00
6.075557493127158523e+04 1.016216161359357217e+00
6.075557519133227470e+04 1.005934280190687202e+00
6.075557545139297144e+04 1.002635785464786045e+00
6.075557571145366819e+04 1.004435040640770715e+00
6.075557597151435766e+04 9.858096479483393626e-01
6.075557623157505441e+04 1.001868043515803608e+00
6.075557649163575115e+04 1.001331422740792343e+00
6.075557675169643335e+04 1.007146185603422506e+00
6.075557701175713009e+04 1.001222247240678431e+00
6.075557727181782684e+04 1.000258190036879657e+00
6.075557753187852359e+04 9.983726117059752436e-01
6.075557779193922033e+04 1.004372159713707857e+00
6.075557805199990980e+04 1.006157170441263515e+00
6.075557831206059927e+04 9.995342642985984849e-01
6.075557857212129602e+04 9.914875135950915741e-01
6.075557883218199277e+04 9.940555129357635522e-01
6.075557909224268951e+04 1.004418731837660728e+00
6.075557935230337898e+04 1.005056727931820104e+00
6.075557961236407573e+04 1.008015304452288596e+00
6.075557987242476520e+04 1.005730570868620388e+00
6.075558013248546195e+04 1.004690319396839060e+00
6.075558039254615869e+04 9.917032678056200146e-01
6.075558065260684816e+04 1.002599539181319388e+00
6.075558091266754491e+04 1.000217068401819454e+00
6.075558117272824165e+04 9.918857547806627650e-01
6.075558143278892385e+04 9.995180839650660287e-01
6.075558169284962059e+04 9.967691181869772210e-01
6.075558195291031734e+04 1.003468985674776270e+00
6.075558221297101409e+04 9.991867206529700951e-01
6.075558247303171083e+04 9.986059947052324803e-01
6.075558273309240030e+04 1.006967637854901509e+00
6.075558299315309705e+04 1.007932275883873130e+00
6.075558325321378652e+04 9.992055185523064376e-01
6.075558351327448327e+04 9.969592599990603210e-01
6.075558377333518001e+04 1.001793278804007592e+00
6.075558403339586948e+04 9.971234164705909953e-01
6.075558429345656623e+04 9.975970208420691376e-01
6.075558455351726298e+04 1.000779129216402774e+00
6.075558481357794517e+04 1.004623753414905174e+00
6.075558507363864192e+04 1.012684393001766825e+00
6.075558533369933866e+04 1.003300552463775697e+00
6.075558559376003541e+04 1.007669969400625032e+00
6.075558585382073215e+04 9.990612843655692910e-01
6.075558611388142162e+04 1.006457945822916811e+00
6.075558637394211837e+04 1.000695974204668381e+00
6.075558663400280784e+04 1.010413778961930076e+00
6.075558689406350459e+04 9.946280673102070313e-01
6.075558715412420133e+04 1.006083451783598370e+00
6.075558741418489080e+04 1.002767030362692768e+00
6.075558767424558755e+04 1.003630666936369931e+00
6.075558793430628430e+04 1.003166125057947111e+00
6.075558819436697377e+04 1.011040003266874043e+00
6.075558845442767051e+04 1.009601484069048372e+00
6.075558871448835998e+04 9.936167277447837121e-01
6.075558897454905673e+04 1.007395200270620794e+00
6.075558923460975348e+04 9.967906253605236522e-01
6.075558949467044295e+04 9.978391092386521555e-01
6.075558975473113969e+04 9.867365468831966746e-01
6.075559001479183644e+04 9.979031257606404415e-01
6.075559027485253318e+04 9.955626077882174796e-01
6.075559053491322265e+04 1.008661152338727884e+00
6.075559079497391212e+04 1.009604316739290963e+00
6.075559105503460887e+04 1.011800248131255353e+00
6.075559131509530562e+04 9.933722267063416211e-01
6.075559157515600236e+04 1.010950413046272756e+00
6.075559183521669911e+04 9.984248020167031390e-01
6.075559209527738858e+04 1.002537562921724579e+00
6.075559235533808533e+04 1.004889069234748522e+00
6.075559261539877480e+04 9.986213761829803026e-01
6.075559287545946427e+04 1.003198840443419559e+00
6.075559313552016101e+04 1.000494122292915122e+00
6.075559339558085776e+04 1.005874959116673129e+00
6.075559494101491873e+04 1.008234271647322045e+00
6.075559520107561548e+04 1.014287607336165076e+00
6.075559546113631222e+04 1.003862029443422621e+00
6.075559572119700897e+04 1.012414439577346670e+00
6.075559598125769844e+04 9.988757833571919598e-01
6.075559624131839519e+04 1.000505154061577029e+00
6.075559650137908466e+04 1.015395923875744399e+00
6.075559676143977413e+04 1.000534542739316857e+00
6.075559702150047087e+04 1.007765246941139781e+00
6.075559728156116762e+04 9.972995495171925739e-01
6.075559754162186437e+04 1.006825622158684874e+00
6.075559780168256111e+04 9.994842068231425403e-01
6.075559806174325058e+04 9.996084400253807400e-01
6.075559832180394733e+04 9.994045986098595291e-01
6.075559858186464407e+04 1.018960304682718476e+00
6.075559884192533355e+04 1.000582087767980077e+00
6.075559910198603029e+04 1.013187004766746169e+00
6.075559936204671976e+04 9.969804582855971153e-01
6.075559962210741651e+04 1.002247750921385849e+00
6.075559988216811325e+04 9.990548392419583701e-01
6.075560014222880272e+04 1.001647220067768851e+00
6.075560040228950675e+04 9.986284075456883791e-01
6.075560066235019622e+04 1.006335367497662503e+00
6.075560092241089296e+04 1.002817875435290551e+00
6.075560118247158971e+04 1.006905725075448510e+00
6.075560144253227918e+04 1.005362997244876988e+00
6.075560170259296865e+04 9.985394790496638917e-01
6.075560196265366540e+04 1.011869823082850450e+00
6.075560222271436214e+04 9.972006585018586833e-01
6.075560248277505889e+04 9.976543510946394022e-01
6.075560274283574836e+04 1.010659838754706330e+00
6.075560300289644510e+04 1.001897194428396753e+00
6.075560326295714185e+04 1.004574960925675109e+00
6.075560352301783860e+04 1.007315579251520932e+00
6.075560378307853534e+04 9.941917625066720721e-01
6.075560404313922481e+04 9.920074496163282518e-01
6.075560430319992156e+04 1.008544341673384359e+00
6.075560456326061831e+04 1.001333905165138871e+00
6.075560482332130050e+04 9.986236893619148125e-01
6.075560508338199725e+04 1.004269503657665652e+00
6.075560534344269399e+04 1.008157588923189740e+00
6.075560560350339074e+04 1.006109962493564991e+00
6.075560586356408749e+04 1.002977667354259861e+00
6.075560612362477696e+04 1.005241800090660220e+00
6.075560638368547370e+04 1.006095432662797995e+00
6.075560664374617045e+04 1.004687081394716186e+00
6.075560690380686719e+04 1.004531019856207852e+00
6.075560716386756394e+04 1.003713965498794547e+00
6.075560742392825341e+04 1.005678232686589624e+00
6.075560768398895016e+04 1.007631479748238190e+00
6.075560794404964690e+04 1.002335659752002561e+00
6.075560820411032910e+04 1.007279860773714786e+00
6.075560846417102584e+04 1.009976449534520482e+00
6.075560872423172259e+04 1.002783003815302942e+00
6.075560898429241934e+04 9.922164064832622588e-01
6.075560924435311608e+04 1.006291345386604918e+00
6.075560950441380555e+04 9.991476945051048775e-01
6.075560976447450230e+04 1.006482884720091286e+00
6.075561002453519905e+04 1.000616649038459816e+00
6.075561028459589579e+04 1.011975279327905097e+00
6.075561054465659254e+04 1.017416148294257638e+00
6.075561080471728201e+04 9.985122888283521903e-01
6.075561106477797875e+04 1.001413393932627294e+00
6.075561132483867550e+04 1.024886895544988130e+00
6.075561158489937225e+04 9.873288884670902155e-01
6.075561184496006899e+04 1.001589055833784325e+00
6.075561210502075846e+04 1.001168284837074429e+00
6.075561236508144793e+04 1.003680580480428075e+00
6.075561262514214468e+04 1.010339393253030904e+00
6.075561288520283415e+04 1.009947353238999979e+00
6.075561314526353090e+04 9.991255441514209634e-01
6.075561340532422764e+04 1.003626043256357958e+00
6.075561366538492439e+04 9.941954138589760293e-01
6.075561392544562113e+04 9.995312070615266498e-01
6.075561418550631060e+04 1.001262152636118952e+00
6.075561444556700735e+04 9.970762931705037246e-01
6.075561470562770410e+04 1.009726198392903784e+00
6.075561496568840084e+04 1.002336387993741473e+00
6.075561522574909759e+04 1.002731193839682566e+00
6.075561548580978706e+04 1.003555092413129790e+00
6.075561574587048381e+04 1.000598508167975798e+00
6.075561600593118055e+04 9.963840665530722118e-01
6.075561626599187002e+04 1.005460156288378926e+00
6.075561652605256677e+04 1.001230570812585485e+00
6.075561678611326352e+04 9.994244316893671209e-01
6.075561704617396026e+04 9.995143432185401577e-01
6.075561730623465701e+04 1.002053642835532665e+00
6.075561756629534648e+04 1.001671663703756376e+00
6.075561782635604322e+04 1.006627990782023696e+00
6.075561808641673269e+04 1.011037895496507355e+00
6.075561834647742944e+04 1.001067411684226860e+00
6.075561860653812619e+04 1.007936259047906624e+00
6.075561886659881566e+04 1.009287428715490265e+00
6.075561912665951240e+04 9.995306351291388669e-01
6.075561938672020915e+04 1.006286553053800770e+00
6.075561964678089862e+04 1.008600763590496552e+00
6.075561990684160264e+04 9.993274300243647490e-01
6.075562016690229211e+04 9.971821455801186396e-01
6.075562042696298886e+04 1.006207457381530057e+00
6.075562068702368560e+04 9.987878218937511487e-01
6.075562094708437508e+04 9.989392176951286118e-01
6.075562120714507182e+04 9.922890144188025729e-01
6.075562146720576857e+04 1.008423088233914466e+00
6.075562172726646531e+04 1.022096970113055558e+00
6.075562198732716206e+04 1.011252686695004677e+00
6.075562224738785153e+04 9.949674565687434136e-01
6.075562250744854828e+04 1.036951460056898089e+00
6.075562276750924502e+04 1.011314264617810155e+00
6.075562302756994177e+04 1.006186849557790142e+00
6.075562328763063852e+04 1.001057550197789636e+00
6.075562490904599690e+04 1.001601958704483097e+00
6.075562516909990518e+04 9.977641522987655831e-01
6.075562542915379890e+04 1.002506217844422842e+00
6.075562568920769263e+04 1.000434156095523441e+00
6.075562594926160091e+04 1.010814507296994291e+00
6.075562620931549463e+04 9.981566365850386147e-01
6.075562646936939564e+04 9.950715333398686413e-01
6.075562672942329664e+04 9.991871982775777372e-01
6.075562698947719036e+04 1.003954963468079553e+00
6.075562724953109864e+04 1.003904294989800494e+00
6.075562750958499237e+04 9.989841694858418997e-01
6.075562776963889337e+04 1.004737603177378924e+00
6.075562802969280165e+04 9.955466520624134397e-01
6.075562828974669537e+04 1.007094054570452091e+00
6.075562854980059637e+04 1.002322531937559713e+00
6.075562880985449738e+04 9.928571940801749207e-01
6.075562906990839110e+04 1.004684058532263835e+00
6.075562932996229938e+04 1.002654131688961892e+00
6.075562959001619311e+04 9.983815550605336098e-01
6.075562985007009411e+04 9.989633196043311569e-01
6.075563011012399511e+04 1.003697523467315333e+00
6.075563037017788884e+04 1.000946139306598814e+00
6.075563063023179711e+04 1.003268646590885327e+00
6.075563089028569084e+04 1.000485373190922678e+00
6.075563115033958456e+04 1.010511247625056619e+00
6.075563141039349284e+04 1.013287438783689653e+00
6.075563167044738657e+04 1.002311982933673740e+00
6.075563193050128757e+04 1.002922707586117790e+00
6.075563219055518857e+04 9.951550817682512928e-01
6.075563245060908230e+04 9.977463196610046881e-01
6.075563271066299058e+04 9.933990200681031002e-01
6.075563297071688430e+04 1.004215078393314142e+00
6.075563323077078530e+04 1.001344097106647846e+00
6.075563349082468631e+04 9.914081314018399205e-01
6.075563375087858003e+04 1.006054245903231559e+00
6.075563401093248831e+04 1.006300350224604623e+00
6.075563427098638203e+04 9.941586681578233886e-01
6.075563453104027576e+04 9.990888819202374815e-01
6.075563479109418404e+04 1.008164450911131826e+00
6.075563505114807776e+04 9.934301092670925204e-01
6.075563531120197877e+04 1.002266050285361532e+00
6.075563557125588704e+04 1.005473707574465525e+00
6.075563583130978077e+04 1.000798616426519239e+00
6.075563609136368905e+04 9.975255570519064863e-01
6.075563635141758277e+04 1.001072665198256217e+00
6.075563661147148377e+04 1.000030852110708857e+00
6.075563687152538478e+04 9.960958166261245639e-01
6.075563713157927850e+04 1.000034004187303038e+00
6.075563739163318678e+04 9.912089020866773348e-01
6.075563765168708051e+04 1.001788814705079966e+00
6.075563791174097423e+04 1.007209285336862603e+00
6.075563817179488251e+04 1.011246578082437342e+00
6.075563843184877624e+04 9.977326773705359475e-01
6.075563869190267724e+04 1.012040043501237552e+00
6.075563895195657824e+04 9.980305800470677946e-01
6.075563921201047197e+04 1.008069615046582435e+00
6.075563947206438024e+04 1.001480162783508820e+00
6.075563973211827397e+04 1.009048211204400802e+00
6.075563999217217497e+04 1.006867820875031683e+00
6.075564025222608325e+04 9.942400327481684119e-01
6.075564051227997697e+04 9.972749747405942333e-01
6.075564077233388525e+04 9.996318463321833825e-01
6.075564103238777898e+04 1.008378220359780197e+00
6.075564129244167270e+04 1.008063136453450248e+00
6.075564155249558098e+04 1.003279375476031410e+00
6.075564181254947471e+04 1.006769972517259415e+00
6.075564207260337571e+04 1.004057959173139558e+00
6.075564233265727671e+04 9.959644801679345960e-01
6.075564259271117044e+04 9.930381431794891300e-01
6.075564285276507871e+04 1.001349705183300021e+00
6.075564311281897244e+04 9.927481053015116963e-01
6.075564337287286617e+04 1.010182452740629566e+00
6.075564363292677444e+04 1.018855296438785585e+00
6.075564389298066817e+04 1.006512532796882242e+00
6.075564415303458372e+04 1.004921385737392425e+00
6.075564441308847745e+04 1.000206310284336819e+00
6.075564467314237118e+04 9.993739169667327227e-01
6.075564493319627945e+04 1.019373417211120625e+00
6.075564519325017318e+04 9.981140213546082496e-01
6.075564545330407418e+04 9.968444061694340386e-01
6.075564571335797518e+04 9.871833328107924022e-01
6.075564597341186891e+04 9.977153606191068169e-01
6.075564623346577719e+04 9.872842031822093301e-01
6.075564649351967091e+04 1.007312006387296233e+00
6.075564675357356464e+04 1.002778042269846015e+00
6.075564701362747292e+04 9.960571714747863403e-01
6.075564727368136664e+04 9.968802784833830088e-01
6.075564753373527492e+04 1.009398699937447130e+00
6.075564779378917592e+04 9.936063598427288257e-01
6.075564805384306965e+04 1.009342799903859555e+00
6.075564831389697792e+04 1.010153655397221906e+00
6.075564857395087165e+04 1.011295752205420229e+00
6.075564883400477265e+04 9.910228031238543789e-01
6.075564909405867365e+04 1.002357447455579420e+00
6.075564935411256738e+04 1.009981851569723421e+00
6.075564961416647566e+04 1.006320654335055798e+00
6.075564987422036938e+04 9.999902681300226748e-01
6.075565013427426311e+04 1.016312289959567128e+00
6.075565039432817866e+04 1.005104373238842053e+00
6.075565065438207239e+04 1.000101000257229478e+00
6.075565091443597339e+04 9.995815925637763222e-01
6.075565117448987439e+04 1.003754287110340426e+00
6.075565143454376812e+04 1.003562311226203763e+00
6.075565169459767640e+04 9.926242704007941509e-01
6.075565195465157012e+04 1.000073459110820684e+00
6.075565221470547112e+04 1.002756394651800775e+00
6.075565247475937213e+04 1.005400050616622076e+00
6.075565273481326585e+04 9.998679244646356823e-01
6.075565299486718141e+04 1.010889471922247429e+00
6.075565325492107513e+04 1.007435777849544412e+00
6.075565492676799477e+04 9.947871331568719500e-01
6.075565518682868424e+04 1.000169607922091641e+00
6.075565544688938098e+04 9.959392544534574343e-01
6.075565570695007773e+04 1.001224403075129166e+00
6.075565596701077448e+04 1.002795233674764086e+00
6.075565622707147122e+04 1.008576317882179385e+00
6.075565648713216069e+04 1.000546506440215033e+00
6.075565674719285744e+04 9.950408314433080159e-01
6.075565700725356146e+04 9.929940226519431423e-01
6.075565726731425821e+04 1.014276820756606634e+00
6.075565752737495495e+04 9.997734327727247905e-01
6.075565778743564442e+04 1.004953048524743764e+00
6.075565804749634117e+04 9.962983730405032823e-01
6.075565830755703792e+04 1.008792675976211584e+00
6.075565856761772739e+04 1.012635071178444646e+00
6.075565882767842413e+04 1.007933972965296077e+00
6.075565908773912088e+04 9.974592726426549927e-01
6.075565934779981762e+04 1.010732273455031693e+00
6.075565960786051437e+04 1.004179782338624261e+00
6.075565986792121112e+04 1.005439433755954015e+00
6.075566012798190786e+04 1.011676550318078016e+00
6.075566038804260461e+04 9.929220647843679526e-01
6.075566064810330136e+04 9.952780490844459482e-01
6.075566090816399810e+04 9.982146156357412092e-01
6.075566116822468757e+04 1.028672347765866357e+00
6.075566142828538432e+04 9.974907949047105982e-01
6.075566168834608106e+04 9.946514437243699769e-01
6.075566194840677781e+04 1.000789853724145084e+00
6.075566220846748183e+04 9.924508808767683599e-01
6.075566246852817130e+04 1.000351919031625014e+00
6.075566272858886805e+04 1.005355305527999565e+00
6.075566298864956480e+04 1.004152019232978699e+00
6.075566324871025427e+04 9.794656734659781261e-01
6.075566350877095101e+04 9.915758441853026461e-01
6.075566376883164776e+04 9.937619819875286309e-01
6.075566402889234450e+04 1.004069974089837336e+00
6.075566428895304125e+04 1.005233585586399636e+00
6.075566454901373800e+04 1.000618485427339888e+00
6.075566480907443474e+04 1.005970497541156750e+00
6.075566506913513149e+04 9.931294667780502516e-01
6.075566532919582824e+04 1.001267074523390699e+00
6.075566558925652498e+04 1.013087609007549572e+00
6.075566584931721445e+04 1.009240573209225111e+00
6.075566610937791120e+04 1.001842934207008984e+00
6.075566636943860794e+04 9.967561507497888496e-01
6.075566662949930469e+04 1.009381120522359065e+00
6.075566688956000144e+04 1.012835906794939289e+00
6.075566714962069818e+04 1.009477795418096235e+00
6.075566740968139493e+04 9.987794395326216046e-01
6.075566766974209168e+04 1.001691879767133697e+00
6.075566792980278115e+04 1.000312841405813780e+00
6.075566818986347789e+04 9.947749832800076852e-01
6.075566844992417464e+04 9.985208956747245734e-01
6.075566870998487866e+04 1.011828589723425820e+00
6.075566897004557541e+04 1.009698433532901118e+00
6.075566923010626488e+04 1.005939829693123677e+00
6.075566949016696162e+04 1.000685593486168923e+00
6.075566975022765837e+04 9.959459428392892777e-01
6.075567001028834784e+04 1.000392298853811424e+00
6.075567027034905186e+04 1.007457454745837255e+00
6.075567053040974133e+04 9.994194011672490330e-01
6.075567079047044535e+04 9.911821331144664571e-01
6.075567105053114210e+04 1.007795929924386602e+00
6.075567131059183157e+04 1.008379279862842148e+00
6.075567157065252832e+04 1.003660373910302717e+00
6.075567183071322506e+04 1.008168508823491294e+00
6.075567209077392181e+04 9.960070313283806431e-01
6.075567235083461856e+04 1.005538471811346923e+00
6.075567261089531530e+04 1.003603702866020075e+00
6.075567287095601205e+04 1.004335324133449614e+00
6.075567313101670879e+04 1.008887821815265706e+00
6.075567339107740554e+04 1.001031188447658149e+00
6.075567365113810229e+04 1.004879502459915752e+00
6.075567391119879176e+04 1.004810082154280249e+00
6.075567417125948850e+04 9.975801419092981126e-01
6.075567443132019253e+04 9.920503067242272266e-01
6.075567469138088200e+04 9.893907464561814136e-01
6.075567495144157874e+04 1.003047581278621259e+00
6.075567521150227549e+04 1.002371455476738005e+00
6.075567547156297223e+04 9.966983281879147061e-01
6.075567573162366898e+04 9.909367825541465225e-01
6.075567599168436573e+04 1.008730000912332114e+00
6.075567625174506247e+04 1.002544916529793051e+00
6.075567651180575922e+04 9.987989732918528540e-01
6.075567677186645597e+04 1.005047657759139401e+00
6.075567703192715271e+04 1.010132851542663301e+00
6.075567729198784218e+04 1.001480449328825628e+00
6.075567755204853893e+04 1.009113889032352773e+00
6.075567781210924295e+04 9.971378028490953671e-01
6.075567807216993242e+04 1.005834420361669812e+00
6.075567833223062917e+04 1.002011169454078976e+00
6.075567859229132591e+04 1.006208153210782275e+00
6.075567885235202266e+04 1.013664273984810071e+00
6.075567911241271941e+04 1.010635373818250304e+00
6.075567937247341615e+04 9.977523078262651168e-01
6.075567963253411290e+04 1.010637453367123628e+00
6.075567989259480964e+04 1.003546534457048001e+00
6.075568015265550639e+04 1.009987655653233896e+00
6.075568041271620314e+04 9.883692412776441394e-01
6.075568067277689261e+04 1.013728916907363997e+00
6.075568093283759663e+04 1.002632747141588343e+00
6.075568119289829338e+04 9.940985033194396081e-01
6.075568145295898285e+04 9.991139469208104584e-01
6.075568171301968687e+04 9.846895338836101352e-01
6.075568197308037634e+04 1.008961508274800689e+00
6.075568223314107308e+04 1.011036854032069332e+00
6.075568249320177711e+04 1.005177333447127008e+00
6.075568275326246658e+04 1.009931121055284375e+00
6.075568301332316332e+04 9.998300144471542472e-01
6.075568327338386007e+04 1.010878863646287762e+00
6.075568483179301256e+04 9.987447493226438988e-01
6.075568509184680443e+04 1.006923194746662586e+00
6.075568535190059629e+04 1.009738546275732229e+00
6.075568561195438815e+04 9.926483326190925771e-01
6.075568587200818729e+04 9.968604679778599875e-01
6.075568613206199370e+04 1.002503670878723607e+00
6.075568639211578557e+04 1.015397896733603034e+00
6.075568665216957743e+04 9.938395789308561712e-01
6.075568691222336929e+04 9.958372827662009819e-01
6.075568717227716115e+04 9.934038181500925990e-01
6.075568743233096029e+04 1.004159866054969097e+00
6.075568769238475215e+04 1.001783327413031666e+00
6.075568795243854402e+04 1.000110152866649837e+00
6.075568821249233588e+04 1.029485052831138336e+00
6.075568847254613502e+04 9.962092271095720486e-01
6.075568873259992688e+04 1.009093017537038284e+00
6.075568899265372602e+04 1.007143920110171731e+00
6.075568925270752516e+04 9.973285526410042845e-01
6.075568951276131702e+04 1.009632372662036204e+00
6.075568977281511616e+04 9.937244013380707175e-01
6.075569003286890802e+04 1.002857857804931418e+00
6.075569029292269988e+04 1.007362956856296732e+00
6.075569055297649174e+04 9.981464580355742244e-01
6.075569081303029088e+04 9.968207866113836246e-01
6.075569107308408275e+04 1.007034473049860157e+00
6.075569133313787461e+04 1.012837276472313919e+00
6.075569159319166647e+04 9.977979244929271463e-01
6.075569185324547288e+04 1.003575465603324668e+00
6.075569211329927202e+04 1.006741925076259481e+00
6.075569237335306389e+04 1.003876361752055413e+00
6.075569263340685575e+04 1.015656374396509909e+00
6.075569289346064761e+04 1.001258101821429713e+00
6.075569315351444675e+04 1.007417537428951126e+00
6.075569341356823861e+04 1.002377653171384830e+00
6.075569367362203047e+04 9.877943880018854594e-01
6.075569393367582234e+04 1.002882280999726206e+00
6.075569419372962147e+04 1.008889884310483875e+00
6.075569445378341334e+04 1.009547082968120124e+00
6.075569471383720520e+04 9.945021962592902609e-01
6.075569497389100434e+04 1.009704605127299537e+00
6.075569523394481075e+04 9.972287414836089603e-01
6.075569549399860261e+04 9.921207405663426959e-01
6.075569575405239448e+04 1.010843252881555410e+00
6.075569601410618634e+04 1.007685065840827621e+00
6.075569627415998548e+04 9.929913243276298207e-01
6.075569653421377734e+04 1.014009165753102071e+00
6.075569679426756920e+04 9.984390218495581282e-01
6.075569705432136107e+04 9.966879326255136951e-01
6.075569731437516020e+04 1.002874146880368134e+00
6.075569757442895207e+04 1.004958793282489493e+00
6.075569783448274393e+04 1.008833201748010167e+00
6.075569809453654307e+04 1.001112941514046506e+00
6.075569835459034948e+04 1.006912266072280016e+00
6.075569861464414134e+04 1.010291858568534318e+00
6.075569887469793321e+04 9.905959942097141147e-01
6.075569913475172507e+04 9.939005849565862860e-01
6.075569939480552421e+04 9.894121156454162014e-01
6.075569965485931607e+04 1.002707416359867931e+00
6.075569991491310793e+04 1.007065209177910425e+00
6.075570017496689979e+04 1.003504444168057397e+00
6.075570043502069893e+04 1.013032737319375487e+00
6.075570069507449080e+04 9.939857122290565172e-01
6.075570095512828993e+04 1.001695477365510456e+00
6.075570121518208907e+04 1.014475261079399449e+00
6.075570147523588821e+04 9.979763771813763285e-01
6.075570173528968007e+04 1.000867816054521464e+00
6.075570199534347194e+04 1.017278525907346465e+00
6.075570225539727107e+04 1.001229660018418066e+00
6.075570251545106294e+04 9.988016406374460310e-01
6.075570277550485480e+04 1.003772595087965458e+00
6.075570303555864666e+04 1.008222179428623022e+00
6.075570329561244580e+04 9.947504866040522975e-01
6.075570355566623766e+04 1.005008535972515160e+00
6.075570381572002952e+04 1.004043619062844117e+00
6.075570407577382866e+04 1.004683609135288869e+00
6.075570433582763508e+04 1.005042583888392516e+00
6.075570459588142694e+04 1.001496762445573729e+00
6.075570485593521880e+04 9.940112485144165788e-01
6.075570511598901066e+04 9.965667369047545021e-01
6.075570537604280980e+04 9.937029382345565764e-01
6.075570563609660167e+04 9.937563576050943981e-01
6.075570589615039353e+04 1.004832092743574101e+00
6.075570615620419267e+04 1.007278363420641476e+00
6.075570641625798453e+04 1.000679501347735867e+00
6.075570667631177639e+04 9.892657575799364000e-01
6.075570693636557553e+04 1.003813408309861321e+00
6.075570719641938194e+04 1.008660210524912948e+00
6.075570745647317381e+04 1.004842789572723660e+00
6.075570771652696567e+04 1.017874999256663804e+00
6.075570797658076481e+04 1.001491606582919136e+00
6.075570823663455667e+04 1.005555500653829482e+00
6.075570849668834853e+04 9.935580117683621149e-01
6.075570875674214039e+04 1.004681401418430209e+00
6.075570901679593953e+04 1.002206220944035664e+00
6.075570927684973140e+04 1.005781539594936769e+00
6.075570953690352326e+04 9.992236923664640225e-01
6.075570979695732240e+04 9.985862279600531410e-01
6.075571005701112153e+04 9.928247768523988936e-01
6.075571031706492067e+04 1.009124881767964332e+00
6.075571057711871254e+04 1.006214313300721530e+00
6.075571083717251167e+04 1.005735370999952139e+00
6.075571109722630354e+04 1.006265718764509431e+00
6.075571135728009540e+04 9.929978940337405025e-01
6.075571161733389454e+04 1.003799782755933512e+00
6.075571187738768640e+04 1.001954508110353581e+00
6.075571213744147826e+04 1.001072615622859985e+00
6.075571239749527740e+04 1.012866278351376215e+00
6.075571265754906926e+04 9.920774090677946244e-01
6.075571291760286840e+04 1.001081026692691500e+00
6.075571317765666754e+04 1.019534071790182850e+00
6.075571474868715450e+04 1.008860007818764837e+00
6.075571500874785124e+04 1.017845677434003893e+00
6.075571526880854799e+04 9.930488903174329307e-01
6.075571552886924474e+04 1.000060673165455771e+00
6.075571578892994148e+04 9.954778948323861343e-01
6.075571604899063823e+04 9.988583690828165551e-01
6.075571630905133497e+04 9.984367786084183960e-01
6.075571656911203172e+04 1.001124677039739952e+00
6.075571682917273574e+04 9.980110948756875100e-01
6.075571708923342521e+04 1.008438586823810823e+00
6.075571734929412196e+04 9.976196978632487777e-01
6.075571760935482598e+04 9.910402444815418210e-01
6.075571786941552273e+04 1.003290965308051730e+00
6.075571812947621947e+04 9.997989961082380805e-01
6.075571838953690894e+04 9.990765718923060312e-01
6.075571864959761297e+04 1.016096954165296218e+00
6.075571890965830971e+04 1.010299320424415059e+00
6.075571916971899918e+04 9.967285072296970805e-01
6.075571942977970320e+04 9.916419551465333049e-01
6.075571968984039995e+04 1.003138902906518082e+00
6.075571994990109670e+04 9.996724387451584315e-01
6.075572020996180072e+04 1.007334314567174038e+00
6.075572047002249019e+04 1.006523050111719497e+00
6.075572073008318694e+04 9.970400898683504654e-01
6.075572099014388368e+04 1.010574331189710628e+00
6.075572125020458770e+04 9.951162640221974387e-01
6.075572151026528445e+04 1.005659349955329906e+00
6.075572177032597392e+04 9.863343616278804626e-01
6.075572203038667794e+04 1.012650827634994366e+00
6.075572229044737469e+04 9.951356948696719051e-01
6.075572255050806416e+04 1.001574880139218582e+00
6.075572281056877546e+04 1.004011797980810972e+00
6.075572307062946493e+04 1.009225065708132751e+00
6.075572333069016167e+04 9.967852298970160119e-01
6.075572359075086570e+04 1.009859309838201824e+00
6.075572385081155517e+04 1.001549336573421378e+00
6.075572411087225191e+04 1.003092106975148834e+00
6.075572437093294866e+04 1.004264919765965436e+00
6.075572463099365268e+04 1.002233993283006885e+00
6.075572489105434943e+04 9.990089230617916760e-01
6.075572515111503890e+04 1.005173844330052857e+00
6.075572541117574292e+04 9.996050002944664170e-01
6.075572567123643967e+04 1.006339303515397132e+00
6.075572593129713641e+04 9.998182829958331963e-01
6.075572619135784043e+04 1.015803229126676754e+00
6.075572645141852990e+04 1.000623441163435823e+00
6.075572671147922665e+04 9.953143982159899927e-01
6.075572697153993067e+04 1.003093732610955247e+00
6.075572723160062014e+04 1.001747129497136735e+00
6.075572749166131689e+04 1.011234628328371965e+00
6.075572775172202091e+04 9.994913397533534694e-01
6.075572801178271766e+04 1.000336118064852009e+00
6.075572827184341440e+04 1.010904205951748791e+00
6.075572853190411115e+04 1.010925227633268086e+00
6.075572879196480790e+04 1.007347471997823263e+00
6.075572905202550464e+04 9.951246525119425979e-01
6.075572931208620867e+04 1.003110866626689246e+00
6.075572957214690541e+04 1.000465908401228177e+00
6.075572983220759488e+04 1.004917115874417233e+00
6.075573009226829890e+04 1.012218669011389460e+00
6.075573035232899565e+04 1.008008872235508058e+00
6.075573061238968512e+04 1.006920744323485994e+00
6.075573087245038914e+04 1.004808834330290335e+00
6.075573113251108589e+04 9.911339427162808580e-01
6.075573139257178264e+04 1.005899730340396481e+00
6.075573165263248666e+04 9.930232838808478180e-01
6.075573191269317613e+04 1.001144514485643899e+00
6.075573217275387287e+04 1.003831805961004742e+00
6.075573243281457690e+04 9.973800310983517159e-01
6.075573269287527364e+04 9.973598384631456870e-01
6.075573295293597039e+04 9.962485500721510734e-01
6.075573321299666713e+04 1.001751893341437771e+00
6.075573347305736388e+04 1.004257050133951834e+00
6.075573373311806063e+04 9.963334626931555915e-01
6.075573399317875737e+04 9.998159818880134608e-01
6.075573425323946140e+04 1.003472899982748023e+00
6.075573451330015087e+04 9.888233523191978236e-01
6.075573477336085489e+04 1.003832164927507042e+00
6.075573503342155163e+04 1.000943188293920816e+00
6.075573529348224110e+04 9.972467850657799060e-01
6.075573555354294513e+04 1.003802125752777386e+00
6.075573581360364187e+04 9.968254941237567612e-01
6.075573607366434589e+04 1.012226854792773967e+00
6.075573633372504264e+04 1.017033016084726293e+00
6.075573659378573211e+04 1.010368918298757412e+00
6.075573685384643613e+04 1.016461641514319281e+00
6.075573711390713288e+04 9.984424690227340360e-01
6.075573737396782963e+04 1.006101851443208073e+00
6.075573763402853365e+04 1.003224131545823461e+00
6.075573789408922312e+04 1.018195315348948915e+00
6.075573815414991986e+04 1.005010693737088845e+00
6.075573841421062389e+04 1.005280874618505793e+00
6.075573867427131336e+04 9.989051869915863691e-01
6.075573893433201010e+04 9.950337569765226320e-01
6.075573919439271413e+04 1.002166939017683500e+00
6.075573945445341087e+04 9.963821093583707933e-01
6.075573971451411489e+04 1.007389987035558487e+00
6.075573997457480436e+04 1.009613355626864939e+00
6.075574023463550111e+04 1.006306290309491480e+00
6.075574049469620513e+04 1.002270852896980813e+00
6.075574075475690188e+04 1.001575865430786028e+00
6.075574101481759863e+04 1.008512341427015846e+00
6.075574127487829537e+04 1.006317246216027472e+00
6.075574153493899212e+04 9.950990574304896530e-01
6.075574179499969614e+04 1.004814426638557023e+00
6.075574205506038561e+04 9.973033248298082132e-01
6.075574231512108236e+04 9.931937540379408569e-01
6.075574257518178638e+04 9.960294418198929467e-01
6.075574283524248312e+04 1.002257811844763813e+00
6.075574309530317987e+04 1.004869611761890713e+00
6.075574483016229351e+04 1.001436536010182232e+00
6.075574509021608537e+04 9.996289054171474397e-01
6.075574535026989179e+04 9.999849240146631013e-01
6.075574561032369093e+04 1.000404594894837684e+00
6.075574587037748279e+04 1.007948764326922042e+00
6.075574613043128193e+04 9.988473763984129228e-01
6.075574639048507379e+04 1.001144217257645685e+00
6.075574665053887293e+04 1.003789561089909022e+00
6.075574691059266479e+04 1.001908347288005041e+00
6.075574717064645665e+04 1.016498539453695393e+00
6.075574743070025579e+04 1.007610167833123960e+00
6.075574769075404765e+04 1.008591931660555607e+00
6.075574795080784679e+04 9.980052963556103052e-01
6.075574821086163865e+04 9.910646833733479655e-01
6.075574847091544507e+04 1.004992252442056699e+00
6.075574873096924421e+04 9.943154893217730494e-01
6.075574899102303607e+04 1.011621441121724585e+00
6.075574925107683521e+04 1.013585573692088904e+00
6.075574951113062707e+04 1.010882222751365411e+00
6.075574977118442621e+04 1.001655685916327920e+00
6.075575003123821807e+04 1.001338868661979076e+00
6.075575029129201721e+04 9.956764217905884617e-01
6.075575055134580907e+04 9.945927030018584247e-01
6.075575081139960093e+04 9.993428860948988524e-01
6.075575107145340007e+04 1.013166828268232678e+00
6.075575133150719921e+04 1.005822949956817869e+00
6.075575159156100563e+04 9.974120556659091807e-01
6.075575185161479749e+04 9.949001883832547799e-01
6.075575211166859663e+04 1.006178476693462498e+00
6.075575237172238849e+04 9.991948249242585955e-01
6.075575263177618035e+04 1.001879340262156193e+00
6.075575289182997949e+04 1.005941537823104470e+00
6.075575315188377135e+04 9.967508632822906778e-01
6.075575341193757049e+04 9.989759031733087546e-01
6.075575367199136235e+04 1.013773816957233675e+00
6.075575393204516149e+04 1.008419766336508872e+00
6.075575419209895335e+04 1.004760906825040045e+00
6.075575445215275249e+04 1.000167222276352019e+00
6.075575471220655891e+04 1.001301669052598875e+00
6.075575497226035077e+04 9.947176108118047644e-01
6.075575523231414991e+04 1.000730629390698123e+00
6.075575549236794177e+04 9.891930597505312894e-01
6.075575575242174091e+04 1.007586583634449529e+00
6.075575601247553277e+04 1.002371489600571985e+00
6.075575627252933191e+04 1.002771219694623683e+00
6.075575653258312377e+04 1.010221347247160839e+00
6.075575679263691563e+04 1.012855437419430515e+00
6.075575705269071477e+04 1.008177383361889223e+00
6.075575731274451391e+04 1.001458255433341771e+00
6.075575757279832033e+04 9.996770020734158102e-01
6.075575783285211219e+04 1.008045950518011935e+00
6.075575809290591133e+04 1.008992778626189413e+00
6.075575835295970319e+04 1.009797336269804502e+00
6.075575861301350233e+04 1.004854884506505952e+00
6.075575887306729419e+04 9.903800361248531470e-01
6.075575913312109333e+04 1.006696134109050789e+00
6.075575939317488519e+04 1.010451890911615802e+00
6.075575965322867705e+04 1.001889700557481166e+00
6.075575991328247619e+04 9.934277631019849952e-01
6.075576017333626805e+04 9.987638828997559282e-01
6.075576043339007447e+04 9.961428916418257895e-01
6.075576069344387361e+04 1.007303014178619893e+00
6.075576095349767274e+04 1.002307858185289557e+00
6.075576121355146461e+04 1.002143200014198765e+00
6.075576147360526375e+04 1.006100442372038328e+00
6.075576173365905561e+04 1.013427102787884282e+00
6.075576199371285475e+04 9.999291453316463407e-01
6.075576225376664661e+04 1.002388486826470970e+00
6.075576251382044575e+04 9.981323963730240889e-01
6.075576277387423761e+04 1.002885642336738270e+00
6.075576303392802947e+04 9.958215380038152320e-01
6.075576329398183589e+04 1.001672229209628728e+00
6.075576355403563502e+04 9.927788395026282409e-01
6.075576381408943416e+04 1.009513847020057309e+00
6.075576407414322603e+04 1.007323552577399361e+00
6.075576433419702516e+04 1.014456186561202511e+00
6.075576459425081703e+04 1.007902324578836772e+00
6.075576485430461616e+04 1.001414598361563657e+00
6.075576511435840803e+04 1.015671900697224572e+00
6.075576537441220717e+04 1.002777212521760664e+00
6.075576563446599903e+04 1.007746201971790656e+00
6.075576589451979817e+04 1.000350681515079554e+00
6.075576615457359003e+04 1.014859984361469181e+00
6.075576641462739644e+04 9.972382789979512552e-01
6.075576667468119558e+04 9.974052491979054080e-01
6.075576693473499472e+04 1.003179828369521465e+00
6.075576719478878658e+04 1.003354107536275519e+00
6.075576745484258572e+04 1.003254588555685389e+00
6.075576771489637758e+04 1.002994531184535187e+00
6.075576797495017672e+04 1.007090078915632514e+00
6.075576823500396858e+04 9.961155293004203548e-01
6.075576849505776045e+04 1.000114570523388480e+00
6.075576875511155959e+04 1.002141535113886484e+00
6.075576901516535145e+04 9.973592112475714311e-01
6.075576927521915786e+04 1.005370868671472406e+00
6.075576953527295700e+04 1.000016880773860306e+00
6.075576979532675614e+04 9.952703185325058044e-01
6.075577005538054800e+04 1.003184953520546596e+00
6.075577031543434714e+04 1.004221849107658437e+00
6.075577057548813900e+04 1.001248261327032818e+00
6.075577083554193814e+04 1.008461367147880150e+00
6.075577109559573000e+04 9.969064252539835413e-01
6.075577135564952914e+04 1.014809397460832319e+00
6.075577161570332100e+04 9.930758366138850990e-01
6.075577187575712014e+04 1.007653598870463796e+00
6.075577213581091200e+04 1.003344802750802955e+00
6.075577239586471842e+04 1.003585896748321993e+00
6.075577265591851756e+04 1.000261429133009417e+00
6.075577291597231670e+04 9.888349819416460962e-01
6.075577317602610856e+04 9.989646935783285109e-01
