6.075585120116569306e+04 9.956673171245720155e-01
6.075585146121949219e+04 1.008039906098575189e+00
6.075585172127328406e+04 1.003064196203978575e+00
6.075585198132708319e+04 9.965603678467235271e-01
6.075585224138088233e+04 1.000582804298747908e+00
6.075585250143468147e+04 1.007254385748286962e+00
6.075585276148847333e+04 1.005081418064098786e+00
6.075585302154227247e+04 9.980984486230140007e-01
6.075585328159607161e+04 1.000598540651676416e+00
6.075585354164987803e+04 9.993620803697264021e-01
6.075585380170368444e+04 1.009191100990675327e+00
6.075585406175747630e+04 9.987322302508965244e-01
6.075585432181127544e+04 1.011476389295467238e+00
6.075585458186507458e+04 9.984779797275954438e-01
6.075585484191887372e+04 9.977017759523356677e-01
6.075585510197266558e+04 9.979570369224604054e-01
6.075585536202646472e+04 1.000611720625660173e+00
6.075585562208026386e+04 1.002214230443082332e+00
6.075585588213406299e+04 1.000230683767359574e+00
6.075585614218786213e+04 9.978878048320716232e-01
6.075585640224165400e+04 1.002513029309165749e+00
6.075585666229546041e+04 1.008431049727362083e+00
6.075585692234926682e+04 9.942670672042279723e-01
6.075585718240306596e+04 1.001235059376858416e+00
6.075585744245685783e+04 1.004171159562832649e+00
6.075585770251065696e+04 1.009875023749074119e+00
6.075585796256445610e+04 9.947792693023806976e-01
6.075585822261825524e+04 1.001531251117228516e+00
6.075585848267205438e+04 9.989401180131036728e-01
6.075585874272584624e+04 1.000268219100591160e+00
6.075585900277964538e+04 9.961075956427817291e-01
6.075585926283344452e+04 9.936152203755019841e-01
6.075585952288725093e+04 1.009808258025071792e+00
6.075585978294105735e+04 1.007612650465723458e+00
6.075586004299484921e+04 9.953688228561664575e-01
6.075586030304864835e+04 9.934749851951901745e-01
6.075586056310244749e+04 1.002583608193518439e+00
6.075586082315624662e+04 9.989304431739760570e-01
6.075586108321004576e+04 9.999205311952860109e-01
6.075586134326383763e+04 1.011617989684336028e+00
6.075586160331763676e+04 9.962420800110350916e-01
6.075586186337143590e+04 9.982430934421577806e-01
6.075586212342523504e+04 9.989973037664878763e-01
6.075586238347903418e+04 9.989058141578784911e-01
6.075586264353283332e+04 9.945677548448070837e-01
6.075586290358663973e+04 9.914394955120439112e-01
6.075586316364043887e+04 9.915061169075521930e-01
6.075586342369423801e+04 9.980141554431711803e-01
6.075586368374803715e+04 9.914329888752310138e-01
6.075586394380182901e+04 1.000089587961681348e+00
6.075586420385562815e+04 9.905228735048021704e-01
6.075586446390942729e+04 9.933255353110794772e-01
6.075586472396322642e+04 1.004591333892726146e+00
6.075586498401702556e+04 9.962189144814359576e-01
6.075586524407081743e+04 1.004812026009419323e+00
6.075586550412462384e+04 9.953811006515650428e-01
6.075586576417843025e+04 9.971537132535718273e-01
6.075586602423222939e+04 9.899254813695230748e-01
6.075586628428602853e+04 1.004506478468479402e+00
6.075586654433982039e+04 9.918975715337940979e-01
6.075586680439361953e+04 9.966815433859304019e-01
6.075586706444741867e+04 9.960685365576741335e-01
6.075586732450121781e+04 1.003395399049610281e+00
6.075586758455501695e+04 1.060794430867143756e+00
6.075586784460881609e+04 1.005621465001139692e+00
6.075586810466260795e+04 9.935025029394861651e-01
6.075586836471640709e+04 1.004819861800839265e+00
6.075586862477021350e+04 9.969714140996271956e-01
6.075586888482401991e+04 9.973279122515694706e-01
6.075586914487781905e+04 9.901275047946791474e-01
6.075586940493161092e+04 9.894600169379572652e-01
6.075586966498541005e+04 1.009987794694328089e+00
6.075586992503920919e+04 9.977866409858378027e-01
6.075587018509300833e+04 9.920468278877304646e-01
6.075587044514680747e+04 9.974510065991738506e-01
6.075587070520060661e+04 9.946811106540264236e-01
6.075587096525439847e+04 9.922089034547031394e-01
6.075587122530819761e+04 9.893635095656451162e-01
6.075587148536199675e+04 9.908850032756022497e-01
6.075587174541581044e+04 9.976536750389848329e-01
6.075587200546960958e+04 9.945296827353834468e-01
6.075587226552340871e+04 9.993769144640123336e-01
6.075587252557720058e+04 9.953771395536805677e-01
6.075587278563099972e+04 9.957327863624539921e-01
6.075587304568479885e+04 9.879057936451639543e-01
6.075587330573859799e+04 1.005655225459985092e+00
6.075587356579239713e+04 9.932005401054633253e-01
6.075587382584619627e+04 9.940731607124730917e-01
6.075587408589998813e+04 1.005306310978948847e+00
6.075587434595378727e+04 9.943918065090260328e-01
6.075587460600759368e+04 9.935178097170680456e-01
6.075587486606140010e+04 9.989302818292098429e-01
6.075587512611519924e+04 9.999232387042742420e-01
6.075587538616899838e+04 9.922612788867039013e-01
6.075587564622279751e+04 9.923903363507965425e-01
6.075587590627658938e+04 1.004016595820792945e+00
6.075587616633038851e+04 9.973216173249281891e-01
6.075587642638418765e+04 9.886982651544560241e-01
6.075587668643798679e+04 9.972417059049012433e-01
6.075587694649178593e+04 9.903686468539929511e-01
6.075587720654558507e+04 1.000156365720938911e+00
6.075587746659937693e+04 1.006029629348491605e+00
6.075587772665318334e+04 9.966399925746289856e-01
6.075587798670698976e+04 9.925265276144298321e-01
6.075587824676078890e+04 9.993136143937211280e-01
6.075587850681458804e+04 1.002001880256455868e+00
6.075587876686838717e+04 9.967225573170408470e-01
6.075587902692218631e+04 9.908849287427650143e-01
6.075587928697597818e+04 9.956346029747330517e-01
6.075587954702977731e+04 1.001517242995201284e+00
6.075588115586427011e+04 9.899392581649087974e-01
6.075588141592496686e+04 9.964957447796645162e-01
6.075588167598567088e+04 9.964583765170910157e-01
6.075588193604636763e+04 9.923049228223007612e-01
6.075588219610707165e+04 9.956533672190741591e-01
6.075588245616777567e+04 9.995292440648162469e-01
6.075588271622847242e+04 9.912548011194882713e-01
6.075588297628917644e+04 9.944199680530165786e-01
6.075588323634988046e+04 1.003065692370572082e+00
6.075588349641056993e+04 1.002074418071624118e+00
6.075588375647127395e+04 9.989553353259934543e-01
6.075588401653197798e+04 9.847563475653264842e-01
6.075588427659268200e+04 1.003375024111432090e+00
6.075588453665338602e+04 9.939974773717707990e-01
6.075588479671408277e+04 9.898223033096925638e-01
6.075588505677478679e+04 9.980255813747855864e-01
6.075588531683548354e+04 9.963433692338969916e-01
6.075588557689618756e+04 9.938184477140727946e-01
6.075588583695689158e+04 9.946996329818602600e-01
6.075588609701758833e+04 1.000452053079463610e+00
6.075588635707829235e+04 9.993237178245125696e-01
6.075588661713899637e+04 9.994695218405004189e-01
6.075588687719969312e+04 9.949725969927186719e-01
6.075588713726038986e+04 9.874585451996480412e-01
6.075588739732109389e+04 9.997778918085218347e-01
6.075588765738179791e+04 1.004921887565362049e+00
6.075588791744250193e+04 9.996256749504410788e-01
6.075588817750319868e+04 9.970914361531491021e-01
6.075588843756390270e+04 1.002580792876980542e+00
6.075588869762460672e+04 1.001129698384839450e+00
6.075588895768530347e+04 1.002770059933042690e+00
6.075588921774600749e+04 9.878033497633302851e-01
6.075588947780670424e+04 9.893347690673648387e-01
6.075588973786740826e+04 1.009830795719123486e+00
6.075588999792811228e+04 9.969323656350493890e-01
6.075589025798880903e+04 9.885892809599057252e-01
6.075589051804952032e+04 9.910816659093927283e-01
6.075589077811021707e+04 9.990868641989515408e-01
6.075589103817091382e+04 9.909711541066290597e-01
6.075589129823161784e+04 9.902308331467531977e-01
6.075589155829231458e+04 9.926196702988805409e-01
6.075589181835301861e+04 9.918452466187640537e-01
6.075589207841372263e+04 9.953215781130703155e-01
6.075589233847442665e+04 9.948558734624227684e-01
6.075589259853513067e+04 1.000182647511666190e+00
6.075589285859582742e+04 9.975122481598883706e-01
6.075589311865652417e+04 1.000089259620826621e+00
6.075589337871722819e+04 1.000485790688986354e+00
6.075589363877793221e+04 1.002597218732638185e+00
6.075589389883863623e+04 9.916160451242687079e-01
6.075589415889933298e+04 9.919991370277636555e-01
6.075589441896003700e+04 1.002850248543927902e+00
6.075589467902074102e+04 1.002844274578583494e+00
6.075589493908143777e+04 9.979245130666255514e-01
6.075589519914213452e+04 9.959015780518434280e-01
6.075589545920283854e+04 9.992258474189533723e-01
6.075589571926354256e+04 1.001126982944290811e+00
6.075589597932424658e+04 1.000139963312575153e+00
6.075589623938494333e+04 1.001183761329800248e+00
6.075589649944564735e+04 1.001282611021842017e+00
6.075589675950635137e+04 9.985076791405288477e-01
6.075589701956705539e+04 1.003754305248597989e+00
6.075589727962775942e+04 1.002470954703831074e+00
6.075589753968844889e+04 9.965131390154129409e-01
6.075589779974915291e+04 1.000155791628587032e+00
6.075589805980985693e+04 1.005350427030128779e+00
6.075589831987055368e+04 9.915831171691726897e-01
6.075589857993125770e+04 1.005976594105257638e+00
6.075589883999196172e+04 9.988289856044544335e-01
6.075589910005266574e+04 1.011377004404482083e+00
6.075589936011336977e+04 1.011402378088214427e+00
6.075589962017406651e+04 1.004863914578534967e+00
6.075589988023477054e+04 1.002253601475054712e+00
6.075590014029546728e+04 1.005553090256855686e+00
6.075590040035617130e+04 9.959652377154987191e-01
6.075590066041687533e+04 1.003456608367203406e+00
6.075590092047757207e+04 9.998335565899915123e-01
6.075590118053827609e+04 1.006092091383110176e+00
6.075590144059898012e+04 9.999106582857049119e-01
6.075590170065967686e+04 1.004396800781967025e+00
6.075590196072038816e+04 1.002811892002139382e+00
6.075590222078108491e+04 9.978304042000524232e-01
6.075590248084178893e+04 1.003243173256652243e+00
6.075590274090249295e+04 9.987623720257735593e-01
6.075590300096318242e+04 1.003009386288531868e+00
6.075590326102388644e+04 1.005070447452673044e+00
6.075590352108459047e+04 1.004738480847129134e+00
6.075590378114529449e+04 9.995622794499455788e-01
6.075590404120599851e+04 1.000679953839642700e+00
6.075590430126669526e+04 9.998777201716718688e-01
6.075590456132739928e+04 1.003535755095779081e+00
6.075590482138810330e+04 1.003232807969878015e+00
6.075590508144880732e+04 1.002450541456342936e+00
6.075590534150951135e+04 1.004646624198034521e+00
6.075590560157020809e+04 9.998239992399514664e-01
6.075590586163091211e+04 1.006070834227956068e+00
6.075590612169160886e+04 1.005025904458781261e+00
6.075590638175230561e+04 9.922882822530237901e-01
6.075590664181300963e+04 1.001922593919532867e+00
6.075590690187371365e+04 1.009206124213847922e+00
6.075590716193441767e+04 1.000322007944266289e+00
6.075590742199512169e+04 1.010239427316564464e+00
6.075590768205581844e+04 1.002034003917871008e+00
6.075590794211652246e+04 1.001876050543968777e+00
6.075590820217722649e+04 1.004159206794552395e+00
6.075590846223793051e+04 9.926351441194112279e-01
6.075590872229863453e+04 1.000194330648258356e+00
6.075590898235933128e+04 9.985883605227863224e-01
6.075590924242003530e+04 1.003366545785298269e+00
6.075590950248073932e+04 1.005270811758470551e+00
6.075591106051386305e+04 1.006043373954657705e+00
6.075591132057445793e+04 1.000592310656287731e+00
6.075591158063505281e+04 1.013246412058812718e+00
6.075591184069564770e+04 1.002998364784185359e+00
6.075591210075624258e+04 1.001798820698069692e+00
6.075591236081683746e+04 1.014983340947654522e+00
6.075591262087743235e+04 1.015265791015026897e+00
6.075591288093802723e+04 1.003302540139713539e+00
6.075591314099862211e+04 1.005230828942449861e+00
6.075591340105922427e+04 1.007911614887368801e+00
6.075591366111981915e+04 1.006386650688037010e+00
6.075591392118041404e+04 1.005706553780393309e+00
6.075591418124100892e+04 1.008257037666644873e+00
6.075591444130160380e+04 9.942476532823800728e-01
6.075591470136219868e+04 1.003439189086043459e+00
6.075591496142279357e+04 9.974074698769385128e-01
6.075591522148338845e+04 1.001902888530426861e+00
6.075591548154399061e+04 1.005491671478396132e+00
6.075591574160458549e+04 9.929998256693896019e-01
6.075591600166518037e+04 1.008476382099667390e+00
6.075591626172577526e+04 1.007514695420017370e+00
6.075591652178637742e+04 1.008415067656952102e+00
6.075591678184697230e+04 9.968690460547717791e-01
6.075591704190756718e+04 1.001212662803095288e+00
6.075591730196816206e+04 1.003769951494795976e+00
6.075591756202875695e+04 1.003777971061003083e+00
6.075591782208935183e+04 1.006133803086564749e+00
6.075591808214994671e+04 9.971150734972693552e-01
6.075591834221054160e+04 9.940406974578482879e-01
6.075591860227113648e+04 1.012683207081725989e+00
6.075591886233173136e+04 1.007120048211575636e+00
6.075591912239232624e+04 1.003229146575255415e+00
6.075591938245292840e+04 1.006337721851900957e+00
6.075591964251352329e+04 1.011350964257480500e+00
6.075591990257411817e+04 1.001793625510007946e+00
6.075592016263471305e+04 1.005338992738361137e+00
6.075592042269530793e+04 1.002380769851554554e+00
6.075592068275590282e+04 1.007295638442798236e+00
6.075592094281649770e+04 9.967164881768240114e-01
6.075592120287709986e+04 1.001042574229535687e+00
6.075592146293769474e+04 1.009318059644968457e+00
6.075592172299828962e+04 1.008548291723502466e+00
6.075592198305888451e+04 1.003779561775141715e+00
6.075592224311948667e+04 9.972105993199875673e-01
6.075592250318008155e+04 1.009321797967351442e+00
6.075592276324067643e+04 1.011068155819342396e+00
6.075592302330127131e+04 1.006950223172811798e+00
6.075592328336186620e+04 9.982784811901237454e-01
6.075592354342246108e+04 1.015164132011842968e+00
6.075592380348305596e+04 1.010219865681667883e+00
6.075592406354365812e+04 1.003171208044932872e+00
6.075592432360425300e+04 1.002710692693544070e+00
6.075592458366484789e+04 1.003482138631491161e+00
6.075592484372544277e+04 1.000862559634888349e+00
6.075592510378604493e+04 1.000526662221331353e+00
6.075592536384663981e+04 1.008453134755245229e+00
6.075592562390723469e+04 9.959883825859289219e-01
6.075592588396782958e+04 1.008881563344897980e+00
6.075592614402842446e+04 1.005427284077593297e+00
6.075592640408901934e+04 1.010427391080584103e+00
6.075592666414961423e+04 1.005174082756471465e+00
6.075592692421020911e+04 9.962009485131007036e-01
6.075592718427081127e+04 1.001281039541828566e+00
6.075592744433140615e+04 1.007971741799782883e+00
6.075592770439200103e+04 1.003149771578362381e+00
6.075592796445260319e+04 1.011087918554086640e+00
6.075592822451319807e+04 1.004335556633305426e+00
6.075592848457379296e+04 1.013372234627117452e+00
6.075592874463438784e+04 1.002330457425736787e+00
6.075592900469498272e+04 1.006231245482431369e+00
6.075592926475557761e+04 1.003305474131603425e+00
6.075592952481617249e+04 9.973841144670252401e-01
6.075592978487676737e+04 1.005731335436940599e+00
6.075593004493736953e+04 9.994280573454279448e-01
6.075593030499796441e+04 9.958390513720308812e-01
6.075593056505855930e+04 1.009764790013394808e+00
6.075593082511916145e+04 1.003434939297902284e+00
6.075593108517975634e+04 9.946255267606625150e-01
6.075593134524035122e+04 1.001160270104875183e+00
6.075593160530094610e+04 1.002319681236487181e+00
6.075593186536154099e+04 9.994947014823978293e-01
6.075593212542213587e+04 9.977613094411765804e-01
6.075593238548273075e+04 1.002105559812198399e+00
6.075593264554332563e+04 1.006385217804937504e+00
6.075593290560392779e+04 1.003693191526129125e+00
6.075593316566452268e+04 1.010986928945230234e+00
6.075593342572511756e+04 1.007639674269661390e+00
6.075593368578571244e+04 1.004770434442004756e+00
6.075593394584631460e+04 1.002868338480894517e+00
6.075593420590690948e+04 1.003874582541234073e+00
6.075593446596750437e+04 1.008369113700583908e+00
6.075593472602809925e+04 9.970358264536578474e-01
6.075593498608869413e+04 9.927622891943916894e-01
6.075593524614928901e+04 1.009507073008522937e+00
6.075593550620988390e+04 1.011711868031850203e+00
6.075593576627048606e+04 1.000988772484635803e+00
6.075593602633108094e+04 9.982554887837906676e-01
6.075593628639167582e+04 9.989405235622637047e-01
6.075593654645227070e+04 9.969562579531068280e-01
6.075593680651287286e+04 9.968185607472080934e-01
6.075593706657346775e+04 1.006448366345113810e+00
6.075593732663406263e+04 9.993422946138142970e-01
6.075593758669465751e+04 9.899859755252239379e-01
6.075593784675525239e+04 1.004831825555594804e+00
6.075593810681584728e+04 1.006638257110085810e+00
6.075593836687644216e+04 1.003700315651355313e+00
6.075593862693704432e+04 9.984060672954222504e-01
6.075593888699763920e+04 9.971391608265296469e-01
6.075593914705823408e+04 1.003824146239477022e+00
6.075593940711883624e+04 9.976925709420046973e-01
6.075594106598430517e+04 9.991162013753712712e-01
6.075594132604500919e+04 1.005286434436031717e+00
6.075594158610571321e+04 1.000639622834399667e+00
6.075594184616640996e+04 9.961426132033135428e-01
6.075594210622711398e+04 1.001651362397685485e+00
6.075594236628781800e+04 9.948977098874171032e-01
6.075594262634852203e+04 1.008560801101680449e+00
6.075594288640922605e+04 9.935947228140281640e-01
6.075594314646992279e+04 1.009255626918453608e+00
6.075594340653063409e+04 9.958521830236739536e-01
6.075594366659133811e+04 9.922329706767906154e-01
6.075594392665203486e+04 1.002904674802048479e+00
6.075594418671273888e+04 9.990231690526830688e-01
6.075594444677344291e+04 9.978789999568578040e-01
6.075594470683414693e+04 1.005562006666331554e+00
6.075594496689485095e+04 9.960659238368333446e-01
6.075594522695554770e+04 9.924985431059354379e-01
6.075594548701625172e+04 9.947876212813332453e-01
6.075594574707695574e+04 9.989259264195752275e-01
6.075594600713765976e+04 9.901872307778528670e-01
6.075594626719836378e+04 1.010498909067291562e+00
6.075594652725906053e+04 1.010352252055426447e+00
6.075594678731976455e+04 9.953120509925472703e-01
6.075594704738046858e+04 1.002498065303571551e+00
6.075594730744116532e+04 9.862278413868533766e-01
6.075594756750187662e+04 9.997317442173665469e-01
6.075594782756257337e+04 1.004162977733408457e+00
6.075594808762328466e+04 9.925505428765799554e-01
6.075594834768398869e+04 9.966593575469900879e-01
6.075594860774468543e+04 9.943422857570651807e-01
6.075594886780538945e+04 9.959287366454707691e-01
6.075594912786609348e+04 1.001153657685128096e+00
6.075594938792679750e+04 9.987750209841981253e-01
6.075594964798750152e+04 9.994211188524627643e-01
6.075594990804819827e+04 9.986042499999280286e-01
6.075595016810890229e+04 9.937897548343125331e-01
6.075595042816960631e+04 9.982487563056910984e-01
6.075595068823031033e+04 9.990219754484848114e-01
6.075595094829101436e+04 9.993798939116014246e-01
6.075595120835171110e+04 1.000050163367526723e+00
6.075595146841241512e+04 9.928862132610123403e-01
6.075595172847312642e+04 9.908605265700334286e-01
6.075595198853382317e+04 1.004397180207245777e+00
6.075595224859452719e+04 1.001995974626439079e+00
6.075595250865523121e+04 9.916768965053269769e-01
6.075595276871593524e+04 1.005426807256069699e+00
6.075595302877663926e+04 9.979663036773107621e-01
6.075595328883733600e+04 1.006149470119888756e+00
6.075595354889804003e+04 1.003478476544221287e+00
6.075595380895874405e+04 1.011737722532581429e+00
6.075595406901944807e+04 9.907661136716231498e-01
6.075595432908015209e+04 9.973720385941945432e-01
6.075595458914084884e+04 9.939264527984529307e-01
6.075595484920156014e+04 9.964656201276701486e-01
6.075595510926226416e+04 9.883010097354183454e-01
6.075595536932296091e+04 1.005686978835619749e+00
6.075595562938366493e+04 1.000547445118112222e+00
6.075595588944436895e+04 9.913467693375629386e-01
6.075595614950507297e+04 9.914944691006978283e-01
6.075595640956577699e+04 9.990343267654333559e-01
6.075595666962647374e+04 9.991547692050458673e-01
6.075595692968717776e+04 9.996601252354494482e-01
6.075595718974788178e+04 9.989398815331215209e-01
6.075595744980858581e+04 1.001792920799629449e+00
6.075595770986929710e+04 9.981143145189430577e-01
6.075595796992999385e+04 9.923360492727807403e-01
6.075595822999069787e+04 1.001197543554567471e+00
6.075595849005140190e+04 9.965025546245140919e-01
6.075595875011209864e+04 9.959271890149051787e-01
6.075595901017280994e+04 1.001983684042154321e+00
6.075595927023350669e+04 1.002056154107629160e+00
6.075595953029421071e+04 9.997688927652055302e-01
6.075595979035491473e+04 1.005705207586849115e+00
6.075596005041561148e+04 9.989066211895628600e-01
6.075596031047632277e+04 9.970252439538770384e-01
6.075596057053702680e+04 9.992800140051781854e-01
6.075596083059773082e+04 1.007970818625478548e+00
6.075596109065843484e+04 9.954544597149335150e-01
6.075596135071913159e+04 1.002752486498513340e+00
6.075596161077983561e+04 9.927402514362578811e-01
6.075596187084053963e+04 9.962429481084748017e-01
6.075596213090124365e+04 9.929520307107854160e-01
6.075596239096194768e+04 9.967210010207446791e-01
6.075596265102265170e+04 9.918046819777919243e-01
6.075596291108335572e+04 9.970753845681179506e-01
6.075596317114405974e+04 9.909364737492031283e-01
6.075596343120475649e+04 9.869429668662876853e-01
6.075596369126546051e+04 9.992182115905463569e-01
6.075596395132616453e+04 9.924435561799361816e-01
6.075596421138686856e+04 9.856127032232755436e-01
6.075596447144757258e+04 9.905907991069305973e-01
6.075596473150827660e+04 9.910878503331923550e-01
6.075596499156898062e+04 9.908173059428826424e-01
6.075596525162968464e+04 9.925948593349221971e-01
6.075596551169038867e+04 1.000859654586919278e+00
6.075596577175109269e+04 9.935112738550722078e-01
6.075596603181178943e+04 9.924780457087946095e-01
6.075596629187249346e+04 9.951283250008086112e-01
6.075596655193319748e+04 9.954983273911417463e-01
6.075596681199390150e+04 9.999863354753730782e-01
6.075596707205460552e+04 9.956175378740489412e-01
6.075596733211530955e+04 9.946632567873966435e-01
6.075596759217601357e+04 1.000692728771551465e+00
6.075596785223671759e+04 1.005156715279688084e+00
6.075596811229741434e+04 9.985344486729962332e-01
6.075596837235811836e+04 1.003867660507624215e+00
6.075596863241882238e+04 9.983596420616602796e-01
6.075596889247953368e+04 9.988635464454661550e-01
6.075596915254023770e+04 1.004734004190842578e+00
6.075596941260093445e+04 1.000552417276986850e+00
6.075597102105359954e+04 1.001939716493798871e+00
6.075597128111420170e+04 9.978142401022598307e-01
6.075597154117479658e+04 9.921746197749892193e-01
6.075597180123539147e+04 9.951656520128163708e-01
6.075597206129598635e+04 1.001886362789857321e+00
6.075597232135658123e+04 9.938438729551977158e-01
6.075597258141718339e+04 9.957087868658550667e-01
6.075597284147777827e+04 9.895077027733505393e-01
6.075597310153837316e+04 9.930404415951834540e-01
6.075597336159897532e+04 9.966035094257751359e-01
6.075597362165957020e+04 9.951599232136003614e-01
6.075597388172016508e+04 9.980246690702435641e-01
6.075597414178077452e+04 9.960730381750445561e-01
6.075597440184136940e+04 9.962064647752377766e-01
6.075597466190196428e+04 9.979755443451455710e-01
6.075597492196255916e+04 9.960090602360663903e-01
6.075597518202315405e+04 1.002076323978435157e+00
6.075597544208374893e+04 9.921730747797397054e-01
6.075597570214434381e+04 9.945287595552361193e-01
6.075597596220494597e+04 1.001670959071820910e+00
6.075597622226554813e+04 9.910663271491384485e-01
6.075597648232614301e+04 9.926003704132445593e-01
6.075597674238673790e+04 9.951349938516147464e-01
6.075597700244734006e+04 1.001386502220046548e+00
6.075597726250793494e+04 9.979533176619316270e-01
6.075597752256853710e+04 1.002044527953904973e+00
6.075597778262913198e+04 1.008504433961201485e+00
6.075597804268972686e+04 1.000955190938667139e+00
6.075597830275032175e+04 1.004846562128815846e+00
6.075597856281091663e+04 9.852266705767512844e-01
6.075597882287151151e+04 1.007588810896886899e+00
6.075597908293212095e+04 9.990406376842458913e-01
6.075597934299271583e+04 1.005920463666720055e+00
6.075597960305331071e+04 9.927163727983593366e-01
6.075597986311390559e+04 9.984877653194238478e-01
6.075598012317450775e+04 1.001983156910894568e+00
6.075598038323510264e+04 9.921187406003564302e-01
6.075598064329570479e+04 9.948996406091414890e-01
6.075598090335629968e+04 9.957194471028001370e-01
6.075598116341689456e+04 9.952825925813122421e-01
6.075598142347748944e+04 1.006694811515447263e+00
6.075598168353808433e+04 9.943699341366978306e-01
6.075598194359869376e+04 9.947224792579829611e-01
6.075598220365928864e+04 1.002060273908094379e+00
6.075598246371988353e+04 9.903462456069628272e-01
6.075598272378047841e+04 9.929428114779987880e-01
6.075598298384108057e+04 9.978201768346107725e-01
6.075598324390167545e+04 1.001972016531733845e+00
6.075598350396227761e+04 1.003631133328388714e+00
6.075598376402287249e+04 1.000929150585734950e+00
6.075598402408346738e+04 9.965105843978930844e-01
6.075598428414406226e+04 1.011124549298799691e+00
6.075598454420465714e+04 9.908739198286288241e-01
6.075598480426526658e+04 9.989342707288244583e-01
6.075598506432586146e+04 1.000390469283559680e+00
6.075598532438645634e+04 1.003197834653164255e+00
6.075598558444705122e+04 1.006830811875111698e+00
6.075598584450765338e+04 1.010879546910771420e+00
6.075598610456825554e+04 9.986612918610815459e-01
6.075598636462885042e+04 9.954631346724795993e-01
6.075598662468944531e+04 1.001218196343136801e+00
6.075598688475004019e+04 9.951833259741487137e-01
6.075598714481063507e+04 1.001019769718747288e+00
6.075598740487123723e+04 1.002528169912819012e+00
6.075598766493183211e+04 1.002483986384171466e+00
6.075598792499243427e+04 1.000635515240674067e+00
6.075598818505302916e+04 9.997491272893103131e-01
6.075598844511362404e+04 1.003389625567184140e+00
6.075598870517423347e+04 1.009435621419695117e+00
6.075598896523482836e+04 1.001179250552852729e+00
6.075598922529542324e+04 9.920515167865808781e-01
6.075598948535601812e+04 1.000682584809820641e+00
6.075598974541661300e+04 1.006588574841053241e+00
6.075599000547721516e+04 1.004040002165612622e+00
6.075599026553781005e+04 1.000096396310818481e+00
6.075599052559840493e+04 1.000988805799923664e+00
6.075599078565900709e+04 9.998683262134000493e-01
6.075599104571960197e+04 1.006865931578529105e+00
6.075599130578020413e+04 1.006090653301205284e+00
6.075599156584080629e+04 9.968401375994944136e-01
6.075599182590140117e+04 1.002834460644354664e+00
6.075599208596199605e+04 1.005192032108479294e+00
6.075599234602259094e+04 1.004360640545153061e+00
6.075599260608319310e+04 1.004031450265941761e+00
6.075599286614378798e+04 9.980167674856904592e-01
6.075599312620438286e+04 1.006319051937250242e+00
6.075599338626497774e+04 1.003343182048326510e+00
6.075599364632558718e+04 1.001373756717699681e+00
6.075599390638618206e+04 1.004655784154675269e+00
6.075599416644677694e+04 9.980772881625152859e-01
6.075599442650737910e+04 9.945337536343479279e-01
6.075599468656797399e+04 1.007513119651018751e+00
6.075599494662857614e+04 1.005021798351345197e+00
6.075599520668917103e+04 1.006097278762639879e+00
6.075599546674976591e+04 9.953239406121014987e-01
6.075599572681036079e+04 1.001868338140412540e+00
6.075599598687096295e+04 9.957818000440481487e-01
6.075599624693155783e+04 9.944056464291987085e-01
6.075599650699215999e+04 1.001675079346434627e+00
6.075599676705275488e+04 9.962629077254632204e-01
6.075599702711334976e+04 1.006979250526875758e+00
6.075599728717395192e+04 1.008400298735448786e+00
6.075599754723455408e+04 1.001390128730971218e+00
6.075599780729514896e+04 1.003011047332943884e+00
6.075599806735574384e+04 1.005271840851687859e+00
6.075599832741634600e+04 1.007862899283442415e+00
6.075599858747694088e+04 1.000573702116727803e+00
6.075599884753753577e+04 9.989778709012719915e-01
6.075599910759813065e+04 1.000285880230090019e+00
6.075599936765874008e+04 9.972118899293005434e-01
6.075600091310295102e+04 1.005569881451507275e+00
6.075600117316365504e+04 1.000167516491349717e+00
6.075600143322435179e+04 1.000363585438045044e+00
6.075600169328505581e+04 1.003243228915648544e+00
6.075600195334576711e+04 1.001918222422659044e+00
6.075600221340647113e+04 1.010549738821411081e+00
6.075600247346717515e+04 1.000712132979863167e+00
6.075600273352787190e+04 1.007753660717503497e+00
6.075600299358858319e+04 9.936729097359302543e-01
6.075600325364928722e+04 1.011749516220187717e+00
6.075600351370998396e+04 1.003758806847292240e+00
6.075600377377069526e+04 1.007793169737790873e+00
6.075600403383139928e+04 1.015140375987845234e+00
6.075600429389210331e+04 1.009527301541976563e+00
6.075600455395280733e+04 1.004895276846285546e+00
6.075600481401350407e+04 1.006466744086032428e+00
6.075600507407421537e+04 1.008787824247596498e+00
6.075600533413491939e+04 1.004707928249071847e+00
6.075600559419562342e+04 1.005618833299470882e+00
6.075600585425632744e+04 1.004472492596851119e+00
6.075600611431703146e+04 1.007026431050175974e+00
6.075600637437773548e+04 1.000094390275862999e+00
6.075600663443843951e+04 1.008041931029629357e+00
6.075600689449914353e+04 1.000802375214549622e+00
6.075600715455985483e+04 9.941777643371507711e-01
6.075600741462055157e+04 9.969732201125764970e-01
6.075600767468125559e+04 1.007005316571855547e+00
6.075600793474195962e+04 1.002214070133640167e+00
6.075600819480266364e+04 9.957650999980822704e-01
6.075600845486336766e+04 1.001651872393893195e+00
6.075600871492407168e+04 1.006352259851878372e+00
6.075600897498478298e+04 1.010218041709046499e+00
6.075600923504548700e+04 1.003192484975002463e+00
6.075600949510618375e+04 1.007810790636369580e+00
6.075600975516688777e+04 1.001566968386540468e+00
6.075601001522759907e+04 1.005983411927659610e+00
6.075601027528830309e+04 1.008397653080248091e+00
6.075601053534900711e+04 9.912122698914668240e-01
6.075601079540970386e+04 1.000398156045652298e+00
6.075601105547041516e+04 1.005520867831954934e+00
6.075601131553111918e+04 9.976407633064247049e-01
6.075601157559181593e+04 1.012482502481895530e+00
6.075601183565252722e+04 1.000742659125682943e+00
6.075601209571323125e+04 1.001946922921080896e+00
6.075601235577393527e+04 1.003476767056805663e+00
6.075601261583463929e+04 1.001336397087184027e+00
6.075601287589534331e+04 1.002081087880535959e+00
6.075601313595604734e+04 9.921547634289566986e-01
6.075601339601675136e+04 9.960883288089527055e-01
6.075601365607746266e+04 1.005850535959141423e+00
6.075601391613816668e+04 1.005449551772395367e+00
6.075601417619886342e+04 1.002246336515856484e+00
6.075601443625956745e+04 1.008401367889149469e+00
6.075601469632027874e+04 9.971162826418109582e-01
6.075601495638097549e+04 1.003593484895462629e+00
6.075601521644168679e+04 1.013160023497969409e+00
6.075601547650239081e+04 1.004256340273200987e+00
6.075601573656309483e+04 1.000992998390130895e+00
6.075601599662379886e+04 1.003924923595060026e+00
6.075601625668450288e+04 1.014484859158635732e+00
6.075601651674520690e+04 9.972822172901459892e-01
6.075601677680591092e+04 1.001514979489017021e+00
6.075601703686661494e+04 9.921938969628951721e-01
6.075601729692732624e+04 1.000097376530044047e+00
6.075601755698802299e+04 1.000671690385951829e+00
6.075601781704872701e+04 1.008148753384886076e+00
6.075601807710943831e+04 9.993507494314367579e-01
6.075601833717014233e+04 1.022925181478438361e+00
6.075601859723084635e+04 1.010429146436532921e+00
6.075601885729155038e+04 1.014601156890822420e+00
6.075601911735225440e+04 1.007114161634424798e+00
6.075601937741295842e+04 1.005727466691090921e+00
6.075601963747365517e+04 9.978088931063707756e-01
6.075601989753436646e+04 1.001735221510032803e+00
6.075602015759507049e+04 9.974258361307584142e-01
6.075602041765577451e+04 9.937613093032582334e-01
6.075602067771648581e+04 9.930781380174811268e-01
6.075602093777718255e+04 9.966603857126972166e-01
6.075602119783788658e+04 9.942990890582982244e-01
6.075602145789859787e+04 9.998405944061450334e-01
6.075602171795930190e+04 1.001681250579931293e+00
6.075602197802000592e+04 1.005339977528390216e+00
6.075602223808070994e+04 9.987424123538229948e-01
6.075602249814141396e+04 1.008355643090402820e+00
6.075602275820211798e+04 9.967187053088857329e-01
6.075602301826282201e+04 1.001423923509420000e+00
6.075602327832352603e+04 1.003735603084869643e+00
6.075602353838423005e+04 1.001291438486324070e+00
6.075602379844494135e+04 1.001054862161859571e+00
6.075602405850564537e+04 9.990680894933798850e-01
6.075602431856634212e+04 1.002312288906548998e+00
6.075602457862704614e+04 9.981571534038747862e-01
6.075602483868775744e+04 9.989363319766718652e-01
6.075602509874846146e+04 9.988945275029652571e-01
6.075602535880916548e+04 9.912501516207038454e-01
6.075602561886986950e+04 1.008247351165933781e+00
6.075602587893057353e+04 9.933293058242960161e-01
6.075602613899127755e+04 9.949087106730595265e-01
6.075602639905198885e+04 9.964349973571972052e-01
6.075602665911269287e+04 9.955706323608843888e-01
6.075602691917338962e+04 9.960024452185134436e-01
6.075602717923410091e+04 9.970509688787968505e-01
6.075602743929480494e+04 1.008980294596115712e+00
6.075602769935550168e+04 1.004044198874980420e+00
6.075602795941621298e+04 9.870538163296559420e-01
6.075602821947691700e+04 1.004953626386193788e+00
6.075602847953762102e+04 9.858877731183572912e-01
6.075602873959833232e+04 1.000791594931733419e+00
6.075602899965902907e+04 1.005888122864706302e+00
6.075602925971973309e+04 9.925285002523172029e-01
6.075603093119423283e+04 9.964144262299680088e-01
6.075603119125482772e+04 9.918768634799040029e-01
6.075603145131542988e+04 9.965254058404320325e-01
6.075603171137602476e+04 9.936892371351733200e-01
6.075603197143662692e+04 9.991220450937919884e-01
6.075603223149722908e+04 9.974881716294313749e-01
6.075603249155782396e+04 9.949855696935667737e-01
6.075603275161842612e+04 1.002473840386905346e+00
6.075603301167902100e+04 9.910693400033220302e-01
6.075603327173962316e+04 9.925682524209521462e-01
6.075603353180022532e+04 9.915233595608974326e-01
6.075603379186082020e+04 9.961754077866656898e-01
6.075603405192141508e+04 9.984353324470031099e-01
6.075603431198201724e+04 9.896302772587382002e-01
6.075603457204261213e+04 9.930451348685783719e-01
6.075603483210320701e+04 1.000571397905679616e+00
6.075603509216381644e+04 9.994541041457667419e-01
6.075603535222441133e+04 9.925329810007001985e-01
6.075603561228501349e+04 1.002438723171897417e+00
6.075603587234560837e+04 9.912506549157752422e-01
6.075603613240621053e+04 9.961905163825907072e-01
6.075603639246681269e+04 9.950111482384779160e-01
6.075603665252740757e+04 9.945651455077950676e-01
6.075603691258800245e+04 9.950378995976026930e-01
6.075603717264860461e+04 9.906422751543995098e-01
6.075603743270919949e+04 9.937126924404234840e-01
6.075603769276979438e+04 9.984827769694314403e-01
6.075603795283040381e+04 9.987182967465527694e-01
6.075603821289099869e+04 9.992989789712807269e-01
6.075603847295160085e+04 1.002280489494683957e+00
6.075603873301219573e+04 9.949850274310878540e-01
6.075603899307279789e+04 9.947584382490576305e-01
6.075603925313340005e+04 9.958846187567940156e-01
6.075603951319399494e+04 9.960697627513454000e-01
6.075603977325458982e+04 9.991939368759972240e-01
6.075604003331519198e+04 9.968775951048189921e-01
6.075604029337578686e+04 9.922943032902021843e-01
6.075604055343638902e+04 9.968054326084014871e-01
6.075604081349698390e+04 1.000071394214906428e+00
6.075604107355758606e+04 9.916710469224664370e-01
6.075604133361818822e+04 9.875859826684542098e-01
6.075604159367878310e+04 9.999434364292192345e-01
6.075604185373938526e+04 9.887379616476005273e-01
6.075604211379998742e+04 9.979969718337896589e-01
6.075604237386058230e+04 9.909200395200662426e-01
6.075604263392118446e+04 9.958946225246254613e-01
6.075604289398177934e+04 9.910332760027343868e-01
6.075604315404237423e+04 9.982440978988715852e-01
6.075604341410297639e+04 1.042227943074891749e+00
6.075604367416357127e+04 9.982781347837887953e-01
6.075604393422418070e+04 9.915768304483185691e-01
6.075604419428477559e+04 9.955169527113763017e-01
6.075604445434537047e+04 9.973627996208664914e-01
6.075604471440597990e+04 9.982061708103439068e-01
6.075604497446657479e+04 1.001521226786497465e+00
6.075604523452717694e+04 9.915360189644421007e-01
6.075604549458777183e+04 9.942915655864809077e-01
6.075604575464836671e+04 9.883669318090143596e-01
6.075604601470896887e+04 1.000243245656024182e+00
6.075604627476956375e+04 1.001679232038598544e+00
6.075604653483016591e+04 9.923197439668006714e-01
6.075604679489076807e+04 9.975577705316922561e-01
6.075604705495136295e+04 1.000418677236484699e+00
6.075604731501196511e+04 9.860048378432100247e-01
6.075604757507256727e+04 9.926611670199414483e-01
6.075604783513316943e+04 9.969956147780639766e-01
6.075604809519376431e+04 9.979497833767086989e-01
6.075604835525435919e+04 1.002557876360943734e+00
6.075604861531496135e+04 9.938372039354682608e-01
6.075604887537555624e+04 9.976202524554238504e-01
6.075604913543615839e+04 9.897227892863368348e-01
6.075604939549675328e+04 9.992117604465786673e-01
6.075604965555735544e+04 9.943150914204799129e-01
6.075604991561795759e+04 9.970442538270349875e-01
6.075605017567855248e+04 9.925817640178827839e-01
6.075605043573915464e+04 9.917965306567996242e-01
6.075605069579975680e+04 1.003649983382451927e+00
6.075605095586035168e+04 9.868174800825908477e-01
6.075605121592095384e+04 9.912873042831504833e-01
6.075605147598154872e+04 9.965888883104365714e-01
6.075605173604215088e+04 9.990290447663637829e-01
6.075605199610274576e+04 9.969508533326023603e-01
6.075605225616334792e+04 1.008153356653705091e+00
6.075605251622395008e+04 9.991141871860375057e-01
6.075605277628454496e+04 9.947830864664375383e-01
6.075605303634514712e+04 9.914837550725256188e-01
6.075605329640574200e+04 9.966508040885994069e-01
6.075605355646635144e+04 1.007067445276331075e+00
6.075605381652694632e+04 9.951282231633898911e-01
6.075605407658754848e+04 9.948517971786482450e-01
6.075605433664814336e+04 1.002979730251082557e+00
6.075605459670873825e+04 9.960688857094849302e-01
6.075605485676934040e+04 9.958971259446792734e-01
6.075605511682993529e+04 9.952316157819999232e-01
6.075605537689054472e+04 1.000733200034990666e+00
6.075605563695113960e+04 9.949886684874970078e-01
6.075605589701174176e+04 9.942520377679709975e-01
6.075605615707233665e+04 1.007763084032057499e+00
6.075605641713293880e+04 9.962700025614911192e-01
6.075605667719354096e+04 1.007605266857886761e+00
6.075605693725413585e+04 1.002024749754304667e+00
6.075605719731473800e+04 1.000270056429568788e+00
6.075605745737533289e+04 9.964249383759038459e-01
6.075605771743593505e+04 9.999787867589530199e-01
6.075605797749652993e+04 9.949839735508775318e-01
6.075605823755713209e+04 1.002898552125569331e+00
6.075605849761773425e+04 9.974927637686858972e-01
6.075605875767832913e+04 1.000483336878710494e+00
6.075605901773893129e+04 1.000553404760865295e+00
6.075605927779953345e+04 1.000540349985051147e+00
6.075606082322710427e+04 9.979531714909680717e-01
6.075606108328780829e+04 9.944148433248419794e-01
6.075606134334851231e+04 1.003217897395559000e+00
6.075606160340922361e+04 1.004738810736940158e+00
6.075606186346992035e+04 9.959277496641866234e-01
6.075606212353063165e+04 9.981885231183710294e-01
6.075606238359133567e+04 9.972559697770482234e-01
6.075606264365204697e+04 1.007335493294804873e+00
6.075606290371275099e+04 9.982541728713347773e-01
6.075606316377345502e+04 1.002537330943949812e+00
6.075606342383415904e+04 9.960828643077817013e-01
6.075606368389486306e+04 9.936996033571665610e-01
6.075606394395557436e+04 1.004667103171491105e+00
6.075606420401627838e+04 9.992458787745781557e-01
6.075606446407698240e+04 1.000027153232586619e+00
6.075606472413768643e+04 9.983006189338746728e-01
6.075606498419839772e+04 9.925194209123455735e-01
6.075606524425910175e+04 1.001336886391873904e+00
6.075606550431981304e+04 9.928624727667340055e-01
6.075606576438050979e+04 9.928989069605357320e-01
6.075606602444122109e+04 9.978857182178901830e-01
6.075606628450192511e+04 1.002002579450348430e+00
6.075606654456262913e+04 9.942050673573155084e-01
6.075606680462333316e+04 1.003031244062245753e+00
6.075606706468404445e+04 1.012094528202613919e+00
6.075606732474474848e+04 1.002705686236679883e+00
6.075606758480545250e+04 1.001297553513482930e+00
6.075606784486615652e+04 9.995509052836394348e-01
6.075606810492686054e+04 9.981661995455002323e-01
6.075606836498757184e+04 1.010197783094829882e+00
6.075606862504827586e+04 1.002659275970598118e+00
6.075606888510898716e+04 1.002227673313930811e+00
6.075606914516968391e+04 1.006581488697863902e+00
6.075606940523039520e+04 1.005978931982003388e+00
6.075606966529109923e+04 9.984441767026095427e-01
6.075606992535180325e+04 9.979831712838382884e-01
6.075607018541250727e+04 9.992039162270651698e-01
6.075607044547321857e+04 9.984516504528816450e-01
6.075607070553392259e+04 1.004187323646409613e+00
6.075607096559463389e+04 1.008076881219027054e+00
6.075607122565533064e+04 1.005068025000663390e+00
6.075607148571604193e+04 1.005272550133409659e+00
6.075607174577674596e+04 1.000705122002005343e+00
6.075607200583745725e+04 1.008796754505804527e+00
6.075607226589816128e+04 1.009201144323824462e+00
6.075607252595886530e+04 1.003517630860815579e+00
6.075607278601956932e+04 1.003869303096716070e+00
6.075607304608028062e+04 9.918094997754208775e-01
6.075607330614097737e+04 1.003601850967835940e+00
6.075607356620169594e+04 1.002853048766176203e+00
6.075607382626239269e+04 9.983566197922023600e-01
6.075607408632310398e+04 1.013222495489493724e+00
6.075607434638380801e+04 9.955837247075426388e-01
6.075607460644451203e+04 9.904390751959802897e-01
6.075607486650521605e+04 9.931443774218456921e-01
6.075607512656592735e+04 1.007678037446285257e+00
6.075607538662663137e+04 1.000349718935600096e+00
6.075607564668734267e+04 1.001100761665480565e+00
6.075607590674803942e+04 9.995607182281314174e-01
6.075607616680875071e+04 1.002830928244742514e+00
6.075607642686945474e+04 1.007131006325928446e+00
6.075607668693016603e+04 1.004163798209702252e+00
6.075607694699087006e+04 1.005182452457140219e+00
6.075607720705157408e+04 1.004276633118794448e+00
6.075607746711227810e+04 1.000810014186953811e+00
6.075607772717298940e+04 1.011746291137958220e+00
6.075607798723368614e+04 1.006080148028439147e+00
6.075607824729439744e+04 1.004259715602743741e+00
6.075607850735510146e+04 1.001389592763097358e+00
6.075607876741581276e+04 1.009237071346071213e+00
6.075607902747651679e+04 1.003964130393186771e+00
6.075607928753722081e+04 9.997774765139888498e-01
6.075607954759792483e+04 1.002788163814359867e+00
6.075607980765863613e+04 1.008975091754745534e+00
6.075608006771934015e+04 1.007359225471721187e+00
6.075608032778005145e+04 1.009313786588462714e+00
6.075608058784074819e+04 1.002431037192140328e+00
6.075608084790145949e+04 1.009408694706895204e+00
6.075608110796216351e+04 9.969843890589195068e-01
6.075608136802286754e+04 1.008935725479610523e+00
6.075608162808357156e+04 1.003428847950455394e+00
6.075608188814428286e+04 9.940239698999059348e-01
6.075608214820498688e+04 1.007483758371339855e+00
6.075608240826569818e+04 9.976796461767308832e-01
6.075608266832639492e+04 9.977627277669313122e-01
6.075608292838710622e+04 9.996851517219351724e-01
6.075608318844781024e+04 1.010263085635656921e+00
6.075608344850852154e+04 1.008534296513951878e+00
6.075608370856922556e+04 1.003832081583413638e+00
6.075608396862992959e+04 1.000693069576601868e+00
6.075608422869064088e+04 1.006687813044222279e+00
6.075608448875134491e+04 1.012543384722783379e+00
6.075608474881204893e+04 1.008892767603977836e+00
6.075608500887276023e+04 9.993259987837741498e-01
6.075608526893346425e+04 1.004908590133374302e+00
6.075608552899416827e+04 1.009263130986866042e+00
6.075608578905487957e+04 1.009098992190389232e+00
6.075608604911557632e+04 1.004391988449959694e+00
6.075608630917628761e+04 9.994764561456331853e-01
6.075608656923699164e+04 1.002829039506232478e+00
6.075608682929770293e+04 9.984016335329594094e-01
6.075608708935840696e+04 1.005296448485236027e+00
6.075608734941911098e+04 1.006832926110233339e+00
6.075608760947981500e+04 1.004574627185707669e+00
6.075608786954052630e+04 1.004705843991721137e+00
6.075608812960123760e+04 1.009443155140032911e+00
6.075608838966194162e+04 1.006866092813252456e+00
6.075608864972264564e+04 1.005271865635424255e+00
6.075608890978334966e+04 9.975615177558116997e-01
6.075608916984406096e+04 1.000053980768139006e+00
6.075609076569380704e+04 1.006261343857454360e+00
6.075609102575441648e+04 1.009810713031918494e+00
6.075609128581501136e+04 1.008760708950581453e+00
6.075609154587561352e+04 1.003164393454664349e+00
6.075609180593621568e+04 1.005707484655633532e+00
6.075609206599681784e+04 1.010698663256074159e+00
6.075609232605741272e+04 1.008236906798820165e+00
6.075609258611801488e+04 1.001504240871366136e+00
6.075609284617860976e+04 1.000651712587733666e+00
6.075609310623921192e+04 9.996426192185593473e-01
6.075609336629981408e+04 1.014070785788451667e+00
6.075609362636040896e+04 1.001927077845494729e+00
6.075609388642101840e+04 1.004289409410296985e+00
6.075609414648161328e+04 1.001254591540054362e+00
6.075609440654221544e+04 1.003283512030889613e+00
6.075609466660281760e+04 1.007491822404595672e+00
6.075609492666341976e+04 9.977068058999168931e-01
6.075609518672402191e+04 1.012932529602374121e+00
6.075609544678461680e+04 1.009199221639750732e+00
6.075609570684521896e+04 1.000794118403212085e+00
6.075609596690581384e+04 1.007543297119943171e+00
6.075609622696641600e+04 1.010132920571068071e+00
6.075609648702701088e+04 1.000219632056534858e+00
6.075609674708762032e+04 9.994857489239060699e-01
6.075609700714822247e+04 1.003700766948391276e+00
6.075609726720881736e+04 1.006358180653396328e+00
6.075609752726942679e+04 1.004292216640545465e+00
6.075609778733002167e+04 9.998152216571659645e-01
6.075609804739062383e+04 1.008173234822504982e+00
6.075609830745121872e+04 9.944236920225215659e-01
6.075609856751182087e+04 1.002409685289318064e+00
6.075609882757242303e+04 1.005972850512320216e+00
6.075609908763301792e+04 1.008488583386096815e+00
6.075609934769362008e+04 9.950225918747479525e-01
6.075609960775422223e+04 1.004658903843958395e+00
6.075609986781482439e+04 1.005441197473531334e+00
6.075610012787541928e+04 1.013293436417936455e+00
6.075610038793602143e+04 9.913320969214043377e-01
6.075610064799663087e+04 1.004977508612390880e+00
6.075610090805722575e+04 1.010255690251031346e+00
6.075610116811782791e+04 1.000440206945166777e+00
6.075610142817842279e+04 9.963148842580678011e-01
6.075610168823902495e+04 9.960779271578409366e-01
6.075610194829962711e+04 1.015071195060251563e+00
6.075610220836022199e+04 1.014798692131569036e+00
6.075610246842083143e+04 9.988962512439997221e-01
6.075610272848142631e+04 1.002220050334197587e+00
6.075610298854202847e+04 1.005550507391576476e+00
6.075610324860263063e+04 1.012850991700881664e+00
6.075610350866323279e+04 1.005783778549194762e+00
6.075610376872383495e+04 1.004654047256168692e+00
6.075610402878442983e+04 1.001329570195173435e+00
6.075610428884503199e+04 1.001355634462330668e+00
6.075610454890563415e+04 9.981374201343681252e-01
6.075610480896622903e+04 1.003907421153094059e+00
6.075610506902683119e+04 9.984038337359985027e-01
6.075610532908743335e+04 1.006259327139128690e+00
6.075610558914803551e+04 1.000626050865385253e+00
6.075610584920863766e+04 1.007555517793345956e+00
6.075610610926923255e+04 1.003246501212806230e+00
6.075610636932984198e+04 1.004903126385127798e+00
6.075610662939043686e+04 1.000035388025953820e+00
6.075610688945103902e+04 1.000467605924108438e+00
6.075610714951164118e+04 9.953557708916256352e-01
6.075610740957223607e+04 1.007317881060383113e+00
6.075610766963283822e+04 1.002032276062588600e+00
6.075610792969343311e+04 1.000943579978381015e+00
6.075610818975403527e+04 9.992389724722242628e-01
6.075610844981464470e+04 1.005385603736866029e+00
6.075610870987523958e+04 9.976096409061693260e-01
6.075610896993584174e+04 1.005697778465221459e+00
6.075610922999644390e+04 1.005015000707073947e+00
6.075610949005704606e+04 9.924379952871899002e-01
6.075610975011764822e+04 9.949668358493343190e-01
6.075611001017824310e+04 1.002522834453214884e+00
6.075611027023884526e+04 9.983596972193258257e-01
6.075611053029944742e+04 9.974910401909977686e-01
6.075611079036004230e+04 1.001036670399031214e+00
6.075611105042064446e+04 9.982301303654895763e-01
6.075611131048124662e+04 1.001472806263756787e+00
6.075611157054184878e+04 1.000021963675344905e+00
6.075611183060245094e+04 9.952838324869998088e-01
6.075611209066305310e+04 9.960000171519365342e-01
6.075611235072365525e+04 1.002081839695793342e+00
6.075611261078425741e+04 1.002830247277601838e+00
6.075611287084485230e+04 9.917354847843323773e-01
6.075611313090545445e+04 1.000166069083851417e+00
6.075611339096604934e+04 1.003327381977515476e+00
6.075611365102665150e+04 9.929206479680009467e-01
6.075611391108725365e+04 1.002490710292828213e+00
6.075611417114785581e+04 9.991499943326345168e-01
6.075611443120845797e+04 9.992348149619506570e-01
6.075611469126906013e+04 9.935015350854832228e-01
6.075611495132966229e+04 9.895206708092394443e-01
6.075611521139026445e+04 9.960815400446849655e-01
6.075611547145085933e+04 9.960345284405477395e-01
6.075611573151146149e+04 1.008064778144619922e+00
6.075611599157206365e+04 1.002273078779671645e+00
6.075611625163265853e+04 9.999317943647934026e-01
6.075611651169326069e+04 1.003537029309673700e+00
6.075611677175386285e+04 1.004922747773653979e+00
6.075611703181446501e+04 9.969519466524461304e-01
6.075611729187506717e+04 9.971972610187417319e-01
6.075611755193566933e+04 9.994671858041253021e-01
6.075611781199626421e+04 9.995024451751961525e-01
6.075611807205687364e+04 9.934882388255265040e-01
6.075611833211747580e+04 1.001026266936295039e+00
6.075611859217807068e+04 1.004810454190000701e+00
6.075611885223867284e+04 9.961853743698101393e-01
6.075611911229926773e+04 9.965164903676531072e-01
6.075612077117233275e+04 9.961938599379909220e-01
6.075612103123303677e+04 1.000645814123505728e+00
6.075612129129374080e+04 9.959609144514044443e-01
6.075612155135445209e+04 9.971046858439289728e-01
6.075612181141516339e+04 1.001536485470126081e+00
6.075612207147586741e+04 9.979135762820335875e-01
6.075612233153657144e+04 1.008987795432246815e+00
6.075612259159728274e+04 9.870467827855594622e-01
6.075612285165798676e+04 1.000368466159032410e+00
6.075612311171869806e+04 9.983548624495247603e-01
6.075612337177940935e+04 9.934681385654826613e-01
6.075612363184010610e+04 1.000291021018870907e+00
6.075612389190081740e+04 9.860470819688352817e-01
6.075612415196152870e+04 9.944366956221841747e-01
6.075612441202222544e+04 9.991226140466900052e-01
6.075612467208293674e+04 1.000988985509956741e+00
6.075612493214364804e+04 9.968670494818823169e-01
6.075612519220435206e+04 1.000697084477442322e+00
6.075612545226506336e+04 9.999836535563767503e-01
6.075612571232576738e+04 9.996633334726081621e-01
6.075612597238647140e+04 9.925395341731925170e-01
6.075612623244718270e+04 1.002971155344907883e+00
6.075612649250789400e+04 9.904706613623930345e-01
6.075612675256859802e+04 9.907724917140005028e-01
6.075612701262930204e+04 1.002626949643705023e+00
6.075612727269001334e+04 1.002444474892702164e+00
6.075612753275071736e+04 9.963244424992767634e-01
6.075612779281142139e+04 9.976261474466088242e-01
6.075612805287213268e+04 1.002450446712711774e+00
6.075612831293283671e+04 9.869162719059755284e-01
6.075612857299354800e+04 1.008034373938277994e+00
6.075612883305425930e+04 9.921023606810223106e-01
6.075612909311495605e+04 9.983681605359226996e-01
6.075612935317566735e+04 9.961365525769402263e-01
6.075612961323637865e+04 1.000854087690428385e+00
6.075612987329708267e+04 1.001016120630215500e+00
6.075613013335779397e+04 9.956512238389809699e-01
6.075613039341849799e+04 9.957514418270437817e-01
6.075613065347920201e+04 9.940607888600646591e-01
6.075613091353991331e+04 1.000786240094934332e+00
6.075613117360061733e+04 9.935714381246424365e-01
6.075613143366133590e+04 9.952741061937180334e-01
6.075613169372203265e+04 1.000320315239990876e+00
6.075613195378274395e+04 1.001150609565012450e+00
6.075613221384345525e+04 9.844914757959060125e-01
6.075613247390415199e+04 9.935012639948335167e-01
6.075613273396486329e+04 9.935618653430905445e-01
6.075613299402557459e+04 1.001246570452289486e+00
6.075613325408627861e+04 9.988603614709856693e-01
6.075613351414698991e+04 9.824804659097439163e-01
6.075613377420769393e+04 9.957304114812207674e-01
6.075613403426840523e+04 1.000881798018698809e+00
6.075613429432910925e+04 9.998664484169468292e-01
6.075613455438982055e+04 9.903028277679936098e-01
6.075613481445053185e+04 1.000571007511685595e+00
6.075613507451122859e+04 1.004280305251065153e+00
6.075613533457193989e+04 9.948865736779820557e-01
6.075613559463265119e+04 1.000102792397803420e+00
6.075613585469334794e+04 9.967583079025288395e-01
6.075613611475405924e+04 1.005036576003915494e+00
6.075613637481477053e+04 1.004335626883745780e+00
6.075613663487548183e+04 9.995729895004400456e-01
6.075613689493618585e+04 9.969755599548199010e-01
6.075613715499688988e+04 9.963448293796857147e-01
6.075613741505760117e+04 9.967819994466240452e-01
6.075613767511830520e+04 9.923966993731648811e-01
6.075613793517901649e+04 1.004706480925476653e+00
6.075613819523972779e+04 9.929094711914517868e-01
6.075613845530043181e+04 9.962541017115373876e-01
6.075613871536113584e+04 9.999079205479431964e-01
6.075613897542184714e+04 1.005484766409854291e+00
6.075613923548255116e+04 1.000838299364274153e+00
6.075613949554325518e+04 9.965104975052546665e-01
6.075613975560396648e+04 9.996739192089343362e-01
6.075614001566467778e+04 1.002637309507409258e+00
6.075614027572538907e+04 9.996146927536339044e-01
6.075614053578608582e+04 9.927812262203200566e-01
6.075614079584679712e+04 9.950599494367086129e-01
6.075614105590750842e+04 9.984963719115760306e-01
6.075614131596821244e+04 9.956625080786937199e-01
6.075614157602892374e+04 1.003507605806138958e+00
6.075614183608962776e+04 1.006566678800718151e+00
6.075614209615033906e+04 1.005393412536456754e+00
6.075614235621104308e+04 9.970267732640473168e-01
6.075614261627174710e+04 1.001817385352612888e+00
6.075614287633246568e+04 9.897911457308685712e-01
6.075614313639316970e+04 9.961900230014646418e-01
6.075614339645387372e+04 9.897405237542423739e-01
6.075614365651458502e+04 9.956732308577000978e-01
6.075614391657528904e+04 9.963657417478899436e-01
6.075614417663600034e+04 9.931999860769369359e-01
6.075614443669670436e+04 1.003561739670390196e+00
6.075614469675741566e+04 1.006050138723652010e+00
6.075614495681812696e+04 1.007790011937334862e+00
6.075614521687882370e+04 1.000775226591927192e+00
6.075614547693953500e+04 1.000206795395065296e+00
6.075614573700024630e+04 1.004233323388975752e+00
6.075614599706095760e+04 1.000548292273041318e+00
6.075614625712166162e+04 1.004885514032418659e+00
6.075614651718236564e+04 1.004682980158061012e+00
6.075614677724307694e+04 1.005743920827967930e+00
6.075614703730378824e+04 9.968525409096555823e-01
6.075614729736448498e+04 9.962748342085833153e-01
6.075614755742519628e+04 1.002263919718085594e+00
6.075614781748590758e+04 1.003893488544276513e+00
6.075614807754661888e+04 1.001442335916979287e+00
6.075614833760732290e+04 1.001391440990738069e+00
6.075614859766802692e+04 1.020898713585442152e+00
6.075614885772873822e+04 9.968886035309432181e-01
6.075614911778944952e+04 9.970994265504842247e-01
