6.075547523418369383e+04 1.000942332685540892e+00
6.075547549424438330e+04 9.983473616599117806e-01
6.075547575430508005e+04 1.005674096399949535e+00
6.075547601436576224e+04 1.008576212383482718e+00
6.075547627442645899e+04 9.949310021129169623e-01
6.075547653448714846e+04 9.782864195124582052e-01
6.075547679454784520e+04 9.981916512047526169e-01
6.075547705460853467e+04 9.959617865531650294e-01
6.075547731466922414e+04 1.005124299557576650e+00
6.075547757472991361e+04 1.000284322547762006e+00
6.075547783479061036e+04 1.008087264242013559e+00
6.075547809485129255e+04 9.931226848926891781e-01
6.075547835491198930e+04 9.951642457003665454e-01
6.075547861497267877e+04 1.002436229341290952e+00
6.075547887503337552e+04 9.986157173098352269e-01
6.075547913509406499e+04 1.007210012133550103e+00
6.075547939515475446e+04 1.000594274667187866e+00
6.075547965521544393e+04 1.008952234878415011e+00
6.075547991527614067e+04 9.935119401845945442e-01
6.075548017533683014e+04 1.005074553949186100e+00
6.075548043539752689e+04 9.967825022216398878e-01
6.075548069545820908e+04 1.010454002499655113e+00
6.075548095551890583e+04 9.977194963491501367e-01
6.075548121557959530e+04 9.982781562722452540e-01
6.075548147564028477e+04 9.996039461921198965e-01
6.075548173570098152e+04 9.954473256048179675e-01
6.075548199576167099e+04 9.894563566608126637e-01
6.075548225582236773e+04 9.999872197213984792e-01
6.075548251588305720e+04 9.984390463703594065e-01
6.075548277594374667e+04 9.986023741936349563e-01
6.075548303600443614e+04 1.002400131813056428e+00
6.075548329606513289e+04 9.976834735745923055e-01
6.075548355612582236e+04 9.974769490501342872e-01
6.075548381618651911e+04 9.975346880710980191e-01
6.075548407624720130e+04 9.920715522090896021e-01
6.075548433630789805e+04 9.965531307221738855e-01
6.075548459636858752e+04 9.960823511659336882e-01
6.075548485642928426e+04 9.992502457243591651e-01
6.075548511648997373e+04 9.989268361651315598e-01
6.075548537655066320e+04 9.927228608824394396e-01
6.075548563661135267e+04 1.004897143530625980e+00
6.075548589667204942e+04 9.944873425443808701e-01
6.075548615673273162e+04 1.001713181955286247e+00
6.075548641679342836e+04 1.010481148527081707e+00
6.075548667685411783e+04 9.978094477950029129e-01
6.075548693691481458e+04 9.955197323540800891e-01
6.075548719697551132e+04 9.887829852565812594e-01
6.075548745703619352e+04 1.000979298602558076e+00
6.075548771709689026e+04 1.002140925786465964e+00
6.075548797715757973e+04 1.002934069228274883e+00
6.075548823721827648e+04 1.000323837023415541e+00
6.075548849727896595e+04 9.976808160599728303e-01
6.075548875733965542e+04 9.932249806618316246e-01
6.075548901740034489e+04 1.006713268447987142e+00
6.075548927746104164e+04 9.980197084253722428e-01
6.075548953752172383e+04 1.017554357547826971e+00
6.075548979758242058e+04 9.975060987242677646e-01
6.075549005764311732e+04 9.953783222184217072e-01
6.075549031770380680e+04 9.986369229230573907e-01
6.075549057776450354e+04 9.980505336845901798e-01
6.075549083782518574e+04 1.003294168478944259e+00
6.075549109788588248e+04 9.955181192660391698e-01
6.075549135794657195e+04 1.000985345418182737e+00
6.075549161800726870e+04 1.001871585545348387e+00
6.075549187806795817e+04 1.004834900924477692e+00
6.075549213812864764e+04 9.908148063801680561e-01
6.075549239818933711e+04 9.949217482306311755e-01
6.075549265825003386e+04 1.010369861957021609e+00
6.075549291831072333e+04 1.003863272327655931e+00
6.075549317837142007e+04 9.993512558577597460e-01
6.075549343843210954e+04 9.961636386453798231e-01
6.075549369849279901e+04 1.018305317500278528e+00
6.075549395855349576e+04 1.010204251224552374e+00
6.075549421861417795e+04 9.991221289905102276e-01
6.075549447867487470e+04 1.000852968301049861e+00
6.075549473873556417e+04 9.972826729457671124e-01
6.075549499879626092e+04 1.012696967315581675e+00
6.075549525885695766e+04 9.914330662931801763e-01
6.075549551891763986e+04 9.958846146150992507e-01
6.075549577897833660e+04 1.001768041446082114e+00
6.075549603903902607e+04 9.961807602768527614e-01
6.075549629909972282e+04 1.005103153737370247e+00
6.075549655916041229e+04 9.965412501886676822e-01
6.075549681922110176e+04 1.001991950585005453e+00
6.075549707928179851e+04 9.965534342471661367e-01
6.075549733934248798e+04 1.003329978196223715e+00
6.075549759940317745e+04 9.929765727981091361e-01
6.075549785946386692e+04 1.010521957884306543e+00
6.075549811952456366e+04 1.002876643259212441e+00
6.075549837958525313e+04 9.902562069561456903e-01
6.075549863964594988e+04 1.001573994138755808e+00
6.075549889970663935e+04 1.005427320086600407e+00
6.075549915976732882e+04 9.997624493711970706e-01
6.075549941982802557e+04 1.004919266100922082e+00
6.075549967988871504e+04 1.003734127105362806e+00
6.075549993994941178e+04 1.008745259463397437e+00
6.075550020001009398e+04 1.001905597562169570e+00
6.075550046007079072e+04 9.962183567972956455e-01
6.075550072013148747e+04 1.003937337884324599e+00
6.075550098019216966e+04 1.003776244743210810e+00
6.075550124025286641e+04 9.979713054797417771e-01
6.075550150031355588e+04 9.977412616300198600e-01
6.075550176037425263e+04 9.960569118852823367e-01
6.075550202043494210e+04 9.990034519747821307e-01
6.075550228049563157e+04 9.867602671371940026e-01
6.075550254055632831e+04 9.935103626060741711e-01
6.075550280061701778e+04 9.915024696205527732e-01
6.075550306067771453e+04 9.954219730558230284e-01
6.075550332073840400e+04 9.929981956520972375e-01
6.075550358079909347e+04 9.992899427896800857e-01
6.075550513883041276e+04 9.975684600285991133e-01
6.075550539889110951e+04 1.000606475754821645e+00
6.075550565895179898e+04 9.964308651964551844e-01
6.075550591901248845e+04 9.979108282296335064e-01
6.075550617907318519e+04 9.934454525659380808e-01
6.075550643913387466e+04 1.001676641168064874e+00
6.075550669919457141e+04 1.005482150847750944e+00
6.075550695925526088e+04 9.917592430682120597e-01
6.075550721931595035e+04 1.006876604071913484e+00
6.075550747937664710e+04 9.938281960283039673e-01
6.075550773943733657e+04 1.006021122971596071e+00
6.075550799949803331e+04 9.972129653623368339e-01
6.075550825955872278e+04 1.004364666648877469e+00
6.075550851961941225e+04 9.991318248569824867e-01
6.075550877968010900e+04 1.004457744792604634e+00
6.075550903974079847e+04 9.971364607617779763e-01
6.075550929980148794e+04 9.958826753690405154e-01
6.075550955986217741e+04 1.012827730144236105e+00
6.075550981992287416e+04 9.940624145018341906e-01
6.075551007998357090e+04 9.981246871003642829e-01
6.075551034004426037e+04 9.912704345422024277e-01
6.075551060010494984e+04 9.953588612625196008e-01
6.075551086016564659e+04 9.898897567648409224e-01
6.075551112022633606e+04 1.008626184356227418e+00
6.075551138028703281e+04 1.002223948203507131e+00
6.075551164034772228e+04 1.003925736606497310e+00
6.075551190040841175e+04 1.000330361213694896e+00
6.075551216046910849e+04 9.836445841967116355e-01
6.075551242052979796e+04 9.961534350604432930e-01
6.075551268059049471e+04 9.986060258660439670e-01
6.075551294065118418e+04 1.006129723269617138e+00
6.075551320071187365e+04 9.942565492070415401e-01
6.075551346077257040e+04 1.009601886044916297e+00
6.075551372083325987e+04 1.006882843983522013e+00
6.075551398089394934e+04 9.983650107051651457e-01
6.075551424095464608e+04 1.013356490451084557e+00
6.075551450101533555e+04 1.007234137905540949e+00
6.075551476107603230e+04 9.901597420608437838e-01
6.075551502113672177e+04 9.923436202377744486e-01
6.075551528119741124e+04 1.007568009195415115e+00
6.075551554125810799e+04 1.001395035264142974e+00
6.075551580131879746e+04 9.947514971965278896e-01
6.075551606137949420e+04 9.967554666341044145e-01
6.075551632144019095e+04 9.933047452415276757e-01
6.075551658150087314e+04 9.943747485485675552e-01
6.075551684156156989e+04 9.898993873021263434e-01
6.075551710162226664e+04 1.002016411843499988e+00
6.075551736168294883e+04 1.004692319160502167e+00
6.075551762174364558e+04 9.924601786736559905e-01
6.075551788180433505e+04 1.003481733777206619e+00
6.075551814186503179e+04 1.000543926833857844e+00
6.075551840192572854e+04 9.923711010994828996e-01
6.075551866198641073e+04 9.940938815303747011e-01
6.075551892204710748e+04 9.974176380299957234e-01
6.075551918210780423e+04 9.968740583999364802e-01
6.075551944216849370e+04 9.993838878071914511e-01
6.075551970222919044e+04 1.001379836432541692e+00
6.075551996228987991e+04 9.859442415658793424e-01
6.075552022235056938e+04 9.872781435916271331e-01
6.075552048241126613e+04 9.944451146857418156e-01
6.075552074247194832e+04 9.867723076975752905e-01
6.075552100253265235e+04 9.984015687726035537e-01
6.075552126259334182e+04 1.000719913198996780e+00
6.075552152265403129e+04 9.921114977214232633e-01
6.075552178271472803e+04 9.994116820686024250e-01
6.075552204277541750e+04 9.837751818835079876e-01
6.075552230283610697e+04 9.937747140333420548e-01
6.075552256289680372e+04 1.001356011558597103e+00
6.075552282295750047e+04 9.937887857106200151e-01
6.075552308301818994e+04 9.928453449426631883e-01
6.075552334307887941e+04 9.963231477246468071e-01
6.075552360313957615e+04 9.939545557001498999e-01
6.075552386320026562e+04 1.004473213414963428e+00
6.075552412326096237e+04 1.000352786799636906e+00
6.075552438332165912e+04 9.899672351794156500e-01
6.075552464338234131e+04 9.954502548903123582e-01
6.075552490344303806e+04 1.000310382751374627e+00
6.075552516350373480e+04 9.979016969471673493e-01
6.075552542356441700e+04 9.968708537564662242e-01
6.075552568362511374e+04 1.003128482572620772e+00
6.075552594368581049e+04 9.957190412022904891e-01
6.075552620374649996e+04 9.967685316779795190e-01
6.075552646380719671e+04 9.988973683746822374e-01
6.075552672386788618e+04 1.000203042218843263e+00
6.075552698392857565e+04 9.893920750620850413e-01
6.075552724398927239e+04 9.924816536621872132e-01
6.075552750404996914e+04 1.001072218841670969e+00
6.075552776411065861e+04 1.008482823560097774e+00
6.075552802417134808e+04 9.858048725091569375e-01
6.075552828423204483e+04 9.911675992263438983e-01
6.075552854429273430e+04 9.939479131957231761e-01
6.075552880435342377e+04 9.964795613330761359e-01
6.075552906441412051e+04 9.952471910360395357e-01
6.075552932447480998e+04 9.899835348280023872e-01
6.075552958453550673e+04 9.731211052237278558e-01
6.075552984459620347e+04 9.980929718866711209e-01
6.075553010465688567e+04 1.003174239371360965e+00
6.075553036471758242e+04 9.920768785845353044e-01
6.075553062477827916e+04 9.833227462167117849e-01
6.075553088483896863e+04 9.969661428584635221e-01
6.075553114489966538e+04 9.945501938875481729e-01
6.075553140496035485e+04 9.914522906832624605e-01
6.075553166502104432e+04 9.920399190264669320e-01
6.075553192508174106e+04 1.010657313685220604e+00
6.075553218514243054e+04 9.982647948807915617e-01
6.075553244520312728e+04 9.975196139616198110e-01
6.075553270526381675e+04 9.884388668566513880e-01
6.075553296532451350e+04 9.911603172632809100e-01
6.075553322538520297e+04 1.000661068856760538e+00
6.075553348544589244e+04 9.883544665067391932e-01
6.075553503087646095e+04 9.877851349905552025e-01
6.075553529093715770e+04 9.934047613023325729e-01
6.075553555099784717e+04 9.984257747631163360e-01
6.075553581105853664e+04 9.979972433282329192e-01
6.075553607111923338e+04 9.888099654538736738e-01
6.075553633117992285e+04 9.971779025197488044e-01
6.075553659124061960e+04 9.943628826788161179e-01
6.075553685130131635e+04 9.959704940112795724e-01
6.075553711136199854e+04 1.007146695286180726e+00
6.075553737142269529e+04 1.000671432329878430e+00
6.075553763148339203e+04 9.930341822043342592e-01
6.075553789154408878e+04 9.979989590504586561e-01
6.075553815160477825e+04 1.003880441534353407e+00
6.075553841166546772e+04 9.933478969595267438e-01
6.075553867172616447e+04 9.899612572303987390e-01
6.075553893178685394e+04 9.990090171169007105e-01
6.075553919184754341e+04 9.925164568152695654e-01
6.075553945190824015e+04 9.903163029197469269e-01
6.075553971196892962e+04 9.963050452964998804e-01
6.075553997202962637e+04 1.005622444319164588e+00
6.075554023209032312e+04 9.943201429923577139e-01
6.075554049215101259e+04 9.983076229340326346e-01
6.075554075221170206e+04 9.893724858940007305e-01
6.075554101227239880e+04 9.951011942658064546e-01
6.075554127233309555e+04 9.981466284531145261e-01
6.075554153239378502e+04 9.876525694281758083e-01
6.075554179245447449e+04 9.916370149331329431e-01
6.075554205251517124e+04 9.998096974990468011e-01
6.075554231257586798e+04 9.929792497477396562e-01
6.075554257263655018e+04 1.009175140407639226e+00
6.075554283269725420e+04 1.001852776378787002e+00
6.075554309275794367e+04 1.003532868951278800e+00
6.075554335281863314e+04 9.969667722924051567e-01
6.075554361287932988e+04 9.963073652642371325e-01
6.075554387294001936e+04 1.002048902710082956e+00
6.075554413300071610e+04 9.939653634316696351e-01
6.075554439306140557e+04 9.934688941440981136e-01
6.075554465312210232e+04 9.938556081810170362e-01
6.075554491318279906e+04 9.939634354430493257e-01
6.075554517324348853e+04 1.007044258843234452e+00
6.075554543330417800e+04 9.956297793823756237e-01
6.075554569336487475e+04 9.918395808478045472e-01
6.075554595342557150e+04 9.882771465131229283e-01
6.075554621348626097e+04 1.000631513818276197e+00
6.075554647354695044e+04 9.963262082052336543e-01
6.075554673360764718e+04 1.006354745086946778e+00
6.075554699366834393e+04 9.957115072780972076e-01
6.075554725372902612e+04 9.906208846444836125e-01
6.075554751378972287e+04 1.004360020468086923e+00
6.075554777385041962e+04 9.988844206256132230e-01
6.075554803391111636e+04 9.991754104560421901e-01
6.075554829397180583e+04 1.003722052348014149e+00
6.075554855403249530e+04 9.980132246868371748e-01
6.075554881409319205e+04 1.006508839272645783e+00
6.075554907415388152e+04 1.001483066818736445e+00
6.075554933421457827e+04 1.000327484276228862e+00
6.075554959427527501e+04 9.908677157396004187e-01
6.075554985433596448e+04 1.001581566620703745e+00
6.075555011439665395e+04 9.974088601797244102e-01
6.075555037445735070e+04 1.004016080105076592e+00
6.075555063451804017e+04 1.003098768302470356e+00
6.075555089457873692e+04 1.001364385109899224e+00
6.075555115463942639e+04 9.927912286225736294e-01
6.075555141470012313e+04 1.000567704429095039e+00
6.075555167476081988e+04 9.986407901689279276e-01
6.075555193482150935e+04 9.946493814102322917e-01
6.075555219488219882e+04 9.973985746372537875e-01
6.075555245494289557e+04 9.945766765108011720e-01
6.075555271500359231e+04 9.932606944007852379e-01
6.075555297506428906e+04 9.942466431055759779e-01
6.075555323512497125e+04 1.000960078773533768e+00
6.075555349518566800e+04 1.001237990162423097e+00
6.075555375524636474e+04 9.981496468586102955e-01
6.075555401530705421e+04 1.001729564217981316e+00
6.075555427536775096e+04 9.944355607562238575e-01
6.075555453542844043e+04 9.958418875318044705e-01
6.075555479548913718e+04 9.988064298671168739e-01
6.075555505554983392e+04 1.001378324794034214e+00
6.075555531561051612e+04 9.903840136286472529e-01
6.075555557567121286e+04 9.917503928727331441e-01
6.075555583573190961e+04 1.004730737302941490e+00
6.075555609579260636e+04 1.006396924268653903e+00
6.075555635585329583e+04 9.855152994535846256e-01
6.075555661591398530e+04 1.000410413926905218e+00
6.075555687597468204e+04 9.941698169988703038e-01
6.075555713603537879e+04 1.000648928629553680e+00
6.075555739609607554e+04 9.982406174869651316e-01
6.075555765615676501e+04 9.976078933894778622e-01
6.075555791621745448e+04 1.002770599226136428e+00
6.075555817627815122e+04 1.001953523924280276e+00
6.075555843633884797e+04 9.900890350753976943e-01
6.075555869639953016e+04 1.009194142758889301e+00
6.075555895646022691e+04 9.998385875022507419e-01
6.075555921652092366e+04 9.982314269497669645e-01
6.075555947658162040e+04 9.947313364121832535e-01
6.075555973664230987e+04 9.910526956647534025e-01
6.075555999670299934e+04 1.002639249900876495e+00
6.075556025676369609e+04 1.001901451088266226e+00
6.075556051682439283e+04 9.974251196567581745e-01
6.075556077688508958e+04 9.986988595294521431e-01
6.075556103694577905e+04 9.971342498439905722e-01
6.075556129700646852e+04 1.002852450400660400e+00
6.075556155706716527e+04 1.000848374981704092e+00
6.075556181712786201e+04 1.002438810205174446e+00
6.075556207718854421e+04 9.971711080109121328e-01
6.075556233724924095e+04 1.008029921415049435e+00
6.075556259730993770e+04 1.001635405404885493e+00
6.075556285737063445e+04 1.005807468823600503e+00
6.075556311743133119e+04 1.000281762486336490e+00
6.075556337749201339e+04 1.004958179635042637e+00
6.075556504896522529e+04 1.009254126845897881e+00
6.075556530902591476e+04 1.008099663184799155e+00
6.075556556908661150e+04 9.914336586245288130e-01
6.075556582914730097e+04 1.001807377214068318e+00
6.075556608920799772e+04 1.002500722195155181e+00
6.075556634926869447e+04 9.995895711295044173e-01
6.075556660932938394e+04 1.006499556870111167e+00
6.075556686939008068e+04 1.001774100064333872e+00
6.075556712945077015e+04 1.011617325383109556e+00
6.075556738951146690e+04 9.925256926818372127e-01
6.075556764957216365e+04 1.006034259923413554e+00
6.075556790963285312e+04 1.020127762695270279e+00
6.075556816969354986e+04 9.873972025468457092e-01
6.075556842975423933e+04 1.012000755298640753e+00
6.075556868981492880e+04 9.983131649761690651e-01
6.075556894987563282e+04 1.000954450411739360e+00
6.075556920993632230e+04 1.011931192309883709e+00
6.075556946999701904e+04 1.002931662910253374e+00
6.075556973005770851e+04 9.997965825346121216e-01
6.075556999011839798e+04 1.000413237682366896e+00
6.075557025017909473e+04 1.019925997698384768e+00
6.075557051023979147e+04 1.003527025348026402e+00
6.075557077030048822e+04 1.007892214539892750e+00
6.075557103036117769e+04 1.002023538365309552e+00
6.075557129042186716e+04 1.006810124612868451e+00
6.075557155048256391e+04 1.005586315449095602e+00
6.075557181054326065e+04 9.993839111846145595e-01
6.075557207060395740e+04 1.007911437951214184e+00
6.075557233066464687e+04 9.922550913935834771e-01
6.075557259072533634e+04 9.982723843253961116e-01
6.075557285078603309e+04 9.978813082879238738e-01
6.075557311084672983e+04 9.994596997693460105e-01
6.075557337090741930e+04 1.007153126342932303e+00
6.075557363096811605e+04 1.007416920430671992e+00
6.075557389102880552e+04 9.989060440707339117e-01
6.075557415108950227e+04 9.970810367621595338e-01
6.075557441115019901e+04 1.003000496234684791e+00
6.075557467121088848e+04 1.006975338482530402e+00
6.075557493127158523e+04 1.006770701431862980e+00
6.075557519133227470e+04 9.982783956773941814e-01
6.075557545139297144e+04 9.955433087660393587e-01
6.075557571145366819e+04 1.007237776164446874e+00
6.075557597151435766e+04 1.001558235855292356e+00
6.075557623157505441e+04 1.003463285710426200e+00
6.075557649163575115e+04 1.010126171146695784e+00
6.075557675169643335e+04 1.007130600341140436e+00
6.075557701175713009e+04 1.002310685991641970e+00
6.075557727181782684e+04 1.005147028321454528e+00
6.075557753187852359e+04 1.015644192992355865e+00
6.075557779193922033e+04 9.992468733236470335e-01
6.075557805199990980e+04 1.010774894088851683e+00
6.075557831206059927e+04 1.008307088884784708e+00
6.075557857212129602e+04 1.007597124616513184e+00
6.075557883218199277e+04 1.009255316621499921e+00
6.075557909224268951e+04 1.008802635639579171e+00
6.075557935230337898e+04 1.004082530469895040e+00
6.075557961236407573e+04 1.003170578949125646e+00
6.075557987242476520e+04 1.009272894594431813e+00
6.075558013248546195e+04 9.941687531809229039e-01
6.075558039254615869e+04 1.003217137155565819e+00
6.075558065260684816e+04 1.006119696393305007e+00
6.075558091266754491e+04 1.001901676518886619e+00
6.075558117272824165e+04 9.936556469141865078e-01
6.075558143278892385e+04 1.004844769543057126e+00
6.075558169284962059e+04 1.014200014524564208e+00
6.075558195291031734e+04 1.009639323200605343e+00
6.075558221297101409e+04 1.001643269882261711e+00
6.075558247303171083e+04 1.009088896696623827e+00
6.075558273309240030e+04 1.010719173361660284e+00
6.075558299315309705e+04 1.010298252805253538e+00
6.075558325321378652e+04 1.004504792176954764e+00
6.075558351327448327e+04 9.973528606667900753e-01
6.075558377333518001e+04 9.994732753266133418e-01
6.075558403339586948e+04 1.006903183099016275e+00
6.075558429345656623e+04 9.963062986251727260e-01
6.075558455351726298e+04 1.022417962930181279e+00
6.075558481357794517e+04 1.013538345567648102e+00
6.075558507363864192e+04 1.001012370507067484e+00
6.075558533369933866e+04 1.009615019608000042e+00
6.075558559376003541e+04 9.919314914953569762e-01
6.075558585382073215e+04 9.991941624749409723e-01
6.075558611388142162e+04 1.012511470421832982e+00
6.075558637394211837e+04 1.005653979181286184e+00
6.075558663400280784e+04 1.002454775431466771e+00
6.075558689406350459e+04 1.003359628736720799e+00
6.075558715412420133e+04 1.011244153208054497e+00
6.075558741418489080e+04 1.011363184944353177e+00
6.075558767424558755e+04 9.931781435397999402e-01
6.075558793430628430e+04 1.003344902707425490e+00
6.075558819436697377e+04 1.003050022199269531e+00
6.075558845442767051e+04 1.004719465759872810e+00
6.075558871448835998e+04 9.996877330718205723e-01
6.075558897454905673e+04 1.009426898335042511e+00
6.075558923460975348e+04 1.005582179025061196e+00
6.075558949467044295e+04 1.002221475694430541e+00
6.075558975473113969e+04 1.011190219096978593e+00
6.075559001479183644e+04 9.971789516824267618e-01
6.075559027485253318e+04 9.980472661957529024e-01
6.075559053491322265e+04 1.002495523529761456e+00
6.075559079497391212e+04 1.005409559361766680e+00
6.075559105503460887e+04 1.006580746773766633e+00
6.075559131509530562e+04 1.000133743459928670e+00
6.075559157515600236e+04 1.002939443371505757e+00
6.075559183521669911e+04 9.970229596578521480e-01
6.075559209527738858e+04 1.003552816869161202e+00
6.075559235533808533e+04 9.982936183320646473e-01
6.075559261539877480e+04 1.009383340409055529e+00
6.075559287545946427e+04 1.001891624133654179e+00
6.075559313552016101e+04 1.008467203919175770e+00
6.075559339558085776e+04 1.014186604361011046e+00
6.075559494101491873e+04 9.987857884961187649e-01
6.075559520107561548e+04 1.005700072914128995e+00
6.075559546113631222e+04 1.010707053874604799e+00
6.075559572119700897e+04 1.006293737006540567e+00
6.075559598125769844e+04 9.952700822385681656e-01
6.075559624131839519e+04 1.009327674181509815e+00
6.075559650137908466e+04 9.884965278828281576e-01
6.075559676143977413e+04 9.954147501584116320e-01
6.075559702150047087e+04 1.002143578921633083e+00
6.075559728156116762e+04 9.987293031489556938e-01
6.075559754162186437e+04 1.000313223274896135e+00
6.075559780168256111e+04 1.004386396896910227e+00
6.075559806174325058e+04 9.950102439018225775e-01
6.075559832180394733e+04 9.994998748011169054e-01
6.075559858186464407e+04 1.002808363200688779e+00
6.075559884192533355e+04 9.960307688093090750e-01
6.075559910198603029e+04 1.010118030840483572e+00
6.075559936204671976e+04 9.869570732371264477e-01
6.075559962210741651e+04 1.010579632665139949e+00
6.075559988216811325e+04 1.003420548182086147e+00
6.075560014222880272e+04 9.971766072559345995e-01
6.075560040228950675e+04 9.900151297160535435e-01
6.075560066235019622e+04 1.006227997167155275e+00
6.075560092241089296e+04 1.010583858272788627e+00
6.075560118247158971e+04 1.003997936857803586e+00
6.075560144253227918e+04 1.004602760524317517e+00
6.075560170259296865e+04 1.004293149831959164e+00
6.075560196265366540e+04 1.002784271660700943e+00
6.075560222271436214e+04 1.004063417278074688e+00
6.075560248277505889e+04 1.011684213328040149e+00
6.075560274283574836e+04 1.001707805411076402e+00
6.075560300289644510e+04 1.001079098813815405e+00
6.075560326295714185e+04 9.971578823215981879e-01
6.075560352301783860e+04 1.002702678646733014e+00
6.075560378307853534e+04 1.001060723643704353e+00
6.075560404313922481e+04 1.004629828060177088e+00
6.075560430319992156e+04 1.002547079192024126e+00
6.075560456326061831e+04 1.002556288924443262e+00
6.075560482332130050e+04 1.000812334029008266e+00
6.075560508338199725e+04 9.951694580280153746e-01
6.075560534344269399e+04 9.936961233464621790e-01
6.075560560350339074e+04 9.929534655358329687e-01
6.075560586356408749e+04 1.002718776821709845e+00
6.075560612362477696e+04 9.952842446307608171e-01
6.075560638368547370e+04 1.003006116856645979e+00
6.075560664374617045e+04 1.004864731067466543e+00
6.075560690380686719e+04 9.897225781675831335e-01
6.075560716386756394e+04 9.979195000059902787e-01
6.075560742392825341e+04 9.960296724974323501e-01
6.075560768398895016e+04 1.004488765232196990e+00
6.075560794404964690e+04 9.939673401558546395e-01
6.075560820411032910e+04 9.963538332333800041e-01
6.075560846417102584e+04 9.977698942490387246e-01
6.075560872423172259e+04 1.000148315792550591e+00
6.075560898429241934e+04 9.995477913406504156e-01
6.075560924435311608e+04 9.896496132405833146e-01
6.075560950441380555e+04 1.005952859830280266e+00
6.075560976447450230e+04 1.003896605235102379e+00
6.075561002453519905e+04 1.003229116668249876e+00
6.075561028459589579e+04 9.982904501205502878e-01
6.075561054465659254e+04 1.001668293601946980e+00
6.075561080471728201e+04 9.994701139945932900e-01
6.075561106477797875e+04 1.000397071067009369e+00
6.075561132483867550e+04 1.001185505048121760e+00
6.075561158489937225e+04 1.006201539464789851e+00
6.075561184496006899e+04 9.982424960763142119e-01
6.075561210502075846e+04 9.983773019852175690e-01
6.075561236508144793e+04 1.005990185870730746e+00
6.075561262514214468e+04 9.971042813723897114e-01
6.075561288520283415e+04 1.002004636536488968e+00
6.075561314526353090e+04 9.989975042087504420e-01
6.075561340532422764e+04 9.973957015211484256e-01
6.075561366538492439e+04 9.961174045979006575e-01
6.075561392544562113e+04 9.903845322853376265e-01
6.075561418550631060e+04 9.944585815430038167e-01
6.075561444556700735e+04 9.947104655900482761e-01
6.075561470562770410e+04 9.984252250263359052e-01
6.075561496568840084e+04 9.953711878060849116e-01
6.075561522574909759e+04 9.934845119426322091e-01
6.075561548580978706e+04 9.985261681550448021e-01
6.075561574587048381e+04 1.009322507334922348e+00
6.075561600593118055e+04 9.946868671838973164e-01
6.075561626599187002e+04 9.907969859524587974e-01
6.075561652605256677e+04 9.923711504099946845e-01
6.075561678611326352e+04 1.004037796810183236e+00
6.075561704617396026e+04 9.950695713269187559e-01
6.075561730623465701e+04 9.973637077159946962e-01
6.075561756629534648e+04 1.003388530002918166e+00
6.075561782635604322e+04 9.986014008320847068e-01
6.075561808641673269e+04 1.004843836367860010e+00
6.075561834647742944e+04 9.977505466869309725e-01
6.075561860653812619e+04 9.931104989333571220e-01
6.075561886659881566e+04 9.955043942903064602e-01
6.075561912665951240e+04 9.973664624812715873e-01
6.075561938672020915e+04 1.003513010524264226e+00
6.075561964678089862e+04 9.892190361099442164e-01
6.075561990684160264e+04 1.003141274214231160e+00
6.075562016690229211e+04 9.972881873561861843e-01
6.075562042696298886e+04 9.931186636774046450e-01
6.075562068702368560e+04 9.895923473643657431e-01
6.075562094708437508e+04 9.970824475151625066e-01
6.075562120714507182e+04 1.000521234843500418e+00
6.075562146720576857e+04 9.931663651247374380e-01
6.075562172726646531e+04 1.003033999564881595e+00
6.075562198732716206e+04 9.991543663632845851e-01
6.075562224738785153e+04 9.876577925396351487e-01
6.075562250744854828e+04 9.878794896736181608e-01
6.075562276750924502e+04 9.999957778976799050e-01
6.075562302756994177e+04 9.956338275671786642e-01
6.075562328763063852e+04 1.005020025212431056e+00
6.075562490904599690e+04 9.930527816469327806e-01
6.075562516909990518e+04 1.001238516086798258e+00
6.075562542915379890e+04 9.968298644762748628e-01
6.075562568920769263e+04 1.007403462842732411e+00
6.075562594926160091e+04 9.968770683736554172e-01
6.075562620931549463e+04 1.002853145286292103e+00
6.075562646936939564e+04 1.002665649462605169e+00
6.075562672942329664e+04 9.986141228252726210e-01
6.075562698947719036e+04 9.968571585911499833e-01
6.075562724953109864e+04 1.004534073241675429e+00
6.075562750958499237e+04 9.883170183645400009e-01
6.075562776963889337e+04 1.001988865534424678e+00
6.075562802969280165e+04 9.929882838002555001e-01
6.075562828974669537e+04 9.946841680025705346e-01
6.075562854980059637e+04 9.959735225925356872e-01
6.075562880985449738e+04 9.879145342619121140e-01
6.075562906990839110e+04 1.005758783851214089e+00
6.075562932996229938e+04 1.003715469240777036e+00
6.075562959001619311e+04 9.965154355972570821e-01
6.075562985007009411e+04 1.002599845659932543e+00
6.075563011012399511e+04 9.939430015465476886e-01
6.075563037017788884e+04 1.010416542776064519e+00
6.075563063023179711e+04 1.003935012544924454e+00
6.075563089028569084e+04 9.938330764941555318e-01
6.075563115033958456e+04 9.825811391073814294e-01
6.075563141039349284e+04 9.904541267231022905e-01
6.075563167044738657e+04 9.958729338926360919e-01
6.075563193050128757e+04 9.886781639974462355e-01
6.075563219055518857e+04 9.987773939806713352e-01
6.075563245060908230e+04 1.001272610153519871e+00
6.075563271066299058e+04 1.002066382857833782e+00
6.075563297071688430e+04 9.927907480395915529e-01
6.075563323077078530e+04 9.942298688064385992e-01
6.075563349082468631e+04 1.017739432075324801e+00
6.075563375087858003e+04 1.001149870283905008e+00
6.075563401093248831e+04 9.943919800482495797e-01
6.075563427098638203e+04 9.939590435808111080e-01
6.075563453104027576e+04 9.952581006998983959e-01
6.075563479109418404e+04 1.002939020752498855e+00
6.075563505114807776e+04 9.880779210905163978e-01
6.075563531120197877e+04 9.838914169516147501e-01
6.075563557125588704e+04 9.952330736056249627e-01
6.075563583130978077e+04 9.967866262226346974e-01
6.075563609136368905e+04 9.921150975523381765e-01
6.075563635141758277e+04 1.000887124796472127e+00
6.075563661147148377e+04 9.992267136829762197e-01
6.075563687152538478e+04 1.002164910256971631e+00
6.075563713157927850e+04 1.002151141475902563e+00
6.075563739163318678e+04 1.001230548571842016e+00
6.075563765168708051e+04 1.010057413765035550e+00
6.075563791174097423e+04 9.981920545831796110e-01
6.075563817179488251e+04 9.973926004385897937e-01
6.075563843184877624e+04 9.998786698890327340e-01
6.075563869190267724e+04 9.885164886404850249e-01
6.075563895195657824e+04 1.003709822134510876e+00
6.075563921201047197e+04 1.001290763415852325e+00
6.075563947206438024e+04 1.001009765175371546e+00
6.075563973211827397e+04 1.002530212553131461e+00
6.075563999217217497e+04 9.904158417811421700e-01
6.075564025222608325e+04 9.995730968406889572e-01
6.075564051227997697e+04 9.996973145925910353e-01
6.075564077233388525e+04 9.978561307856552709e-01
6.075564103238777898e+04 9.942837949389037311e-01
6.075564129244167270e+04 1.015073775871311312e+00
6.075564155249558098e+04 9.946932336198752722e-01
6.075564181254947471e+04 1.009222573995004035e+00
6.075564207260337571e+04 9.973903384648453718e-01
6.075564233265727671e+04 9.936975314192507680e-01
6.075564259271117044e+04 1.007099441645280979e+00
6.075564285276507871e+04 1.005447342408895661e+00
6.075564311281897244e+04 9.939716748095326349e-01
6.075564337287286617e+04 9.920638543292059630e-01
6.075564363292677444e+04 1.000588483642378623e+00
6.075564389298066817e+04 9.937212439530783703e-01
6.075564415303458372e+04 1.016257686324523846e+00
6.075564441308847745e+04 9.959832277502315145e-01
6.075564467314237118e+04 9.994785283242726415e-01
6.075564493319627945e+04 1.012001430903263222e+00
6.075564519325017318e+04 1.001452551292522308e+00
6.075564545330407418e+04 1.006712558055608442e+00
6.075564571335797518e+04 9.973732213767159127e-01
6.075564597341186891e+04 1.008171588213795156e+00
6.075564623346577719e+04 9.975823883624591604e-01
6.075564649351967091e+04 9.963418460919176711e-01
6.075564675357356464e+04 1.005096976997500891e+00
6.075564701362747292e+04 9.824918961987780808e-01
6.075564727368136664e+04 1.001205665213493967e+00
6.075564753373527492e+04 9.954895393842382312e-01
6.075564779378917592e+04 9.936186121554363426e-01
6.075564805384306965e+04 1.006685429145127930e+00
6.075564831389697792e+04 9.946163942125814117e-01
6.075564857395087165e+04 9.930301070327566260e-01
6.075564883400477265e+04 1.008558767916381438e+00
6.075564909405867365e+04 9.967755680205954150e-01
6.075564935411256738e+04 9.996588571494477993e-01
6.075564961416647566e+04 1.008325311283942982e+00
6.075564987422036938e+04 1.007705377677325043e+00
6.075565013427426311e+04 1.004745471060899176e+00
6.075565039432817866e+04 9.871750861433191693e-01
6.075565065438207239e+04 9.992508244790515581e-01
6.075565091443597339e+04 9.968009299516271682e-01
6.075565117448987439e+04 1.004376545946753740e+00
6.075565143454376812e+04 1.008821291717456603e+00
6.075565169459767640e+04 9.972122070141697936e-01
6.075565195465157012e+04 1.009308217328994006e+00
6.075565221470547112e+04 1.006046129284478896e+00
6.075565247475937213e+04 9.991949325612453636e-01
6.075565273481326585e+04 9.931479784983934245e-01
6.075565299486718141e+04 1.004286243451142813e+00
6.075565325492107513e+04 9.982525425299302313e-01
6.075565492676799477e+04 1.009999742782836885e+00
6.075565518682868424e+04 1.000646714648079749e+00
6.075565544688938098e+04 1.005911848080748516e+00
6.075565570695007773e+04 1.008500428130748583e+00
6.075565596701077448e+04 1.003915760184484141e+00
6.075565622707147122e+04 9.993009185038863595e-01
6.075565648713216069e+04 1.006261148300479746e+00
6.075565674719285744e+04 1.003475294348947777e+00
6.075565700725356146e+04 1.000748054804337039e+00
6.075565726731425821e+04 1.013863551851717837e+00
6.075565752737495495e+04 1.002086913238667165e+00
6.075565778743564442e+04 1.002398492499145366e+00
6.075565804749634117e+04 1.012868318975781667e+00
6.075565830755703792e+04 1.011189017890785857e+00
6.075565856761772739e+04 9.945169695001402355e-01
6.075565882767842413e+04 1.005601289163499779e+00
6.075565908773912088e+04 1.001445420706192024e+00
6.075565934779981762e+04 1.004726133508868857e+00
6.075565960786051437e+04 1.009124886235363006e+00
6.075565986792121112e+04 9.970152808696938207e-01
6.075566012798190786e+04 1.006087692736765904e+00
6.075566038804260461e+04 9.988425049406514100e-01
6.075566064810330136e+04 1.002008233733971743e+00
6.075566090816399810e+04 1.001650102238242246e+00
6.075566116822468757e+04 9.993205671027604042e-01
6.075566142828538432e+04 1.000947676279231313e+00
6.075566168834608106e+04 1.006777680789296969e+00
6.075566194840677781e+04 1.007630213608641467e+00
6.075566220846748183e+04 9.949667520359019024e-01
6.075566246852817130e+04 1.009476990924401907e+00
6.075566272858886805e+04 9.977424458431551901e-01
6.075566298864956480e+04 1.003472926287658051e+00
6.075566324871025427e+04 1.002352532631395787e+00
6.075566350877095101e+04 9.917829672917712891e-01
6.075566376883164776e+04 1.005706651730787993e+00
6.075566402889234450e+04 1.019294613091302093e+00
6.075566428895304125e+04 9.914071586645066825e-01
6.075566454901373800e+04 1.002014496508536245e+00
6.075566480907443474e+04 1.011488260327644273e+00
6.075566506913513149e+04 1.011569433099765991e+00
6.075566532919582824e+04 1.000731866352675858e+00
6.075566558925652498e+04 1.010006785872468171e+00
6.075566584931721445e+04 1.003511233405591563e+00
6.075566610937791120e+04 1.014581060016387148e+00
6.075566636943860794e+04 9.956945237375666169e-01
6.075566662949930469e+04 1.009549485408829828e+00
6.075566688956000144e+04 1.009453741061952847e+00
6.075566714962069818e+04 1.006191843442369782e+00
6.075566740968139493e+04 9.971003151268255094e-01
6.075566766974209168e+04 1.005150489586896345e+00
6.075566792980278115e+04 1.032738139701101954e+00
6.075566818986347789e+04 1.004622079463950213e+00
6.075566844992417464e+04 1.008252973187440116e+00
6.075566870998487866e+04 1.009835201783116698e+00
6.075566897004557541e+04 1.009735968851537047e+00
6.075566923010626488e+04 1.000603732826448766e+00
6.075566949016696162e+04 1.011203804662104799e+00
6.075566975022765837e+04 1.010112563212994585e+00
6.075567001028834784e+04 9.982718984869255463e-01
6.075567027034905186e+04 1.002084269208840084e+00
6.075567053040974133e+04 9.961532416710271454e-01
6.075567079047044535e+04 9.968648898454740559e-01
6.075567105053114210e+04 1.007341411736468073e+00
6.075567131059183157e+04 9.989689959377046069e-01
6.075567157065252832e+04 1.006276506667057813e+00
6.075567183071322506e+04 1.007310736381855198e+00
6.075567209077392181e+04 1.008274015344236441e+00
6.075567235083461856e+04 1.007624700911295523e+00
6.075567261089531530e+04 1.007643922547491355e+00
6.075567287095601205e+04 1.011699680703687765e+00
6.075567313101670879e+04 1.009121739252178740e+00
6.075567339107740554e+04 1.012350647831022910e+00
6.075567365113810229e+04 1.004743557724252057e+00
6.075567391119879176e+04 1.008839601883634085e+00
6.075567417125948850e+04 9.989872058034215963e-01
6.075567443132019253e+04 1.001780286883310334e+00
6.075567469138088200e+04 1.004219107317972481e+00
6.075567495144157874e+04 1.010005296441889522e+00
6.075567521150227549e+04 1.004570446172445175e+00
6.075567547156297223e+04 1.006414153599632488e+00
6.075567573162366898e+04 1.003123327331873371e+00
6.075567599168436573e+04 9.971015081715965955e-01
6.075567625174506247e+04 1.001903402194569415e+00
6.075567651180575922e+04 1.005854929921126795e+00
6.075567677186645597e+04 9.910889370537399046e-01
6.075567703192715271e+04 1.005108508030613468e+00
6.075567729198784218e+04 1.002748891369658502e+00
6.075567755204853893e+04 1.004677703978964498e+00
6.075567781210924295e+04 1.008476734537651298e+00
6.075567807216993242e+04 1.009007625068289116e+00
6.075567833223062917e+04 9.951069525721714104e-01
6.075567859229132591e+04 1.008912965974495313e+00
6.075567885235202266e+04 9.996374801660237175e-01
6.075567911241271941e+04 9.970979296818600623e-01
6.075567937247341615e+04 1.007309437027949173e+00
6.075567963253411290e+04 1.010246109742000797e+00
6.075567989259480964e+04 1.008379626736721990e+00
6.075568015265550639e+04 1.003790871477219238e+00
6.075568041271620314e+04 1.006352549419903486e+00
6.075568067277689261e+04 9.947599654458109120e-01
6.075568093283759663e+04 9.971149853825218567e-01
6.075568119289829338e+04 1.012588638461350277e+00
6.075568145295898285e+04 1.003165718027343445e+00
6.075568171301968687e+04 1.007181209451887050e+00
6.075568197308037634e+04 1.005125301059959897e+00
6.075568223314107308e+04 9.984304052538922614e-01
6.075568249320177711e+04 1.006901581147027436e+00
6.075568275326246658e+04 1.009466977164711121e+00
6.075568301332316332e+04 1.006109989899172996e+00
6.075568327338386007e+04 1.002379168865790815e+00
6.075568483179301256e+04 1.011984739106554398e+00
6.075568509184680443e+04 1.008974621228918567e+00
6.075568535190059629e+04 9.902040565674116168e-01
6.075568561195438815e+04 9.948907831096697185e-01
6.075568587200818729e+04 1.001552093655152520e+00
6.075568613206199370e+04 9.989894596035963081e-01
6.075568639211578557e+04 1.004686072876154412e+00
6.075568665216957743e+04 1.000651427049833231e+00
6.075568691222336929e+04 9.943628522370653311e-01
6.075568717227716115e+04 9.951124968609942334e-01
6.075568743233096029e+04 9.927500772977531085e-01
6.075568769238475215e+04 1.003202746411791857e+00
6.075568795243854402e+04 1.014313339218499532e+00
6.075568821249233588e+04 9.960216912094856934e-01
6.075568847254613502e+04 1.002841032084467843e+00
6.075568873259992688e+04 9.997106265896449351e-01
6.075568899265372602e+04 9.906074793314380011e-01
6.075568925270752516e+04 9.952892044639366498e-01
6.075568951276131702e+04 9.988693669851889112e-01
6.075568977281511616e+04 1.006475657875151031e+00
6.075569003286890802e+04 1.001126134115816191e+00
6.075569029292269988e+04 1.006261859942767734e+00
6.075569055297649174e+04 1.000870682503325781e+00
6.075569081303029088e+04 9.914969457761032556e-01
6.075569107308408275e+04 9.956640687253918154e-01
6.075569133313787461e+04 9.967150789351345574e-01
6.075569159319166647e+04 1.000612077303358216e+00
6.075569185324547288e+04 9.919208390369884665e-01
6.075569211329927202e+04 9.937810090154841625e-01
6.075569237335306389e+04 1.000489306187853478e+00
6.075569263340685575e+04 9.911819063979179223e-01
6.075569289346064761e+04 9.988716557132456542e-01
6.075569315351444675e+04 9.945946535576102310e-01
6.075569341356823861e+04 9.876607596074449269e-01
6.075569367362203047e+04 1.006454591016682665e+00
6.075569393367582234e+04 9.964535363933031409e-01
6.075569419372962147e+04 1.004955414175974449e+00
6.075569445378341334e+04 9.986590122652070356e-01
6.075569471383720520e+04 9.924295281920779699e-01
6.075569497389100434e+04 1.000972228717707635e+00
6.075569523394481075e+04 1.000684044129513950e+00
6.075569549399860261e+04 9.992587475067616909e-01
6.075569575405239448e+04 1.008629104828114853e+00
6.075569601410618634e+04 9.971342977469938029e-01
6.075569627415998548e+04 9.917026406184967779e-01
6.075569653421377734e+04 1.000993202023022999e+00
6.075569679426756920e+04 1.002562101533819749e+00
6.075569705432136107e+04 1.006279007845783946e+00
6.075569731437516020e+04 1.001511925326072250e+00
6.075569757442895207e+04 1.004019191767306696e+00
6.075569783448274393e+04 1.002938299037347658e+00
6.075569809453654307e+04 9.903555913457973148e-01
6.075569835459034948e+04 1.002553049083534820e+00
6.075569861464414134e+04 9.896942270665074481e-01
6.075569887469793321e+04 1.002074101040159260e+00
6.075569913475172507e+04 1.005740139279578393e+00
6.075569939480552421e+04 9.899017645777833385e-01
6.075569965485931607e+04 1.001262740529678341e+00
6.075569991491310793e+04 9.795982554956805810e-01
6.075570017496689979e+04 9.992101635267188753e-01
6.075570043502069893e+04 1.003248868083649326e+00
6.075570069507449080e+04 1.001609804920342572e+00
6.075570095512828993e+04 1.002666470534031795e+00
6.075570121518208907e+04 1.008290341942758017e+00
6.075570147523588821e+04 9.949710159150541022e-01
6.075570173528968007e+04 9.964528127753066178e-01
6.075570199534347194e+04 1.003553389246104377e+00
6.075570225539727107e+04 9.874836404505358267e-01
6.075570251545106294e+04 1.000909166814391238e+00
6.075570277550485480e+04 1.007789225396919841e+00
6.075570303555864666e+04 9.991481426941779542e-01
6.075570329561244580e+04 9.953247355461455337e-01
6.075570355566623766e+04 9.921737665207071011e-01
6.075570381572002952e+04 1.001521699505047325e+00
6.075570407577382866e+04 9.911854559212582849e-01
6.075570433582763508e+04 9.900225158706970063e-01
6.075570459588142694e+04 1.002468119802869317e+00
6.075570485593521880e+04 9.893000869636732197e-01
6.075570511598901066e+04 9.977842347602409179e-01
6.075570537604280980e+04 9.978826415714431297e-01
6.075570563609660167e+04 9.978488928898023858e-01
6.075570589615039353e+04 1.004232163156108193e+00
6.075570615620419267e+04 9.900807747028405048e-01
6.075570641625798453e+04 1.005182971877562226e+00
6.075570667631177639e+04 9.949051861104099004e-01
6.075570693636557553e+04 1.002369095374765706e+00
6.075570719641938194e+04 9.916095005704862464e-01
6.075570745647317381e+04 9.896563336176166237e-01
6.075570771652696567e+04 9.981629209793524415e-01
6.075570797658076481e+04 9.920436600763603563e-01
6.075570823663455667e+04 9.960809066432828596e-01
6.075570849668834853e+04 9.927430355713243726e-01
6.075570875674214039e+04 9.977368834446064261e-01
6.075570901679593953e+04 9.941313651988041844e-01
6.075570927684973140e+04 9.927896721334810159e-01
6.075570953690352326e+04 1.003830918792211202e+00
6.075570979695732240e+04 9.970474789688211770e-01
6.075571005701112153e+04 9.944648391760102513e-01
6.075571031706492067e+04 9.925710142024151139e-01
6.075571057711871254e+04 9.944698923378799682e-01
6.075571083717251167e+04 1.010967961593379538e+00
6.075571109722630354e+04 1.001074782740294378e+00
6.075571135728009540e+04 9.874974462953208798e-01
6.075571161733389454e+04 1.004229117533883331e+00
6.075571187738768640e+04 9.987724905013650734e-01
6.075571213744147826e+04 1.000516154522212098e+00
6.075571239749527740e+04 1.008359742392837655e+00
6.075571265754906926e+04 9.942387665374787797e-01
6.075571291760286840e+04 9.988557718804277341e-01
6.075571317765666754e+04 1.006229710953256973e+00
6.075571474868715450e+04 9.895892063207516465e-01
6.075571500874785124e+04 1.001163443188889168e+00
6.075571526880854799e+04 9.950365095617625943e-01
6.075571552886924474e+04 9.934839885498151224e-01
6.075571578892994148e+04 9.902452001035325635e-01
6.075571604899063823e+04 9.899343203303285765e-01
6.075571630905133497e+04 9.986336736035238415e-01
6.075571656911203172e+04 9.865818057129546181e-01
6.075571682917273574e+04 9.934984436980038858e-01
6.075571708923342521e+04 9.918185602684950197e-01
6.075571734929412196e+04 9.929179705665928113e-01
6.075571760935482598e+04 9.868146722729317366e-01
6.075571786941552273e+04 1.004417973675273412e+00
6.075571812947621947e+04 9.993000364020302451e-01
6.075571838953690894e+04 1.010074196578756744e+00
6.075571864959761297e+04 9.950169745681454181e-01
6.075571890965830971e+04 9.934776068979770391e-01
6.075571916971899918e+04 1.009408320957325689e+00
6.075571942977970320e+04 1.005481700810365364e+00
6.075571968984039995e+04 9.974917031634588094e-01
6.075571994990109670e+04 9.900599887003012078e-01
6.075572020996180072e+04 1.005816591673311944e+00
6.075572047002249019e+04 9.936893138073739085e-01
6.075572073008318694e+04 9.966027426029130387e-01
6.075572099014388368e+04 9.940411330069978124e-01
6.075572125020458770e+04 9.934205529329479534e-01
6.075572151026528445e+04 9.937889272396046580e-01
6.075572177032597392e+04 1.003450949897060296e+00
6.075572203038667794e+04 9.999969780814866871e-01
6.075572229044737469e+04 9.990660840288004829e-01
6.075572255050806416e+04 9.886608938665730761e-01
6.075572281056877546e+04 9.996629836074609754e-01
6.075572307062946493e+04 9.954524073447007515e-01
6.075572333069016167e+04 9.886144562155564364e-01
6.075572359075086570e+04 1.005437203913638111e+00
6.075572385081155517e+04 9.997154012788938005e-01
6.075572411087225191e+04 1.003846871921765027e+00
6.075572437093294866e+04 1.003738624267849211e+00
6.075572463099365268e+04 9.950660542738266612e-01
6.075572489105434943e+04 9.910395774143544445e-01
6.075572515111503890e+04 9.876063333944846701e-01
6.075572541117574292e+04 1.002121883912569178e+00
6.075572567123643967e+04 1.003073265743798848e+00
6.075572593129713641e+04 9.974569438810899635e-01
6.075572619135784043e+04 1.006143288015278525e+00
6.075572645141852990e+04 9.974181699570298099e-01
6.075572671147922665e+04 9.947528819140682987e-01
6.075572697153993067e+04 9.986205126985958636e-01
6.075572723160062014e+04 9.906760723433940541e-01
6.075572749166131689e+04 9.991196622963623986e-01
6.075572775172202091e+04 1.011042439447429553e+00
6.075572801178271766e+04 1.006051379465238371e+00
6.075572827184341440e+04 1.001484672574006085e+00
6.075572853190411115e+04 9.914317793684994662e-01
6.075572879196480790e+04 1.000235007772024121e+00
6.075572905202550464e+04 1.009962332970014920e+00
6.075572931208620867e+04 1.003576504410940595e+00
6.075572957214690541e+04 9.987082757465889360e-01
6.075572983220759488e+04 9.973734229584043653e-01
6.075573009226829890e+04 9.927946218223184793e-01
6.075573035232899565e+04 1.000657339729401185e+00
6.075573061238968512e+04 9.922802848510631213e-01
6.075573087245038914e+04 1.008912785666646439e+00
6.075573113251108589e+04 9.976093243625913098e-01
6.075573139257178264e+04 1.006455499143981358e+00
6.075573165263248666e+04 9.982998032184249304e-01
6.075573191269317613e+04 9.992485527339335372e-01
6.075573217275387287e+04 1.006145000251883026e+00
6.075573243281457690e+04 9.871476226968753931e-01
6.075573269287527364e+04 1.004049470033419045e+00
6.075573295293597039e+04 9.981670495236545371e-01
6.075573321299666713e+04 9.987832549636398438e-01
6.075573347305736388e+04 1.003460607654241832e+00
6.075573373311806063e+04 9.986674668425797874e-01
6.075573399317875737e+04 1.001246693472437777e+00
6.075573425323946140e+04 9.940373145166874203e-01
6.075573451330015087e+04 9.907338652684334335e-01
6.075573477336085489e+04 9.916581437781174513e-01
6.075573503342155163e+04 1.006118748800442164e+00
6.075573529348224110e+04 9.953779593488487620e-01
6.075573555354294513e+04 1.001722684389499296e+00
6.075573581360364187e+04 1.014757871366116726e+00
6.075573607366434589e+04 1.006473182377896736e+00
6.075573633372504264e+04 1.010912387025921566e+00
6.075573659378573211e+04 1.004457333534878538e+00
6.075573685384643613e+04 1.001961793191473049e+00
6.075573711390713288e+04 1.006926623117738062e+00
6.075573737396782963e+04 1.001600256122113120e+00
6.075573763402853365e+04 1.002525284443280373e+00
6.075573789408922312e+04 1.008386384084573706e+00
6.075573815414991986e+04 1.001766838320184982e+00
6.075573841421062389e+04 9.981807570571386012e-01
6.075573867427131336e+04 1.008024612495258543e+00
6.075573893433201010e+04 9.952559502525814006e-01
6.075573919439271413e+04 1.009167962349596381e+00
6.075573945445341087e+04 1.014742536512369231e+00
6.075573971451411489e+04 1.000737173194756524e+00
6.075573997457480436e+04 9.932608517022943895e-01
6.075574023463550111e+04 9.969079481974585377e-01
6.075574049469620513e+04 1.010154864729575053e+00
6.075574075475690188e+04 1.001619073899530088e+00
6.075574101481759863e+04 1.016091218833989673e+00
6.075574127487829537e+04 1.002030168051369685e+00
6.075574153493899212e+04 1.001850427743313787e+00
6.075574179499969614e+04 1.002369745486039632e+00
6.075574205506038561e+04 1.007920028909022658e+00
6.075574231512108236e+04 1.005782937374508412e+00
6.075574257518178638e+04 1.005541477412825735e+00
6.075574283524248312e+04 1.006459529695373334e+00
6.075574309530317987e+04 1.005245889795395087e+00
6.075574483016229351e+04 9.994499003112590207e-01
6.075574509021608537e+04 1.012146592694979308e+00
6.075574535026989179e+04 1.007690183274664308e+00
6.075574561032369093e+04 1.009215690682809141e+00
6.075574587037748279e+04 1.003173433533683712e+00
6.075574613043128193e+04 1.007387402054579439e+00
6.075574639048507379e+04 9.980465212105692485e-01
6.075574665053887293e+04 9.942043737589869590e-01
6.075574691059266479e+04 1.007331690042410521e+00
6.075574717064645665e+04 1.002262240399580007e+00
6.075574743070025579e+04 1.009868421602487798e+00
6.075574769075404765e+04 1.002146772121089935e+00
6.075574795080784679e+04 1.010709647478370998e+00
6.075574821086163865e+04 1.013083290608177700e+00
6.075574847091544507e+04 1.015725048859874136e+00
6.075574873096924421e+04 1.002124926777865355e+00
6.075574899102303607e+04 1.006256933242407170e+00
6.075574925107683521e+04 1.004710816524797767e+00
6.075574951113062707e+04 1.011095914296577858e+00
6.075574977118442621e+04 1.007968029468922833e+00
6.075575003123821807e+04 1.004021103190723574e+00
6.075575029129201721e+04 1.002382844522959449e+00
6.075575055134580907e+04 9.985910161506142968e-01
6.075575081139960093e+04 9.922651904838843961e-01
6.075575107145340007e+04 1.007740503358295125e+00
6.075575133150719921e+04 1.000869133441096848e+00
6.075575159156100563e+04 1.015272997874135719e+00
6.075575185161479749e+04 1.010891982254528587e+00
6.075575211166859663e+04 1.000853326740047677e+00
6.075575237172238849e+04 9.949956710270759785e-01
6.075575263177618035e+04 1.013013703369825880e+00
6.075575289182997949e+04 1.001488744901201322e+00
6.075575315188377135e+04 1.004034165014219049e+00
6.075575341193757049e+04 1.028152499346322246e+00
6.075575367199136235e+04 1.003282550821476660e+00
6.075575393204516149e+04 1.008597685168357572e+00
6.075575419209895335e+04 1.003304291598944742e+00
6.075575445215275249e+04 9.909634960474938969e-01
6.075575471220655891e+04 1.007902779475117638e+00
6.075575497226035077e+04 1.006477092276958807e+00
6.075575523231414991e+04 1.000707175068116683e+00
6.075575549236794177e+04 1.018149531383331308e+00
6.075575575242174091e+04 1.003064997839400174e+00
6.075575601247553277e+04 1.010511028422798052e+00
6.075575627252933191e+04 1.001127170589394932e+00
6.075575653258312377e+04 1.009358764494010297e+00
6.075575679263691563e+04 1.002784929307962924e+00
6.075575705269071477e+04 9.982526790135259898e-01
6.075575731274451391e+04 9.966620168670219382e-01
6.075575757279832033e+04 1.004507807768000305e+00
6.075575783285211219e+04 1.002904151995049453e+00
6.075575809290591133e+04 9.927120641784442645e-01
6.075575835295970319e+04 1.008927821872348085e+00
6.075575861301350233e+04 1.007443183638578876e+00
6.075575887306729419e+04 1.001315086212958727e+00
6.075575913312109333e+04 9.972940663975692344e-01
6.075575939317488519e+04 1.009264613994811377e+00
6.075575965322867705e+04 1.008761415357373403e+00
6.075575991328247619e+04 1.004986353752653327e+00
6.075576017333626805e+04 1.003589441034600238e+00
6.075576043339007447e+04 9.981450254144260681e-01
6.075576069344387361e+04 1.000996078518754162e+00
6.075576095349767274e+04 9.981378222464946104e-01
6.075576121355146461e+04 9.959157280865387207e-01
6.075576147360526375e+04 1.001690422874971897e+00
6.075576173365905561e+04 1.001871193577038133e+00
6.075576199371285475e+04 1.000338040123804229e+00
6.075576225376664661e+04 9.989029452689911492e-01
6.075576251382044575e+04 1.004429751653548086e+00
6.075576277387423761e+04 9.969147174210600815e-01
6.075576303392802947e+04 9.946206915382975744e-01
6.075576329398183589e+04 1.001086678393094065e+00
6.075576355403563502e+04 9.952161547284981147e-01
6.075576381408943416e+04 1.005938327163196089e+00
6.075576407414322603e+04 9.903619209829467307e-01
6.075576433419702516e+04 1.006825793125837087e+00
6.075576459425081703e+04 1.010077407351968715e+00
6.075576485430461616e+04 9.936479161816864636e-01
6.075576511435840803e+04 1.008935560376683416e+00
6.075576537441220717e+04 1.002445860572940495e+00
6.075576563446599903e+04 1.001580861206379458e+00
6.075576589451979817e+04 9.969513751646403854e-01
6.075576615457359003e+04 1.005833245228302086e+00
6.075576641462739644e+04 9.994381815409201231e-01
6.075576667468119558e+04 1.008121126853174898e+00
6.075576693473499472e+04 1.001238538540239364e+00
6.075576719478878658e+04 9.984680268626965338e-01
6.075576745484258572e+04 1.012135579363222071e+00
6.075576771489637758e+04 1.015179965257361427e+00
6.075576797495017672e+04 1.000550076734317395e+00
6.075576823500396858e+04 9.947715297900783238e-01
6.075576849505776045e+04 1.005705107783287922e+00
6.075576875511155959e+04 1.004072410350133282e+00
6.075576901516535145e+04 9.992627122688776398e-01
6.075576927521915786e+04 1.006124314817610443e+00
6.075576953527295700e+04 9.932252072575815660e-01
6.075576979532675614e+04 1.000412113974699091e+00
6.075577005538054800e+04 9.924450573206181625e-01
6.075577031543434714e+04 1.004816767530273047e+00
6.075577057548813900e+04 1.006341461889971534e+00
6.075577083554193814e+04 9.997395143810841045e-01
6.075577109559573000e+04 9.913240765912058050e-01
6.075577135564952914e+04 9.977586250005251456e-01
6.075577161570332100e+04 1.004991749712923266e+00
6.075577187575712014e+04 9.988241420919886648e-01
6.075577213581091200e+04 1.000736236981698113e+00
6.075577239586471842e+04 9.914924255527858277e-01
6.075577265591851756e+04 9.966602822664742956e-01
6.075577291597231670e+04 9.924832000130640042e-01
6.075577317602610856e+04 1.009283968984967528e+00
