6.075585120116569306e+04 9.942871834714691603e-01
6.075585146121949219e+04 9.922095685122579445e-01
6.075585172127328406e+04 9.938107963472014861e-01
6.075585198132708319e+04 9.947310303950266386e-01
6.075585224138088233e+04 1.001157717086747390e+00
6.075585250143468147e+04 9.886801190267416883e-01
6.075585276148847333e+04 1.005183071429415875e+00
6.075585302154227247e+04 9.992395941614464761e-01
6.075585328159607161e+04 9.958529576754772128e-01
6.075585354164987803e+04 9.973000873432334989e-01
6.075585380170368444e+04 9.946932961390754224e-01
6.075585406175747630e+04 1.000650492343642783e+00
6.075585432181127544e+04 1.000333398975277843e+00
6.075585458186507458e+04 1.007118334657576275e+00
6.075585484191887372e+04 9.973392558003022490e-01
6.075585510197266558e+04 1.000056532584482127e+00
6.075585536202646472e+04 9.928445780124114384e-01
6.075585562208026386e+04 9.928967369067057680e-01
6.075585588213406299e+04 9.975651785014006956e-01
6.075585614218786213e+04 1.000711173291534140e+00
6.075585640224165400e+04 9.975840678811924711e-01
6.075585666229546041e+04 1.006167412062688893e+00
6.075585692234926682e+04 9.959015589529518486e-01
6.075585718240306596e+04 9.955135007812817571e-01
6.075585744245685783e+04 9.990646910897929001e-01
6.075585770251065696e+04 9.995156395461773924e-01
6.075585796256445610e+04 9.964040143093610968e-01
6.075585822261825524e+04 9.960760913997956933e-01
6.075585848267205438e+04 9.978948701303764768e-01
6.075585874272584624e+04 1.000848369164549334e+00
6.075585900277964538e+04 9.915289453311521006e-01
6.075585926283344452e+04 9.989251221219662691e-01
6.075585952288725093e+04 1.000570099998398410e+00
6.075585978294105735e+04 9.962654432528439408e-01
6.075586004299484921e+04 1.005639560265059629e+00
6.075586030304864835e+04 9.975648526304385921e-01
6.075586056310244749e+04 9.927802389544134742e-01
6.075586082315624662e+04 1.007923370367055149e+00
6.075586108321004576e+04 9.923683592546022059e-01
6.075586134326383763e+04 9.976230038498847819e-01
6.075586160331763676e+04 9.985184170870046172e-01
6.075586186337143590e+04 1.003721340108840510e+00
6.075586212342523504e+04 9.990562931796657109e-01
6.075586238347903418e+04 9.995540493433183737e-01
6.075586264353283332e+04 1.003062989406993344e+00
6.075586290358663973e+04 9.990192294876404366e-01
6.075586316364043887e+04 9.910835402085157453e-01
6.075586342369423801e+04 1.002027541750254436e+00
6.075586368374803715e+04 1.002074308264536029e+00
6.075586394380182901e+04 9.955756939400111083e-01
6.075586420385562815e+04 9.906387337631155088e-01
6.075586446390942729e+04 1.002627480383122549e+00
6.075586472396322642e+04 1.001249638740038694e+00
6.075586498401702556e+04 9.946908637103356599e-01
6.075586524407081743e+04 9.880278993594461268e-01
6.075586550412462384e+04 9.982609730325956443e-01
6.075586576417843025e+04 1.004408893012963766e+00
6.075586602423222939e+04 9.888542194016537445e-01
6.075586628428602853e+04 1.001556035929085153e+00
6.075586654433982039e+04 1.001238612701974784e+00
6.075586680439361953e+04 1.001426524583470368e+00
6.075586706444741867e+04 9.915071846404059919e-01
6.075586732450121781e+04 9.934914393388836196e-01
6.075586758455501695e+04 1.004628621113966336e+00
6.075586784460881609e+04 1.001036050826475510e+00
6.075586810466260795e+04 9.997686634816064233e-01
6.075586836471640709e+04 9.947973802001760513e-01
6.075586862477021350e+04 1.005261120314000944e+00
6.075586888482401991e+04 1.002063629316993332e+00
6.075586914487781905e+04 1.003592940117954191e+00
6.075586940493161092e+04 9.969320616295207493e-01
6.075586966498541005e+04 1.005222094550085155e+00
6.075586992503920919e+04 9.956943881614053193e-01
6.075587018509300833e+04 1.000859879230869609e+00
6.075587044514680747e+04 1.002061624417812435e+00
6.075587070520060661e+04 1.005361087675976428e+00
6.075587096525439847e+04 9.976078312356109201e-01
6.075587122530819761e+04 9.940162826710555732e-01
6.075587148536199675e+04 9.971062703272371985e-01
6.075587174541581044e+04 1.001549065654910642e+00
6.075587200546960958e+04 9.991612690486296744e-01
6.075587226552340871e+04 9.964974261902700414e-01
6.075587252557720058e+04 9.972613396352624227e-01
6.075587278563099972e+04 9.957714969490580881e-01
6.075587304568479885e+04 9.984717164779951526e-01
6.075587330573859799e+04 9.923047754926659358e-01
6.075587356579239713e+04 1.002703843632979375e+00
6.075587382584619627e+04 1.003433528078533588e+00
6.075587408589998813e+04 1.011183157727312487e+00
6.075587434595378727e+04 9.995389148802201751e-01
6.075587460600759368e+04 9.924425177815238142e-01
6.075587486606140010e+04 9.979710789250662017e-01
6.075587512611519924e+04 1.004389432222182021e+00
6.075587538616899838e+04 1.010824995124949277e+00
6.075587564622279751e+04 9.975341711349509088e-01
6.075587590627658938e+04 9.983748919894278595e-01
6.075587616633038851e+04 9.948640480258148511e-01
6.075587642638418765e+04 1.001993894876311852e+00
6.075587668643798679e+04 9.979501353610913394e-01
6.075587694649178593e+04 1.007537442433933839e+00
6.075587720654558507e+04 9.958974569579375213e-01
6.075587746659937693e+04 1.002118816374110821e+00
6.075587772665318334e+04 1.005869657391728289e+00
6.075587798670698976e+04 9.992317016806656627e-01
6.075587824676078890e+04 1.001833349894138969e+00
6.075587850681458804e+04 9.983555977398185233e-01
6.075587876686838717e+04 9.938636835753751342e-01
6.075587902692218631e+04 9.954165462814994481e-01
6.075587928697597818e+04 1.006046223104531290e+00
6.075587954702977731e+04 1.001512405511370885e+00
6.075588115586427011e+04 9.992729416125630815e-01
6.075588141592496686e+04 9.978230209882825719e-01
6.075588167598567088e+04 9.994320740656088553e-01
6.075588193604636763e+04 9.977646395791888168e-01
6.075588219610707165e+04 1.000930671364833824e+00
6.075588245616777567e+04 9.975921767585321787e-01
6.075588271622847242e+04 9.928021381974905246e-01
6.075588297628917644e+04 1.005496658082732031e+00
6.075588323634988046e+04 1.003520819396253927e+00
6.075588349641056993e+04 1.009210430831333660e+00
6.075588375647127395e+04 9.961702177743293474e-01
6.075588401653197798e+04 9.967511508047851576e-01
6.075588427659268200e+04 9.985777598418548173e-01
6.075588453665338602e+04 1.000812220354528881e+00
6.075588479671408277e+04 9.958462325962934569e-01
6.075588505677478679e+04 1.004661029242131853e+00
6.075588531683548354e+04 9.969184237920811764e-01
6.075588557689618756e+04 9.963117327677074586e-01
6.075588583695689158e+04 9.990309370743721828e-01
6.075588609701758833e+04 1.001467377705854922e+00
6.075588635707829235e+04 1.003127970479873898e+00
6.075588661713899637e+04 9.969032779083860651e-01
6.075588687719969312e+04 1.008253253725511334e+00
6.075588713726038986e+04 9.923711043699333656e-01
6.075588739732109389e+04 9.988785404860871520e-01
6.075588765738179791e+04 1.001016909841731639e+00
6.075588791744250193e+04 9.912447753576505427e-01
6.075588817750319868e+04 1.004414224155879776e+00
6.075588843756390270e+04 9.958873092281834705e-01
6.075588869762460672e+04 9.977470383635039797e-01
6.075588895768530347e+04 9.985718997662305085e-01
6.075588921774600749e+04 1.000341272798552117e+00
6.075588947780670424e+04 9.971106158252180940e-01
6.075588973786740826e+04 1.008366342593301379e+00
6.075588999792811228e+04 1.003299146356535276e+00
6.075589025798880903e+04 1.002484160328356522e+00
6.075589051804952032e+04 1.010331476946968010e+00
6.075589077811021707e+04 1.003597985886510058e+00
6.075589103817091382e+04 1.002622270669499160e+00
6.075589129823161784e+04 9.909153906927612443e-01
6.075589155829231458e+04 9.991007662212917362e-01
6.075589181835301861e+04 1.000737255964848194e+00
6.075589207841372263e+04 1.002732805118572657e+00
6.075589233847442665e+04 1.007302680424704056e+00
6.075589259853513067e+04 9.946948276856191207e-01
6.075589285859582742e+04 1.003599180720850415e+00
6.075589311865652417e+04 1.006959446005621928e+00
6.075589337871722819e+04 9.989032983625514284e-01
6.075589363877793221e+04 1.004724076084964057e+00
6.075589389883863623e+04 9.991047874308410792e-01
6.075589415889933298e+04 1.005906736544385227e+00
6.075589441896003700e+04 9.944737338173414987e-01
6.075589467902074102e+04 1.004942016492586188e+00
6.075589493908143777e+04 1.004464652737647068e+00
6.075589519914213452e+04 1.000803356993193560e+00
6.075589545920283854e+04 1.004199284716294605e+00
6.075589571926354256e+04 1.000296954907767155e+00
6.075589597932424658e+04 9.977372363424696911e-01
6.075589623938494333e+04 9.956595512456875019e-01
6.075589649944564735e+04 1.006545425547915817e+00
6.075589675950635137e+04 1.003724760275677141e+00
6.075589701956705539e+04 9.957452765940952855e-01
6.075589727962775942e+04 1.001327764472994764e+00
6.075589753968844889e+04 1.012794237879004910e+00
6.075589779974915291e+04 1.012875989229530704e+00
6.075589805980985693e+04 9.950452562319342942e-01
6.075589831987055368e+04 1.003865619655582853e+00
6.075589857993125770e+04 9.994774068569094450e-01
6.075589883999196172e+04 9.990264252631940733e-01
6.075589910005266574e+04 1.001694419746822273e+00
6.075589936011336977e+04 1.005840277080930489e+00
6.075589962017406651e+04 1.004200054776829942e+00
6.075589988023477054e+04 1.001333065359975016e+00
6.075590014029546728e+04 1.000911000291605957e+00
6.075590040035617130e+04 1.000229584416961082e+00
6.075590066041687533e+04 1.011906454826882129e+00
6.075590092047757207e+04 1.004577000641778017e+00
6.075590118053827609e+04 9.973759704000624282e-01
6.075590144059898012e+04 1.003478897589759944e+00
6.075590170065967686e+04 9.919898098454404956e-01
6.075590196072038816e+04 9.984576902873798510e-01
6.075590222078108491e+04 1.000896193813390234e+00
6.075590248084178893e+04 1.002732938663517759e+00
6.075590274090249295e+04 1.003975946749190662e+00
6.075590300096318242e+04 1.004937435223915543e+00
6.075590326102388644e+04 9.978018868127772611e-01
6.075590352108459047e+04 1.003284435679660413e+00
6.075590378114529449e+04 1.006575452597873843e+00
6.075590404120599851e+04 1.002074505247758651e+00
6.075590430126669526e+04 9.996183656586709043e-01
6.075590456132739928e+04 1.001536275331806225e+00
6.075590482138810330e+04 1.005015133638248015e+00
6.075590508144880732e+04 1.000412972351967467e+00
6.075590534150951135e+04 1.000571382620897509e+00
6.075590560157020809e+04 1.009889801965473399e+00
6.075590586163091211e+04 1.001967928506842354e+00
6.075590612169160886e+04 1.003045074315670915e+00
6.075590638175230561e+04 9.978617734031318687e-01
6.075590664181300963e+04 1.009807711800348118e+00
6.075590690187371365e+04 9.987039303537970092e-01
6.075590716193441767e+04 1.009753793596392502e+00
6.075590742199512169e+04 1.003032443645855754e+00
6.075590768205581844e+04 1.000743824715325525e+00
6.075590794211652246e+04 1.006065237726278427e+00
6.075590820217722649e+04 1.004789108819698962e+00
6.075590846223793051e+04 1.006814148239208340e+00
6.075590872229863453e+04 1.002849594586699533e+00
6.075590898235933128e+04 1.002242620074049517e+00
6.075590924242003530e+04 1.006466355882988495e+00
6.075590950248073932e+04 9.993578121350651378e-01
6.075591106051386305e+04 9.978103197881518227e-01
6.075591132057445793e+04 1.000757657435786818e+00
6.075591158063505281e+04 9.957325452473440031e-01
6.075591184069564770e+04 1.006099853289597501e+00
6.075591210075624258e+04 9.963982404941983395e-01
6.075591236081683746e+04 9.979550073933253218e-01
6.075591262087743235e+04 9.923074104654597827e-01
6.075591288093802723e+04 1.003445515529372889e+00
6.075591314099862211e+04 9.993457765126082526e-01
6.075591340105922427e+04 9.954180473890895664e-01
6.075591366111981915e+04 9.933796376575451115e-01
6.075591392118041404e+04 1.008144623246606031e+00
6.075591418124100892e+04 1.001770667979690943e+00
6.075591444130160380e+04 9.995113337007335286e-01
6.075591470136219868e+04 1.001011612121933680e+00
6.075591496142279357e+04 1.007244398429779864e+00
6.075591522148338845e+04 1.000062183822741035e+00
6.075591548154399061e+04 9.931173038802295627e-01
6.075591574160458549e+04 1.003890941071521326e+00
6.075591600166518037e+04 9.998462606595402979e-01
6.075591626172577526e+04 9.986856558233964121e-01
6.075591652178637742e+04 9.977970565312898055e-01
6.075591678184697230e+04 9.978899047217588691e-01
6.075591704190756718e+04 9.996005505045294504e-01
6.075591730196816206e+04 1.007014323494956010e+00
6.075591756202875695e+04 1.008019268896360732e+00
6.075591782208935183e+04 9.994998826837357964e-01
6.075591808214994671e+04 1.004573142115041895e+00
6.075591834221054160e+04 1.000603674814561472e+00
6.075591860227113648e+04 1.008172738007252489e+00
6.075591886233173136e+04 1.009089952318614536e+00
6.075591912239232624e+04 9.952851598812642031e-01
6.075591938245292840e+04 1.001303756163469005e+00
6.075591964251352329e+04 1.000304961376006219e+00
6.075591990257411817e+04 9.961167350580191204e-01
6.075592016263471305e+04 1.007707337351825494e+00
6.075592042269530793e+04 9.922228321748534086e-01
6.075592068275590282e+04 9.987261197057661910e-01
6.075592094281649770e+04 9.865978455922884693e-01
6.075592120287709986e+04 9.982221379913404080e-01
6.075592146293769474e+04 1.008142186253533135e+00
6.075592172299828962e+04 9.972259130815683825e-01
6.075592198305888451e+04 9.975140173007052136e-01
6.075592224311948667e+04 1.007464270261379635e+00
6.075592250318008155e+04 9.970774163165184723e-01
6.075592276324067643e+04 9.981972273196427770e-01
6.075592302330127131e+04 9.967134116577939240e-01
6.075592328336186620e+04 9.864986913473101637e-01
6.075592354342246108e+04 1.008813929449144275e+00
6.075592380348305596e+04 9.946848568105524091e-01
6.075592406354365812e+04 1.005446336843686561e+00
6.075592432360425300e+04 1.000328877507461245e+00
6.075592458366484789e+04 9.998183098222687137e-01
6.075592484372544277e+04 1.000664538839537876e+00
6.075592510378604493e+04 9.934339660106175085e-01
6.075592536384663981e+04 9.879820372908063586e-01
6.075592562390723469e+04 9.973742039264564818e-01
6.075592588396782958e+04 9.974785373491863449e-01
6.075592614402842446e+04 9.958390609245852954e-01
6.075592640408901934e+04 9.985139888218912407e-01
6.075592666414961423e+04 1.000654974902361216e+00
6.075592692421020911e+04 9.985033443179668344e-01
6.075592718427081127e+04 9.977661653769422934e-01
6.075592744433140615e+04 1.000482202298932366e+00
6.075592770439200103e+04 1.004296782297842139e+00
6.075592796445260319e+04 1.000133777628442022e+00
6.075592822451319807e+04 1.000752058515606224e+00
6.075592848457379296e+04 1.001251063831518184e+00
6.075592874463438784e+04 9.984501756206485279e-01
6.075592900469498272e+04 1.000417511379932067e+00
6.075592926475557761e+04 1.008941898732238940e+00
6.075592952481617249e+04 1.000013461097811751e+00
6.075592978487676737e+04 9.882863845602188890e-01
6.075593004493736953e+04 9.967657013331431282e-01
6.075593030499796441e+04 1.003289687203407832e+00
6.075593056505855930e+04 1.000625563198444645e+00
6.075593082511916145e+04 1.003607829308917676e+00
6.075593108517975634e+04 1.003266112675137434e+00
6.075593134524035122e+04 1.002135419193837862e+00
6.075593160530094610e+04 1.006614388893550815e+00
6.075593186536154099e+04 9.972817239719088400e-01
6.075593212542213587e+04 9.961561185658146522e-01
6.075593238548273075e+04 9.979483210346156152e-01
6.075593264554332563e+04 9.954066647677629609e-01
6.075593290560392779e+04 1.000852395642372716e+00
6.075593316566452268e+04 1.003603119872240157e+00
6.075593342572511756e+04 1.004272998718594101e+00
6.075593368578571244e+04 9.988643651041365645e-01
6.075593394584631460e+04 9.937677145484747898e-01
6.075593420590690948e+04 1.005393619976557407e+00
6.075593446596750437e+04 9.907665352853035623e-01
6.075593472602809925e+04 9.998980168232973753e-01
6.075593498608869413e+04 9.887645534823975568e-01
6.075593524614928901e+04 9.936836903623479378e-01
6.075593550620988390e+04 1.003541331004417225e+00
6.075593576627048606e+04 9.927755941297828901e-01
6.075593602633108094e+04 9.956437460666995864e-01
6.075593628639167582e+04 1.002161955919838032e+00
6.075593654645227070e+04 9.988051547031420174e-01
6.075593680651287286e+04 9.960536397745878290e-01
6.075593706657346775e+04 9.992082149062564422e-01
6.075593732663406263e+04 9.919918190679810621e-01
6.075593758669465751e+04 1.001266167078578961e+00
6.075593784675525239e+04 1.006514023715349149e+00
6.075593810681584728e+04 9.972444325893284889e-01
6.075593836687644216e+04 1.006428956222731985e+00
6.075593862693704432e+04 9.956187450037273790e-01
6.075593888699763920e+04 9.895040305566461525e-01
6.075593914705823408e+04 1.005738195285527770e+00
6.075593940711883624e+04 9.964944205765450258e-01
6.075594106598430517e+04 9.959118551759236215e-01
6.075594132604500919e+04 1.005461839730001916e+00
6.075594158610571321e+04 9.964525396825880676e-01
6.075594184616640996e+04 1.000955905149056857e+00
6.075594210622711398e+04 9.946036722487150428e-01
6.075594236628781800e+04 9.993184821866922807e-01
6.075594262634852203e+04 9.929639533224455805e-01
6.075594288640922605e+04 9.955601922382779634e-01
6.075594314646992279e+04 1.001996413643942985e+00
6.075594340653063409e+04 9.949041459267213838e-01
6.075594366659133811e+04 1.008133525147783871e+00
6.075594392665203486e+04 9.933333699309164766e-01
6.075594418671273888e+04 9.957067884584590578e-01
6.075594444677344291e+04 9.890045834385643442e-01
6.075594470683414693e+04 9.983067461487666883e-01
6.075594496689485095e+04 9.922216958849410240e-01
6.075594522695554770e+04 9.931849298940945703e-01
6.075594548701625172e+04 9.935833281964988606e-01
6.075594574707695574e+04 9.988144518071602196e-01
6.075594600713765976e+04 9.954770794724282501e-01
6.075594626719836378e+04 9.975064015011806395e-01
6.075594652725906053e+04 9.976022939396032019e-01
6.075594678731976455e+04 9.957533072156626863e-01
6.075594704738046858e+04 1.003070263081271341e+00
6.075594730744116532e+04 9.994990465152385761e-01
6.075594756750187662e+04 9.955812396572730760e-01
6.075594782756257337e+04 9.997938728498673155e-01
6.075594808762328466e+04 9.981204423090356270e-01
6.075594834768398869e+04 1.007809357742267098e+00
6.075594860774468543e+04 9.993235868662594390e-01
6.075594886780538945e+04 9.912769514361952083e-01
6.075594912786609348e+04 9.966089705613663252e-01
6.075594938792679750e+04 9.989965544254766350e-01
6.075594964798750152e+04 1.006991915746135113e+00
6.075594990804819827e+04 1.006423520229152491e+00
6.075595016810890229e+04 9.928584664182682484e-01
6.075595042816960631e+04 9.921538533183432707e-01
6.075595068823031033e+04 9.972916868832473192e-01
6.075595094829101436e+04 1.001743466932207616e+00
6.075595120835171110e+04 1.000308803570433058e+00
6.075595146841241512e+04 9.997616178426917966e-01
6.075595172847312642e+04 1.010275452662865225e+00
6.075595198853382317e+04 1.005910771289016070e+00
6.075595224859452719e+04 1.006668029492351568e+00
6.075595250865523121e+04 1.002209815690363603e+00
6.075595276871593524e+04 9.976224333888257245e-01
6.075595302877663926e+04 1.001617022047604166e+00
6.075595328883733600e+04 1.002005127688690989e+00
6.075595354889804003e+04 9.950973258315394254e-01
6.075595380895874405e+04 9.954173139015740635e-01
6.075595406901944807e+04 9.981804523797878081e-01
6.075595432908015209e+04 9.961296134549836312e-01
6.075595458914084884e+04 9.977054860159562111e-01
6.075595484920156014e+04 9.907673145496934675e-01
6.075595510926226416e+04 1.000220150210259229e+00
6.075595536932296091e+04 1.000504946917682325e+00
6.075595562938366493e+04 1.003671587976942225e+00
6.075595588944436895e+04 1.006763224501691090e+00
6.075595614950507297e+04 9.985197665939752332e-01
6.075595640956577699e+04 1.004342277542338069e+00
6.075595666962647374e+04 9.946771821592582663e-01
6.075595692968717776e+04 1.004750782845628354e+00
6.075595718974788178e+04 9.996657773727679608e-01
6.075595744980858581e+04 1.000807704617277638e+00
6.075595770986929710e+04 1.003313425759174260e+00
6.075595796992999385e+04 9.915688062652834311e-01
6.075595822999069787e+04 1.000525287259852458e+00
6.075595849005140190e+04 1.000604776125791906e+00
6.075595875011209864e+04 1.006293397865987149e+00
6.075595901017280994e+04 1.001704291634602839e+00
6.075595927023350669e+04 9.941734861600484141e-01
6.075595953029421071e+04 1.004570506346843084e+00
6.075595979035491473e+04 9.982409929316413688e-01
6.075596005041561148e+04 1.000546575480873557e+00
6.075596031047632277e+04 1.009738642788377216e+00
6.075596057053702680e+04 1.013868717784944806e+00
6.075596083059773082e+04 1.010502515708418869e+00
6.075596109065843484e+04 9.947879914953442482e-01
6.075596135071913159e+04 1.004953918260204526e+00
6.075596161077983561e+04 9.993869058253478377e-01
6.075596187084053963e+04 1.001764690288891702e+00
6.075596213090124365e+04 1.002927435156277802e+00
6.075596239096194768e+04 9.984981404578799902e-01
6.075596265102265170e+04 1.004000524470032740e+00
6.075596291108335572e+04 1.000610847045649621e+00
6.075596317114405974e+04 9.944654236883077036e-01
6.075596343120475649e+04 9.989363391808073755e-01
6.075596369126546051e+04 1.007601674590904439e+00
6.075596395132616453e+04 1.002963892165122495e+00
6.075596421138686856e+04 9.971403694438493170e-01
6.075596447144757258e+04 9.948620403522840938e-01
6.075596473150827660e+04 1.006208623056251472e+00
6.075596499156898062e+04 1.000916520450472857e+00
6.075596525162968464e+04 1.000110652315175486e+00
6.075596551169038867e+04 1.001853506586425580e+00
6.075596577175109269e+04 9.983008669478687924e-01
6.075596603181178943e+04 1.000153060210560385e+00
6.075596629187249346e+04 9.977302754518778682e-01
6.075596655193319748e+04 1.002896338307756041e+00
6.075596681199390150e+04 9.965656650142944439e-01
6.075596707205460552e+04 9.941291731517479802e-01
6.075596733211530955e+04 9.992120021263102281e-01
6.075596759217601357e+04 1.005446965829462025e+00
6.075596785223671759e+04 1.006727735695118087e+00
6.075596811229741434e+04 9.951557477042695110e-01
6.075596837235811836e+04 1.006068867150254897e+00
6.075596863241882238e+04 1.005015817518302157e+00
6.075596889247953368e+04 9.956599151000229408e-01
6.075596915254023770e+04 9.963061245703276336e-01
6.075596941260093445e+04 1.004773769366670733e+00
6.075597102105359954e+04 1.003988374239769055e+00
6.075597128111420170e+04 1.005453496963041538e+00
6.075597154117479658e+04 9.936183365788324728e-01
6.075597180123539147e+04 1.006517350168339764e+00
6.075597206129598635e+04 1.003845910537983777e+00
6.075597232135658123e+04 9.997008086401436566e-01
6.075597258141718339e+04 1.003298862249774714e+00
6.075597284147777827e+04 1.003313086160866785e+00
6.075597310153837316e+04 1.003628572164768418e+00
6.075597336159897532e+04 1.007645325845238027e+00
6.075597362165957020e+04 1.007220433862720865e+00
6.075597388172016508e+04 1.002643966048396340e+00
6.075597414178077452e+04 1.002629953196130463e+00
6.075597440184136940e+04 9.973892048046613112e-01
6.075597466190196428e+04 1.000805835524732901e+00
6.075597492196255916e+04 9.914540814074666031e-01
6.075597518202315405e+04 1.003435131383748180e+00
6.075597544208374893e+04 1.000268205333973093e+00
6.075597570214434381e+04 1.006107340031190178e+00
6.075597596220494597e+04 1.008501773188545725e+00
6.075597622226554813e+04 1.006227259243619443e+00
6.075597648232614301e+04 1.001565785052187296e+00
6.075597674238673790e+04 1.001496658982615751e+00
6.075597700244734006e+04 1.003220029425691440e+00
6.075597726250793494e+04 9.915705909757799308e-01
6.075597752256853710e+04 1.009011546856541708e+00
6.075597778262913198e+04 1.000457563890990720e+00
6.075597804268972686e+04 1.006024820146322440e+00
6.075597830275032175e+04 1.003011766188962373e+00
6.075597856281091663e+04 1.002510218113923601e+00
6.075597882287151151e+04 1.005165700638765314e+00
6.075597908293212095e+04 9.913178086438657610e-01
6.075597934299271583e+04 1.003019169030314961e+00
6.075597960305331071e+04 1.005949555823836494e+00
6.075597986311390559e+04 1.006554508668073389e+00
6.075598012317450775e+04 1.007045984524440385e+00
6.075598038323510264e+04 9.974889010574907733e-01
6.075598064329570479e+04 9.952547325442918646e-01
6.075598090335629968e+04 9.993156924259237739e-01
6.075598116341689456e+04 9.962684788233783229e-01
6.075598142347748944e+04 1.001736207679146506e+00
6.075598168353808433e+04 1.004096783397022019e+00
6.075598194359869376e+04 1.009464397907904765e+00
6.075598220365928864e+04 1.001609792186158643e+00
6.075598246371988353e+04 1.001001252411284570e+00
6.075598272378047841e+04 1.002922248542243988e+00
6.075598298384108057e+04 1.000278508097272701e+00
6.075598324390167545e+04 9.993053362793614669e-01
6.075598350396227761e+04 9.950334320218576778e-01
6.075598376402287249e+04 1.004991987657520180e+00
6.075598402408346738e+04 1.001105596744728654e+00
6.075598428414406226e+04 1.006413678072603179e+00
6.075598454420465714e+04 9.959562777498339736e-01
6.075598480426526658e+04 1.004955625364965188e+00
6.075598506432586146e+04 1.000888861152671172e+00
6.075598532438645634e+04 1.002422720903415110e+00
6.075598558444705122e+04 1.001894879671564320e+00
6.075598584450765338e+04 1.000238663503102421e+00
6.075598610456825554e+04 9.989410492125020413e-01
6.075598636462885042e+04 9.989823560216641862e-01
6.075598662468944531e+04 1.008369523982800109e+00
6.075598688475004019e+04 1.008274480615175106e+00
6.075598714481063507e+04 1.004659751351647534e+00
6.075598740487123723e+04 1.010689560719442603e+00
6.075598766493183211e+04 1.003359168829690562e+00
6.075598792499243427e+04 1.002463276891489175e+00
6.075598818505302916e+04 9.971550285619085185e-01
6.075598844511362404e+04 1.003163028116480726e+00
6.075598870517423347e+04 9.979022175803323735e-01
6.075598896523482836e+04 9.972229670964616322e-01
6.075598922529542324e+04 1.005509583228253234e+00
6.075598948535601812e+04 1.008077823315570720e+00
6.075598974541661300e+04 1.000341943821908997e+00
6.075599000547721516e+04 1.002970221837579556e+00
6.075599026553781005e+04 1.006057749341364049e+00
6.075599052559840493e+04 1.004080386286078763e+00
6.075599078565900709e+04 9.948515815513490068e-01
6.075599104571960197e+04 1.011182067807234297e+00
6.075599130578020413e+04 1.001802875836225848e+00
6.075599156584080629e+04 1.001656337208947534e+00
6.075599182590140117e+04 9.962602346797938546e-01
6.075599208596199605e+04 9.962056941742550853e-01
6.075599234602259094e+04 9.996442458052724467e-01
6.075599260608319310e+04 1.000152159024421339e+00
6.075599286614378798e+04 1.003817128806543391e+00
6.075599312620438286e+04 9.943762412080873192e-01
6.075599338626497774e+04 1.000025065060339946e+00
6.075599364632558718e+04 9.996085543313359967e-01
6.075599390638618206e+04 9.997302643308354497e-01
6.075599416644677694e+04 1.002295690997530020e+00
6.075599442650737910e+04 1.002601431255680131e+00
6.075599468656797399e+04 9.992990711606094534e-01
6.075599494662857614e+04 1.010186422556708763e+00
6.075599520668917103e+04 9.949619103580595869e-01
6.075599546674976591e+04 9.961063942588728182e-01
6.075599572681036079e+04 1.001439650893518829e+00
6.075599598687096295e+04 9.950399902920236128e-01
6.075599624693155783e+04 1.002590709576777650e+00
6.075599650699215999e+04 9.971149662697155192e-01
6.075599676705275488e+04 9.929888469602390355e-01
6.075599702711334976e+04 1.005616433236862006e+00
6.075599728717395192e+04 9.989762286262726665e-01
6.075599754723455408e+04 9.962538161048299923e-01
6.075599780729514896e+04 1.003981903303891920e+00
6.075599806735574384e+04 9.966027967567907542e-01
6.075599832741634600e+04 1.005863109748079465e+00
6.075599858747694088e+04 1.002972529162025284e+00
6.075599884753753577e+04 9.999254482181056947e-01
6.075599910759813065e+04 1.007484225268191036e+00
6.075599936765874008e+04 1.003016097574264576e+00
6.075600091310295102e+04 9.944407962683337043e-01
6.075600117316365504e+04 9.922461730508607136e-01
6.075600143322435179e+04 1.000073341325306675e+00
6.075600169328505581e+04 9.947922368409454208e-01
6.075600195334576711e+04 1.001137815141608600e+00
6.075600221340647113e+04 1.004224027316121814e+00
6.075600247346717515e+04 9.972724189840336262e-01
6.075600273352787190e+04 9.988225171763366328e-01
6.075600299358858319e+04 1.001645031156331633e+00
6.075600325364928722e+04 1.007456684631850674e+00
6.075600351370998396e+04 9.996086138505820839e-01
6.075600377377069526e+04 9.937271336098245644e-01
6.075600403383139928e+04 1.008768466032692546e+00
6.075600429389210331e+04 9.934164789824988517e-01
6.075600455395280733e+04 9.970415799607753593e-01
6.075600481401350407e+04 1.004333251089781109e+00
6.075600507407421537e+04 1.006101189278108432e+00
6.075600533413491939e+04 1.003487390935376089e+00
6.075600559419562342e+04 1.002613342862489709e+00
6.075600585425632744e+04 9.935770514819687316e-01
6.075600611431703146e+04 1.005555063243978475e+00
6.075600637437773548e+04 1.008797159877244054e+00
6.075600663443843951e+04 9.985617383733620400e-01
6.075600689449914353e+04 9.987272705731630174e-01
6.075600715455985483e+04 1.000997503423977308e+00
6.075600741462055157e+04 9.982207954863204780e-01
6.075600767468125559e+04 1.005180554346404742e+00
6.075600793474195962e+04 9.998994063178054947e-01
6.075600819480266364e+04 9.997196057568206173e-01
6.075600845486336766e+04 9.946547072651186205e-01
6.075600871492407168e+04 1.006517099245230362e+00
6.075600897498478298e+04 9.997030718194862553e-01
6.075600923504548700e+04 1.004700494069080019e+00
6.075600949510618375e+04 1.003986990834268678e+00
6.075600975516688777e+04 9.902775620662487288e-01
6.075601001522759907e+04 1.001526285996952703e+00
6.075601027528830309e+04 9.947091054178633929e-01
6.075601053534900711e+04 9.999965687205245590e-01
6.075601079540970386e+04 1.004197065047720105e+00
6.075601105547041516e+04 1.000662641715149404e+00
6.075601131553111918e+04 9.860890240924139460e-01
6.075601157559181593e+04 1.001857899873614510e+00
6.075601183565252722e+04 1.003132039407937270e+00
6.075601209571323125e+04 1.003552584709061168e+00
6.075601235577393527e+04 9.968685350371607745e-01
6.075601261583463929e+04 9.953700091609155587e-01
6.075601287589534331e+04 9.966159013797283306e-01
6.075601313595604734e+04 9.971215694528826612e-01
6.075601339601675136e+04 9.944505391567992625e-01
6.075601365607746266e+04 1.005641505599993879e+00
6.075601391613816668e+04 9.961643914044517878e-01
6.075601417619886342e+04 1.001724713708737280e+00
6.075601443625956745e+04 1.003822427958094732e+00
6.075601469632027874e+04 1.003750423030666195e+00
6.075601495638097549e+04 1.002223364444921438e+00
6.075601521644168679e+04 9.967879039458708013e-01
6.075601547650239081e+04 1.005589753568846278e+00
6.075601573656309483e+04 9.978835706090668500e-01
6.075601599662379886e+04 1.000035489854214754e+00
6.075601625668450288e+04 1.011245633856292514e+00
6.075601651674520690e+04 1.000284103124536417e+00
6.075601677680591092e+04 1.007613672151471018e+00
6.075601703686661494e+04 9.981555028898638771e-01
6.075601729692732624e+04 1.000027989354566271e+00
6.075601755698802299e+04 9.989484886999731028e-01
6.075601781704872701e+04 9.940397009895508562e-01
6.075601807710943831e+04 9.975964819267950645e-01
6.075601833717014233e+04 1.004964483314687351e+00
6.075601859723084635e+04 1.004438585772063464e+00
6.075601885729155038e+04 1.005948479848038701e+00
6.075601911735225440e+04 9.943709303501533370e-01
6.075601937741295842e+04 9.933411907636869875e-01
6.075601963747365517e+04 9.988203323524713628e-01
6.075601989753436646e+04 9.941632840685192818e-01
6.075602015759507049e+04 9.999427875600753746e-01
6.075602041765577451e+04 9.982742437636943356e-01
6.075602067771648581e+04 1.008533397951693722e+00
6.075602093777718255e+04 9.988956570278511027e-01
6.075602119783788658e+04 9.913840098316873961e-01
6.075602145789859787e+04 9.996916131976841813e-01
6.075602171795930190e+04 9.951564256565061939e-01
6.075602197802000592e+04 9.986466189206945065e-01
6.075602223808070994e+04 1.004091340552035749e+00
6.075602249814141396e+04 1.005229663282014796e+00
6.075602275820211798e+04 1.001630618217540070e+00
6.075602301826282201e+04 9.984027335767027278e-01
6.075602327832352603e+04 9.957119844522170915e-01
6.075602353838423005e+04 9.965129958008216438e-01
6.075602379844494135e+04 9.982803769179233733e-01
6.075602405850564537e+04 9.963713463864942721e-01
6.075602431856634212e+04 1.002116271590627772e+00
6.075602457862704614e+04 9.998347935016977939e-01
6.075602483868775744e+04 1.003124335334652839e+00
6.075602509874846146e+04 1.004414859678026239e+00
6.075602535880916548e+04 1.001555917370746229e+00
6.075602561886986950e+04 1.001665340122586345e+00
6.075602587893057353e+04 9.935499572709899363e-01
6.075602613899127755e+04 9.997529273492340440e-01
6.075602639905198885e+04 9.939939531549488727e-01
6.075602665911269287e+04 9.919500614240408520e-01
6.075602691917338962e+04 9.998760592386576329e-01
6.075602717923410091e+04 9.961027832717345154e-01
6.075602743929480494e+04 1.009538560046618683e+00
6.075602769935550168e+04 1.001660942937103727e+00
6.075602795941621298e+04 1.002724439820327440e+00
6.075602821947691700e+04 1.000281346272146044e+00
6.075602847953762102e+04 9.941450826322902889e-01
6.075602873959833232e+04 1.003918352370660294e+00
6.075602899965902907e+04 1.002754980886759517e+00
6.075602925971973309e+04 9.999577138597293136e-01
6.075603093119423283e+04 9.913679632417377041e-01
6.075603119125482772e+04 9.979959455357512166e-01
6.075603145131542988e+04 1.003967214479627446e+00
6.075603171137602476e+04 1.004051262754216634e+00
6.075603197143662692e+04 9.951923805326539085e-01
6.075603223149722908e+04 1.003678077916179134e+00
6.075603249155782396e+04 1.002212988535083005e+00
6.075603275161842612e+04 1.003690662778341736e+00
6.075603301167902100e+04 9.999572302519137423e-01
6.075603327173962316e+04 1.001428485642326116e+00
6.075603353180022532e+04 9.954862911620687704e-01
6.075603379186082020e+04 9.997135832722349180e-01
6.075603405192141508e+04 9.975159670496681619e-01
6.075603431198201724e+04 1.003012856951640330e+00
6.075603457204261213e+04 9.903358417047646300e-01
6.075603483210320701e+04 9.898040532515389733e-01
6.075603509216381644e+04 9.993150687820488987e-01
6.075603535222441133e+04 9.956333062854281213e-01
6.075603561228501349e+04 1.004500028882248763e+00
6.075603587234560837e+04 9.904902806385326164e-01
6.075603613240621053e+04 9.919182574749275672e-01
6.075603639246681269e+04 1.000003251139972349e+00
6.075603665252740757e+04 1.001822914187892266e+00
6.075603691258800245e+04 1.004390677704537715e+00
6.075603717264860461e+04 9.959767515261294113e-01
6.075603743270919949e+04 1.009422495748483195e+00
6.075603769276979438e+04 9.983710502223789307e-01
6.075603795283040381e+04 9.929984138725539422e-01
6.075603821289099869e+04 1.000884923457434184e+00
6.075603847295160085e+04 9.982327916603961349e-01
6.075603873301219573e+04 9.978612031016869111e-01
6.075603899307279789e+04 1.000419391543706071e+00
6.075603925313340005e+04 9.982933901005122124e-01
6.075603951319399494e+04 9.985811209589887660e-01
6.075603977325458982e+04 1.001024913451993958e+00
6.075604003331519198e+04 9.992421090562624286e-01
6.075604029337578686e+04 1.008620180921154352e+00
6.075604055343638902e+04 1.002881140198450538e+00
6.075604081349698390e+04 1.004818106559072000e+00
6.075604107355758606e+04 1.005804415655051631e+00
6.075604133361818822e+04 1.005802546459687141e+00
6.075604159367878310e+04 1.004504610717170454e+00
6.075604185373938526e+04 9.900397028451330961e-01
6.075604211379998742e+04 1.002907507359888317e+00
6.075604237386058230e+04 1.002145140056045491e+00
6.075604263392118446e+04 1.004037624170529552e+00
6.075604289398177934e+04 1.001868116711743362e+00
6.075604315404237423e+04 1.005656085183773252e+00
6.075604341410297639e+04 1.003393613936521600e+00
6.075604367416357127e+04 9.966443296073907998e-01
6.075604393422418070e+04 9.993056534663331547e-01
6.075604419428477559e+04 9.927893949453082678e-01
6.075604445434537047e+04 9.975506036933858844e-01
6.075604471440597990e+04 9.971961314078338079e-01
6.075604497446657479e+04 1.002833839497808688e+00
6.075604523452717694e+04 1.007685470720611320e+00
6.075604549458777183e+04 1.005316076567149386e+00
6.075604575464836671e+04 1.002653164219125426e+00
6.075604601470896887e+04 1.006194361308036411e+00
6.075604627476956375e+04 1.001895878167226916e+00
6.075604653483016591e+04 1.007321886759171781e+00
6.075604679489076807e+04 9.891443052459988339e-01
6.075604705495136295e+04 1.001813118756191612e+00
6.075604731501196511e+04 9.999989192380898118e-01
6.075604757507256727e+04 1.003088010054042467e+00
6.075604783513316943e+04 1.001514832461052773e+00
6.075604809519376431e+04 9.980250548786111509e-01
6.075604835525435919e+04 1.005351297619806905e+00
6.075604861531496135e+04 1.007443671737848545e+00
6.075604887537555624e+04 9.983825044957552741e-01
6.075604913543615839e+04 9.943315902310484455e-01
6.075604939549675328e+04 1.003835127094972357e+00
6.075604965555735544e+04 9.974249818304016246e-01
6.075604991561795759e+04 9.918910989864196948e-01
6.075605017567855248e+04 1.002278838043867193e+00
6.075605043573915464e+04 1.006402650136758448e+00
6.075605069579975680e+04 9.988835919310413702e-01
6.075605095586035168e+04 9.999871037377286997e-01
6.075605121592095384e+04 9.988979666505957145e-01
6.075605147598154872e+04 1.012729593157789543e+00
6.075605173604215088e+04 1.004488173624600078e+00
6.075605199610274576e+04 1.008482935204658926e+00
6.075605225616334792e+04 1.010711739860775671e+00
6.075605251622395008e+04 1.003199450695097417e+00
6.075605277628454496e+04 9.940676245941254541e-01
6.075605303634514712e+04 9.972013257731685565e-01
6.075605329640574200e+04 1.004481351920711418e+00
6.075605355646635144e+04 1.004202113627571169e+00
6.075605381652694632e+04 9.949261179306978509e-01
6.075605407658754848e+04 9.994242518445340950e-01
6.075605433664814336e+04 9.982616731419231559e-01
6.075605459670873825e+04 1.007526229732774725e+00
6.075605485676934040e+04 9.971739493340116001e-01
6.075605511682993529e+04 1.006910742354202748e+00
6.075605537689054472e+04 9.990373521207692731e-01
6.075605563695113960e+04 1.009140646579528955e+00
6.075605589701174176e+04 9.934933657875425483e-01
6.075605615707233665e+04 1.003367394636963672e+00
6.075605641713293880e+04 1.002617275899447824e+00
6.075605667719354096e+04 9.967700309000345760e-01
6.075605693725413585e+04 9.996159551801582221e-01
6.075605719731473800e+04 9.973472891504772120e-01
6.075605745737533289e+04 1.006034997495147687e+00
6.075605771743593505e+04 1.005747369942515679e+00
6.075605797749652993e+04 1.003912192888444466e+00
6.075605823755713209e+04 1.006646342036379149e+00
6.075605849761773425e+04 9.969818066026742143e-01
6.075605875767832913e+04 9.893627109528114749e-01
6.075605901773893129e+04 1.004692150782855009e+00
6.075605927779953345e+04 9.958834627985946319e-01
6.075606082322710427e+04 1.001633669515381575e+00
6.075606108328780829e+04 1.000806764931244874e+00
6.075606134334851231e+04 9.965510786162394830e-01
6.075606160340922361e+04 1.004110794455147282e+00
6.075606186346992035e+04 1.006961547757958986e+00
6.075606212353063165e+04 1.001711202454941940e+00
6.075606238359133567e+04 1.002513078523055823e+00
6.075606264365204697e+04 1.003168483062859551e+00
6.075606290371275099e+04 1.005909109613034591e+00
6.075606316377345502e+04 1.008393800316943922e+00
6.075606342383415904e+04 1.010208331639765200e+00
6.075606368389486306e+04 1.004980075680666163e+00
6.075606394395557436e+04 1.003021320189909193e+00
6.075606420401627838e+04 1.007976846382300229e+00
6.075606446407698240e+04 9.990170996449291296e-01
6.075606472413768643e+04 1.003365900206639960e+00
6.075606498419839772e+04 1.001355788329437502e+00
6.075606524425910175e+04 1.001593833857565841e+00
6.075606550431981304e+04 9.943019228807056242e-01
6.075606576438050979e+04 9.999580402550962699e-01
6.075606602444122109e+04 1.008222683701653688e+00
6.075606628450192511e+04 1.003535452758689273e+00
6.075606654456262913e+04 1.002754319489792323e+00
6.075606680462333316e+04 1.003402131154519594e+00
6.075606706468404445e+04 9.943070458093794528e-01
6.075606732474474848e+04 1.000377008640358500e+00
6.075606758480545250e+04 1.000251555818957305e+00
6.075606784486615652e+04 9.944738862396294010e-01
6.075606810492686054e+04 1.000042071218950168e+00
6.075606836498757184e+04 1.006507526743600112e+00
6.075606862504827586e+04 1.006345539672514500e+00
6.075606888510898716e+04 9.946925281553493647e-01
6.075606914516968391e+04 1.003526424967737363e+00
6.075606940523039520e+04 1.003149759691080112e+00
6.075606966529109923e+04 1.002598233989568932e+00
6.075606992535180325e+04 1.009552687473890931e+00
6.075607018541250727e+04 9.939136972832933736e-01
6.075607044547321857e+04 1.003781881235411344e+00
6.075607070553392259e+04 1.002645022056930735e+00
6.075607096559463389e+04 9.992140895579983972e-01
6.075607122565533064e+04 1.001639809348985333e+00
6.075607148571604193e+04 9.987215222979922702e-01
6.075607174577674596e+04 9.982444472835577676e-01
6.075607200583745725e+04 1.003506702324140853e+00
6.075607226589816128e+04 1.006503375715476212e+00
6.075607252595886530e+04 1.005412470784572854e+00
6.075607278601956932e+04 1.003928181163897593e+00
6.075607304608028062e+04 1.004487891423768708e+00
6.075607330614097737e+04 1.004185720584434671e+00
6.075607356620169594e+04 1.004482089973016246e+00
6.075607382626239269e+04 1.000059672623245799e+00
6.075607408632310398e+04 9.940270713800062330e-01
6.075607434638380801e+04 1.009216583323577554e+00
6.075607460644451203e+04 9.970826998642970951e-01
6.075607486650521605e+04 9.992790921669839621e-01
6.075607512656592735e+04 9.970280752004466729e-01
6.075607538662663137e+04 1.001214734893852931e+00
6.075607564668734267e+04 9.950043766922316291e-01
6.075607590674803942e+04 1.002414788047514049e+00
6.075607616680875071e+04 1.013590681625212708e+00
6.075607642686945474e+04 1.003674980533232564e+00
6.075607668693016603e+04 9.984984932877273289e-01
6.075607694699087006e+04 9.983588585135644289e-01
6.075607720705157408e+04 1.002927240215521154e+00
6.075607746711227810e+04 1.002033317326554984e+00
6.075607772717298940e+04 1.003261324419850720e+00
6.075607798723368614e+04 1.008954725126072427e+00
6.075607824729439744e+04 9.962831306247198482e-01
6.075607850735510146e+04 9.952661434280570818e-01
6.075607876741581276e+04 9.967746880238425033e-01
6.075607902747651679e+04 1.001949977941263725e+00
6.075607928753722081e+04 1.001882652823856912e+00
6.075607954759792483e+04 9.974815695470352628e-01
6.075607980765863613e+04 1.007109441229275593e+00
6.075608006771934015e+04 9.971058688885647836e-01
6.075608032778005145e+04 1.006026167882698941e+00
6.075608058784074819e+04 1.010311239428987928e+00
6.075608084790145949e+04 1.005728926531742840e+00
6.075608110796216351e+04 1.008707632257538789e+00
6.075608136802286754e+04 1.004561664733921056e+00
6.075608162808357156e+04 1.000472712436108358e+00
6.075608188814428286e+04 1.009844001522888668e+00
6.075608214820498688e+04 1.004728461800719286e+00
6.075608240826569818e+04 9.980762372718038344e-01
6.075608266832639492e+04 1.002645301113049392e+00
6.075608292838710622e+04 9.952955738441038314e-01
6.075608318844781024e+04 1.003081807383022328e+00
6.075608344850852154e+04 1.002076086773938890e+00
6.075608370856922556e+04 1.000645584544870736e+00
6.075608396862992959e+04 1.002480730092812022e+00
6.075608422869064088e+04 9.947523148456669517e-01
6.075608448875134491e+04 1.009089446260627687e+00
6.075608474881204893e+04 1.005278514248629129e+00
6.075608500887276023e+04 9.923116815746800823e-01
6.075608526893346425e+04 9.952031821420912472e-01
6.075608552899416827e+04 1.006670604219422227e+00
6.075608578905487957e+04 9.982585306429695438e-01
6.075608604911557632e+04 1.006808182423635678e+00
6.075608630917628761e+04 9.996939824648112261e-01
6.075608656923699164e+04 9.960136896572194809e-01
6.075608682929770293e+04 9.965919595455970947e-01
6.075608708935840696e+04 1.003600114684391809e+00
6.075608734941911098e+04 9.948177645784902490e-01
6.075608760947981500e+04 1.002548606541768361e+00
6.075608786954052630e+04 9.953319338269462913e-01
6.075608812960123760e+04 1.002525522040381256e+00
6.075608838966194162e+04 9.948504657260756057e-01
6.075608864972264564e+04 9.944508971413941190e-01
6.075608890978334966e+04 9.834335564735887658e-01
6.075608916984406096e+04 1.003185028771352183e+00
6.075609076569380704e+04 9.967396684162893594e-01
6.075609102575441648e+04 1.001551695658172703e+00
6.075609128581501136e+04 1.008267691053962301e+00
6.075609154587561352e+04 1.003254344534576736e+00
6.075609180593621568e+04 1.007740885611369874e+00
6.075609206599681784e+04 9.955534253834794622e-01
6.075609232605741272e+04 1.009585967966508901e+00
6.075609258611801488e+04 1.000122445519883607e+00
6.075609284617860976e+04 9.996801179642238466e-01
6.075609310623921192e+04 9.902264944546012027e-01
6.075609336629981408e+04 1.003566381549560571e+00
6.075609362636040896e+04 9.964926121200797793e-01
6.075609388642101840e+04 1.005175841976660989e+00
6.075609414648161328e+04 1.000790592955943303e+00
6.075609440654221544e+04 1.003273764150467429e+00
6.075609466660281760e+04 9.959104116717557575e-01
6.075609492666341976e+04 9.987116678832205219e-01
6.075609518672402191e+04 1.003739845267183295e+00
6.075609544678461680e+04 1.002053316080137035e+00
6.075609570684521896e+04 1.004477632749505300e+00
6.075609596690581384e+04 1.002435895470451088e+00
6.075609622696641600e+04 9.977906908645316486e-01
6.075609648702701088e+04 9.964406479305817355e-01
6.075609674708762032e+04 1.004546334624687010e+00
6.075609700714822247e+04 1.001114964919230799e+00
6.075609726720881736e+04 1.003665750710085236e+00
6.075609752726942679e+04 1.000334112241257012e+00
6.075609778733002167e+04 1.002371657868346366e+00
6.075609804739062383e+04 9.991140235439118777e-01
6.075609830745121872e+04 9.976289140664850175e-01
6.075609856751182087e+04 9.888336288000334484e-01
6.075609882757242303e+04 9.993144135482259216e-01
6.075609908763301792e+04 1.004720407605449672e+00
6.075609934769362008e+04 1.003884769530916765e+00
6.075609960775422223e+04 1.004419376420615295e+00
6.075609986781482439e+04 1.000850139755710133e+00
6.075610012787541928e+04 9.949701312178474977e-01
6.075610038793602143e+04 1.000785502319779807e+00
6.075610064799663087e+04 9.967664041622966709e-01
6.075610090805722575e+04 1.002905971161196064e+00
6.075610116811782791e+04 9.968388788509705556e-01
6.075610142817842279e+04 1.000424900544697238e+00
6.075610168823902495e+04 9.955683241414438056e-01
6.075610194829962711e+04 9.946753058355924937e-01
6.075610220836022199e+04 1.006006461411131925e+00
6.075610246842083143e+04 1.000616054492917906e+00
6.075610272848142631e+04 1.005913203716275239e+00
6.075610298854202847e+04 1.000648988934892625e+00
6.075610324860263063e+04 9.988743447485817217e-01
6.075610350866323279e+04 1.010317828831227116e+00
6.075610376872383495e+04 1.000184102144398457e+00
6.075610402878442983e+04 9.973499936568890334e-01
6.075610428884503199e+04 1.004790270361580529e+00
6.075610454890563415e+04 1.004115619049477548e+00
6.075610480896622903e+04 1.008525712450970779e+00
6.075610506902683119e+04 9.998453537122933277e-01
6.075610532908743335e+04 9.986641177213292364e-01
6.075610558914803551e+04 1.008004491849003204e+00
6.075610584920863766e+04 1.006111151938499537e+00
6.075610610926923255e+04 9.942918536961009579e-01
6.075610636932984198e+04 1.000145587682559345e+00
6.075610662939043686e+04 9.922101340170071948e-01
6.075610688945103902e+04 1.002938580394638679e+00
6.075610714951164118e+04 9.963440607558086137e-01
6.075610740957223607e+04 1.006612401185432937e+00
6.075610766963283822e+04 1.005310066187548479e+00
6.075610792969343311e+04 1.000211716542306561e+00
6.075610818975403527e+04 9.962879762343180845e-01
6.075610844981464470e+04 9.921057742838221838e-01
6.075610870987523958e+04 1.000391751818548114e+00
6.075610896993584174e+04 1.004184984792255708e+00
6.075610922999644390e+04 9.968757816608286859e-01
6.075610949005704606e+04 1.002127125680504882e+00
6.075610975011764822e+04 1.008730493305213471e+00
6.075611001017824310e+04 9.961274190450342125e-01
6.075611027023884526e+04 9.979215954911199171e-01
6.075611053029944742e+04 9.988420991594411102e-01
6.075611079036004230e+04 1.000017473985813421e+00
6.075611105042064446e+04 9.951217475036620019e-01
6.075611131048124662e+04 9.995332297132796251e-01
6.075611157054184878e+04 9.949903062863143521e-01
6.075611183060245094e+04 9.898412620968952691e-01
6.075611209066305310e+04 9.985224153348192244e-01
6.075611235072365525e+04 1.003904554748521472e+00
6.075611261078425741e+04 9.995358699419878423e-01
6.075611287084485230e+04 9.932724181744724268e-01
6.075611313090545445e+04 9.962313102923093799e-01
6.075611339096604934e+04 1.002792932701655593e+00
6.075611365102665150e+04 1.003890666965119305e+00
6.075611391108725365e+04 1.004055048100249259e+00
6.075611417114785581e+04 1.003743425874788819e+00
6.075611443120845797e+04 1.000015771747645221e+00
6.075611469126906013e+04 9.988866488499511531e-01
6.075611495132966229e+04 9.896690457748876790e-01
6.075611521139026445e+04 1.006633353537421893e+00
6.075611547145085933e+04 9.929924772388004639e-01
6.075611573151146149e+04 9.948066972806413055e-01
6.075611599157206365e+04 9.984509935229098909e-01
6.075611625163265853e+04 1.001919598840580905e+00
6.075611651169326069e+04 9.996399418585385499e-01
6.075611677175386285e+04 9.976931998107781974e-01
6.075611703181446501e+04 1.007180518497097887e+00
6.075611729187506717e+04 1.003267172979930510e+00
6.075611755193566933e+04 9.966108268188043073e-01
6.075611781199626421e+04 1.000954942961094662e+00
6.075611807205687364e+04 1.001020473863780014e+00
6.075611833211747580e+04 9.949190485681398410e-01
6.075611859217807068e+04 9.954877746081687295e-01
6.075611885223867284e+04 9.922190638993374501e-01
6.075611911229926773e+04 9.934017372577335081e-01
6.075612077117233275e+04 9.947740536626415997e-01
6.075612103123303677e+04 9.988836435781646150e-01
6.075612129129374080e+04 9.991459448058377379e-01
6.075612155135445209e+04 1.002629002853199003e+00
6.075612181141516339e+04 9.964190184956782659e-01
6.075612207147586741e+04 1.007397235602534025e+00
6.075612233153657144e+04 1.003958826424117046e+00
6.075612259159728274e+04 1.000619517718275064e+00
6.075612285165798676e+04 1.007093522896774784e+00
6.075612311171869806e+04 1.006785000711586830e+00
6.075612337177940935e+04 9.861067965546039815e-01
6.075612363184010610e+04 9.992113956196423397e-01
6.075612389190081740e+04 9.953570986732539483e-01
6.075612415196152870e+04 9.926235356456076797e-01
6.075612441202222544e+04 9.977486033036995217e-01
6.075612467208293674e+04 1.006199434604993836e+00
6.075612493214364804e+04 9.907111582844961850e-01
6.075612519220435206e+04 1.002736409668177231e+00
6.075612545226506336e+04 9.981521641985401372e-01
6.075612571232576738e+04 1.007149130384373148e+00
6.075612597238647140e+04 1.003775834855272331e+00
6.075612623244718270e+04 1.002045025279618251e+00
6.075612649250789400e+04 9.944673592287117669e-01
6.075612675256859802e+04 1.006051787503380313e+00
6.075612701262930204e+04 1.004508468552276046e+00
6.075612727269001334e+04 9.973769108074996836e-01
6.075612753275071736e+04 9.965872869956181601e-01
6.075612779281142139e+04 1.000008605767304104e+00
6.075612805287213268e+04 9.959845581059576514e-01
6.075612831293283671e+04 1.001553610500744540e+00
6.075612857299354800e+04 1.000709068772845933e+00
6.075612883305425930e+04 1.001567446006980333e+00
6.075612909311495605e+04 9.986896458787070108e-01
6.075612935317566735e+04 9.983739798047446268e-01
6.075612961323637865e+04 1.002786055635346729e+00
6.075612987329708267e+04 1.004980420930958296e+00
6.075613013335779397e+04 9.994814407303612702e-01
6.075613039341849799e+04 9.940651985064850038e-01
6.075613065347920201e+04 1.001996928529071518e+00
6.075613091353991331e+04 9.894587304031424724e-01
6.075613117360061733e+04 1.003611443610414433e+00
6.075613143366133590e+04 9.990784114916808623e-01
6.075613169372203265e+04 9.989689860004302702e-01
6.075613195378274395e+04 1.000291143613959211e+00
6.075613221384345525e+04 1.001156298685749846e+00
6.075613247390415199e+04 9.969400100969012524e-01
6.075613273396486329e+04 1.000027606702451388e+00
6.075613299402557459e+04 1.002813769684859802e+00
6.075613325408627861e+04 1.006772231373690651e+00
6.075613351414698991e+04 9.993906869799963344e-01
6.075613377420769393e+04 1.004574750331201027e+00
6.075613403426840523e+04 9.971876516046140893e-01
6.075613429432910925e+04 1.003206472370432145e+00
6.075613455438982055e+04 1.002643972323021604e+00
6.075613481445053185e+04 1.000533948987597066e+00
6.075613507451122859e+04 1.005802088977837183e+00
6.075613533457193989e+04 9.980337952388272926e-01
6.075613559463265119e+04 9.985053966892594168e-01
6.075613585469334794e+04 9.977198232396108368e-01
6.075613611475405924e+04 9.981435560225891956e-01
6.075613637481477053e+04 1.004689848326745460e+00
6.075613663487548183e+04 1.004983076334703851e+00
6.075613689493618585e+04 1.003397626534009657e+00
6.075613715499688988e+04 9.986435723340805204e-01
6.075613741505760117e+04 1.013080685240189682e+00
6.075613767511830520e+04 9.984260526536236080e-01
6.075613793517901649e+04 9.980690853328402223e-01
6.075613819523972779e+04 9.969676426803276703e-01
6.075613845530043181e+04 1.003049089847890318e+00
6.075613871536113584e+04 9.992723271074915870e-01
6.075613897542184714e+04 9.989900999520711089e-01
6.075613923548255116e+04 1.001881756673140833e+00
6.075613949554325518e+04 1.008103641164656450e+00
6.075613975560396648e+04 1.013010308432855222e+00
6.075614001566467778e+04 1.010071882295926038e+00
6.075614027572538907e+04 1.002454841683238396e+00
6.075614053578608582e+04 1.006446323321429581e+00
6.075614079584679712e+04 1.006817007423483901e+00
6.075614105590750842e+04 9.988845522577111113e-01
6.075614131596821244e+04 1.003399590515868134e+00
6.075614157602892374e+04 1.001300950597283856e+00
6.075614183608962776e+04 1.007395127386765843e+00
6.075614209615033906e+04 1.007101433178868355e+00
6.075614235621104308e+04 1.006472773217261585e+00
6.075614261627174710e+04 1.001258011708675788e+00
6.075614287633246568e+04 1.004610864106662449e+00
6.075614313639316970e+04 9.983287120899286826e-01
6.075614339645387372e+04 1.000643890183725571e+00
6.075614365651458502e+04 1.004873469748355452e+00
6.075614391657528904e+04 9.957678655299372350e-01
6.075614417663600034e+04 9.920469307913077905e-01
6.075614443669670436e+04 1.004124913881887737e+00
6.075614469675741566e+04 1.004744461957603807e+00
6.075614495681812696e+04 9.987099330564256361e-01
6.075614521687882370e+04 9.947347593080834161e-01
6.075614547693953500e+04 1.000133003259896958e+00
6.075614573700024630e+04 9.989705802471187113e-01
6.075614599706095760e+04 1.003546087229460815e+00
6.075614625712166162e+04 1.007267798015407889e+00
6.075614651718236564e+04 9.976813584444712557e-01
6.075614677724307694e+04 9.954345772094047584e-01
6.075614703730378824e+04 1.000502412051339496e+00
6.075614729736448498e+04 1.005365798685143197e+00
6.075614755742519628e+04 1.005890217759167315e+00
6.075614781748590758e+04 9.968928969674343277e-01
6.075614807754661888e+04 1.010267447295489340e+00
6.075614833760732290e+04 1.001341981509414225e+00
6.075614859766802692e+04 1.000518108656736516e+00
6.075614885772873822e+04 9.923887445552482811e-01
6.075614911778944952e+04 1.004775566919183349e+00
