6.075547523418369383e+04 1.000636331201304685e+00
6.075547549424438330e+04 9.953321264590215822e-01
6.075547575430508005e+04 9.983342110256973045e-01
6.075547601436576224e+04 9.994024140970552139e-01
6.075547627442645899e+04 9.957061484914482286e-01
6.075547653448714846e+04 9.963085723142999228e-01
6.075547679454784520e+04 9.991057775241954930e-01
6.075547705460853467e+04 1.005425281121316017e+00
6.075547731466922414e+04 1.005298249345009554e+00
6.075547757472991361e+04 1.001921997312770873e+00
6.075547783479061036e+04 1.002979992902272466e+00
6.075547809485129255e+04 9.977010916849485822e-01
6.075547835491198930e+04 9.973663093850254624e-01
6.075547861497267877e+04 9.961630104778416150e-01
6.075547887503337552e+04 1.003025583048855474e+00
6.075547913509406499e+04 9.947517116057459363e-01
6.075547939515475446e+04 9.996412370562671734e-01
6.075547965521544393e+04 1.005087381853653428e+00
6.075547991527614067e+04 1.009299431778208467e+00
6.075548017533683014e+04 1.002804960298590453e+00
6.075548043539752689e+04 1.002211253059851925e+00
6.075548069545820908e+04 1.000450797175638673e+00
6.075548095551890583e+04 1.004126397325935782e+00
6.075548121557959530e+04 1.003413581738219262e+00
6.075548147564028477e+04 9.955905242977060032e-01
6.075548173570098152e+04 1.002165784828242145e+00
6.075548199576167099e+04 1.003383793858620088e+00
6.075548225582236773e+04 1.000679610480200266e+00
6.075548251588305720e+04 1.003030718310461200e+00
6.075548277594374667e+04 9.979886313832896372e-01
6.075548303600443614e+04 1.006654691384710976e+00
6.075548329606513289e+04 1.001444228947665938e+00
6.075548355612582236e+04 1.003890970050273168e+00
6.075548381618651911e+04 1.005819592737486223e+00
6.075548407624720130e+04 9.977712072440643176e-01
6.075548433630789805e+04 1.001448810476375906e+00
6.075548459636858752e+04 1.001179522007311862e+00
6.075548485642928426e+04 9.983908093940302431e-01
6.075548511648997373e+04 9.961487178515989749e-01
6.075548537655066320e+04 1.005063241200770285e+00
6.075548563661135267e+04 1.001217959803683888e+00
6.075548589667204942e+04 9.916409293024593952e-01
6.075548615673273162e+04 1.000468431155210558e+00
6.075548641679342836e+04 9.944962143632676277e-01
6.075548667685411783e+04 9.990002149476346904e-01
6.075548693691481458e+04 1.001250815409095329e+00
6.075548719697551132e+04 1.006461939371400049e+00
6.075548745703619352e+04 9.944893859721880558e-01
6.075548771709689026e+04 1.002292483627691633e+00
6.075548797715757973e+04 1.002678363297835107e+00
6.075548823721827648e+04 1.001385151599530898e+00
6.075548849727896595e+04 9.971068343772284681e-01
6.075548875733965542e+04 1.010723258744139486e+00
6.075548901740034489e+04 1.005244796925363726e+00
6.075548927746104164e+04 9.970495268661972998e-01
6.075548953752172383e+04 9.991175922379671448e-01
6.075548979758242058e+04 9.992308297905592163e-01
6.075549005764311732e+04 9.942473953065609216e-01
6.075549031770380680e+04 1.002657214880006364e+00
6.075549057776450354e+04 9.993331631286168637e-01
6.075549083782518574e+04 9.978355316868097180e-01
6.075549109788588248e+04 9.932555408791439167e-01
6.075549135794657195e+04 9.969031782377797413e-01
6.075549161800726870e+04 1.002512246379737793e+00
6.075549187806795817e+04 9.973804825171629362e-01
6.075549213812864764e+04 9.966342032423454178e-01
6.075549239818933711e+04 1.007339036271520660e+00
6.075549265825003386e+04 1.002112049303196750e+00
6.075549291831072333e+04 9.999871235105551870e-01
6.075549317837142007e+04 9.969670625358715288e-01
6.075549343843210954e+04 9.987345807788433616e-01
6.075549369849279901e+04 1.002713462458163507e+00
6.075549395855349576e+04 1.000532651774081794e+00
6.075549421861417795e+04 1.010536129679085349e+00
6.075549447867487470e+04 1.003100768950940802e+00
6.075549473873556417e+04 1.004065703766087392e+00
6.075549499879626092e+04 1.003254857723778093e+00
6.075549525885695766e+04 9.938978449051980579e-01
6.075549551891763986e+04 1.001996300644337090e+00
6.075549577897833660e+04 1.010912661957183989e+00
6.075549603903902607e+04 1.004184137360575324e+00
6.075549629909972282e+04 1.007923569612144687e+00
6.075549655916041229e+04 9.962762613796086741e-01
6.075549681922110176e+04 1.000250165038724770e+00
6.075549707928179851e+04 1.005956451935277496e+00
6.075549733934248798e+04 9.959800311710986787e-01
6.075549759940317745e+04 1.000569140564469883e+00
6.075549785946386692e+04 9.978335953352842624e-01
6.075549811952456366e+04 1.002175817475450259e+00
6.075549837958525313e+04 9.925243503559064706e-01
6.075549863964594988e+04 9.989497492942505108e-01
6.075549889970663935e+04 1.001502791383868329e+00
6.075549915976732882e+04 9.955875325916628826e-01
6.075549941982802557e+04 9.936616523041135185e-01
6.075549967988871504e+04 9.968705122143131092e-01
6.075549993994941178e+04 9.920225792751615757e-01
6.075550020001009398e+04 9.944468985479781864e-01
6.075550046007079072e+04 9.910382385695292173e-01
6.075550072013148747e+04 1.003390978615130935e+00
6.075550098019216966e+04 9.969741470965285401e-01
6.075550124025286641e+04 9.961660655413541177e-01
6.075550150031355588e+04 9.926817315992062518e-01
6.075550176037425263e+04 1.002295609187608072e+00
6.075550202043494210e+04 1.012267440857101741e+00
6.075550228049563157e+04 9.989502776159081554e-01
6.075550254055632831e+04 9.995710275480707008e-01
6.075550280061701778e+04 1.000982403589957714e+00
6.075550306067771453e+04 9.995995745538035493e-01
6.075550332073840400e+04 1.009251403466260077e+00
6.075550358079909347e+04 1.005251104311264188e+00
6.075550513883041276e+04 9.942041495041384902e-01
6.075550539889110951e+04 1.003127542734514099e+00
6.075550565895179898e+04 9.953851545180947280e-01
6.075550591901248845e+04 1.002714528645234138e+00
6.075550617907318519e+04 1.003670621915164096e+00
6.075550643913387466e+04 9.972823188994636157e-01
6.075550669919457141e+04 9.977382991899980125e-01
6.075550695925526088e+04 9.862319079059053140e-01
6.075550721931595035e+04 1.004011681338953244e+00
6.075550747937664710e+04 9.855069949215947700e-01
6.075550773943733657e+04 1.000553158426259026e+00
6.075550799949803331e+04 9.906287194248637462e-01
6.075550825955872278e+04 9.976813269129453099e-01
6.075550851961941225e+04 9.986475996587542703e-01
6.075550877968010900e+04 1.005680027034460355e+00
6.075550903974079847e+04 9.932102562263623868e-01
6.075550929980148794e+04 9.972072289617257557e-01
6.075550955986217741e+04 9.999224973758720214e-01
6.075550981992287416e+04 9.934618080839292542e-01
6.075551007998357090e+04 9.995122421641122745e-01
6.075551034004426037e+04 1.000436931414644182e+00
6.075551060010494984e+04 9.979081601181021277e-01
6.075551086016564659e+04 9.922247357132909507e-01
6.075551112022633606e+04 1.003752972163035162e+00
6.075551138028703281e+04 1.002294719415951940e+00
6.075551164034772228e+04 9.964118886197196323e-01
6.075551190040841175e+04 9.993922196618099107e-01
6.075551216046910849e+04 9.909205836581996829e-01
6.075551242052979796e+04 9.978555514534143134e-01
6.075551268059049471e+04 1.000113845623913589e+00
6.075551294065118418e+04 9.964428063697008398e-01
6.075551320071187365e+04 9.939151640100450935e-01
6.075551346077257040e+04 9.957256224277178935e-01
6.075551372083325987e+04 1.010734871344765473e+00
6.075551398089394934e+04 9.970843852034432242e-01
6.075551424095464608e+04 9.959127873860876834e-01
6.075551450101533555e+04 9.940727319636497583e-01
6.075551476107603230e+04 9.949356446605006621e-01
6.075551502113672177e+04 9.962597883788365527e-01
6.075551528119741124e+04 9.944416218360816462e-01
6.075551554125810799e+04 1.003239041535743281e+00
6.075551580131879746e+04 9.944242221992182218e-01
6.075551606137949420e+04 9.970326986489659316e-01
6.075551632144019095e+04 9.963740362788869875e-01
6.075551658150087314e+04 9.964164532610831904e-01
6.075551684156156989e+04 9.982609169223236600e-01
6.075551710162226664e+04 9.991667504488013218e-01
6.075551736168294883e+04 1.005480436312500947e+00
6.075551762174364558e+04 9.876415461248794214e-01
6.075551788180433505e+04 9.959348420040181615e-01
6.075551814186503179e+04 9.987693636761922900e-01
6.075551840192572854e+04 9.939325138132185655e-01
6.075551866198641073e+04 9.956304965606859181e-01
6.075551892204710748e+04 1.001511621252887840e+00
6.075551918210780423e+04 1.000282552601260866e+00
6.075551944216849370e+04 1.002106460094737361e+00
6.075551970222919044e+04 9.957770759671442651e-01
6.075551996228987991e+04 9.993189804106805685e-01
6.075552022235056938e+04 9.974390792688474505e-01
6.075552048241126613e+04 9.889277807362893968e-01
6.075552074247194832e+04 9.903421048558407325e-01
6.075552100253265235e+04 9.974935661130126530e-01
6.075552126259334182e+04 1.004792430843800322e+00
6.075552152265403129e+04 9.930054550700992966e-01
6.075552178271472803e+04 9.927719513050121680e-01
6.075552204277541750e+04 1.004935177727968254e+00
6.075552230283610697e+04 1.006046420303664313e+00
6.075552256289680372e+04 9.978695810923163823e-01
6.075552282295750047e+04 9.899837082440950953e-01
6.075552308301818994e+04 9.962898714675428868e-01
6.075552334307887941e+04 9.862491389051945001e-01
6.075552360313957615e+04 9.859330760246914904e-01
6.075552386320026562e+04 9.949214154563128520e-01
6.075552412326096237e+04 9.940721592390648897e-01
6.075552438332165912e+04 9.988621445857086556e-01
6.075552464338234131e+04 1.003645118810005066e+00
6.075552490344303806e+04 9.882852430108838293e-01
6.075552516350373480e+04 1.010007830493905079e+00
6.075552542356441700e+04 1.011074277266518662e+00
6.075552568362511374e+04 9.972263201442386205e-01
6.075552594368581049e+04 9.976597887213102256e-01
6.075552620374649996e+04 1.002591325900116015e+00
6.075552646380719671e+04 9.969985093926694297e-01
6.075552672386788618e+04 1.006309673608969835e+00
6.075552698392857565e+04 9.960257040613603730e-01
6.075552724398927239e+04 9.920599515825474501e-01
6.075552750404996914e+04 1.000951396165511431e+00
6.075552776411065861e+04 9.928421882963309741e-01
6.075552802417134808e+04 9.942523108453144021e-01
6.075552828423204483e+04 9.977632665104748666e-01
6.075552854429273430e+04 9.956569608961864937e-01
6.075552880435342377e+04 9.979965286115304313e-01
6.075552906441412051e+04 9.874482729959651595e-01
6.075552932447480998e+04 9.905745129155331119e-01
6.075552958453550673e+04 1.003841784766192013e+00
6.075552984459620347e+04 9.936004687291604132e-01
6.075553010465688567e+04 9.940974395550846721e-01
6.075553036471758242e+04 9.886967743361323446e-01
6.075553062477827916e+04 9.857737361076274185e-01
6.075553088483896863e+04 9.984607933131952606e-01
6.075553114489966538e+04 9.902711965006856243e-01
6.075553140496035485e+04 9.933983169928383150e-01
6.075553166502104432e+04 9.932934344119423997e-01
6.075553192508174106e+04 1.002087296978766640e+00
6.075553218514243054e+04 1.001928765124194598e+00
6.075553244520312728e+04 9.953877469812144607e-01
6.075553270526381675e+04 9.982642538475922089e-01
6.075553296532451350e+04 1.005882235691880844e+00
6.075553322538520297e+04 9.936944524599331530e-01
6.075553348544589244e+04 9.965279127315984642e-01
6.075553503087646095e+04 9.986581331248972626e-01
6.075553529093715770e+04 9.999278526560541058e-01
6.075553555099784717e+04 1.005616775037684985e+00
6.075553581105853664e+04 1.000377698084707445e+00
6.075553607111923338e+04 9.994264834640675943e-01
6.075553633117992285e+04 9.952986202163067730e-01
6.075553659124061960e+04 9.923198189123135782e-01
6.075553685130131635e+04 9.960794381925630603e-01
6.075553711136199854e+04 9.970911975864924504e-01
6.075553737142269529e+04 1.003107606984654954e+00
6.075553763148339203e+04 1.002837801570561016e+00
6.075553789154408878e+04 1.005210512942727119e+00
6.075553815160477825e+04 9.920012863664247060e-01
6.075553841166546772e+04 9.953097388934569745e-01
6.075553867172616447e+04 1.000150217420309628e+00
6.075553893178685394e+04 9.923922899054081759e-01
6.075553919184754341e+04 9.933296097291658411e-01
6.075553945190824015e+04 9.982404954666636021e-01
6.075553971196892962e+04 1.004823425319178565e+00
6.075553997202962637e+04 9.968364758224657063e-01
6.075554023209032312e+04 1.001718658161300457e+00
6.075554049215101259e+04 9.969804920850982022e-01
6.075554075221170206e+04 9.980202850169207496e-01
6.075554101227239880e+04 9.982325772117363050e-01
6.075554127233309555e+04 9.989395559575597883e-01
6.075554153239378502e+04 1.001625639631498199e+00
6.075554179245447449e+04 1.008098946407141483e+00
6.075554205251517124e+04 1.005089396015440562e+00
6.075554231257586798e+04 1.006393654677100180e+00
6.075554257263655018e+04 9.975462793767340131e-01
6.075554283269725420e+04 1.000894649745718734e+00
6.075554309275794367e+04 9.984936373358735962e-01
6.075554335281863314e+04 9.952802602134482868e-01
6.075554361287932988e+04 1.005904297461116537e+00
6.075554387294001936e+04 9.906879515376947332e-01
6.075554413300071610e+04 1.000137532637712656e+00
6.075554439306140557e+04 9.967671759151013333e-01
6.075554465312210232e+04 9.968364803952456388e-01
6.075554491318279906e+04 1.002838026262238280e+00
6.075554517324348853e+04 1.004356066461588481e+00
6.075554543330417800e+04 1.000857138318472783e+00
6.075554569336487475e+04 1.003351723468734358e+00
6.075554595342557150e+04 1.000019023537370488e+00
6.075554621348626097e+04 9.998768857819186895e-01
6.075554647354695044e+04 9.942477215281316782e-01
6.075554673360764718e+04 1.006989574559192802e+00
6.075554699366834393e+04 1.002521647788000347e+00
6.075554725372902612e+04 1.005089933002781155e+00
6.075554751378972287e+04 9.996168350698294569e-01
6.075554777385041962e+04 1.004895184530902208e+00
6.075554803391111636e+04 1.006825761432714295e+00
6.075554829397180583e+04 9.975469740871869551e-01
6.075554855403249530e+04 1.000809300701101856e+00
6.075554881409319205e+04 1.004742827401800875e+00
6.075554907415388152e+04 1.002855305183460777e+00
6.075554933421457827e+04 9.921422759944045211e-01
6.075554959427527501e+04 1.004046223744407218e+00
6.075554985433596448e+04 1.000987692442256716e+00
6.075555011439665395e+04 1.001410277110889036e+00
6.075555037445735070e+04 1.005240029656195855e+00
6.075555063451804017e+04 9.983573131394081202e-01
6.075555089457873692e+04 1.001458779498519691e+00
6.075555115463942639e+04 1.000920879283433873e+00
6.075555141470012313e+04 1.000874839103104375e+00
6.075555167476081988e+04 9.990035258190073097e-01
6.075555193482150935e+04 1.012475670210670975e+00
6.075555219488219882e+04 9.914324502096669711e-01
6.075555245494289557e+04 1.003934669235197141e+00
6.075555271500359231e+04 9.995098423512778218e-01
6.075555297506428906e+04 9.880432941932398849e-01
6.075555323512497125e+04 1.000055290678846909e+00
6.075555349518566800e+04 9.994158897065180680e-01
6.075555375524636474e+04 9.953655004324427624e-01
6.075555401530705421e+04 9.934409185488080052e-01
6.075555427536775096e+04 9.999912436613453970e-01
6.075555453542844043e+04 1.000225034832293636e+00
6.075555479548913718e+04 9.960933806689721282e-01
6.075555505554983392e+04 1.005256887237514274e+00
6.075555531561051612e+04 9.995737650290835719e-01
6.075555557567121286e+04 1.001717824840069548e+00
6.075555583573190961e+04 1.000994129558110401e+00
6.075555609579260636e+04 9.952479055037357636e-01
6.075555635585329583e+04 1.002643325617260883e+00
6.075555661591398530e+04 1.007822253891099473e+00
6.075555687597468204e+04 1.004590672796118911e+00
6.075555713603537879e+04 1.001672795162121821e+00
6.075555739609607554e+04 1.001932483682050234e+00
6.075555765615676501e+04 1.005197334625432815e+00
6.075555791621745448e+04 9.952100214042436388e-01
6.075555817627815122e+04 9.995696119183277162e-01
6.075555843633884797e+04 1.010261748567004458e+00
6.075555869639953016e+04 9.981726565799711182e-01
6.075555895646022691e+04 1.003242676263881972e+00
6.075555921652092366e+04 1.004313641187038808e+00
6.075555947658162040e+04 1.008365569155861508e+00
6.075555973664230987e+04 9.952924298194355535e-01
6.075555999670299934e+04 9.949642309636252957e-01
6.075556025676369609e+04 1.002776741199889576e+00
6.075556051682439283e+04 9.993342961974414074e-01
6.075556077688508958e+04 1.002730126908574437e+00
6.075556103694577905e+04 1.005128005584960738e+00
6.075556129700646852e+04 1.012602657778387538e+00
6.075556155706716527e+04 1.007638711548415555e+00
6.075556181712786201e+04 1.000458135494102008e+00
6.075556207718854421e+04 9.947551428862182465e-01
6.075556233724924095e+04 1.011961211337475186e+00
6.075556259730993770e+04 1.002896411341755112e+00
6.075556285737063445e+04 1.001338841538848001e+00
6.075556311743133119e+04 9.970204601204470940e-01
6.075556337749201339e+04 1.003351950820525529e+00
6.075556504896522529e+04 9.945138480392509139e-01
6.075556530902591476e+04 1.005576100887341173e+00
6.075556556908661150e+04 9.986927667568711309e-01
6.075556582914730097e+04 1.001717589535146224e+00
6.075556608920799772e+04 1.008740154596404093e+00
6.075556634926869447e+04 9.979541936937745827e-01
6.075556660932938394e+04 1.012175941525976564e+00
6.075556686939008068e+04 1.002660830054540542e+00
6.075556712945077015e+04 9.965401334142527379e-01
6.075556738951146690e+04 1.006190662422596693e+00
6.075556764957216365e+04 1.001222253421973241e+00
6.075556790963285312e+04 1.008440653738330806e+00
6.075556816969354986e+04 9.956277126212995654e-01
6.075556842975423933e+04 1.007679029317711583e+00
6.075556868981492880e+04 9.999759020883166594e-01
6.075556894987563282e+04 9.995289861694839351e-01
6.075556920993632230e+04 9.973375220897836568e-01
6.075556946999701904e+04 1.006341488269290929e+00
6.075556973005770851e+04 9.996644288464170414e-01
6.075556999011839798e+04 1.000846392408324403e+00
6.075557025017909473e+04 1.016316391910711214e+00
6.075557051023979147e+04 9.981215906782469061e-01
6.075557077030048822e+04 9.946333853267063096e-01
6.075557103036117769e+04 9.989291611654367298e-01
6.075557129042186716e+04 1.002191837850322287e+00
6.075557155048256391e+04 1.009508253395204003e+00
6.075557181054326065e+04 9.943111978166854215e-01
6.075557207060395740e+04 1.001742774852369067e+00
6.075557233066464687e+04 1.003607535825579822e+00
6.075557259072533634e+04 9.989917055256410938e-01
6.075557285078603309e+04 9.992661752099870620e-01
6.075557311084672983e+04 1.004378161939232905e+00
6.075557337090741930e+04 9.998784881304575434e-01
6.075557363096811605e+04 9.973831552028220582e-01
6.075557389102880552e+04 1.002732454365138581e+00
6.075557415108950227e+04 9.996481817060205444e-01
6.075557441115019901e+04 9.994858325484486938e-01
6.075557467121088848e+04 1.000899114564612447e+00
6.075557493127158523e+04 1.009516149856354739e+00
6.075557519133227470e+04 1.022499242328952729e+00
6.075557545139297144e+04 1.001646426659662303e+00
6.075557571145366819e+04 1.009338354068887167e+00
6.075557597151435766e+04 1.009343729509238008e+00
6.075557623157505441e+04 1.001853462034127062e+00
6.075557649163575115e+04 1.001357851227109297e+00
6.075557675169643335e+04 1.001561270140111315e+00
6.075557701175713009e+04 9.989026903865960705e-01
6.075557727181782684e+04 9.992256086737594245e-01
6.075557753187852359e+04 1.003267385367943465e+00
6.075557779193922033e+04 9.953284496728149744e-01
6.075557805199990980e+04 1.002039237581003883e+00
6.075557831206059927e+04 9.922064362680855787e-01
6.075557857212129602e+04 1.006336135473629767e+00
6.075557883218199277e+04 1.006125448738305339e+00
6.075557909224268951e+04 1.000265483048086379e+00
6.075557935230337898e+04 1.001700272621151466e+00
6.075557961236407573e+04 9.938146922133276329e-01
6.075557987242476520e+04 1.003718587476652324e+00
6.075558013248546195e+04 1.001019690329169709e+00
6.075558039254615869e+04 1.000580833766767652e+00
6.075558065260684816e+04 1.006948051696375357e+00
6.075558091266754491e+04 9.988334672762884114e-01
6.075558117272824165e+04 9.985754249918683545e-01
6.075558143278892385e+04 9.996487392718443887e-01
6.075558169284962059e+04 1.001481354064885254e+00
6.075558195291031734e+04 1.004113931886314148e+00
6.075558221297101409e+04 9.970803132142561642e-01
6.075558247303171083e+04 9.973994723243357896e-01
6.075558273309240030e+04 1.004303922508491764e+00
6.075558299315309705e+04 9.990494066355269931e-01
6.075558325321378652e+04 9.969612923088171375e-01
6.075558351327448327e+04 1.006936847320872408e+00
6.075558377333518001e+04 9.971168265147232201e-01
6.075558403339586948e+04 1.000552593019024661e+00
6.075558429345656623e+04 1.002018702232199798e+00
6.075558455351726298e+04 9.987057324855411755e-01
6.075558481357794517e+04 1.002750204431618997e+00
6.075558507363864192e+04 9.928138032251273559e-01
6.075558533369933866e+04 9.971647049083158798e-01
6.075558559376003541e+04 1.008526137375672649e+00
6.075558585382073215e+04 9.991805885256106468e-01
6.075558611388142162e+04 1.002092170219935685e+00
6.075558637394211837e+04 1.000867673045599870e+00
6.075558663400280784e+04 1.005605214217831556e+00
6.075558689406350459e+04 1.009613135217222180e+00
6.075558715412420133e+04 1.002478861105462915e+00
6.075558741418489080e+04 1.005223963967688761e+00
6.075558767424558755e+04 9.975302024013090740e-01
6.075558793430628430e+04 1.001255366837284999e+00
6.075558819436697377e+04 1.001722411811345692e+00
6.075558845442767051e+04 9.981838098465680709e-01
6.075558871448835998e+04 9.973108801975435478e-01
6.075558897454905673e+04 1.012050628775021055e+00
6.075558923460975348e+04 1.001585610329419174e+00
6.075558949467044295e+04 1.009760118778771032e+00
6.075558975473113969e+04 9.982505058492368022e-01
6.075559001479183644e+04 1.006323891533143389e+00
6.075559027485253318e+04 9.974624974449249892e-01
6.075559053491322265e+04 1.005869876018235853e+00
6.075559079497391212e+04 9.971211527850390999e-01
6.075559105503460887e+04 9.974217980042250353e-01
6.075559131509530562e+04 9.883977493128367486e-01
6.075559157515600236e+04 9.958246114176185770e-01
6.075559183521669911e+04 1.003753047903929163e+00
6.075559209527738858e+04 1.003890476952822519e+00
6.075559235533808533e+04 1.000169298486013769e+00
6.075559261539877480e+04 9.991794391750176141e-01
6.075559287545946427e+04 9.963696918376546696e-01
6.075559313552016101e+04 9.958843586018503169e-01
6.075559339558085776e+04 1.003924000631692959e+00
6.075559494101491873e+04 9.919611113301577410e-01
6.075559520107561548e+04 1.001055684341858099e+00
6.075559546113631222e+04 1.013429093288096272e+00
6.075559572119700897e+04 9.908195006221873768e-01
6.075559598125769844e+04 9.908237710690593891e-01
6.075559624131839519e+04 9.950063446549177737e-01
6.075559650137908466e+04 9.993819349874819569e-01
6.075559676143977413e+04 9.982938350112384729e-01
6.075559702150047087e+04 1.005667408011873043e+00
6.075559728156116762e+04 1.005559219964978324e+00
6.075559754162186437e+04 9.967071143904785435e-01
6.075559780168256111e+04 9.960980312822534932e-01
6.075559806174325058e+04 9.977885292021183572e-01
6.075559832180394733e+04 9.921859410863621553e-01
6.075559858186464407e+04 9.972626061575239342e-01
6.075559884192533355e+04 1.000930510892602321e+00
6.075559910198603029e+04 9.911989258514545265e-01
6.075559936204671976e+04 9.929107392281376621e-01
6.075559962210741651e+04 9.996680199351593021e-01
6.075559988216811325e+04 9.993037850795551957e-01
6.075560014222880272e+04 1.000410415437162026e+00
6.075560040228950675e+04 9.953160446999318456e-01
6.075560066235019622e+04 9.902516505276011127e-01
6.075560092241089296e+04 9.985125132981912399e-01
6.075560118247158971e+04 1.004033818655608368e+00
6.075560144253227918e+04 9.910558757873844105e-01
6.075560170259296865e+04 9.953203515912211197e-01
6.075560196265366540e+04 9.986300210398089128e-01
6.075560222271436214e+04 1.001516696648304894e+00
6.075560248277505889e+04 9.962722036658068214e-01
6.075560274283574836e+04 1.004920872718669145e+00
6.075560300289644510e+04 9.953335802489706730e-01
6.075560326295714185e+04 9.925081839704418263e-01
6.075560352301783860e+04 1.005141925808485714e+00
6.075560378307853534e+04 9.956118321042300989e-01
6.075560404313922481e+04 9.950580992169016925e-01
6.075560430319992156e+04 1.002114779220107499e+00
6.075560456326061831e+04 9.988940269254156235e-01
6.075560482332130050e+04 9.954006133924993005e-01
6.075560508338199725e+04 9.907554031947120032e-01
6.075560534344269399e+04 9.991474822655710408e-01
6.075560560350339074e+04 1.000932761090598255e+00
6.075560586356408749e+04 9.908537903205957287e-01
6.075560612362477696e+04 9.960607975935612535e-01
6.075560638368547370e+04 9.938293430292522990e-01
6.075560664374617045e+04 9.919391381724685930e-01
6.075560690380686719e+04 9.909735536162973535e-01
6.075560716386756394e+04 9.935526439206261440e-01
6.075560742392825341e+04 9.954052072561180298e-01
6.075560768398895016e+04 9.906198355253557075e-01
6.075560794404964690e+04 9.989303796530148993e-01
6.075560820411032910e+04 9.867606381423886797e-01
6.075560846417102584e+04 1.003801915357416696e+00
6.075560872423172259e+04 9.991905685039774720e-01
6.075560898429241934e+04 1.003461827015784680e+00
6.075560924435311608e+04 9.974814638749107676e-01
6.075560950441380555e+04 9.939221816677383803e-01
6.075560976447450230e+04 9.992277811168593926e-01
6.075561002453519905e+04 1.000845684618460352e+00
6.075561028459589579e+04 9.962259406121172223e-01
6.075561054465659254e+04 9.969497769756608951e-01
6.075561080471728201e+04 9.916578817009640279e-01
6.075561106477797875e+04 1.001812667155297598e+00
6.075561132483867550e+04 9.922106159469032960e-01
6.075561158489937225e+04 1.003500886247635560e+00
6.075561184496006899e+04 1.005480651864797403e+00
6.075561210502075846e+04 9.950697396435121966e-01
6.075561236508144793e+04 9.947267853671178939e-01
6.075561262514214468e+04 1.003874148514026343e+00
6.075561288520283415e+04 9.975897245656689671e-01
6.075561314526353090e+04 1.001259149233588275e+00
6.075561340532422764e+04 9.946280442098863750e-01
6.075561366538492439e+04 9.969548120812917746e-01
6.075561392544562113e+04 9.944216784521734409e-01
6.075561418550631060e+04 9.998245849480889014e-01
6.075561444556700735e+04 9.913719981576475382e-01
6.075561470562770410e+04 9.996026831395835588e-01
6.075561496568840084e+04 9.995629499351055269e-01
6.075561522574909759e+04 9.914692763328153413e-01
6.075561548580978706e+04 9.934396046593101381e-01
6.075561574587048381e+04 9.970641603543617393e-01
6.075561600593118055e+04 1.000635331361177549e+00
6.075561626599187002e+04 9.954265977611321814e-01
6.075561652605256677e+04 1.001721909303799229e+00
6.075561678611326352e+04 9.985682177705824669e-01
6.075561704617396026e+04 9.957108412099247019e-01
6.075561730623465701e+04 1.002726530307692210e+00
6.075561756629534648e+04 9.980968729483664648e-01
6.075561782635604322e+04 1.002722903955967526e+00
6.075561808641673269e+04 1.000463478736559830e+00
6.075561834647742944e+04 1.005838021679714700e+00
6.075561860653812619e+04 9.983333238247950048e-01
6.075561886659881566e+04 1.006815008253059140e+00
6.075561912665951240e+04 9.961478736441741200e-01
6.075561938672020915e+04 1.001862982247238243e+00
6.075561964678089862e+04 1.001242410409799000e+00
6.075561990684160264e+04 1.003063496161235246e+00
6.075562016690229211e+04 1.005322722132215629e+00
6.075562042696298886e+04 9.965979031376410724e-01
6.075562068702368560e+04 9.948457672157345888e-01
6.075562094708437508e+04 1.002105764626948670e+00
6.075562120714507182e+04 9.979388418420745976e-01
6.075562146720576857e+04 9.981294962700876239e-01
6.075562172726646531e+04 9.994830979081403832e-01
6.075562198732716206e+04 9.977849024171049352e-01
6.075562224738785153e+04 1.008827429734156178e+00
6.075562250744854828e+04 1.016885897818744722e+00
6.075562276750924502e+04 1.008405320882694634e+00
6.075562302756994177e+04 9.979305101157042168e-01
6.075562328763063852e+04 9.978221360919732330e-01
6.075562490904599690e+04 1.007680963565743326e+00
6.075562516909990518e+04 1.005609246438683213e+00
6.075562542915379890e+04 9.988729966135050375e-01
6.075562568920769263e+04 9.994052110068248895e-01
6.075562594926160091e+04 1.003314049965664090e+00
6.075562620931549463e+04 9.960085775610625358e-01
6.075562646936939564e+04 9.938393713219730863e-01
6.075562672942329664e+04 9.994086254994801743e-01
6.075562698947719036e+04 9.995394072533660967e-01
6.075562724953109864e+04 9.991709089695732793e-01
6.075562750958499237e+04 1.006554769485103806e+00
6.075562776963889337e+04 1.012608545508783209e+00
6.075562802969280165e+04 9.928478553281389063e-01
6.075562828974669537e+04 1.003146461369370801e+00
6.075562854980059637e+04 1.002167474464856767e+00
6.075562880985449738e+04 1.009536704872657786e+00
6.075562906990839110e+04 9.986963843407389296e-01
6.075562932996229938e+04 1.000302770143771447e+00
6.075562959001619311e+04 1.007975545640316328e+00
6.075562985007009411e+04 1.000679932717049692e+00
6.075563011012399511e+04 1.003527594490844166e+00
6.075563037017788884e+04 9.999452778757491611e-01
6.075563063023179711e+04 9.981087616828790976e-01
6.075563089028569084e+04 1.001627158452101263e+00
6.075563115033958456e+04 9.970436571392832237e-01
6.075563141039349284e+04 1.004329757639679466e+00
6.075563167044738657e+04 1.006895614020350438e+00
6.075563193050128757e+04 1.004993339017852261e+00
6.075563219055518857e+04 9.975004772071091041e-01
6.075563245060908230e+04 9.947434978983742404e-01
6.075563271066299058e+04 1.006876387546000506e+00
6.075563297071688430e+04 9.942999777736687417e-01
6.075563323077078530e+04 1.000484814764156072e+00
6.075563349082468631e+04 1.009056705338867710e+00
6.075563375087858003e+04 1.003853576377353951e+00
6.075563401093248831e+04 9.927220240543667140e-01
6.075563427098638203e+04 1.003261724017349810e+00
6.075563453104027576e+04 1.005079756311941575e+00
6.075563479109418404e+04 1.003855318540237684e+00
6.075563505114807776e+04 1.002020712700248284e+00
6.075563531120197877e+04 1.004015977731741671e+00
6.075563557125588704e+04 1.004633282547646944e+00
6.075563583130978077e+04 1.002333192251720462e+00
6.075563609136368905e+04 9.942240093426023551e-01
6.075563635141758277e+04 9.911511952343855514e-01
6.075563661147148377e+04 1.001543812564332780e+00
6.075563687152538478e+04 9.995104502684855063e-01
6.075563713157927850e+04 9.976971761278656814e-01
6.075563739163318678e+04 9.998443113789294845e-01
6.075563765168708051e+04 1.003020627571354018e+00
6.075563791174097423e+04 1.010845398155178598e+00
6.075563817179488251e+04 9.926221091402859242e-01
6.075563843184877624e+04 9.940470256157478701e-01
6.075563869190267724e+04 1.008623036433734077e+00
6.075563895195657824e+04 9.976347164392408429e-01
6.075563921201047197e+04 1.011431193145261975e+00
6.075563947206438024e+04 9.957574880837548603e-01
6.075563973211827397e+04 1.006161629894239296e+00
6.075563999217217497e+04 1.000743810484097773e+00
6.075564025222608325e+04 1.000406379144975322e+00
6.075564051227997697e+04 1.007011123965626531e+00
6.075564077233388525e+04 9.969732630220977665e-01
6.075564103238777898e+04 1.001876860246253775e+00
6.075564129244167270e+04 1.001656405061799981e+00
6.075564155249558098e+04 1.009291510356860044e+00
6.075564181254947471e+04 1.004112743657426421e+00
6.075564207260337571e+04 1.004535965760637861e+00
6.075564233265727671e+04 1.003114945087168364e+00
6.075564259271117044e+04 1.005599969307692909e+00
6.075564285276507871e+04 9.965789548624794936e-01
6.075564311281897244e+04 1.000307401768019355e+00
6.075564337287286617e+04 1.004106500311435335e+00
6.075564363292677444e+04 9.983508422533268201e-01
6.075564389298066817e+04 1.001847551947628201e+00
6.075564415303458372e+04 1.000074783855998461e+00
6.075564441308847745e+04 1.004298695468486491e+00
6.075564467314237118e+04 1.001472442638378091e+00
6.075564493319627945e+04 1.010993570435440025e+00
6.075564519325017318e+04 9.967228523840606647e-01
6.075564545330407418e+04 1.010912468063204006e+00
6.075564571335797518e+04 1.011023561470828058e+00
6.075564597341186891e+04 1.003779206848806727e+00
6.075564623346577719e+04 9.989859414323377651e-01
6.075564649351967091e+04 9.945134843253460311e-01
6.075564675357356464e+04 1.005609085446901307e+00
6.075564701362747292e+04 1.003195603845320694e+00
6.075564727368136664e+04 1.001526302135616664e+00
6.075564753373527492e+04 9.989439915095507105e-01
6.075564779378917592e+04 9.992086473943354585e-01
6.075564805384306965e+04 1.005184965587959001e+00
6.075564831389697792e+04 1.001343547185267635e+00
6.075564857395087165e+04 1.006785422355405357e+00
6.075564883400477265e+04 1.002281671175618172e+00
6.075564909405867365e+04 9.954970960861109219e-01
6.075564935411256738e+04 9.968500286492378848e-01
6.075564961416647566e+04 1.006730353764971220e+00
6.075564987422036938e+04 1.005595504528067785e+00
6.075565013427426311e+04 1.003373747103116331e+00
6.075565039432817866e+04 9.961330042792151396e-01
6.075565065438207239e+04 1.002455195299542190e+00
6.075565091443597339e+04 1.002894224734125261e+00
6.075565117448987439e+04 9.971834600851285924e-01
6.075565143454376812e+04 1.010840378747114965e+00
6.075565169459767640e+04 9.998352019357679143e-01
6.075565195465157012e+04 1.001506973751184137e+00
6.075565221470547112e+04 1.001768585350115481e+00
6.075565247475937213e+04 9.917431809965507883e-01
6.075565273481326585e+04 1.002779661148466728e+00
6.075565299486718141e+04 1.005488633301932166e+00
6.075565325492107513e+04 1.002129077712939020e+00
6.075565492676799477e+04 9.951708827948581026e-01
6.075565518682868424e+04 1.009691505791609600e+00
6.075565544688938098e+04 9.946591828608863928e-01
6.075565570695007773e+04 1.005353011334297664e+00
6.075565596701077448e+04 9.963699493296975795e-01
6.075565622707147122e+04 1.005056528729081800e+00
6.075565648713216069e+04 1.007590505001825454e+00
6.075565674719285744e+04 1.004581992865494211e+00
6.075565700725356146e+04 9.971525780827975582e-01
6.075565726731425821e+04 9.971606189833860379e-01
6.075565752737495495e+04 9.966869840031993277e-01
6.075565778743564442e+04 1.001700252943260150e+00
6.075565804749634117e+04 1.003517597878228029e+00
6.075565830755703792e+04 9.985454933406074929e-01
6.075565856761772739e+04 1.005070460796079423e+00
6.075565882767842413e+04 1.006324864839091671e+00
6.075565908773912088e+04 9.963455489321373371e-01
6.075565934779981762e+04 9.952241278885058939e-01
6.075565960786051437e+04 1.002416489374499342e+00
6.075565986792121112e+04 1.001916776086680949e+00
6.075566012798190786e+04 1.000804580498847463e+00
6.075566038804260461e+04 1.000775782519162771e+00
6.075566064810330136e+04 1.004391459558106714e+00
6.075566090816399810e+04 9.970413148702121919e-01
6.075566116822468757e+04 9.960202321252914492e-01
6.075566142828538432e+04 1.001113068888041635e+00
6.075566168834608106e+04 9.956597768134350934e-01
6.075566194840677781e+04 1.009167895642692159e+00
6.075566220846748183e+04 1.002912920345912617e+00
6.075566246852817130e+04 9.980050656100286632e-01
6.075566272858886805e+04 1.007268278403290029e+00
6.075566298864956480e+04 1.005756884126601136e+00
6.075566324871025427e+04 9.957335654681949144e-01
6.075566350877095101e+04 1.000676697592538300e+00
6.075566376883164776e+04 1.001597406916535205e+00
6.075566402889234450e+04 1.005764886778029110e+00
6.075566428895304125e+04 1.003791409800837142e+00
6.075566454901373800e+04 1.003046253825686129e+00
6.075566480907443474e+04 1.002923535797937582e+00
6.075566506913513149e+04 1.001529984437330878e+00
6.075566532919582824e+04 1.002098447198204179e+00
6.075566558925652498e+04 1.003176681183791441e+00
6.075566584931721445e+04 9.894192972726383317e-01
6.075566610937791120e+04 9.971823092438403258e-01
6.075566636943860794e+04 9.998788408544976303e-01
6.075566662949930469e+04 1.006385448443795960e+00
6.075566688956000144e+04 9.958671756526977781e-01
6.075566714962069818e+04 9.910733600179723046e-01
6.075566740968139493e+04 9.946260424597880290e-01
6.075566766974209168e+04 1.000382294819704088e+00
6.075566792980278115e+04 9.915446493347591650e-01
6.075566818986347789e+04 9.940284678699268239e-01
6.075566844992417464e+04 9.945103910194657004e-01
6.075566870998487866e+04 1.000718395648294345e+00
6.075566897004557541e+04 9.993020438866987432e-01
6.075566923010626488e+04 9.987000023619303501e-01
6.075566949016696162e+04 1.004259985052884829e+00
6.075566975022765837e+04 9.984554294872483027e-01
6.075567001028834784e+04 9.954720930656689726e-01
6.075567027034905186e+04 9.906063380867045076e-01
6.075567053040974133e+04 1.007169131408169438e+00
6.075567079047044535e+04 1.003656440446003550e+00
6.075567105053114210e+04 1.001366106904451492e+00
6.075567131059183157e+04 9.949597685560616078e-01
6.075567157065252832e+04 9.996219397152305008e-01
6.075567183071322506e+04 9.975321025526672214e-01
6.075567209077392181e+04 1.002026236078639831e+00
6.075567235083461856e+04 9.945156183702968944e-01
6.075567261089531530e+04 9.988281778239576081e-01
6.075567287095601205e+04 1.002254085670287731e+00
6.075567313101670879e+04 9.999273089678126780e-01
6.075567339107740554e+04 1.001128727562456522e+00
6.075567365113810229e+04 9.959398990602297275e-01
6.075567391119879176e+04 1.003669737850268806e+00
6.075567417125948850e+04 9.915421680452469744e-01
6.075567443132019253e+04 9.990223547194969633e-01
6.075567469138088200e+04 9.980660763169942884e-01
6.075567495144157874e+04 9.998156819800603223e-01
6.075567521150227549e+04 1.003435626739241471e+00
6.075567547156297223e+04 9.994308251858807779e-01
6.075567573162366898e+04 1.002026673912218557e+00
6.075567599168436573e+04 9.983267801546769071e-01
6.075567625174506247e+04 1.014427921019060319e+00
6.075567651180575922e+04 1.003914656484745871e+00
6.075567677186645597e+04 1.003343317451359962e+00
6.075567703192715271e+04 9.983611882310737817e-01
6.075567729198784218e+04 9.995491246519718764e-01
6.075567755204853893e+04 1.003264552675552812e+00
6.075567781210924295e+04 9.966057583617724536e-01
6.075567807216993242e+04 1.003451475964072470e+00
6.075567833223062917e+04 9.961715489970992543e-01
6.075567859229132591e+04 9.986900465682869710e-01
6.075567885235202266e+04 1.000240568646548533e+00
6.075567911241271941e+04 1.003053494365674592e+00
6.075567937247341615e+04 1.000333060087194470e+00
6.075567963253411290e+04 9.943727451740589363e-01
6.075567989259480964e+04 9.971342641492194625e-01
6.075568015265550639e+04 9.991315967209117854e-01
6.075568041271620314e+04 9.924206763309311174e-01
6.075568067277689261e+04 9.968034895483193214e-01
6.075568093283759663e+04 1.004659650291696682e+00
6.075568119289829338e+04 1.008776158016245317e+00
6.075568145295898285e+04 9.975126278700184868e-01
6.075568171301968687e+04 1.000249444448600977e+00
6.075568197308037634e+04 1.004581304341186199e+00
6.075568223314107308e+04 9.939534357190592528e-01
6.075568249320177711e+04 1.005260875127812481e+00
6.075568275326246658e+04 9.990744160367405202e-01
6.075568301332316332e+04 1.002185501058211026e+00
6.075568327338386007e+04 9.989846928739154475e-01
6.075568483179301256e+04 9.872706624656870655e-01
6.075568509184680443e+04 1.002670843549631874e+00
6.075568535190059629e+04 9.988354060947267632e-01
6.075568561195438815e+04 9.985723377043224103e-01
6.075568587200818729e+04 9.948346362912114937e-01
6.075568613206199370e+04 9.968378055570603635e-01
6.075568639211578557e+04 9.957212016465503135e-01
6.075568665216957743e+04 1.000773039843072754e+00
6.075568691222336929e+04 9.960855990852661712e-01
6.075568717227716115e+04 9.942143305028038336e-01
6.075568743233096029e+04 1.003490582090252659e+00
6.075568769238475215e+04 9.953901037099367466e-01
6.075568795243854402e+04 9.954990381637974783e-01
6.075568821249233588e+04 1.006124567876376386e+00
6.075568847254613502e+04 9.935655242367950057e-01
6.075568873259992688e+04 9.944624507040196182e-01
6.075568899265372602e+04 9.972173678986857581e-01
6.075568925270752516e+04 9.967921157613508498e-01
6.075568951276131702e+04 9.964178201477104091e-01
6.075568977281511616e+04 9.982148154841293808e-01
6.075569003286890802e+04 9.930179065964204188e-01
6.075569029292269988e+04 9.993448406594315214e-01
6.075569055297649174e+04 1.001913573283787162e+00
6.075569081303029088e+04 1.002023286302466065e+00
6.075569107308408275e+04 9.995911014127625283e-01
6.075569133313787461e+04 9.992149937976737561e-01
6.075569159319166647e+04 1.001573260400352439e+00
6.075569185324547288e+04 1.004232886907578282e+00
6.075569211329927202e+04 9.971981369814960638e-01
6.075569237335306389e+04 1.002329135851116604e+00
6.075569263340685575e+04 9.933314390928111859e-01
6.075569289346064761e+04 1.000018624364084063e+00
6.075569315351444675e+04 1.005899697434378348e+00
6.075569341356823861e+04 1.000125545144324724e+00
6.075569367362203047e+04 9.966362467090625898e-01
6.075569393367582234e+04 9.979051377562286884e-01
6.075569419372962147e+04 9.970688324516664425e-01
6.075569445378341334e+04 1.010425300907378698e+00
6.075569471383720520e+04 1.008023737280765664e+00
6.075569497389100434e+04 1.000014705340503296e+00
6.075569523394481075e+04 9.975102858604248945e-01
6.075569549399860261e+04 9.994973213767849307e-01
6.075569575405239448e+04 9.976920643489333163e-01
6.075569601410618634e+04 1.000221804905355505e+00
6.075569627415998548e+04 1.002438152770947832e+00
6.075569653421377734e+04 1.008959654165530795e+00
6.075569679426756920e+04 1.002154059967360844e+00
6.075569705432136107e+04 1.000825485268274750e+00
6.075569731437516020e+04 1.006258076402856139e+00
6.075569757442895207e+04 1.001391361794410573e+00
6.075569783448274393e+04 9.982619767457554527e-01
6.075569809453654307e+04 9.881046713517412927e-01
6.075569835459034948e+04 1.001948934129899493e+00
6.075569861464414134e+04 1.002150981606770186e+00
6.075569887469793321e+04 1.001402563285159308e+00
6.075569913475172507e+04 1.002232047314548957e+00
6.075569939480552421e+04 1.000584655192645611e+00
6.075569965485931607e+04 1.006921850371471194e+00
6.075569991491310793e+04 9.987455990904187120e-01
6.075570017496689979e+04 1.001004987587376771e+00
6.075570043502069893e+04 1.005272131628089705e+00
6.075570069507449080e+04 1.006095106257155924e+00
6.075570095512828993e+04 1.009419245132334275e+00
6.075570121518208907e+04 9.970936484058824378e-01
6.075570147523588821e+04 1.000848588025238906e+00
6.075570173528968007e+04 1.001617035250902843e+00
6.075570199534347194e+04 1.004268783010867416e+00
6.075570225539727107e+04 1.001150953455373749e+00
6.075570251545106294e+04 9.958480323931910849e-01
6.075570277550485480e+04 9.945245028126903364e-01
6.075570303555864666e+04 9.940297737058204630e-01
6.075570329561244580e+04 1.002292422705162611e+00
6.075570355566623766e+04 9.995109986684703740e-01
6.075570381572002952e+04 1.005817878907279805e+00
6.075570407577382866e+04 1.003783137025918037e+00
6.075570433582763508e+04 9.952834619911008485e-01
6.075570459588142694e+04 1.000495851468288011e+00
6.075570485593521880e+04 9.947725244995619942e-01
6.075570511598901066e+04 1.000268069404752325e+00
6.075570537604280980e+04 9.950850488275303496e-01
6.075570563609660167e+04 9.954888559521614111e-01
6.075570589615039353e+04 9.998363434123330729e-01
6.075570615620419267e+04 9.937877130643059109e-01
6.075570641625798453e+04 1.005053786027955809e+00
6.075570667631177639e+04 9.975149556038573895e-01
6.075570693636557553e+04 1.001020007704089387e+00
6.075570719641938194e+04 1.003376813567692372e+00
6.075570745647317381e+04 9.950204615812480169e-01
6.075570771652696567e+04 9.995786692723390710e-01
6.075570797658076481e+04 9.973266486712261125e-01
6.075570823663455667e+04 1.001003861862686639e+00
6.075570849668834853e+04 9.895075077550264941e-01
6.075570875674214039e+04 9.992594581550533483e-01
6.075570901679593953e+04 1.001591506041711099e+00
6.075570927684973140e+04 1.008405738925980177e+00
6.075570953690352326e+04 9.971914600706369702e-01
6.075570979695732240e+04 1.003071121542288724e+00
6.075571005701112153e+04 1.000256482656323831e+00
6.075571031706492067e+04 1.003116437074319967e+00
6.075571057711871254e+04 1.014995326168506740e+00
6.075571083717251167e+04 9.926310040327559481e-01
6.075571109722630354e+04 1.000630946052958992e+00
6.075571135728009540e+04 1.010172180501952566e+00
6.075571161733389454e+04 1.005984444315516368e+00
6.075571187738768640e+04 1.010330134175552841e+00
6.075571213744147826e+04 1.003210687661976408e+00
6.075571239749527740e+04 1.006202071019030697e+00
6.075571265754906926e+04 1.000890081474387516e+00
6.075571291760286840e+04 1.001967618755190026e+00
6.075571317765666754e+04 1.001312321948266248e+00
6.075571474868715450e+04 9.942771914159821423e-01
6.075571500874785124e+04 1.010870580096414617e+00
6.075571526880854799e+04 9.946106147226132510e-01
6.075571552886924474e+04 9.963189274054757849e-01
6.075571578892994148e+04 1.007084431204831487e+00
6.075571604899063823e+04 1.000592551675774544e+00
6.075571630905133497e+04 9.963595224682001428e-01
6.075571656911203172e+04 1.003812036972493438e+00
6.075571682917273574e+04 1.007034208212586712e+00
6.075571708923342521e+04 9.968471327559464967e-01
6.075571734929412196e+04 1.001529126199094621e+00
6.075571760935482598e+04 1.001994281188703928e+00
6.075571786941552273e+04 9.993389480913422718e-01
6.075571812947621947e+04 1.010379006446216366e+00
6.075571838953690894e+04 1.001251807253735970e+00
6.075571864959761297e+04 1.009708508426748530e+00
6.075571890965830971e+04 9.974688002872852399e-01
6.075571916971899918e+04 1.006766569057375271e+00
6.075571942977970320e+04 1.002397069833178778e+00
6.075571968984039995e+04 9.996008266652867125e-01
6.075571994990109670e+04 9.982750942301135133e-01
6.075572020996180072e+04 1.000698413506957429e+00
6.075572047002249019e+04 1.000227669178287204e+00
6.075572073008318694e+04 1.010366593775195776e+00
6.075572099014388368e+04 1.003977944446930115e+00
6.075572125020458770e+04 1.006697710873117213e+00
6.075572151026528445e+04 1.003216964046457660e+00
6.075572177032597392e+04 1.007015514987417371e+00
6.075572203038667794e+04 9.982244826546157190e-01
6.075572229044737469e+04 9.987778390891247637e-01
6.075572255050806416e+04 9.872783125238392410e-01
6.075572281056877546e+04 1.002462150776816996e+00
6.075572307062946493e+04 1.001703796411185232e+00
6.075572333069016167e+04 1.003701131438902827e+00
6.075572359075086570e+04 1.000957179496814398e+00
6.075572385081155517e+04 9.981957932914723441e-01
6.075572411087225191e+04 9.957022765082436111e-01
6.075572437093294866e+04 9.933005259233724793e-01
6.075572463099365268e+04 1.000795027027075346e+00
6.075572489105434943e+04 9.984719463985207710e-01
6.075572515111503890e+04 9.948109366761229699e-01
6.075572541117574292e+04 1.005261621560918250e+00
6.075572567123643967e+04 1.000730709144033392e+00
6.075572593129713641e+04 9.988204476506853391e-01
6.075572619135784043e+04 9.960210430821488936e-01
6.075572645141852990e+04 1.000108247858442212e+00
6.075572671147922665e+04 1.000974275510002620e+00
6.075572697153993067e+04 9.973901536062426132e-01
6.075572723160062014e+04 1.001350509319727244e+00
6.075572749166131689e+04 1.002542063291888885e+00
6.075572775172202091e+04 1.008439948807441366e+00
6.075572801178271766e+04 1.005505253487102291e+00
6.075572827184341440e+04 1.007528729249688615e+00
6.075572853190411115e+04 1.000910032009855843e+00
6.075572879196480790e+04 1.002983481003250521e+00
6.075572905202550464e+04 1.014248588878140733e+00
6.075572931208620867e+04 1.001647095015995026e+00
6.075572957214690541e+04 1.001433701042215407e+00
6.075572983220759488e+04 1.005908971905034477e+00
6.075573009226829890e+04 9.992913661109489309e-01
6.075573035232899565e+04 9.998263748238885862e-01
6.075573061238968512e+04 1.004537664619084447e+00
6.075573087245038914e+04 9.997432253418386816e-01
6.075573113251108589e+04 9.982754096799283383e-01
6.075573139257178264e+04 9.946415259352563432e-01
6.075573165263248666e+04 1.006474697587036893e+00
6.075573191269317613e+04 1.003907543847337047e+00
6.075573217275387287e+04 1.006280982079823083e+00
6.075573243281457690e+04 9.993969229524185538e-01
6.075573269287527364e+04 9.984787733799230791e-01
6.075573295293597039e+04 1.000196741958193192e+00
6.075573321299666713e+04 1.000293864883194939e+00
6.075573347305736388e+04 9.962888517480142925e-01
6.075573373311806063e+04 1.003135276126774000e+00
6.075573399317875737e+04 9.994416590113885945e-01
6.075573425323946140e+04 9.934682100991484299e-01
6.075573451330015087e+04 1.000757925595270548e+00
6.075573477336085489e+04 9.921903538943365186e-01
6.075573503342155163e+04 9.997801314797939432e-01
6.075573529348224110e+04 1.004975632319897727e+00
6.075573555354294513e+04 9.994098695879224392e-01
6.075573581360364187e+04 9.961238717652612928e-01
6.075573607366434589e+04 1.007007834465634133e+00
6.075573633372504264e+04 9.967953889974587867e-01
6.075573659378573211e+04 1.001646830727632942e+00
6.075573685384643613e+04 1.010404441984888102e+00
6.075573711390713288e+04 9.974399283578666564e-01
6.075573737396782963e+04 1.000415026518444828e+00
6.075573763402853365e+04 9.950692741944495712e-01
6.075573789408922312e+04 1.002591906060652294e+00
6.075573815414991986e+04 1.001406563105706748e+00
6.075573841421062389e+04 9.983675027578988725e-01
6.075573867427131336e+04 1.004018511594101382e+00
6.075573893433201010e+04 9.944388564510965312e-01
6.075573919439271413e+04 9.998231825472629897e-01
6.075573945445341087e+04 1.003498408474997827e+00
6.075573971451411489e+04 9.997498301825918920e-01
6.075573997457480436e+04 1.004388437720104665e+00
6.075574023463550111e+04 9.988820590445299796e-01
6.075574049469620513e+04 9.989962991318097618e-01
6.075574075475690188e+04 1.005727195920367301e+00
6.075574101481759863e+04 1.000598094536465643e+00
6.075574127487829537e+04 1.010258583981300973e+00
6.075574153493899212e+04 1.000095121006340237e+00
6.075574179499969614e+04 9.955498038109671377e-01
6.075574205506038561e+04 9.968928814301354357e-01
6.075574231512108236e+04 9.916233333813743167e-01
6.075574257518178638e+04 9.991886470489138583e-01
6.075574283524248312e+04 1.001402724870317007e+00
6.075574309530317987e+04 9.985846188764996301e-01
6.075574483016229351e+04 1.004498511704208896e+00
6.075574509021608537e+04 1.007264415055517226e+00
6.075574535026989179e+04 1.006497241600944781e+00
6.075574561032369093e+04 9.876238542435465950e-01
6.075574587037748279e+04 1.001590054309251965e+00
6.075574613043128193e+04 1.001921868081605549e+00
6.075574639048507379e+04 9.996026054781214087e-01
6.075574665053887293e+04 9.963676965408572173e-01
6.075574691059266479e+04 1.000212928016714242e+00
6.075574717064645665e+04 1.010358316887565611e+00
6.075574743070025579e+04 9.938475706855305347e-01
6.075574769075404765e+04 1.003258732637390516e+00
6.075574795080784679e+04 9.988784109749395679e-01
6.075574821086163865e+04 9.920935210673423876e-01
6.075574847091544507e+04 9.918808398631158152e-01
6.075574873096924421e+04 9.912639984226776502e-01
6.075574899102303607e+04 9.981793737840185532e-01
6.075574925107683521e+04 9.938304868464044040e-01
6.075574951113062707e+04 9.951043576556293235e-01
6.075574977118442621e+04 1.003194487984639727e+00
6.075575003123821807e+04 9.952309490613432397e-01
6.075575029129201721e+04 9.986932030339020772e-01
6.075575055134580907e+04 1.004397409163753085e+00
6.075575081139960093e+04 1.000614047500076653e+00
6.075575107145340007e+04 1.003957141451596202e+00
6.075575133150719921e+04 1.001274543774895109e+00
6.075575159156100563e+04 1.006363684983744955e+00
6.075575185161479749e+04 1.004905679691995068e+00
6.075575211166859663e+04 9.979560098853279548e-01
6.075575237172238849e+04 1.001410352103186296e+00
6.075575263177618035e+04 9.949969993489695685e-01
6.075575289182997949e+04 1.000885396668365512e+00
6.075575315188377135e+04 9.913603551657190760e-01
6.075575341193757049e+04 1.002658985915253487e+00
6.075575367199136235e+04 1.006954887888491745e+00
6.075575393204516149e+04 1.008577835885846596e+00
6.075575419209895335e+04 9.947403686002750378e-01
6.075575445215275249e+04 1.000989207036370621e+00
6.075575471220655891e+04 9.955343888287477849e-01
6.075575497226035077e+04 9.999530159671282670e-01
6.075575523231414991e+04 1.003589121348011481e+00
6.075575549236794177e+04 9.962621962048904267e-01
6.075575575242174091e+04 9.932670555095713949e-01
6.075575601247553277e+04 1.011649395628464232e+00
6.075575627252933191e+04 1.002605905427390143e+00
6.075575653258312377e+04 1.001449919271114597e+00
6.075575679263691563e+04 1.004461188531027727e+00
6.075575705269071477e+04 1.002069046149195453e+00
6.075575731274451391e+04 9.990981903040825340e-01
6.075575757279832033e+04 1.002136863677918655e+00
6.075575783285211219e+04 1.001209555360082604e+00
6.075575809290591133e+04 9.915056228514271819e-01
6.075575835295970319e+04 1.012293017881170654e+00
6.075575861301350233e+04 1.002762521605677248e+00
6.075575887306729419e+04 1.004534269392279633e+00
6.075575913312109333e+04 1.006811348828636099e+00
6.075575939317488519e+04 1.004365381548707914e+00
6.075575965322867705e+04 1.005462196598271296e+00
6.075575991328247619e+04 9.936515259620882778e-01
6.075576017333626805e+04 9.902765292729002189e-01
6.075576043339007447e+04 1.003993377296918732e+00
6.075576069344387361e+04 9.923442475256933903e-01
6.075576095349767274e+04 1.005990755807698589e+00
6.075576121355146461e+04 9.970178625402407180e-01
6.075576147360526375e+04 9.921554354307348111e-01
6.075576173365905561e+04 1.002707810974012848e+00
6.075576199371285475e+04 9.953451001943739440e-01
6.075576225376664661e+04 1.003445753682645769e+00
6.075576251382044575e+04 9.996586002032998852e-01
6.075576277387423761e+04 9.971649855776211213e-01
6.075576303392802947e+04 9.946144155292309108e-01
6.075576329398183589e+04 9.994142070406597522e-01
6.075576355403563502e+04 1.008004253561391339e+00
6.075576381408943416e+04 1.001308597943517453e+00
6.075576407414322603e+04 9.942490206025934585e-01
6.075576433419702516e+04 1.005605955504000892e+00
6.075576459425081703e+04 1.003207264117766284e+00
6.075576485430461616e+04 9.966474849561746119e-01
6.075576511435840803e+04 9.949299433953581184e-01
6.075576537441220717e+04 9.963100312797661395e-01
6.075576563446599903e+04 9.960237486419153408e-01
6.075576589451979817e+04 1.006327143524514023e+00
6.075576615457359003e+04 9.957556697017839742e-01
6.075576641462739644e+04 9.955753571422660819e-01
6.075576667468119558e+04 9.992327399899533225e-01
6.075576693473499472e+04 9.947451974450277623e-01
6.075576719478878658e+04 9.908095980999718222e-01
6.075576745484258572e+04 9.921241853868223437e-01
6.075576771489637758e+04 1.006640537979053063e+00
6.075576797495017672e+04 9.939670761324190806e-01
6.075576823500396858e+04 9.989207279153148322e-01
6.075576849505776045e+04 9.966558048934840430e-01
6.075576875511155959e+04 9.954531388991310070e-01
6.075576901516535145e+04 9.980631563352427849e-01
6.075576927521915786e+04 9.909280057584074486e-01
6.075576953527295700e+04 1.002553500828354149e+00
6.075576979532675614e+04 9.984073127130845826e-01
6.075577005538054800e+04 9.993864205244662458e-01
6.075577031543434714e+04 9.916879720428164458e-01
6.075577057548813900e+04 9.997872565289991353e-01
6.075577083554193814e+04 9.990975715871365237e-01
6.075577109559573000e+04 1.004756694848410570e+00
6.075577135564952914e+04 1.002406071774765595e+00
6.075577161570332100e+04 9.998560791766112343e-01
6.075577187575712014e+04 1.000082354784190608e+00
6.075577213581091200e+04 9.953288372430365571e-01
6.075577239586471842e+04 9.912294529536073151e-01
6.075577265591851756e+04 9.996051489906855325e-01
6.075577291597231670e+04 9.979356533030915299e-01
6.075577317602610856e+04 1.005352832643094940e+00
