6.075585120116569306e+04 1.010080612245793041e+00
6.075585146121949219e+04 9.987474262073445797e-01
6.075585172127328406e+04 1.005867847360864431e+00
6.075585198132708319e+04 1.001341688577649158e+00
6.075585224138088233e+04 9.973575299356104429e-01
6.075585250143468147e+04 1.006881023506916994e+00
6.075585276148847333e+04 9.968858141812345641e-01
6.075585302154227247e+04 1.001865613134099275e+00
6.075585328159607161e+04 9.903294335142447391e-01
6.075585354164987803e+04 9.887464683747836380e-01
6.075585380170368444e+04 1.012135644776377630e+00
6.075585406175747630e+04 1.003325285112820930e+00
6.075585432181127544e+04 9.996791212767331958e-01
6.075585458186507458e+04 1.002627196037226609e+00
6.075585484191887372e+04 1.014056164553737815e+00
6.075585510197266558e+04 1.004330096352210822e+00
6.075585536202646472e+04 1.004702124968656296e+00
6.075585562208026386e+04 1.009172565400574761e+00
6.075585588213406299e+04 1.002290949423927158e+00
6.075585614218786213e+04 1.012530641291849332e+00
6.075585640224165400e+04 1.005150674797340216e+00
6.075585666229546041e+04 9.987813284076967335e-01
6.075585692234926682e+04 1.001141375740333128e+00
6.075585718240306596e+04 1.005386896788920792e+00
6.075585744245685783e+04 1.007109795907795702e+00
6.075585770251065696e+04 1.011238838839120469e+00
6.075585796256445610e+04 9.971182964857954190e-01
6.075585822261825524e+04 1.002915832942462560e+00
6.075585848267205438e+04 1.003805934289484059e+00
6.075585874272584624e+04 9.995352973149633780e-01
6.075585900277964538e+04 9.959384635282270137e-01
6.075585926283344452e+04 9.962952951381832678e-01
6.075585952288725093e+04 9.944506856897291636e-01
6.075585978294105735e+04 1.014498728992524690e+00
6.075586004299484921e+04 9.986315540381601741e-01
6.075586030304864835e+04 1.010052859844286166e+00
6.075586056310244749e+04 1.000352463076040976e+00
6.075586082315624662e+04 9.961946785279647276e-01
6.075586108321004576e+04 9.990163741414131993e-01
6.075586134326383763e+04 1.005598602571891931e+00
6.075586160331763676e+04 1.000397984679398888e+00
6.075586186337143590e+04 9.960443248006459749e-01
6.075586212342523504e+04 1.005376960270859543e+00
6.075586238347903418e+04 1.004407077374810608e+00
6.075586264353283332e+04 1.007389406999190440e+00
6.075586290358663973e+04 1.003537479809721189e+00
6.075586316364043887e+04 1.001283872961491461e+00
6.075586342369423801e+04 9.980731016331758632e-01
6.075586368374803715e+04 9.914088371238721775e-01
6.075586394380182901e+04 9.970866781050327088e-01
6.075586420385562815e+04 1.004526044228909010e+00
6.075586446390942729e+04 1.009207643941568477e+00
6.075586472396322642e+04 1.005115909827628551e+00
6.075586498401702556e+04 9.998870886117262602e-01
6.075586524407081743e+04 1.003136271281839464e+00
6.075586550412462384e+04 9.956189811650382193e-01
6.075586576417843025e+04 1.001863442176090357e+00
6.075586602423222939e+04 9.933986512330454932e-01
6.075586628428602853e+04 9.969119483395034731e-01
6.075586654433982039e+04 9.984612835868158509e-01
6.075586680439361953e+04 1.005397396902978358e+00
6.075586706444741867e+04 9.991047794371029633e-01
6.075586732450121781e+04 9.935876020670634245e-01
6.075586758455501695e+04 1.001879460687213452e+00
6.075586784460881609e+04 1.012753054072389691e+00
6.075586810466260795e+04 1.001971058083325650e+00
6.075586836471640709e+04 1.007204692090653442e+00
6.075586862477021350e+04 9.956782770605914212e-01
6.075586888482401991e+04 9.999315488558935261e-01
6.075586914487781905e+04 1.003080303724880107e+00
6.075586940493161092e+04 9.997244080511353825e-01
6.075586966498541005e+04 1.005622445057275716e+00
6.075586992503920919e+04 9.954630958507123539e-01
6.075587018509300833e+04 9.999983766492449577e-01
6.075587044514680747e+04 1.002155110511205649e+00
6.075587070520060661e+04 1.002655281290452338e+00
6.075587096525439847e+04 1.005260568594997572e+00
6.075587122530819761e+04 9.927402413999671937e-01
6.075587148536199675e+04 9.944592744800331285e-01
6.075587174541581044e+04 1.006708500348672208e+00
6.075587200546960958e+04 9.986269863256205248e-01
6.075587226552340871e+04 9.902966566644260116e-01
6.075587252557720058e+04 1.002911975141450585e+00
6.075587278563099972e+04 1.010241435945120614e+00
6.075587304568479885e+04 1.008559999748019020e+00
6.075587330573859799e+04 9.951116831677750962e-01
6.075587356579239713e+04 9.971756009756775896e-01
6.075587382584619627e+04 1.005388668264166396e+00
6.075587408589998813e+04 9.939808403211990440e-01
6.075587434595378727e+04 1.007740576376256136e+00
6.075587460600759368e+04 1.003750749772003292e+00
6.075587486606140010e+04 9.935305913478541529e-01
6.075587512611519924e+04 9.934910710469646578e-01
6.075587538616899838e+04 9.932802618697117447e-01
6.075587564622279751e+04 1.005226018507962005e+00
6.075587590627658938e+04 1.005502668514304476e+00
6.075587616633038851e+04 9.850771852476174484e-01
6.075587642638418765e+04 1.000211071930761975e+00
6.075587668643798679e+04 9.996986146782441685e-01
6.075587694649178593e+04 9.999175098150746566e-01
6.075587720654558507e+04 1.003962773539820219e+00
6.075587746659937693e+04 9.934901692445213817e-01
6.075587772665318334e+04 9.999604515640343472e-01
6.075587798670698976e+04 9.942888019450418779e-01
6.075587824676078890e+04 1.008138478569097218e+00
6.075587850681458804e+04 9.973275764428225498e-01
6.075587876686838717e+04 9.967076745192293696e-01
6.075587902692218631e+04 9.973256870640128113e-01
6.075587928697597818e+04 9.967583816800410501e-01
6.075587954702977731e+04 9.864002196479466633e-01
6.075588115586427011e+04 9.977985974068441788e-01
6.075588141592496686e+04 9.975227861143451946e-01
6.075588167598567088e+04 9.881857329903649401e-01
6.075588193604636763e+04 9.995264344126738587e-01
6.075588219610707165e+04 9.855281051836008999e-01
6.075588245616777567e+04 9.995703692133942608e-01
6.075588271622847242e+04 1.001331406654881073e+00
6.075588297628917644e+04 9.940914267765711410e-01
6.075588323634988046e+04 9.976756214510597021e-01
6.075588349641056993e+04 9.936507070677159659e-01
6.075588375647127395e+04 1.002603547377985738e+00
6.075588401653197798e+04 9.853416612280234688e-01
6.075588427659268200e+04 9.975533795578077623e-01
6.075588453665338602e+04 9.852123700051479416e-01
6.075588479671408277e+04 9.967086052460045753e-01
6.075588505677478679e+04 9.940368073552878769e-01
6.075588531683548354e+04 9.901911178056781448e-01
6.075588557689618756e+04 9.976180189059601355e-01
6.075588583695689158e+04 9.931454042035645635e-01
6.075588609701758833e+04 9.953241743530224506e-01
6.075588635707829235e+04 1.003522709867624707e+00
6.075588661713899637e+04 9.999359202625687226e-01
6.075588687719969312e+04 9.985210531751634866e-01
6.075588713726038986e+04 9.919797742379590222e-01
6.075588739732109389e+04 9.888378809009107373e-01
6.075588765738179791e+04 9.955784023263424265e-01
6.075588791744250193e+04 9.969033721796933811e-01
6.075588817750319868e+04 9.889757597486827922e-01
6.075588843756390270e+04 9.980102032518101129e-01
6.075588869762460672e+04 9.834226640600214342e-01
6.075588895768530347e+04 9.984195017456705123e-01
6.075588921774600749e+04 1.001293749819930134e+00
6.075588947780670424e+04 9.929255355912237624e-01
6.075588973786740826e+04 9.954359304917782536e-01
6.075588999792811228e+04 9.994839782882684043e-01
6.075589025798880903e+04 1.000375351285332171e+00
6.075589051804952032e+04 9.982377117473294481e-01
6.075589077811021707e+04 9.941588341968550235e-01
6.075589103817091382e+04 1.000724783376119920e+00
6.075589129823161784e+04 9.861470978747943761e-01
6.075589155829231458e+04 9.986799401544144139e-01
6.075589181835301861e+04 1.002011830949589566e+00
6.075589207841372263e+04 1.006075922381890697e+00
6.075589233847442665e+04 1.000610996592389501e+00
6.075589259853513067e+04 1.001189962712042858e+00
6.075589285859582742e+04 9.994851997515054043e-01
6.075589311865652417e+04 1.000899433249868853e+00
6.075589337871722819e+04 9.995112444366859306e-01
6.075589363877793221e+04 9.908657296326924824e-01
6.075589389883863623e+04 9.877074634226319372e-01
6.075589415889933298e+04 9.950754623379336472e-01
6.075589441896003700e+04 9.936636155439051432e-01
6.075589467902074102e+04 9.959442011223215152e-01
6.075589493908143777e+04 9.944140337759947990e-01
6.075589519914213452e+04 9.990137293408543062e-01
6.075589545920283854e+04 9.935105847723987305e-01
6.075589571926354256e+04 1.002147417618204361e+00
6.075589597932424658e+04 9.951298463494947510e-01
6.075589623938494333e+04 9.995627086406567718e-01
6.075589649944564735e+04 9.885033938472463921e-01
6.075589675950635137e+04 9.971664956590838846e-01
6.075589701956705539e+04 9.904183490737626938e-01
6.075589727962775942e+04 9.935544152217377079e-01
6.075589753968844889e+04 9.887225509760680930e-01
6.075589779974915291e+04 1.003992579072910285e+00
6.075589805980985693e+04 1.002419931244428852e+00
6.075589831987055368e+04 9.928292757819735526e-01
6.075589857993125770e+04 9.980432701998170897e-01
6.075589883999196172e+04 9.909039353218392909e-01
6.075589910005266574e+04 1.000223011646358406e+00
6.075589936011336977e+04 9.911676057847668142e-01
6.075589962017406651e+04 9.843113993747764079e-01
6.075589988023477054e+04 9.973984950479349854e-01
6.075590014029546728e+04 9.899580998270727239e-01
6.075590040035617130e+04 1.006367883140387276e+00
6.075590066041687533e+04 9.950620612369885931e-01
6.075590092047757207e+04 9.955638717844998986e-01
6.075590118053827609e+04 1.003270113573385691e+00
6.075590144059898012e+04 1.011290006537470365e+00
6.075590170065967686e+04 9.978949624939906782e-01
6.075590196072038816e+04 9.935021775474651706e-01
6.075590222078108491e+04 9.921952216665363977e-01
6.075590248084178893e+04 1.004483925699609870e+00
6.075590274090249295e+04 9.912385345543109905e-01
6.075590300096318242e+04 1.001082069542708064e+00
6.075590326102388644e+04 1.005862934892592708e+00
6.075590352108459047e+04 9.948582709307711713e-01
6.075590378114529449e+04 9.940391096561568274e-01
6.075590404120599851e+04 9.964978523683786227e-01
6.075590430126669526e+04 1.000525093645547425e+00
6.075590456132739928e+04 9.979211986325758899e-01
6.075590482138810330e+04 1.000336270224713831e+00
6.075590508144880732e+04 9.987371102836211101e-01
6.075590534150951135e+04 9.950206180555228874e-01
6.075590560157020809e+04 9.989951214633429055e-01
6.075590586163091211e+04 1.008331388226926029e+00
6.075590612169160886e+04 9.929287296997814094e-01
6.075590638175230561e+04 9.976424589613226424e-01
6.075590664181300963e+04 1.005119858722101522e+00
6.075590690187371365e+04 1.001293938508913461e+00
6.075590716193441767e+04 1.007398252537836436e+00
6.075590742199512169e+04 1.002407213721971280e+00
6.075590768205581844e+04 1.000104439404050582e+00
6.075590794211652246e+04 1.003502060473599800e+00
6.075590820217722649e+04 1.002765902162504164e+00
6.075590846223793051e+04 9.968670131961838710e-01
6.075590872229863453e+04 1.000246938716075062e+00
6.075590898235933128e+04 9.971249972159198505e-01
6.075590924242003530e+04 9.958006769890915821e-01
6.075590950248073932e+04 1.007949382082833134e+00
6.075591106051386305e+04 9.986775567262271558e-01
6.075591132057445793e+04 9.971532284962449921e-01
6.075591158063505281e+04 1.000939883164006394e+00
6.075591184069564770e+04 1.000476141555867393e+00
6.075591210075624258e+04 1.001286448412193053e+00
6.075591236081683746e+04 1.011893328518857160e+00
6.075591262087743235e+04 1.003788878138868412e+00
6.075591288093802723e+04 1.000994390394680522e+00
6.075591314099862211e+04 1.003059066566668101e+00
6.075591340105922427e+04 1.004313195449130003e+00
6.075591366111981915e+04 9.971319884031730751e-01
6.075591392118041404e+04 9.995091118528474095e-01
6.075591418124100892e+04 1.004599915353981743e+00
6.075591444130160380e+04 9.953522908254778256e-01
6.075591470136219868e+04 1.006741885001854353e+00
6.075591496142279357e+04 9.979449593687456099e-01
6.075591522148338845e+04 1.006806674939041857e+00
6.075591548154399061e+04 9.986882203204859865e-01
6.075591574160458549e+04 1.001313628157111335e+00
6.075591600166518037e+04 1.001665657648393104e+00
6.075591626172577526e+04 1.010184498783326168e+00
6.075591652178637742e+04 9.963322471997996255e-01
6.075591678184697230e+04 1.007792116788146286e+00
6.075591704190756718e+04 9.980416624385372026e-01
6.075591730196816206e+04 1.001008562230390808e+00
6.075591756202875695e+04 9.957053530881799785e-01
6.075591782208935183e+04 9.985816742403669233e-01
6.075591808214994671e+04 9.925772823437863934e-01
6.075591834221054160e+04 1.003481345289026327e+00
6.075591860227113648e+04 1.004757527062818845e+00
6.075591886233173136e+04 1.006038604478850296e+00
6.075591912239232624e+04 9.982485626599060247e-01
6.075591938245292840e+04 1.007604824899952733e+00
6.075591964251352329e+04 9.956567652516616906e-01
6.075591990257411817e+04 1.008905106021958931e+00
6.075592016263471305e+04 1.004818240065905588e+00
6.075592042269530793e+04 1.005012086890786138e+00
6.075592068275590282e+04 1.005415385344361479e+00
6.075592094281649770e+04 9.951489700146268769e-01
6.075592120287709986e+04 1.001780342196352924e+00
6.075592146293769474e+04 9.946468771262696462e-01
6.075592172299828962e+04 9.962703664054979313e-01
6.075592198305888451e+04 1.000550541610505606e+00
6.075592224311948667e+04 1.007843212168895386e+00
6.075592250318008155e+04 1.008142879489126065e+00
6.075592276324067643e+04 1.000548799525265764e+00
6.075592302330127131e+04 1.002409781721962601e+00
6.075592328336186620e+04 1.008016544923305613e+00
6.075592354342246108e+04 1.009130822408426109e+00
6.075592380348305596e+04 1.001929343081860102e+00
6.075592406354365812e+04 1.005564531581698340e+00
6.075592432360425300e+04 1.000611024186372155e+00
6.075592458366484789e+04 9.966942599428856298e-01
6.075592484372544277e+04 1.006696443927586726e+00
6.075592510378604493e+04 1.007770984699324579e+00
6.075592536384663981e+04 1.000872352640233443e+00
6.075592562390723469e+04 9.966305408325915050e-01
6.075592588396782958e+04 1.014785235132047436e+00
6.075592614402842446e+04 1.001493197919727907e+00
6.075592640408901934e+04 1.003973427366337878e+00
6.075592666414961423e+04 1.009281979136425145e+00
6.075592692421020911e+04 1.006815437511328737e+00
6.075592718427081127e+04 9.981956428710172524e-01
6.075592744433140615e+04 1.002619263852021048e+00
6.075592770439200103e+04 1.007888055868773058e+00
6.075592796445260319e+04 1.004842528400589297e+00
6.075592822451319807e+04 1.003596851477764895e+00
6.075592848457379296e+04 9.929635042908820930e-01
6.075592874463438784e+04 9.966969584804532545e-01
6.075592900469498272e+04 1.002217734660317161e+00
6.075592926475557761e+04 1.003302647492368083e+00
6.075592952481617249e+04 9.926570910109245860e-01
6.075592978487676737e+04 1.003633708940606217e+00
6.075593004493736953e+04 9.987945077103458358e-01
6.075593030499796441e+04 1.001882215072840365e+00
6.075593056505855930e+04 1.006963949537404091e+00
6.075593082511916145e+04 9.994785630401086252e-01
6.075593108517975634e+04 9.986136138529631001e-01
6.075593134524035122e+04 1.006389374607379317e+00
6.075593160530094610e+04 1.010576391375805461e+00
6.075593186536154099e+04 1.009321404495607810e+00
6.075593212542213587e+04 1.001552739570358952e+00
6.075593238548273075e+04 1.005987071220932894e+00
6.075593264554332563e+04 1.007788372047098147e+00
6.075593290560392779e+04 1.000686227728617261e+00
6.075593316566452268e+04 1.003866220055778413e+00
6.075593342572511756e+04 1.001196558300680328e+00
6.075593368578571244e+04 1.006831481092464786e+00
6.075593394584631460e+04 1.009259567533230983e+00
6.075593420590690948e+04 9.950641487240929894e-01
6.075593446596750437e+04 1.006844293642605193e+00
6.075593472602809925e+04 1.002798831363038268e+00
6.075593498608869413e+04 1.001257261464957748e+00
6.075593524614928901e+04 1.000295331579452940e+00
6.075593550620988390e+04 1.012635721166863512e+00
6.075593576627048606e+04 1.002640358595069614e+00
6.075593602633108094e+04 9.935281612544826224e-01
6.075593628639167582e+04 1.005927134561036551e+00
6.075593654645227070e+04 9.907543451168766557e-01
6.075593680651287286e+04 1.009400843880907450e+00
6.075593706657346775e+04 1.006308213048316524e+00
6.075593732663406263e+04 9.958526795419718747e-01
6.075593758669465751e+04 9.947368904618743013e-01
6.075593784675525239e+04 1.012270347463236631e+00
6.075593810681584728e+04 1.008267287354976505e+00
6.075593836687644216e+04 1.005155020243970299e+00
6.075593862693704432e+04 1.013416093208215685e+00
6.075593888699763920e+04 1.009078365885537343e+00
6.075593914705823408e+04 9.994991116553456623e-01
6.075593940711883624e+04 9.968956668387352060e-01
6.075594106598430517e+04 1.000989037577570073e+00
6.075594132604500919e+04 1.004485215563226896e+00
6.075594158610571321e+04 9.969195137669377704e-01
6.075594184616640996e+04 1.002385570946046522e+00
6.075594210622711398e+04 1.009891469876786241e+00
6.075594236628781800e+04 9.999326652036677476e-01
6.075594262634852203e+04 1.011439821048260024e+00
6.075594288640922605e+04 1.005394130409372977e+00
6.075594314646992279e+04 1.004906593286569727e+00
6.075594340653063409e+04 1.003915240475736770e+00
6.075594366659133811e+04 1.001831818705424482e+00
6.075594392665203486e+04 1.007275514153317175e+00
6.075594418671273888e+04 1.002814952033016516e+00
6.075594444677344291e+04 1.008553176288885522e+00
6.075594470683414693e+04 1.005913670435488294e+00
6.075594496689485095e+04 9.975596908613780789e-01
6.075594522695554770e+04 9.944141065542682068e-01
6.075594548701625172e+04 1.005086523816343114e+00
6.075594574707695574e+04 1.000093366040815557e+00
6.075594600713765976e+04 9.931778206938268738e-01
6.075594626719836378e+04 1.018254591859451219e+00
6.075594652725906053e+04 1.003151050875483064e+00
6.075594678731976455e+04 1.000524443806147801e+00
6.075594704738046858e+04 1.004393200887434334e+00
6.075594730744116532e+04 9.984818706280168543e-01
6.075594756750187662e+04 9.998587696217858811e-01
6.075594782756257337e+04 1.010837065470565399e+00
6.075594808762328466e+04 9.954575527722953066e-01
6.075594834768398869e+04 9.983309110319265045e-01
6.075594860774468543e+04 1.003234450468251993e+00
6.075594886780538945e+04 1.004358490267412529e+00
6.075594912786609348e+04 1.004967583569117195e+00
6.075594938792679750e+04 1.000735997527958165e+00
6.075594964798750152e+04 1.003148144378896323e+00
6.075594990804819827e+04 1.008883422883362080e+00
6.075595016810890229e+04 1.011341063357897641e+00
6.075595042816960631e+04 1.005995300787281055e+00
6.075595068823031033e+04 1.000113626279246937e+00
6.075595094829101436e+04 9.975823120711322378e-01
6.075595120835171110e+04 9.942372881044004851e-01
6.075595146841241512e+04 1.000955408776885269e+00
6.075595172847312642e+04 9.993844847569643974e-01
6.075595198853382317e+04 9.948430095812876850e-01
6.075595224859452719e+04 9.962361300976736445e-01
6.075595250865523121e+04 9.940838535790396113e-01
6.075595276871593524e+04 1.001606291195427545e+00
6.075595302877663926e+04 9.986856156123650186e-01
6.075595328883733600e+04 1.009213534016693004e+00
6.075595354889804003e+04 1.009470785324635855e+00
6.075595380895874405e+04 9.962761126865052885e-01
6.075595406901944807e+04 9.949493357340466471e-01
6.075595432908015209e+04 9.991601801682267192e-01
6.075595458914084884e+04 1.004804613985042172e+00
6.075595484920156014e+04 9.958705073217553050e-01
6.075595510926226416e+04 9.988037343603954898e-01
6.075595536932296091e+04 1.002306049969897250e+00
6.075595562938366493e+04 1.006614485178999985e+00
6.075595588944436895e+04 1.003044410156342714e+00
6.075595614950507297e+04 9.966448644692086356e-01
6.075595640956577699e+04 9.985267598257526744e-01
6.075595666962647374e+04 1.000056316715945082e+00
6.075595692968717776e+04 9.986709749899579380e-01
6.075595718974788178e+04 1.002050030047480833e+00
6.075595744980858581e+04 1.001657352935103162e+00
6.075595770986929710e+04 1.001937004739845927e+00
6.075595796992999385e+04 9.945154790468840877e-01
6.075595822999069787e+04 1.004048853740619807e+00
6.075595849005140190e+04 1.000207643662049284e+00
6.075595875011209864e+04 9.907021606154258198e-01
6.075595901017280994e+04 9.993222511002295416e-01
6.075595927023350669e+04 9.986771944010941482e-01
6.075595953029421071e+04 9.905426558485309618e-01
6.075595979035491473e+04 9.980198768270061027e-01
6.075596005041561148e+04 1.001539165690455091e+00
6.075596031047632277e+04 9.920719863445910391e-01
6.075596057053702680e+04 1.006572610766176545e+00
6.075596083059773082e+04 9.993516508382133123e-01
6.075596109065843484e+04 9.975578164151678306e-01
6.075596135071913159e+04 9.947398623289450681e-01
6.075596161077983561e+04 9.930853864171446110e-01
6.075596187084053963e+04 9.999584521852794561e-01
6.075596213090124365e+04 9.939479017539830652e-01
6.075596239096194768e+04 1.004921033496952498e+00
6.075596265102265170e+04 9.976564512536287843e-01
6.075596291108335572e+04 1.001461363506305879e+00
6.075596317114405974e+04 9.958880325565616642e-01
6.075596343120475649e+04 9.973744048089551173e-01
6.075596369126546051e+04 9.937189969711863746e-01
6.075596395132616453e+04 9.923182652702247086e-01
6.075596421138686856e+04 9.904369242714491373e-01
6.075596447144757258e+04 9.955920626820088382e-01
6.075596473150827660e+04 9.944973183285378271e-01
6.075596499156898062e+04 9.957587561061569392e-01
6.075596525162968464e+04 9.931614337518936964e-01
6.075596551169038867e+04 1.003295561182951046e+00
6.075596577175109269e+04 9.935110264958243453e-01
6.075596603181178943e+04 1.002832625490319263e+00
6.075596629187249346e+04 9.968681955592637589e-01
6.075596655193319748e+04 1.000304913316582667e+00
6.075596681199390150e+04 9.973276916379452128e-01
6.075596707205460552e+04 9.930916217173965110e-01
6.075596733211530955e+04 9.857161685412844099e-01
6.075596759217601357e+04 9.955232184506074278e-01
6.075596785223671759e+04 1.003576556565923816e+00
6.075596811229741434e+04 1.000669713372709602e+00
6.075596837235811836e+04 1.000608084657822250e+00
6.075596863241882238e+04 9.983461803537937440e-01
6.075596889247953368e+04 1.006709965778050941e+00
6.075596915254023770e+04 9.982131405629733889e-01
6.075596941260093445e+04 9.912616298482211930e-01
6.075597102105359954e+04 9.887015309250071216e-01
6.075597128111420170e+04 1.001673059083225237e+00
6.075597154117479658e+04 9.930763693928474911e-01
6.075597180123539147e+04 9.846765356693298887e-01
6.075597206129598635e+04 9.860492627353986128e-01
6.075597232135658123e+04 9.895134692807785459e-01
6.075597258141718339e+04 9.964149467010695593e-01
6.075597284147777827e+04 9.961999506403099724e-01
6.075597310153837316e+04 9.957247321223435810e-01
6.075597336159897532e+04 1.013479382416316632e+00
6.075597362165957020e+04 9.885836626096612401e-01
6.075597388172016508e+04 9.961350486037596763e-01
6.075597414178077452e+04 9.907419817291611697e-01
6.075597440184136940e+04 9.935443353749385809e-01
6.075597466190196428e+04 9.993201738240697907e-01
6.075597492196255916e+04 9.914435395636510551e-01
6.075597518202315405e+04 1.003999143449951559e+00
6.075597544208374893e+04 1.000963989530911258e+00
6.075597570214434381e+04 9.979762282700117559e-01
6.075597596220494597e+04 9.915935782552006694e-01
6.075597622226554813e+04 9.838443039134472379e-01
6.075597648232614301e+04 9.918671061355061047e-01
6.075597674238673790e+04 1.000993838411687431e+00
6.075597700244734006e+04 9.979228256638424943e-01
6.075597726250793494e+04 9.971761470860828203e-01
6.075597752256853710e+04 1.002975084479510892e+00
6.075597778262913198e+04 9.973855212846874929e-01
6.075597804268972686e+04 9.949079176318347262e-01
6.075597830275032175e+04 1.001131719153601329e+00
6.075597856281091663e+04 9.901895047788833448e-01
6.075597882287151151e+04 9.983808775450911943e-01
6.075597908293212095e+04 9.963183923314791191e-01
6.075597934299271583e+04 9.950593973841584949e-01
6.075597960305331071e+04 9.937282957109178083e-01
6.075597986311390559e+04 9.903600935787844062e-01
6.075598012317450775e+04 1.005485635906404163e+00
6.075598038323510264e+04 9.829653655236751941e-01
6.075598064329570479e+04 9.926152985227364445e-01
6.075598090335629968e+04 9.966817927224680407e-01
6.075598116341689456e+04 9.967338450436212804e-01
6.075598142347748944e+04 1.000370832330155224e+00
6.075598168353808433e+04 1.000966413794347254e+00
6.075598194359869376e+04 1.004878117617660882e+00
6.075598220365928864e+04 9.998579151882730498e-01
6.075598246371988353e+04 9.998472098971007416e-01
6.075598272378047841e+04 9.975863880389774785e-01
6.075598298384108057e+04 1.000640415872221300e+00
6.075598324390167545e+04 9.949356732682930193e-01
6.075598350396227761e+04 9.990915623100092846e-01
6.075598376402287249e+04 1.003783682697480195e+00
6.075598402408346738e+04 1.004408882156297533e+00
6.075598428414406226e+04 9.945723691466744620e-01
6.075598454420465714e+04 9.897960961023919424e-01
6.075598480426526658e+04 1.001113621672129472e+00
6.075598506432586146e+04 9.889654987412307419e-01
6.075598532438645634e+04 9.886471656561447441e-01
6.075598558444705122e+04 1.000334015432817969e+00
6.075598584450765338e+04 1.001498658629695226e+00
6.075598610456825554e+04 1.008591675178554192e+00
6.075598636462885042e+04 9.924152245720809784e-01
6.075598662468944531e+04 9.982147484007254379e-01
6.075598688475004019e+04 1.007977823103071158e+00
6.075598714481063507e+04 1.001770429171262577e+00
6.075598740487123723e+04 9.999117567536109918e-01
6.075598766493183211e+04 9.999020400091171989e-01
6.075598792499243427e+04 9.942316658282605024e-01
6.075598818505302916e+04 9.957754712391145846e-01
6.075598844511362404e+04 9.991859164106235980e-01
6.075598870517423347e+04 1.006758161969090848e+00
6.075598896523482836e+04 9.902148069167920896e-01
6.075598922529542324e+04 9.915943104820638121e-01
6.075598948535601812e+04 1.000150716845076948e+00
6.075598974541661300e+04 9.967201662187896716e-01
6.075599000547721516e+04 9.990122821959459554e-01
6.075599026553781005e+04 9.993433737457696475e-01
6.075599052559840493e+04 1.013304206363365267e+00
6.075599078565900709e+04 9.999808825135877433e-01
6.075599104571960197e+04 9.989873557315559482e-01
6.075599130578020413e+04 1.006208859558440860e+00
6.075599156584080629e+04 1.000272027253521490e+00
6.075599182590140117e+04 9.962649153247924438e-01
6.075599208596199605e+04 9.925986945414245755e-01
6.075599234602259094e+04 9.969881481233652254e-01
6.075599260608319310e+04 1.002524298506951794e+00
6.075599286614378798e+04 9.994315849707307020e-01
6.075599312620438286e+04 1.002539807466769073e+00
6.075599338626497774e+04 1.012460779362349461e+00
6.075599364632558718e+04 9.950274230576697798e-01
6.075599390638618206e+04 1.001888649870690262e+00
6.075599416644677694e+04 1.001089047364653650e+00
6.075599442650737910e+04 1.004081280105374008e+00
6.075599468656797399e+04 1.002497595558248245e+00
6.075599494662857614e+04 1.008457101056974503e+00
6.075599520668917103e+04 1.001948623235834335e+00
6.075599546674976591e+04 1.001413403205448915e+00
6.075599572681036079e+04 1.008908153375584149e+00
6.075599598687096295e+04 9.970116139183753390e-01
6.075599624693155783e+04 9.999935206203280913e-01
6.075599650699215999e+04 1.004580149586940419e+00
6.075599676705275488e+04 1.000829933108140946e+00
6.075599702711334976e+04 9.972023045831400756e-01
6.075599728717395192e+04 9.981677001382218695e-01
6.075599754723455408e+04 9.955293989257174569e-01
6.075599780729514896e+04 1.003691906928294575e+00
6.075599806735574384e+04 1.002687160444267311e+00
6.075599832741634600e+04 1.006632306792045961e+00
6.075599858747694088e+04 1.008219108026327637e+00
6.075599884753753577e+04 9.935444394666668178e-01
6.075599910759813065e+04 9.991059631418576226e-01
6.075599936765874008e+04 9.936638774609823921e-01
6.075600091310295102e+04 9.976256362802843336e-01
6.075600117316365504e+04 9.957945502274057059e-01
6.075600143322435179e+04 1.001042705066162330e+00
6.075600169328505581e+04 1.006126076241623979e+00
6.075600195334576711e+04 9.995473060702444457e-01
6.075600221340647113e+04 1.013089733098952783e+00
6.075600247346717515e+04 1.008883676850230726e+00
6.075600273352787190e+04 1.007606758302473038e+00
6.075600299358858319e+04 9.998608142504821217e-01
6.075600325364928722e+04 1.000883508213337603e+00
6.075600351370998396e+04 1.005935287151675794e+00
6.075600377377069526e+04 1.004946499340812593e+00
6.075600403383139928e+04 1.000717771540856393e+00
6.075600429389210331e+04 1.008279568219569766e+00
6.075600455395280733e+04 1.003338829605944005e+00
6.075600481401350407e+04 1.007720055613184229e+00
6.075600507407421537e+04 9.948912950385767617e-01
6.075600533413491939e+04 1.000667134737671438e+00
6.075600559419562342e+04 1.008124100709424820e+00
6.075600585425632744e+04 9.993042697227284554e-01
6.075600611431703146e+04 1.012125764190597632e+00
6.075600637437773548e+04 1.008751522297234304e+00
6.075600663443843951e+04 1.003772579849646629e+00
6.075600689449914353e+04 9.991857604573038953e-01
6.075600715455985483e+04 9.991906274250088593e-01
6.075600741462055157e+04 1.006238386953013153e+00
6.075600767468125559e+04 1.003536574520204505e+00
6.075600793474195962e+04 9.984840671159916914e-01
6.075600819480266364e+04 1.002343722405065085e+00
6.075600845486336766e+04 1.011717407081819564e+00
6.075600871492407168e+04 1.007596600817081134e+00
6.075600897498478298e+04 1.002789091069079985e+00
6.075600923504548700e+04 1.009748906586039219e+00
6.075600949510618375e+04 1.004026117741408042e+00
6.075600975516688777e+04 1.002011510075621059e+00
6.075601001522759907e+04 1.014098592106930097e+00
6.075601027528830309e+04 1.006587396217422103e+00
6.075601053534900711e+04 9.993414212523705764e-01
6.075601079540970386e+04 1.003116043947414493e+00
6.075601105547041516e+04 1.010859802083947878e+00
6.075601131553111918e+04 9.988440133144294020e-01
6.075601157559181593e+04 1.008921834079600233e+00
6.075601183565252722e+04 1.009059109903239770e+00
6.075601209571323125e+04 1.007888333803373060e+00
6.075601235577393527e+04 1.000373646141829553e+00
6.075601261583463929e+04 1.001109432337816241e+00
6.075601287589534331e+04 9.978772499066766999e-01
6.075601313595604734e+04 9.992962836600387533e-01
6.075601339601675136e+04 1.003561630370500835e+00
6.075601365607746266e+04 1.004596539577898628e+00
6.075601391613816668e+04 1.003679551142590221e+00
6.075601417619886342e+04 1.007743493089552800e+00
6.075601443625956745e+04 1.016593377548335786e+00
6.075601469632027874e+04 1.006955160492122747e+00
6.075601495638097549e+04 1.007011489421597572e+00
6.075601521644168679e+04 1.002328182608348328e+00
6.075601547650239081e+04 1.001960275317846039e+00
6.075601573656309483e+04 1.007153596742123902e+00
6.075601599662379886e+04 9.994014140160929482e-01
6.075601625668450288e+04 1.004925704417642951e+00
6.075601651674520690e+04 9.957379910102079901e-01
6.075601677680591092e+04 1.011678714155644254e+00
6.075601703686661494e+04 1.003063960307097435e+00
6.075601729692732624e+04 1.005352268830872919e+00
6.075601755698802299e+04 1.002649052061166168e+00
6.075601781704872701e+04 1.007506540794891547e+00
6.075601807710943831e+04 1.009418912890146292e+00
6.075601833717014233e+04 1.005562368518698735e+00
6.075601859723084635e+04 1.002593224428291796e+00
6.075601885729155038e+04 1.011604642847302671e+00
6.075601911735225440e+04 1.005965497997418634e+00
6.075601937741295842e+04 1.013842566362907371e+00
6.075601963747365517e+04 1.009498961363169744e+00
6.075601989753436646e+04 1.004078137220692390e+00
6.075602015759507049e+04 9.941171755968264412e-01
6.075602041765577451e+04 1.010103185736126452e+00
6.075602067771648581e+04 1.001091442133996257e+00
6.075602093777718255e+04 1.007537886005282379e+00
6.075602119783788658e+04 1.000093167746084255e+00
6.075602145789859787e+04 1.003695325802577143e+00
6.075602171795930190e+04 1.003107576992162464e+00
6.075602197802000592e+04 1.003632916529318519e+00
6.075602223808070994e+04 1.003746407279388464e+00
6.075602249814141396e+04 1.012196737391507950e+00
6.075602275820211798e+04 1.004613352490384193e+00
6.075602301826282201e+04 1.007351989490176569e+00
6.075602327832352603e+04 1.002016023687973156e+00
6.075602353838423005e+04 1.005110488042295414e+00
6.075602379844494135e+04 1.008319707851370151e+00
6.075602405850564537e+04 9.973393984779527210e-01
6.075602431856634212e+04 1.009834979451416093e+00
6.075602457862704614e+04 1.008902500622881782e+00
6.075602483868775744e+04 1.003046958749997275e+00
6.075602509874846146e+04 1.000352364490649348e+00
6.075602535880916548e+04 9.960136345064510843e-01
6.075602561886986950e+04 1.009316202892298397e+00
6.075602587893057353e+04 1.002919856851523406e+00
6.075602613899127755e+04 1.001698114701263354e+00
6.075602639905198885e+04 9.975820760492697392e-01
6.075602665911269287e+04 1.001942257593866792e+00
6.075602691917338962e+04 1.002966235552622543e+00
6.075602717923410091e+04 1.002247471902663944e+00
6.075602743929480494e+04 1.005496179009154778e+00
6.075602769935550168e+04 1.006034907515658716e+00
6.075602795941621298e+04 9.910709513971456275e-01
6.075602821947691700e+04 1.007226985112160023e+00
6.075602847953762102e+04 1.005166238679406909e+00
6.075602873959833232e+04 1.006255314226645936e+00
6.075602899965902907e+04 1.001300650520126956e+00
6.075602925971973309e+04 1.004982754789179644e+00
6.075603093119423283e+04 9.988019816592423883e-01
6.075603119125482772e+04 9.975889735802131453e-01
6.075603145131542988e+04 9.967149717378528395e-01
6.075603171137602476e+04 9.976486019891964707e-01
6.075603197143662692e+04 9.974971662570821795e-01
6.075603223149722908e+04 1.004450163155598208e+00
6.075603249155782396e+04 9.989410441275006214e-01
6.075603275161842612e+04 9.969431955839918036e-01
6.075603301167902100e+04 9.992436918043446914e-01
6.075603327173962316e+04 9.954572167143002082e-01
6.075603353180022532e+04 9.974615764966638931e-01
6.075603379186082020e+04 9.994941832145450844e-01
6.075603405192141508e+04 1.001331176353128738e+00
6.075603431198201724e+04 9.992767206489451270e-01
6.075603457204261213e+04 9.982677753521551622e-01
6.075603483210320701e+04 1.000671683954630575e+00
6.075603509216381644e+04 1.004533207615476265e+00
6.075603535222441133e+04 9.919203118420493182e-01
6.075603561228501349e+04 1.010955003794319129e+00
6.075603587234560837e+04 1.003293964235830282e+00
6.075603613240621053e+04 1.006434007980070655e+00
6.075603639246681269e+04 9.896004253286150298e-01
6.075603665252740757e+04 9.960312355170636289e-01
6.075603691258800245e+04 1.010457191291281864e+00
6.075603717264860461e+04 9.967922478274175990e-01
6.075603743270919949e+04 1.001337044405813836e+00
6.075603769276979438e+04 1.003253614339713717e+00
6.075603795283040381e+04 9.972212945014313767e-01
6.075603821289099869e+04 9.975726521334294938e-01
6.075603847295160085e+04 9.924348013999637619e-01
6.075603873301219573e+04 1.002805354058403875e+00
6.075603899307279789e+04 9.946560273300172339e-01
6.075603925313340005e+04 9.976788109411471872e-01
6.075603951319399494e+04 1.000020823493670052e+00
6.075603977325458982e+04 1.002762147229714129e+00
6.075604003331519198e+04 1.007027985275867454e+00
6.075604029337578686e+04 9.957081653790271769e-01
6.075604055343638902e+04 1.002137771142958655e+00
6.075604081349698390e+04 1.002335065025697025e+00
6.075604107355758606e+04 9.966613910118237163e-01
6.075604133361818822e+04 9.996656543720042754e-01
6.075604159367878310e+04 1.001265461876875928e+00
6.075604185373938526e+04 1.001308499531775809e+00
6.075604211379998742e+04 9.978918523826286746e-01
6.075604237386058230e+04 9.914733332340202043e-01
6.075604263392118446e+04 9.983046987328413335e-01
6.075604289398177934e+04 9.999391966550388311e-01
6.075604315404237423e+04 9.920964264450213843e-01
6.075604341410297639e+04 9.927752006812138319e-01
6.075604367416357127e+04 1.012547459247185921e+00
6.075604393422418070e+04 1.001965102590327561e+00
6.075604419428477559e+04 1.001347044741847991e+00
6.075604445434537047e+04 9.991502799763061216e-01
6.075604471440597990e+04 1.003165213127959365e+00
6.075604497446657479e+04 9.963089218908345313e-01
6.075604523452717694e+04 9.988420148943590871e-01
6.075604549458777183e+04 1.005392875929598029e+00
6.075604575464836671e+04 1.007843902322413276e+00
6.075604601470896887e+04 1.004981389888563781e+00
6.075604627476956375e+04 1.003954611365786009e+00
6.075604653483016591e+04 9.936834987541175446e-01
6.075604679489076807e+04 9.951049100968683003e-01
6.075604705495136295e+04 9.973189029513261916e-01
6.075604731501196511e+04 9.933336265865935211e-01
6.075604757507256727e+04 9.948148992832142046e-01
6.075604783513316943e+04 1.005252052825392095e+00
6.075604809519376431e+04 1.001636582217646509e+00
6.075604835525435919e+04 9.936351489135221149e-01
6.075604861531496135e+04 9.841255932416854701e-01
6.075604887537555624e+04 9.970846355080635881e-01
6.075604913543615839e+04 9.885708257180017000e-01
6.075604939549675328e+04 9.964827837094525353e-01
6.075604965555735544e+04 9.964508125142301775e-01
6.075604991561795759e+04 9.967576807084047585e-01
6.075605017567855248e+04 9.970738349663677003e-01
6.075605043573915464e+04 9.921398643015787444e-01
6.075605069579975680e+04 9.992396494436494025e-01
6.075605095586035168e+04 9.876170817573156624e-01
6.075605121592095384e+04 9.982802014305623972e-01
6.075605147598154872e+04 1.001358140247190276e+00
6.075605173604215088e+04 9.915294419825311234e-01
6.075605199610274576e+04 1.000880509132707985e+00
6.075605225616334792e+04 1.000192509091874182e+00
6.075605251622395008e+04 9.882578846656057125e-01
6.075605277628454496e+04 9.999934452896883652e-01
6.075605303634514712e+04 9.994417292651018858e-01
6.075605329640574200e+04 1.006918673278016874e+00
6.075605355646635144e+04 1.005827208250781091e+00
6.075605381652694632e+04 1.003273954643449040e+00
6.075605407658754848e+04 1.001659931250295843e+00
6.075605433664814336e+04 1.003652982196212573e+00
6.075605459670873825e+04 1.008200950473584934e+00
6.075605485676934040e+04 9.930384862098153853e-01
6.075605511682993529e+04 9.915572747842816836e-01
6.075605537689054472e+04 1.001535748576580787e+00
6.075605563695113960e+04 1.000955030668384094e+00
6.075605589701174176e+04 9.904549581528063751e-01
6.075605615707233665e+04 9.947121691134713783e-01
6.075605641713293880e+04 9.921498900701626322e-01
6.075605667719354096e+04 1.001526281799844931e+00
6.075605693725413585e+04 1.000636008602737936e+00
6.075605719731473800e+04 9.923415709118351691e-01
6.075605745737533289e+04 1.000839837427805135e+00
6.075605771743593505e+04 1.005995907656176414e+00
6.075605797749652993e+04 9.960949557348627303e-01
6.075605823755713209e+04 9.948972725134247463e-01
6.075605849761773425e+04 9.985562800601494038e-01
6.075605875767832913e+04 9.958623537825094241e-01
6.075605901773893129e+04 9.955813895423941684e-01
6.075605927779953345e+04 9.919259634925545743e-01
6.075606082322710427e+04 9.908097252193680538e-01
6.075606108328780829e+04 9.978712339467138426e-01
6.075606134334851231e+04 9.973195278960891308e-01
6.075606160340922361e+04 9.966692219394359675e-01
6.075606186346992035e+04 9.966499173551289781e-01
6.075606212353063165e+04 9.893230563904666930e-01
6.075606238359133567e+04 9.909238349131715973e-01
6.075606264365204697e+04 9.980528046024437216e-01
6.075606290371275099e+04 9.954881902505624547e-01
6.075606316377345502e+04 9.877305824687628855e-01
6.075606342383415904e+04 9.976709112096762144e-01
6.075606368389486306e+04 9.967559419071412297e-01
6.075606394395557436e+04 9.983257431494479972e-01
6.075606420401627838e+04 9.897169136525136857e-01
6.075606446407698240e+04 9.934230332789957263e-01
6.075606472413768643e+04 9.849442792451064133e-01
6.075606498419839772e+04 1.002318042275605281e+00
6.075606524425910175e+04 9.962566285971534707e-01
6.075606550431981304e+04 9.921261649550379147e-01
6.075606576438050979e+04 9.949791751047351029e-01
6.075606602444122109e+04 1.005042738912818256e+00
6.075606628450192511e+04 9.939716961085253155e-01
6.075606654456262913e+04 1.003250973434205440e+00
6.075606680462333316e+04 9.934146441074287459e-01
6.075606706468404445e+04 9.934265468845935310e-01
6.075606732474474848e+04 9.941800031078843469e-01
6.075606758480545250e+04 9.877816450985319463e-01
6.075606784486615652e+04 1.000761255434465591e+00
6.075606810492686054e+04 9.966376854627617687e-01
6.075606836498757184e+04 1.001921871144737075e+00
6.075606862504827586e+04 9.934895957674826361e-01
6.075606888510898716e+04 1.000487107626266248e+00
6.075606914516968391e+04 1.008391923421550151e+00
6.075606940523039520e+04 9.948100543887473668e-01
6.075606966529109923e+04 9.988624993294907828e-01
6.075606992535180325e+04 9.932294549610573009e-01
6.075607018541250727e+04 9.992958106891455250e-01
6.075607044547321857e+04 9.969203951934216823e-01
6.075607070553392259e+04 9.899585141788668219e-01
6.075607096559463389e+04 1.006589565029442523e+00
6.075607122565533064e+04 1.000174925371639656e+00
6.075607148571604193e+04 1.002550999524259634e+00
6.075607174577674596e+04 9.965777725271542931e-01
6.075607200583745725e+04 9.958800704720102148e-01
6.075607226589816128e+04 9.921325650017049913e-01
6.075607252595886530e+04 9.969034151431612756e-01
6.075607278601956932e+04 9.968525697445798084e-01
6.075607304608028062e+04 9.939019067206390501e-01
6.075607330614097737e+04 9.995319110726150758e-01
6.075607356620169594e+04 9.948555382664932001e-01
6.075607382626239269e+04 9.866044316269375614e-01
6.075607408632310398e+04 9.993202209588178953e-01
6.075607434638380801e+04 9.978518436781066425e-01
6.075607460644451203e+04 9.870313452695490541e-01
6.075607486650521605e+04 1.002280659847516908e+00
6.075607512656592735e+04 9.984544145623853728e-01
6.075607538662663137e+04 9.983433165026980305e-01
6.075607564668734267e+04 1.002808619437445481e+00
6.075607590674803942e+04 9.917718962133956762e-01
6.075607616680875071e+04 1.004178723390695582e+00
6.075607642686945474e+04 9.989987735911289857e-01
6.075607668693016603e+04 9.966197790916311305e-01
6.075607694699087006e+04 1.005328477527840381e+00
6.075607720705157408e+04 9.933386156199471850e-01
6.075607746711227810e+04 9.925404692815378294e-01
6.075607772717298940e+04 1.001188041839800258e+00
6.075607798723368614e+04 1.007417835112846438e+00
6.075607824729439744e+04 9.924492529967831045e-01
6.075607850735510146e+04 1.006146148957151043e+00
6.075607876741581276e+04 1.002825408903069260e+00
6.075607902747651679e+04 9.879980532094527756e-01
6.075607928753722081e+04 9.975139468168104928e-01
6.075607954759792483e+04 1.004345075924291120e+00
6.075607980765863613e+04 1.000157358774563798e+00
6.075608006771934015e+04 1.002667491426070479e+00
6.075608032778005145e+04 9.977186832451183651e-01
6.075608058784074819e+04 9.979973047083414706e-01
6.075608084790145949e+04 9.938737777864189438e-01
6.075608110796216351e+04 1.000181009866219606e+00
6.075608136802286754e+04 1.000851107872644752e+00
6.075608162808357156e+04 1.008589606311020015e+00
6.075608188814428286e+04 1.000975095724169206e+00
6.075608214820498688e+04 9.958349871452030211e-01
6.075608240826569818e+04 9.992216405602653007e-01
6.075608266832639492e+04 9.972254510169092923e-01
6.075608292838710622e+04 9.996956145959857709e-01
6.075608318844781024e+04 1.000665367319381049e+00
6.075608344850852154e+04 1.003415317224320757e+00
6.075608370856922556e+04 1.006966983839055585e+00
6.075608396862992959e+04 1.004519863754530284e+00
6.075608422869064088e+04 1.002467085022404003e+00
6.075608448875134491e+04 1.003002080514711958e+00
6.075608474881204893e+04 1.008755119406660405e+00
6.075608500887276023e+04 9.985536283607101549e-01
6.075608526893346425e+04 9.982900166776855766e-01
6.075608552899416827e+04 9.935535509154299616e-01
6.075608578905487957e+04 1.008248655759176993e+00
6.075608604911557632e+04 1.006340716838906468e+00
6.075608630917628761e+04 1.003828601749767069e+00
6.075608656923699164e+04 9.998657409035867083e-01
6.075608682929770293e+04 1.000194873256707417e+00
6.075608708935840696e+04 9.989608645590140057e-01
6.075608734941911098e+04 1.011755189321391857e+00
6.075608760947981500e+04 1.012696065241300625e+00
6.075608786954052630e+04 1.013231757483264106e+00
6.075608812960123760e+04 1.011149334796327182e+00
6.075608838966194162e+04 1.011503472988783070e+00
6.075608864972264564e+04 1.006088310229558580e+00
6.075608890978334966e+04 1.009128455736914232e+00
6.075608916984406096e+04 9.975188757794462013e-01
6.075609076569380704e+04 9.976481940613048938e-01
6.075609102575441648e+04 1.004802524257886187e+00
6.075609128581501136e+04 9.971724368734482535e-01
6.075609154587561352e+04 1.005147114685190912e+00
6.075609180593621568e+04 9.908627287864761879e-01
6.075609206599681784e+04 1.006508565980512859e+00
6.075609232605741272e+04 1.004051635990603319e+00
6.075609258611801488e+04 9.976867672198564962e-01
6.075609284617860976e+04 1.001609829510286431e+00
6.075609310623921192e+04 9.948970381616343284e-01
6.075609336629981408e+04 1.005204308671826308e+00
6.075609362636040896e+04 1.003131241761461068e+00
6.075609388642101840e+04 1.008106230883368815e+00
6.075609414648161328e+04 1.005361692609527680e+00
6.075609440654221544e+04 9.873884562172779988e-01
6.075609466660281760e+04 1.000032328875329446e+00
6.075609492666341976e+04 9.993319565706629826e-01
6.075609518672402191e+04 1.004815835218312081e+00
6.075609544678461680e+04 1.004129658817033421e+00
6.075609570684521896e+04 9.955220828980995140e-01
6.075609596690581384e+04 1.008263310631435816e+00
6.075609622696641600e+04 1.004290918086075290e+00
6.075609648702701088e+04 1.002315411003287915e+00
6.075609674708762032e+04 1.004839977056501965e+00
6.075609700714822247e+04 1.002271599105988287e+00
6.075609726720881736e+04 1.002871124770147171e+00
6.075609752726942679e+04 1.003286336259294531e+00
6.075609778733002167e+04 1.010548711943242584e+00
6.075609804739062383e+04 1.018407279608565030e+00
6.075609830745121872e+04 1.001683254668239487e+00
6.075609856751182087e+04 1.006226948669859178e+00
6.075609882757242303e+04 9.993797262188165442e-01
6.075609908763301792e+04 1.002470129869725612e+00
6.075609934769362008e+04 9.987238253100796381e-01
6.075609960775422223e+04 1.009060671847877622e+00
6.075609986781482439e+04 1.003537607199422865e+00
6.075610012787541928e+04 1.016979208875260055e+00
6.075610038793602143e+04 1.007399385000040670e+00
6.075610064799663087e+04 1.004348596359297074e+00
6.075610090805722575e+04 9.972845840182392729e-01
6.075610116811782791e+04 1.000823748868564733e+00
6.075610142817842279e+04 9.957030021077628579e-01
6.075610168823902495e+04 1.005340548027850778e+00
6.075610194829962711e+04 1.011906487325167081e+00
6.075610220836022199e+04 1.006054335207801964e+00
6.075610246842083143e+04 9.960764886095906379e-01
6.075610272848142631e+04 1.000071861507526583e+00
6.075610298854202847e+04 1.011550201391654635e+00
6.075610324860263063e+04 1.005263241319697798e+00
6.075610350866323279e+04 1.013691298500386972e+00
6.075610376872383495e+04 1.012565291178168625e+00
6.075610402878442983e+04 1.005450684184804100e+00
6.075610428884503199e+04 1.001625253934441684e+00
6.075610454890563415e+04 1.008707926749305095e+00
6.075610480896622903e+04 1.005552450728812053e+00
6.075610506902683119e+04 1.001025682957703111e+00
6.075610532908743335e+04 1.007078540155629254e+00
6.075610558914803551e+04 1.006326830803645045e+00
6.075610584920863766e+04 1.004310666890906978e+00
6.075610610926923255e+04 1.002853746703360471e+00
6.075610636932984198e+04 1.008158443509954205e+00
6.075610662939043686e+04 1.007361703917986961e+00
6.075610688945103902e+04 1.000766872256519946e+00
6.075610714951164118e+04 9.969886334481719015e-01
6.075610740957223607e+04 9.968997745126151333e-01
6.075610766963283822e+04 1.006486918793831231e+00
6.075610792969343311e+04 9.990678413163467386e-01
6.075610818975403527e+04 9.956561586215098014e-01
6.075610844981464470e+04 1.000830401223050226e+00
6.075610870987523958e+04 1.014943080637048078e+00
6.075610896993584174e+04 1.004845411881487349e+00
6.075610922999644390e+04 1.009446604064306863e+00
6.075610949005704606e+04 1.001255125426025572e+00
6.075610975011764822e+04 9.975408391020176291e-01
6.075611001017824310e+04 1.001335084874083625e+00
6.075611027023884526e+04 1.007730064692821337e+00
6.075611053029944742e+04 1.000254299423713800e+00
6.075611079036004230e+04 1.000254485564207707e+00
6.075611105042064446e+04 9.964099575838337719e-01
6.075611131048124662e+04 9.990949049300287266e-01
6.075611157054184878e+04 9.986450601253759052e-01
6.075611183060245094e+04 1.001713280737688061e+00
6.075611209066305310e+04 1.007761459537364512e+00
6.075611235072365525e+04 1.006408913050199860e+00
6.075611261078425741e+04 1.005246840846437451e+00
6.075611287084485230e+04 1.000290382266270317e+00
6.075611313090545445e+04 9.975044251483832225e-01
6.075611339096604934e+04 1.004154221439355066e+00
6.075611365102665150e+04 9.993622484826001351e-01
6.075611391108725365e+04 1.001743836464023207e+00
6.075611417114785581e+04 1.005516327760208606e+00
6.075611443120845797e+04 9.977137657010924920e-01
6.075611469126906013e+04 9.997960389378028889e-01
6.075611495132966229e+04 9.898136493546499937e-01
6.075611521139026445e+04 9.954709978163016615e-01
6.075611547145085933e+04 9.976710506679823398e-01
6.075611573151146149e+04 9.981722604820947309e-01
6.075611599157206365e+04 1.004085084218616641e+00
6.075611625163265853e+04 9.934807115295397617e-01
6.075611651169326069e+04 9.990869434609906952e-01
6.075611677175386285e+04 9.985420220488875342e-01
6.075611703181446501e+04 1.006548286644510348e+00
6.075611729187506717e+04 9.992683539310167617e-01
6.075611755193566933e+04 9.916497383560737289e-01
6.075611781199626421e+04 9.942935277193094556e-01
6.075611807205687364e+04 9.896205118344963969e-01
6.075611833211747580e+04 1.005168363104069540e+00
6.075611859217807068e+04 1.001255055757089840e+00
6.075611885223867284e+04 9.961035268797699960e-01
6.075611911229926773e+04 9.885709761741938717e-01
6.075612077117233275e+04 1.006099977297181258e+00
6.075612103123303677e+04 1.007055054794034232e+00
6.075612129129374080e+04 9.997049965888885614e-01
6.075612155135445209e+04 1.013457594011937024e+00
6.075612181141516339e+04 1.000839313883177484e+00
6.075612207147586741e+04 9.987153660750686113e-01
6.075612233153657144e+04 9.965937738632490994e-01
6.075612259159728274e+04 9.932869532643898713e-01
6.075612285165798676e+04 9.983443242970642117e-01
6.075612311171869806e+04 1.004892704298772088e+00
6.075612337177940935e+04 9.937872746035364413e-01
6.075612363184010610e+04 9.885644567059449495e-01
6.075612389190081740e+04 9.929228756364800734e-01
6.075612415196152870e+04 9.939325032564290119e-01
6.075612441202222544e+04 9.977004487426334167e-01
6.075612467208293674e+04 1.002481232516588827e+00
6.075612493214364804e+04 9.958551961217482207e-01
6.075612519220435206e+04 9.981882458513198220e-01
6.075612545226506336e+04 9.972087609644506578e-01
6.075612571232576738e+04 1.005867046549964172e+00
6.075612597238647140e+04 9.935456278281215026e-01
6.075612623244718270e+04 9.976835032345450216e-01
6.075612649250789400e+04 9.954141533202532921e-01
6.075612675256859802e+04 1.004252316400945810e+00
6.075612701262930204e+04 1.007012216735840182e+00
6.075612727269001334e+04 1.005623622046697641e+00
6.075612753275071736e+04 9.992649653876289895e-01
6.075612779281142139e+04 9.976631799568497216e-01
6.075612805287213268e+04 1.000504082821976004e+00
6.075612831293283671e+04 9.863014169967063705e-01
6.075612857299354800e+04 1.000681431121304144e+00
6.075612883305425930e+04 9.956684904857182605e-01
6.075612909311495605e+04 1.002100644456590528e+00
6.075612935317566735e+04 9.884681638599481790e-01
6.075612961323637865e+04 9.957993364215741439e-01
6.075612987329708267e+04 9.989889589937108738e-01
6.075613013335779397e+04 9.990303471404681224e-01
6.075613039341849799e+04 1.007308844205321519e+00
6.075613065347920201e+04 9.985625361920866805e-01
6.075613091353991331e+04 9.916231523076756149e-01
6.075613117360061733e+04 1.000785163855830495e+00
6.075613143366133590e+04 9.969870212231181084e-01
6.075613169372203265e+04 9.977629006028971848e-01
6.075613195378274395e+04 9.899740179888559810e-01
6.075613221384345525e+04 9.939306297793285561e-01
6.075613247390415199e+04 9.912158772563733899e-01
6.075613273396486329e+04 9.931773458156056833e-01
6.075613299402557459e+04 9.959539159840514744e-01
6.075613325408627861e+04 1.002075753442670081e+00
6.075613351414698991e+04 9.875032941522017271e-01
6.075613377420769393e+04 9.930018629651375939e-01
6.075613403426840523e+04 9.910705887327689867e-01
6.075613429432910925e+04 9.982912787151280165e-01
6.075613455438982055e+04 9.899360732908603078e-01
6.075613481445053185e+04 9.988082947288797753e-01
6.075613507451122859e+04 1.006364070338258587e+00
6.075613533457193989e+04 1.000939684958610743e+00
6.075613559463265119e+04 1.002563034746174253e+00
6.075613585469334794e+04 9.982510867394298604e-01
6.075613611475405924e+04 1.001806456312289262e+00
6.075613637481477053e+04 9.945732976574707118e-01
6.075613663487548183e+04 9.939865713708222472e-01
6.075613689493618585e+04 9.924748621545811389e-01
6.075613715499688988e+04 9.897663537397284328e-01
6.075613741505760117e+04 9.945713186496369929e-01
6.075613767511830520e+04 9.940244890113133502e-01
6.075613793517901649e+04 9.986596180802836953e-01
6.075613819523972779e+04 9.831297458500726227e-01
6.075613845530043181e+04 1.001085320405304291e+00
6.075613871536113584e+04 9.971163956847952647e-01
6.075613897542184714e+04 9.991471023317679556e-01
6.075613923548255116e+04 9.917696216955466104e-01
6.075613949554325518e+04 9.949458069974231877e-01
6.075613975560396648e+04 1.001680953117179751e+00
6.075614001566467778e+04 1.004710686797802177e+00
6.075614027572538907e+04 1.000722979088832121e+00
6.075614053578608582e+04 1.002180859829067350e+00
6.075614079584679712e+04 9.958603185047111284e-01
6.075614105590750842e+04 9.925472315843083537e-01
6.075614131596821244e+04 9.990872165942820127e-01
6.075614157602892374e+04 9.949065722064043271e-01
6.075614183608962776e+04 9.944140007872979137e-01
6.075614209615033906e+04 9.928631007580640544e-01
6.075614235621104308e+04 9.960993651691669726e-01
6.075614261627174710e+04 9.958264058432092503e-01
6.075614287633246568e+04 9.992807708051324456e-01
6.075614313639316970e+04 9.952099118293691316e-01
6.075614339645387372e+04 9.892403993027203413e-01
6.075614365651458502e+04 1.008450314868621911e+00
6.075614391657528904e+04 9.909355619528269488e-01
6.075614417663600034e+04 1.001884490118290616e+00
6.075614443669670436e+04 1.002312774004929352e+00
6.075614469675741566e+04 9.985218181701019935e-01
6.075614495681812696e+04 9.988838516497565712e-01
6.075614521687882370e+04 9.953951590650886860e-01
6.075614547693953500e+04 1.002335366574203190e+00
6.075614573700024630e+04 9.981008219647519164e-01
6.075614599706095760e+04 9.970825437947741232e-01
6.075614625712166162e+04 1.001495559019449644e+00
6.075614651718236564e+04 9.939741830873115580e-01
6.075614677724307694e+04 9.993124593915556630e-01
6.075614703730378824e+04 9.955594936619602819e-01
6.075614729736448498e+04 9.931102049500877271e-01
6.075614755742519628e+04 9.989472466273136009e-01
6.075614781748590758e+04 9.945262987087730711e-01
6.075614807754661888e+04 1.002191819856297794e+00
6.075614833760732290e+04 9.883672950221809028e-01
6.075614859766802692e+04 1.003434638235332299e+00
6.075614885772873822e+04 9.983162218044149272e-01
6.075614911778944952e+04 1.002140024335510526e+00
