6.075547523418369383e+04 9.969351268622841378e-01
6.075547549424438330e+04 9.926230445215039611e-01
6.075547575430508005e+04 9.993627560323020687e-01
6.075547601436576224e+04 9.876956503120903896e-01
6.075547627442645899e+04 9.944812783015434254e-01
6.075547653448714846e+04 9.783039751499751357e-01
6.075547679454784520e+04 1.018292937514733376e+00
6.075547705460853467e+04 9.928364164031693306e-01
6.075547731466922414e+04 9.982295208121646501e-01
6.075547757472991361e+04 9.923424787869230546e-01
6.075547783479061036e+04 9.931702789625966865e-01
6.075547809485129255e+04 9.997355297694709986e-01
6.075547835491198930e+04 9.926079717572231509e-01
6.075547861497267877e+04 9.912919986445118958e-01
6.075547887503337552e+04 9.990678592597147523e-01
6.075547913509406499e+04 1.001293399966733944e+00
6.075547939515475446e+04 9.971779459280578628e-01
6.075547965521544393e+04 1.007905678925886894e+00
6.075547991527614067e+04 9.975096177466986624e-01
6.075548017533683014e+04 9.903129022991737918e-01
6.075548043539752689e+04 9.925102405749864909e-01
6.075548069545820908e+04 9.920033739890656843e-01
6.075548095551890583e+04 9.953152580280804074e-01
6.075548121557959530e+04 9.967130565181246959e-01
6.075548147564028477e+04 1.001558629686577495e+00
6.075548173570098152e+04 9.936976972140351139e-01
6.075548199576167099e+04 9.907187186886279306e-01
6.075548225582236773e+04 9.943553063618335575e-01
6.075548251588305720e+04 9.938671587629729354e-01
6.075548277594374667e+04 9.967591934736416137e-01
6.075548303600443614e+04 9.964476220792440886e-01
6.075548329606513289e+04 9.983338855136342227e-01
6.075548355612582236e+04 9.899198614211567326e-01
6.075548381618651911e+04 9.981112994725513943e-01
6.075548407624720130e+04 9.967513046150888734e-01
6.075548433630789805e+04 9.961802809073837528e-01
6.075548459636858752e+04 9.902870488800636917e-01
6.075548485642928426e+04 9.965994157587455549e-01
6.075548511648997373e+04 9.988202735503504126e-01
6.075548537655066320e+04 9.948459545148914396e-01
6.075548563661135267e+04 9.958458144777438958e-01
6.075548589667204942e+04 9.962704347685511497e-01
6.075548615673273162e+04 1.002773069441748266e+00
6.075548641679342836e+04 1.002084001492991039e+00
6.075548667685411783e+04 1.002866673504953843e+00
6.075548693691481458e+04 9.960760937505519497e-01
6.075548719697551132e+04 9.984665066683273693e-01
6.075548745703619352e+04 1.009493057939526484e+00
6.075548771709689026e+04 9.982203586475666413e-01
6.075548797715757973e+04 9.951337557045454307e-01
6.075548823721827648e+04 9.959855719765453586e-01
6.075548849727896595e+04 9.905823465360127367e-01
6.075548875733965542e+04 1.000932657512770163e+00
6.075548901740034489e+04 9.962647871155194679e-01
6.075548927746104164e+04 1.002339019678014642e+00
6.075548953752172383e+04 1.001972600838580973e+00
6.075548979758242058e+04 9.941378448744175866e-01
6.075549005764311732e+04 9.970180177227526697e-01
6.075549031770380680e+04 9.921406414949862640e-01
6.075549057776450354e+04 9.966939769243383651e-01
6.075549083782518574e+04 9.910186191818782797e-01
6.075549109788588248e+04 9.964707310459879341e-01
6.075549135794657195e+04 9.968974351538546497e-01
6.075549161800726870e+04 9.989337919837534274e-01
6.075549187806795817e+04 9.900229840856552554e-01
6.075549213812864764e+04 1.006284928668284229e+00
6.075549239818933711e+04 1.005888111711169097e+00
6.075549265825003386e+04 9.902935110952266751e-01
6.075549291831072333e+04 1.002915024878505479e+00
6.075549317837142007e+04 1.002658522071635083e+00
6.075549343843210954e+04 9.891614061469847785e-01
6.075549369849279901e+04 9.878503890008595301e-01
6.075549395855349576e+04 9.966535699326490860e-01
6.075549421861417795e+04 1.003970303186247026e+00
6.075549447867487470e+04 9.932735827655643224e-01
6.075549473873556417e+04 9.942754155424387008e-01
6.075549499879626092e+04 1.000570365111521198e+00
6.075549525885695766e+04 1.003366921354053032e+00
6.075549551891763986e+04 9.899068620337692082e-01
6.075549577897833660e+04 1.003630341246742441e+00
6.075549603903902607e+04 9.973852298585746956e-01
6.075549629909972282e+04 9.966392648525845832e-01
6.075549655916041229e+04 1.000112625500771069e+00
6.075549681922110176e+04 1.001229087112408322e+00
6.075549707928179851e+04 9.938821534109444356e-01
6.075549733934248798e+04 1.003044856403120466e+00
6.075549759940317745e+04 1.000871046159594435e+00
6.075549785946386692e+04 9.928036318108025560e-01
6.075549811952456366e+04 1.002703558443408527e+00
6.075549837958525313e+04 1.001658905780212327e+00
6.075549863964594988e+04 1.000872754728995506e+00
6.075549889970663935e+04 9.995597017227362269e-01
6.075549915976732882e+04 9.979569395902546658e-01
6.075549941982802557e+04 9.938924151184358458e-01
6.075549967988871504e+04 9.955028591182869535e-01
6.075549993994941178e+04 9.990164430130689110e-01
6.075550020001009398e+04 9.972562384590805129e-01
6.075550046007079072e+04 1.009361588067409832e+00
6.075550072013148747e+04 1.002936025150725108e+00
6.075550098019216966e+04 9.947240121748780473e-01
6.075550124025286641e+04 9.955578815636081380e-01
6.075550150031355588e+04 1.002857061102732761e+00
6.075550176037425263e+04 1.005858652084147042e+00
6.075550202043494210e+04 1.001919073077632172e+00
6.075550228049563157e+04 9.985063869521294544e-01
6.075550254055632831e+04 1.000789996330702314e+00
6.075550280061701778e+04 9.966967397542257912e-01
6.075550306067771453e+04 1.000160722440166960e+00
6.075550332073840400e+04 1.010228710665859619e+00
6.075550358079909347e+04 9.855290145281072611e-01
6.075550513883041276e+04 9.970112334519062314e-01
6.075550539889110951e+04 1.007335678549857505e+00
6.075550565895179898e+04 9.962578289983451407e-01
6.075550591901248845e+04 1.004895193167666401e+00
6.075550617907318519e+04 9.939623462064444137e-01
6.075550643913387466e+04 1.003183433273269864e+00
6.075550669919457141e+04 9.929378837125728552e-01
6.075550695925526088e+04 1.002775495751371482e+00
6.075550721931595035e+04 9.905121290374809817e-01
6.075550747937664710e+04 1.001800145779675688e+00
6.075550773943733657e+04 9.947944652021472045e-01
6.075550799949803331e+04 9.948559439524879977e-01
6.075550825955872278e+04 9.927634004714246396e-01
6.075550851961941225e+04 9.889660183557569262e-01
6.075550877968010900e+04 9.980635805829746188e-01
6.075550903974079847e+04 9.926922520355266899e-01
6.075550929980148794e+04 9.931492789097887686e-01
6.075550955986217741e+04 1.005728054985398634e+00
6.075550981992287416e+04 9.953552265065895854e-01
6.075551007998357090e+04 9.963184764001100646e-01
6.075551034004426037e+04 9.973664693422301664e-01
6.075551060010494984e+04 9.965072030535939707e-01
6.075551086016564659e+04 9.998018829268481289e-01
6.075551112022633606e+04 1.005268181322486187e+00
6.075551138028703281e+04 1.005769413752087837e+00
6.075551164034772228e+04 9.964219325692207363e-01
6.075551190040841175e+04 1.002102627947630165e+00
6.075551216046910849e+04 1.000144782823905398e+00
6.075551242052979796e+04 1.005212694912276827e+00
6.075551268059049471e+04 1.004253166529225583e+00
6.075551294065118418e+04 1.004457861879892056e+00
6.075551320071187365e+04 1.006847458866732214e+00
6.075551346077257040e+04 9.993752268868006938e-01
6.075551372083325987e+04 1.005051129681746147e+00
6.075551398089394934e+04 9.976633368930486467e-01
6.075551424095464608e+04 9.981341735080915267e-01
6.075551450101533555e+04 1.012624600634216776e+00
6.075551476107603230e+04 1.009987466398826861e+00
6.075551502113672177e+04 1.012823475703316767e+00
6.075551528119741124e+04 1.003902449572299238e+00
6.075551554125810799e+04 1.002845397456083365e+00
6.075551580131879746e+04 1.002781701588752128e+00
6.075551606137949420e+04 9.988629116472772518e-01
6.075551632144019095e+04 1.008856274941232867e+00
6.075551658150087314e+04 1.003064954639802719e+00
6.075551684156156989e+04 9.993912201798571537e-01
6.075551710162226664e+04 9.923663652755281284e-01
6.075551736168294883e+04 1.003326381655357258e+00
6.075551762174364558e+04 9.963040793068616008e-01
6.075551788180433505e+04 1.001012552380206255e+00
6.075551814186503179e+04 1.000212834009636342e+00
6.075551840192572854e+04 9.974517065540005056e-01
6.075551866198641073e+04 1.000055246660140895e+00
6.075551892204710748e+04 1.011195266506641488e+00
6.075551918210780423e+04 1.000871703417789638e+00
6.075551944216849370e+04 1.000730534457263010e+00
6.075551970222919044e+04 9.974041867966874086e-01
6.075551996228987991e+04 1.005947022776491728e+00
6.075552022235056938e+04 1.010167145730612503e+00
6.075552048241126613e+04 9.975519467645999061e-01
6.075552074247194832e+04 9.964390194323438088e-01
6.075552100253265235e+04 9.998530205776713364e-01
6.075552126259334182e+04 1.005922222342546357e+00
6.075552152265403129e+04 9.993523703671269853e-01
6.075552178271472803e+04 1.003852785817354487e+00
6.075552204277541750e+04 1.005050399351781421e+00
6.075552230283610697e+04 9.976928791408707919e-01
6.075552256289680372e+04 9.985434249594034029e-01
6.075552282295750047e+04 1.001187982313061386e+00
6.075552308301818994e+04 1.000178870041522838e+00
6.075552334307887941e+04 9.960394745474567824e-01
6.075552360313957615e+04 1.006988866470118316e+00
6.075552386320026562e+04 9.947151761609061005e-01
6.075552412326096237e+04 1.008597073663512589e+00
6.075552438332165912e+04 1.007279758628652377e+00
6.075552464338234131e+04 9.903445576258479432e-01
6.075552490344303806e+04 9.973363461170909883e-01
6.075552516350373480e+04 1.010463198495814119e+00
6.075552542356441700e+04 1.001925120578589512e+00
6.075552568362511374e+04 9.990751616335658003e-01
6.075552594368581049e+04 1.002137991481804047e+00
6.075552620374649996e+04 9.896141157981207526e-01
6.075552646380719671e+04 1.002174899401431230e+00
6.075552672386788618e+04 1.009808559492169966e+00
6.075552698392857565e+04 1.004499151599993478e+00
6.075552724398927239e+04 9.902562802542830278e-01
6.075552750404996914e+04 9.947132391069973822e-01
6.075552776411065861e+04 9.936942516357303301e-01
6.075552802417134808e+04 9.909852242275053458e-01
6.075552828423204483e+04 9.985887184695930729e-01
6.075552854429273430e+04 1.002052401831461825e+00
6.075552880435342377e+04 1.009248541058957782e+00
6.075552906441412051e+04 1.004234757369807829e+00
6.075552932447480998e+04 9.951709366746568364e-01
6.075552958453550673e+04 9.968887925472230682e-01
6.075552984459620347e+04 1.004355907208059007e+00
6.075553010465688567e+04 1.005905335112871057e+00
6.075553036471758242e+04 9.936849127271056847e-01
6.075553062477827916e+04 9.913712781583567946e-01
6.075553088483896863e+04 1.010165526770913758e+00
6.075553114489966538e+04 9.963260319123159459e-01
6.075553140496035485e+04 1.004709290717714198e+00
6.075553166502104432e+04 9.826153670125280515e-01
6.075553192508174106e+04 1.008456134096291201e+00
6.075553218514243054e+04 9.958775380091475782e-01
6.075553244520312728e+04 9.913272596411131232e-01
6.075553270526381675e+04 9.973393592184043310e-01
6.075553296532451350e+04 9.990434379654153929e-01
6.075553322538520297e+04 1.007231041133530125e+00
6.075553348544589244e+04 9.966401568319368520e-01
6.075553503087646095e+04 9.919461820779293948e-01
6.075553529093715770e+04 9.967928238036034561e-01
6.075553555099784717e+04 9.954608695031649246e-01
6.075553581105853664e+04 1.009714336881287533e+00
6.075553607111923338e+04 9.996144138892734121e-01
6.075553633117992285e+04 9.958557283390383486e-01
6.075553659124061960e+04 9.952434442102079393e-01
6.075553685130131635e+04 9.902359271808993668e-01
6.075553711136199854e+04 9.958984622656982255e-01
6.075553737142269529e+04 9.955274406921889030e-01
6.075553763148339203e+04 9.982972349491285868e-01
6.075553789154408878e+04 9.954673639394459039e-01
6.075553815160477825e+04 1.003117847809177343e+00
6.075553841166546772e+04 9.932128797000272513e-01
6.075553867172616447e+04 9.949284466414800576e-01
6.075553893178685394e+04 9.940082872576413431e-01
6.075553919184754341e+04 9.947761884063390792e-01
6.075553945190824015e+04 9.957140002925094491e-01
6.075553971196892962e+04 1.002990881037706394e+00
6.075553997202962637e+04 1.007963947621556722e+00
6.075554023209032312e+04 9.918735547110367756e-01
6.075554049215101259e+04 9.938129653665738195e-01
6.075554075221170206e+04 1.000904018380947891e+00
6.075554101227239880e+04 1.000242542972951787e+00
6.075554127233309555e+04 1.009752544332356283e+00
6.075554153239378502e+04 9.939227456722803389e-01
6.075554179245447449e+04 1.000875982552117849e+00
6.075554205251517124e+04 1.015927430052589786e+00
6.075554231257586798e+04 9.987258896508125483e-01
6.075554257263655018e+04 9.981840073459380402e-01
6.075554283269725420e+04 9.985819896945431484e-01
6.075554309275794367e+04 1.002933902716027337e+00
6.075554335281863314e+04 1.004703120161150931e+00
6.075554361287932988e+04 9.980648413313296663e-01
6.075554387294001936e+04 9.990815401860401179e-01
6.075554413300071610e+04 9.926167165822279426e-01
6.075554439306140557e+04 9.996428482704882157e-01
6.075554465312210232e+04 9.951150148663716610e-01
6.075554491318279906e+04 9.940779541008194498e-01
6.075554517324348853e+04 9.964756604989107869e-01
6.075554543330417800e+04 1.003621251676981574e+00
6.075554569336487475e+04 9.978407560355357919e-01
6.075554595342557150e+04 9.957535941980465433e-01
6.075554621348626097e+04 9.995067223314271221e-01
6.075554647354695044e+04 9.903137528120374844e-01
6.075554673360764718e+04 9.937967406832612927e-01
6.075554699366834393e+04 9.924678515622349373e-01
6.075554725372902612e+04 9.941771079766246189e-01
6.075554751378972287e+04 1.000332281828820058e+00
6.075554777385041962e+04 9.966153003773321473e-01
6.075554803391111636e+04 1.000726070484548647e+00
6.075554829397180583e+04 9.974627868230709904e-01
6.075554855403249530e+04 9.926510674683990398e-01
6.075554881409319205e+04 1.014994919532106632e+00
6.075554907415388152e+04 9.901466713924442775e-01
6.075554933421457827e+04 9.946913004729055485e-01
6.075554959427527501e+04 1.000720658470654945e+00
6.075554985433596448e+04 9.924906129582484748e-01
6.075555011439665395e+04 9.988137025527754620e-01
6.075555037445735070e+04 9.964267651612604970e-01
6.075555063451804017e+04 9.944729319180409810e-01
6.075555089457873692e+04 9.846610581523584926e-01
6.075555115463942639e+04 9.953036597043950495e-01
6.075555141470012313e+04 9.906524187646121860e-01
6.075555167476081988e+04 9.958434248385681364e-01
6.075555193482150935e+04 1.003979443466513244e+00
6.075555219488219882e+04 9.965892324725346141e-01
6.075555245494289557e+04 1.001240046336623113e+00
6.075555271500359231e+04 9.992956986864715008e-01
6.075555297506428906e+04 9.930472431452910254e-01
6.075555323512497125e+04 9.948443957174130103e-01
6.075555349518566800e+04 9.967102129653092613e-01
6.075555375524636474e+04 9.995049069192284419e-01
6.075555401530705421e+04 9.935387755455653558e-01
6.075555427536775096e+04 9.964984100109524068e-01
6.075555453542844043e+04 1.005444584550729381e+00
6.075555479548913718e+04 9.872608340507734725e-01
6.075555505554983392e+04 1.001920607334967572e+00
6.075555531561051612e+04 9.877952164068112273e-01
6.075555557567121286e+04 9.976597585238164978e-01
6.075555583573190961e+04 9.872809371784936339e-01
6.075555609579260636e+04 9.959444986713714698e-01
6.075555635585329583e+04 9.855613063993737821e-01
6.075555661591398530e+04 1.008457428983353443e+00
6.075555687597468204e+04 9.964793737799144679e-01
6.075555713603537879e+04 9.954697397957479321e-01
6.075555739609607554e+04 1.000246530962347169e+00
6.075555765615676501e+04 1.000302256291645708e+00
6.075555791621745448e+04 9.998338933135904050e-01
6.075555817627815122e+04 1.001596803248174350e+00
6.075555843633884797e+04 9.806802849616039763e-01
6.075555869639953016e+04 9.996254419779260214e-01
6.075555895646022691e+04 9.922665795411637069e-01
6.075555921652092366e+04 9.964765938378167265e-01
6.075555947658162040e+04 9.996671624263279154e-01
6.075555973664230987e+04 9.890121921654367876e-01
6.075555999670299934e+04 9.859800606452042704e-01
6.075556025676369609e+04 9.913136290256762129e-01
6.075556051682439283e+04 1.001247590108860663e+00
6.075556077688508958e+04 1.007020536517595266e+00
6.075556103694577905e+04 9.901073262739387149e-01
6.075556129700646852e+04 1.006197158168604222e+00
6.075556155706716527e+04 1.001676923222125648e+00
6.075556181712786201e+04 9.884703140357355977e-01
6.075556207718854421e+04 1.000307503539783482e+00
6.075556233724924095e+04 1.006539567000973801e+00
6.075556259730993770e+04 9.914017539052528694e-01
6.075556285737063445e+04 1.010968193601471166e+00
6.075556311743133119e+04 1.003689736104882435e+00
6.075556337749201339e+04 1.004202801249514110e+00
6.075556504896522529e+04 9.952634511613548396e-01
6.075556530902591476e+04 1.006637894553562340e+00
6.075556556908661150e+04 9.962881078969145765e-01
6.075556582914730097e+04 9.982368400466822278e-01
6.075556608920799772e+04 9.900406997855289992e-01
6.075556634926869447e+04 9.989015957067398643e-01
6.075556660932938394e+04 1.003670588982746192e+00
6.075556686939008068e+04 1.004578943886799580e+00
6.075556712945077015e+04 1.000325260089708568e+00
6.075556738951146690e+04 1.000486952340889246e+00
6.075556764957216365e+04 1.002415775505274720e+00
6.075556790963285312e+04 1.004970716918730522e+00
6.075556816969354986e+04 9.936091511788488484e-01
6.075556842975423933e+04 9.991883325910985159e-01
6.075556868981492880e+04 9.903535356090145125e-01
6.075556894987563282e+04 1.001043633699384205e+00
6.075556920993632230e+04 9.982741720875243363e-01
6.075556946999701904e+04 1.004699856278648440e+00
6.075556973005770851e+04 1.003343536596354113e+00
6.075556999011839798e+04 9.992054421547608145e-01
6.075557025017909473e+04 9.998088629669553695e-01
6.075557051023979147e+04 9.884359177839834310e-01
6.075557077030048822e+04 1.008775330242417612e+00
6.075557103036117769e+04 9.924671032703867857e-01
6.075557129042186716e+04 9.951994667577919174e-01
6.075557155048256391e+04 9.954027170627925969e-01
6.075557181054326065e+04 1.005699735500376946e+00
6.075557207060395740e+04 9.955840439957205357e-01
6.075557233066464687e+04 1.002718197828978086e+00
6.075557259072533634e+04 1.004273106308269492e+00
6.075557285078603309e+04 1.000468667909175657e+00
6.075557311084672983e+04 9.902457129271902136e-01
6.075557337090741930e+04 9.966824446409061622e-01
6.075557363096811605e+04 1.002960617211026140e+00
6.075557389102880552e+04 9.969680856361318178e-01
6.075557415108950227e+04 1.004393239668222471e+00
6.075557441115019901e+04 9.937289060081765379e-01
6.075557467121088848e+04 1.000720366439378228e+00
6.075557493127158523e+04 1.002018120208291618e+00
6.075557519133227470e+04 1.010523848775081834e+00
6.075557545139297144e+04 9.940177081734321574e-01
6.075557571145366819e+04 1.005834618992218932e+00
6.075557597151435766e+04 9.888293997742251262e-01
6.075557623157505441e+04 9.929625267119157606e-01
6.075557649163575115e+04 9.909276866305501974e-01
6.075557675169643335e+04 9.931475718496943772e-01
6.075557701175713009e+04 9.989291504143722467e-01
6.075557727181782684e+04 1.009178745639791819e+00
6.075557753187852359e+04 1.010817619984347937e+00
6.075557779193922033e+04 9.973836088602456851e-01
6.075557805199990980e+04 9.992638031315868030e-01
6.075557831206059927e+04 1.002699547467083452e+00
6.075557857212129602e+04 9.945974547496461149e-01
6.075557883218199277e+04 1.001473405315185694e+00
6.075557909224268951e+04 9.905065735811947603e-01
6.075557935230337898e+04 9.958252487005714304e-01
6.075557961236407573e+04 9.975601109019884838e-01
6.075557987242476520e+04 9.986909159071702957e-01
6.075558013248546195e+04 9.975655887463303895e-01
6.075558039254615869e+04 1.000884257322728121e+00
6.075558065260684816e+04 9.965277714183649049e-01
6.075558091266754491e+04 1.003848962612259754e+00
6.075558117272824165e+04 9.885633741667269048e-01
6.075558143278892385e+04 1.005114091950205291e+00
6.075558169284962059e+04 1.004224853869620349e+00
6.075558195291031734e+04 9.970838786139649690e-01
6.075558221297101409e+04 1.006130263492793331e+00
6.075558247303171083e+04 9.970802853473123006e-01
6.075558273309240030e+04 1.007368501838306951e+00
6.075558299315309705e+04 1.001505257342565125e+00
6.075558325321378652e+04 9.955733724105790827e-01
6.075558351327448327e+04 9.979218360143340405e-01
6.075558377333518001e+04 1.005153174941113781e+00
6.075558403339586948e+04 1.007694727294305537e+00
6.075558429345656623e+04 1.001934389108934731e+00
6.075558455351726298e+04 1.000308395606952283e+00
6.075558481357794517e+04 1.003816373274623697e+00
6.075558507363864192e+04 9.963758822169341833e-01
6.075558533369933866e+04 1.006595775637492585e+00
6.075558559376003541e+04 9.978330168614720774e-01
6.075558585382073215e+04 9.951845253729482144e-01
6.075558611388142162e+04 1.001697279899858462e+00
6.075558637394211837e+04 1.007635002040337957e+00
6.075558663400280784e+04 9.981176641712876663e-01
6.075558689406350459e+04 1.003440573613886500e+00
6.075558715412420133e+04 1.010445411095494350e+00
6.075558741418489080e+04 1.001938015322417996e+00
6.075558767424558755e+04 1.000862861325436892e+00
6.075558793430628430e+04 1.005450106123392917e+00
6.075558819436697377e+04 1.002704359683377566e+00
6.075558845442767051e+04 1.000324154573735358e+00
6.075558871448835998e+04 1.010166468142215557e+00
6.075558897454905673e+04 1.009707430243470760e+00
6.075558923460975348e+04 1.000284101035965545e+00
6.075558949467044295e+04 9.987093965148967634e-01
6.075558975473113969e+04 1.002010969674020036e+00
6.075559001479183644e+04 1.002158112330700845e+00
6.075559027485253318e+04 9.996804188718313444e-01
6.075559053491322265e+04 1.001436386709055881e+00
6.075559079497391212e+04 1.009806176623340823e+00
6.075559105503460887e+04 9.988863724507869302e-01
6.075559131509530562e+04 1.000289829155385890e+00
6.075559157515600236e+04 1.008542058685574672e+00
6.075559183521669911e+04 1.005840441070327662e+00
6.075559209527738858e+04 1.004190720895483890e+00
6.075559235533808533e+04 9.896731562596724485e-01
6.075559261539877480e+04 1.004478129141801901e+00
6.075559287545946427e+04 9.969638342038494860e-01
6.075559313552016101e+04 1.004392622369444377e+00
6.075559339558085776e+04 1.007008397877675154e+00
6.075559494101491873e+04 1.003847787944284198e+00
6.075559520107561548e+04 1.000467449187151914e+00
6.075559546113631222e+04 1.006172581504298114e+00
6.075559572119700897e+04 1.011620952418078812e+00
6.075559598125769844e+04 1.011721323657760685e+00
6.075559624131839519e+04 1.008211719090535530e+00
6.075559650137908466e+04 1.006687198103827452e+00
6.075559676143977413e+04 9.976190894796027608e-01
6.075559702150047087e+04 9.947761876753389298e-01
6.075559728156116762e+04 1.006001940617237134e+00
6.075559754162186437e+04 9.993597065275705571e-01
6.075559780168256111e+04 1.004072766963530761e+00
6.075559806174325058e+04 1.002423491913996711e+00
6.075559832180394733e+04 9.954465765172203495e-01
6.075559858186464407e+04 1.016535355521509532e+00
6.075559884192533355e+04 1.000568984996180077e+00
6.075559910198603029e+04 1.005509592200291014e+00
6.075559936204671976e+04 9.980971509551240795e-01
6.075559962210741651e+04 9.984532248207539373e-01
6.075559988216811325e+04 1.002885307079423027e+00
6.075560014222880272e+04 1.001814493584906929e+00
6.075560040228950675e+04 9.984132469448678826e-01
6.075560066235019622e+04 9.971051143528951721e-01
6.075560092241089296e+04 9.999160357120312481e-01
6.075560118247158971e+04 1.009916433986677742e+00
6.075560144253227918e+04 1.003994686103794942e+00
6.075560170259296865e+04 1.005066912052008599e+00
6.075560196265366540e+04 1.002850399551643346e+00
6.075560222271436214e+04 1.013251150473438278e+00
6.075560248277505889e+04 1.003759795715044811e+00
6.075560274283574836e+04 1.007102210450572244e+00
6.075560300289644510e+04 1.004201091507285648e+00
6.075560326295714185e+04 9.985525438531566156e-01
6.075560352301783860e+04 1.010144099473121670e+00
6.075560378307853534e+04 9.942682168926150199e-01
6.075560404313922481e+04 9.894968757419709826e-01
6.075560430319992156e+04 1.000318329333440337e+00
6.075560456326061831e+04 1.000655676814229622e+00
6.075560482332130050e+04 9.932037576700758486e-01
6.075560508338199725e+04 9.982816371117234633e-01
6.075560534344269399e+04 9.890205885840062106e-01
6.075560560350339074e+04 1.001327046030817014e+00
6.075560586356408749e+04 1.006728309509188124e+00
6.075560612362477696e+04 1.010120461339907960e+00
6.075560638368547370e+04 1.001968636495328191e+00
6.075560664374617045e+04 1.014495927306546808e+00
6.075560690380686719e+04 9.959968567975798770e-01
6.075560716386756394e+04 1.010475609921637874e+00
6.075560742392825341e+04 1.001223526297399635e+00
6.075560768398895016e+04 1.008672801280814380e+00
6.075560794404964690e+04 9.946708181840162588e-01
6.075560820411032910e+04 1.011066366283583706e+00
6.075560846417102584e+04 1.008388231364643728e+00
6.075560872423172259e+04 1.006427163859183516e+00
6.075560898429241934e+04 1.004237893360769851e+00
6.075560924435311608e+04 1.006689791946134838e+00
6.075560950441380555e+04 1.011043868429679637e+00
6.075560976447450230e+04 1.009120689276477245e+00
6.075561002453519905e+04 1.004805629843349868e+00
6.075561028459589579e+04 1.007521679773858869e+00
6.075561054465659254e+04 9.978994296467762481e-01
6.075561080471728201e+04 1.006388611113528730e+00
6.075561106477797875e+04 9.952477750076815788e-01
6.075561132483867550e+04 9.980472115799842170e-01
6.075561158489937225e+04 1.003149299515386561e+00
6.075561184496006899e+04 1.003393806071468886e+00
6.075561210502075846e+04 9.897944871136536982e-01
6.075561236508144793e+04 1.000085587868567716e+00
6.075561262514214468e+04 1.005668274688670261e+00
6.075561288520283415e+04 1.002565905085776921e+00
6.075561314526353090e+04 9.993371883382841103e-01
6.075561340532422764e+04 1.001564584628394483e+00
6.075561366538492439e+04 1.009431008085604597e+00
6.075561392544562113e+04 1.005638327989861303e+00
6.075561418550631060e+04 1.011994956983510052e+00
6.075561444556700735e+04 9.897901459547757685e-01
6.075561470562770410e+04 1.016293385777107927e+00
6.075561496568840084e+04 1.002031977706898447e+00
6.075561522574909759e+04 9.978357624950764393e-01
6.075561548580978706e+04 9.974557582449845583e-01
6.075561574587048381e+04 9.978018547839450081e-01
6.075561600593118055e+04 1.000478839490194449e+00
6.075561626599187002e+04 9.834945220704713886e-01
6.075561652605256677e+04 1.001118044064179369e+00
6.075561678611326352e+04 9.985744631837106811e-01
6.075561704617396026e+04 9.949877385959908782e-01
6.075561730623465701e+04 9.923238598172700042e-01
6.075561756629534648e+04 1.004532454584019519e+00
6.075561782635604322e+04 1.000444279030676231e+00
6.075561808641673269e+04 1.008265392600522503e+00
6.075561834647742944e+04 9.954779359818425322e-01
6.075561860653812619e+04 9.959537214188241006e-01
6.075561886659881566e+04 9.947591888803868354e-01
6.075561912665951240e+04 1.003632008054083480e+00
6.075561938672020915e+04 9.926556180800758522e-01
6.075561964678089862e+04 1.001876918124221305e+00
6.075561990684160264e+04 1.002023478593971006e+00
6.075562016690229211e+04 9.955609750353011655e-01
6.075562042696298886e+04 9.899960193640319206e-01
6.075562068702368560e+04 1.002149143385052454e+00
6.075562094708437508e+04 9.977526458879202309e-01
6.075562120714507182e+04 9.955715201756202282e-01
6.075562146720576857e+04 9.932385987867849986e-01
6.075562172726646531e+04 1.001361110709859226e+00
6.075562198732716206e+04 1.006761480122345453e+00
6.075562224738785153e+04 1.001735499140727459e+00
6.075562250744854828e+04 1.002478278387465060e+00
6.075562276750924502e+04 9.915496671729303602e-01
6.075562302756994177e+04 9.964918208929637311e-01
6.075562328763063852e+04 1.002668767114074377e+00
6.075562490904599690e+04 1.005247854553400266e+00
6.075562516909990518e+04 1.002690166036647623e+00
6.075562542915379890e+04 9.996747005214552395e-01
6.075562568920769263e+04 1.001139736472327790e+00
6.075562594926160091e+04 9.944581037837655346e-01
6.075562620931549463e+04 1.000170996215622443e+00
6.075562646936939564e+04 9.942797720721773258e-01
6.075562672942329664e+04 1.008329151277781888e+00
6.075562698947719036e+04 1.011715819579586562e+00
6.075562724953109864e+04 9.959208758882734935e-01
6.075562750958499237e+04 9.975902163959093905e-01
6.075562776963889337e+04 9.988988763856805342e-01
6.075562802969280165e+04 9.980595872041693184e-01
6.075562828974669537e+04 9.846249831836041411e-01
6.075562854980059637e+04 9.978815085185875899e-01
6.075562880985449738e+04 9.909878688125637325e-01
6.075562906990839110e+04 9.866739273712308300e-01
6.075562932996229938e+04 9.982237259448880629e-01
6.075562959001619311e+04 9.892508961106324383e-01
6.075562985007009411e+04 1.002821681841603585e+00
6.075563011012399511e+04 9.910789416150219688e-01
6.075563037017788884e+04 9.931760140817774696e-01
6.075563063023179711e+04 9.987974696332692082e-01
6.075563089028569084e+04 1.005025870540257271e+00
6.075563115033958456e+04 9.967054409884084087e-01
6.075563141039349284e+04 1.001016312434161337e+00
6.075563167044738657e+04 1.001364442235542329e+00
6.075563193050128757e+04 9.895026437763895233e-01
6.075563219055518857e+04 1.001817313432308287e+00
6.075563245060908230e+04 9.974601860712941637e-01
6.075563271066299058e+04 9.989354526848579496e-01
6.075563297071688430e+04 9.971189099528899868e-01
6.075563323077078530e+04 9.986053448855092274e-01
6.075563349082468631e+04 9.954591752766669410e-01
6.075563375087858003e+04 1.001519784861237161e+00
6.075563401093248831e+04 9.941565283224079730e-01
6.075563427098638203e+04 9.991443140824585178e-01
6.075563453104027576e+04 9.916416137474772796e-01
6.075563479109418404e+04 9.959702900987961183e-01
6.075563505114807776e+04 1.012696285179861988e+00
6.075563531120197877e+04 9.909438742063410022e-01
6.075563557125588704e+04 9.934048196265754527e-01
6.075563583130978077e+04 9.935646136694845643e-01
6.075563609136368905e+04 9.925803107555196680e-01
6.075563635141758277e+04 1.008567625373391952e+00
6.075563661147148377e+04 9.956803329332335473e-01
6.075563687152538478e+04 9.952305309984210702e-01
6.075563713157927850e+04 9.998468413900665208e-01
6.075563739163318678e+04 9.992521612594222891e-01
6.075563765168708051e+04 9.867264020062808116e-01
6.075563791174097423e+04 9.959729811322343140e-01
6.075563817179488251e+04 9.930340503330697954e-01
6.075563843184877624e+04 9.997560516017408583e-01
6.075563869190267724e+04 9.916474899366748419e-01
6.075563895195657824e+04 9.916640921577527523e-01
6.075563921201047197e+04 9.958471220550185743e-01
6.075563947206438024e+04 9.969140214420616486e-01
6.075563973211827397e+04 1.000550837865275655e+00
6.075563999217217497e+04 9.919737956553997815e-01
6.075564025222608325e+04 9.911291987708006346e-01
6.075564051227997697e+04 9.948771570559881150e-01
6.075564077233388525e+04 1.001375876905860718e+00
6.075564103238777898e+04 9.979730455647237708e-01
6.075564129244167270e+04 9.892026634421605680e-01
6.075564155249558098e+04 9.972582436298275121e-01
6.075564181254947471e+04 9.973025694249691986e-01
6.075564207260337571e+04 9.948724227059604353e-01
6.075564233265727671e+04 9.925222060449152561e-01
6.075564259271117044e+04 9.860039813655252505e-01
6.075564285276507871e+04 1.002413418422020364e+00
6.075564311281897244e+04 9.939859052922636051e-01
6.075564337287286617e+04 9.980319850390930725e-01
6.075564363292677444e+04 9.923479569364830333e-01
6.075564389298066817e+04 9.973629427509422829e-01
6.075564415303458372e+04 1.004011578216098100e+00
6.075564441308847745e+04 9.951987504427801667e-01
6.075564467314237118e+04 9.968462590721596239e-01
6.075564493319627945e+04 1.002062747077816951e+00
6.075564519325017318e+04 9.947966007146169520e-01
6.075564545330407418e+04 9.972093497401611772e-01
6.075564571335797518e+04 9.998116611331916426e-01
6.075564597341186891e+04 1.002611868815237894e+00
6.075564623346577719e+04 9.940434347886460964e-01
6.075564649351967091e+04 9.951084570042327826e-01
6.075564675357356464e+04 1.000992914430152370e+00
6.075564701362747292e+04 9.941624608783981021e-01
6.075564727368136664e+04 9.981292663641203600e-01
6.075564753373527492e+04 9.858985308971881523e-01
6.075564779378917592e+04 9.965023092254570170e-01
6.075564805384306965e+04 1.000442774569592963e+00
6.075564831389697792e+04 9.960489882721388355e-01
6.075564857395087165e+04 9.988382798262241957e-01
6.075564883400477265e+04 1.004175445024979574e+00
6.075564909405867365e+04 9.845765288051523401e-01
6.075564935411256738e+04 9.989954068593265291e-01
6.075564961416647566e+04 9.963357134665732362e-01
6.075564987422036938e+04 9.909112721160265869e-01
6.075565013427426311e+04 9.978683663719419839e-01
6.075565039432817866e+04 9.927028968640430051e-01
6.075565065438207239e+04 1.000247090625869806e+00
6.075565091443597339e+04 1.010383818415233392e+00
6.075565117448987439e+04 1.005422047191829593e+00
6.075565143454376812e+04 1.010787023640245641e+00
6.075565169459767640e+04 9.975247421557912331e-01
6.075565195465157012e+04 1.005943855043478496e+00
6.075565221470547112e+04 1.003781388546425291e+00
6.075565247475937213e+04 9.967719567542546732e-01
6.075565273481326585e+04 1.002089468660048333e+00
6.075565299486718141e+04 9.892542735859732872e-01
6.075565325492107513e+04 1.013117467104595937e+00
6.075565492676799477e+04 9.968382582515759038e-01
6.075565518682868424e+04 9.952409719354975426e-01
6.075565544688938098e+04 9.910093203264113138e-01
6.075565570695007773e+04 9.978379196045105148e-01
6.075565596701077448e+04 1.011477108963275251e+00
6.075565622707147122e+04 9.900722605675497112e-01
6.075565648713216069e+04 1.007992549319199904e+00
6.075565674719285744e+04 9.979659589197648062e-01
6.075565700725356146e+04 9.969669182659092188e-01
6.075565726731425821e+04 1.003612278716246253e+00
6.075565752737495495e+04 1.000245491979997015e+00
6.075565778743564442e+04 1.003465716556562137e+00
6.075565804749634117e+04 9.971414062020929059e-01
6.075565830755703792e+04 1.002107112548453749e+00
6.075565856761772739e+04 9.976575635625078986e-01
6.075565882767842413e+04 1.003035165124489314e+00
6.075565908773912088e+04 9.927318768211171873e-01
6.075565934779981762e+04 1.014674245584730627e+00
6.075565960786051437e+04 9.981657605303531078e-01
6.075565986792121112e+04 1.004018251653091554e+00
6.075566012798190786e+04 9.997042080135557507e-01
6.075566038804260461e+04 1.004778880170035249e+00
6.075566064810330136e+04 9.997833901524034728e-01
6.075566090816399810e+04 9.992600481936503298e-01
6.075566116822468757e+04 1.005381293095665596e+00
6.075566142828538432e+04 1.002549206410644489e+00
6.075566168834608106e+04 9.945708390667404863e-01
6.075566194840677781e+04 1.000525977742514394e+00
6.075566220846748183e+04 9.971072362662816158e-01
6.075566246852817130e+04 1.011524793839007064e+00
6.075566272858886805e+04 1.003747377564454535e+00
6.075566298864956480e+04 9.921640322908882315e-01
6.075566324871025427e+04 9.960851753900756833e-01
6.075566350877095101e+04 9.981067441923108241e-01
6.075566376883164776e+04 9.899461214951139620e-01
6.075566402889234450e+04 1.002647872121350980e+00
6.075566428895304125e+04 9.991961663765011048e-01
6.075566454901373800e+04 9.969108284333408898e-01
6.075566480907443474e+04 9.996426490088653471e-01
6.075566506913513149e+04 9.976151421995964608e-01
6.075566532919582824e+04 9.985056891376988819e-01
6.075566558925652498e+04 1.003769012959470075e+00
6.075566584931721445e+04 9.999861681722410633e-01
6.075566610937791120e+04 1.003803537983120719e+00
6.075566636943860794e+04 1.004180986383755636e+00
6.075566662949930469e+04 1.000679552653173099e+00
6.075566688956000144e+04 9.952846473897186685e-01
6.075566714962069818e+04 1.007265581092507967e+00
6.075566740968139493e+04 9.957568242098723266e-01
6.075566766974209168e+04 1.002673997093743052e+00
6.075566792980278115e+04 9.898327525919015102e-01
6.075566818986347789e+04 1.002977344070198562e+00
6.075566844992417464e+04 1.003618459796240536e+00
6.075566870998487866e+04 1.012636632082470900e+00
6.075566897004557541e+04 1.015174052124735438e+00
6.075566923010626488e+04 9.998429387142958591e-01
6.075566949016696162e+04 1.000031487943521702e+00
6.075566975022765837e+04 9.994863158558576766e-01
6.075567001028834784e+04 1.009905508725522649e+00
6.075567027034905186e+04 9.993818518807401352e-01
6.075567053040974133e+04 1.006540979938915115e+00
6.075567079047044535e+04 9.897478841845113173e-01
6.075567105053114210e+04 1.000412303656131652e+00
6.075567131059183157e+04 9.960587815061279215e-01
6.075567157065252832e+04 9.980346081066022723e-01
6.075567183071322506e+04 1.006112246438655156e+00
6.075567209077392181e+04 9.983440247565569248e-01
6.075567235083461856e+04 1.004050714596692817e+00
6.075567261089531530e+04 1.010734878066504860e+00
6.075567287095601205e+04 1.003383054658024243e+00
6.075567313101670879e+04 1.000678163216399463e+00
6.075567339107740554e+04 1.004765726104674295e+00
6.075567365113810229e+04 9.994154943928048596e-01
6.075567391119879176e+04 9.977007372846572464e-01
6.075567417125948850e+04 1.002354651464072210e+00
6.075567443132019253e+04 9.974762535970962407e-01
6.075567469138088200e+04 9.998951391787272991e-01
6.075567495144157874e+04 9.954458914156382177e-01
6.075567521150227549e+04 1.005065581334417146e+00
6.075567547156297223e+04 1.002900532606875394e+00
6.075567573162366898e+04 1.006367623511650100e+00
6.075567599168436573e+04 1.003544067686156449e+00
6.075567625174506247e+04 1.005190226673662313e+00
6.075567651180575922e+04 1.000013858530445887e+00
6.075567677186645597e+04 1.003134348185769964e+00
6.075567703192715271e+04 9.985807513396663948e-01
6.075567729198784218e+04 1.005605699223204530e+00
6.075567755204853893e+04 1.002748362509904512e+00
6.075567781210924295e+04 1.003514742194044462e+00
6.075567807216993242e+04 9.995309390820839024e-01
6.075567833223062917e+04 9.965375844090769153e-01
6.075567859229132591e+04 9.965023121016455265e-01
6.075567885235202266e+04 1.012268068605629345e+00
6.075567911241271941e+04 1.005512361069992311e+00
6.075567937247341615e+04 1.002113805806323255e+00
6.075567963253411290e+04 9.990559699588873466e-01
6.075567989259480964e+04 1.003394096589254048e+00
6.075568015265550639e+04 9.971864058349260151e-01
6.075568041271620314e+04 1.007851641729464065e+00
6.075568067277689261e+04 1.001981935291023529e+00
6.075568093283759663e+04 1.009830957874995994e+00
6.075568119289829338e+04 1.003603711481224847e+00
6.075568145295898285e+04 1.007461722588803621e+00
6.075568171301968687e+04 1.001207100111347170e+00
6.075568197308037634e+04 9.979834750365396134e-01
6.075568223314107308e+04 1.010583097034829292e+00
6.075568249320177711e+04 1.002106274262276164e+00
6.075568275326246658e+04 9.983376119999203269e-01
6.075568301332316332e+04 1.007272190264909550e+00
6.075568327338386007e+04 1.006787698713875523e+00
6.075568483179301256e+04 1.005604278057798728e+00
6.075568509184680443e+04 1.003736670090391581e+00
6.075568535190059629e+04 1.006597362889579461e+00
6.075568561195438815e+04 1.005390109571424384e+00
6.075568587200818729e+04 1.006073305410552177e+00
6.075568613206199370e+04 1.000162337319915107e+00
6.075568639211578557e+04 9.979494228247564047e-01
6.075568665216957743e+04 9.980440175445245421e-01
6.075568691222336929e+04 1.006502728338437791e+00
6.075568717227716115e+04 9.987698974824887888e-01
6.075568743233096029e+04 9.955732832496471119e-01
6.075568769238475215e+04 1.003601547189761689e+00
6.075568795243854402e+04 1.006440261358332089e+00
6.075568821249233588e+04 1.005524238139648530e+00
6.075568847254613502e+04 1.004856844946444561e+00
6.075568873259992688e+04 1.011465649984184756e+00
6.075568899265372602e+04 1.007795928952265996e+00
6.075568925270752516e+04 9.962282528235816281e-01
6.075568951276131702e+04 1.001750025352208251e+00
6.075568977281511616e+04 9.998998477741489754e-01
6.075569003286890802e+04 1.000926842952373885e+00
6.075569029292269988e+04 1.000489389711176624e+00
6.075569055297649174e+04 9.984387612115817046e-01
6.075569081303029088e+04 1.004652084455545547e+00
6.075569107308408275e+04 9.977559474056905131e-01
6.075569133313787461e+04 1.010601359604587079e+00
6.075569159319166647e+04 9.973022165669358508e-01
6.075569185324547288e+04 1.001753520960467991e+00
6.075569211329927202e+04 9.923828899033330098e-01
6.075569237335306389e+04 1.006277175670677870e+00
6.075569263340685575e+04 1.006492644015055893e+00
6.075569289346064761e+04 9.981794150990795922e-01
6.075569315351444675e+04 1.008903873018474950e+00
6.075569341356823861e+04 1.003118887403944059e+00
6.075569367362203047e+04 1.000467833174745858e+00
6.075569393367582234e+04 9.996525540985967684e-01
6.075569419372962147e+04 1.007945872707438406e+00
6.075569445378341334e+04 9.957922290802851961e-01
6.075569471383720520e+04 1.003527563219805963e+00
6.075569497389100434e+04 1.004437713218622852e+00
6.075569523394481075e+04 1.035853111344968047e+00
6.075569549399860261e+04 1.002214482522376438e+00
6.075569575405239448e+04 1.001952798251471322e+00
6.075569601410618634e+04 9.981747093439101715e-01
6.075569627415998548e+04 1.000744433478992557e+00
6.075569653421377734e+04 1.002655041829006333e+00
6.075569679426756920e+04 9.974296157252352524e-01
6.075569705432136107e+04 9.982325152439333049e-01
6.075569731437516020e+04 1.003825725021159299e+00
6.075569757442895207e+04 1.001460139839470465e+00
6.075569783448274393e+04 1.005198618632645369e+00
6.075569809453654307e+04 1.012514338900256661e+00
6.075569835459034948e+04 1.006878223436052711e+00
6.075569861464414134e+04 9.983965563989094516e-01
6.075569887469793321e+04 9.948590617507265810e-01
6.075569913475172507e+04 1.004039641624699275e+00
6.075569939480552421e+04 1.004330619974201033e+00
6.075569965485931607e+04 1.011958749335188923e+00
6.075569991491310793e+04 9.953592868944095562e-01
6.075570017496689979e+04 9.970948382733018089e-01
6.075570043502069893e+04 1.002166257830835683e+00
6.075570069507449080e+04 1.008029989465858867e+00
6.075570095512828993e+04 1.001146218457368064e+00
6.075570121518208907e+04 9.995580542253532652e-01
6.075570147523588821e+04 9.975195575025642691e-01
6.075570173528968007e+04 1.001149981759915208e+00
6.075570199534347194e+04 1.007932341894032469e+00
6.075570225539727107e+04 9.936099933679609642e-01
6.075570251545106294e+04 1.000032997520110545e+00
6.075570277550485480e+04 1.001953017593876449e+00
6.075570303555864666e+04 1.013532195069351438e+00
6.075570329561244580e+04 9.933916133139604199e-01
6.075570355566623766e+04 1.000098823901975686e+00
6.075570381572002952e+04 1.006290853308630107e+00
6.075570407577382866e+04 9.961737993188695128e-01
6.075570433582763508e+04 9.870792012943025995e-01
6.075570459588142694e+04 1.004980584428182278e+00
6.075570485593521880e+04 1.001857330569540849e+00
6.075570511598901066e+04 1.003089596607537937e+00
6.075570537604280980e+04 9.961445791751264434e-01
6.075570563609660167e+04 1.001622753128900811e+00
6.075570589615039353e+04 9.946153563138723230e-01
6.075570615620419267e+04 9.950355544505009586e-01
6.075570641625798453e+04 1.001039595710786045e+00
6.075570667631177639e+04 9.982010254995347109e-01
6.075570693636557553e+04 1.005627637551638642e+00
6.075570719641938194e+04 9.973977375917494337e-01
6.075570745647317381e+04 9.987055879964191751e-01
6.075570771652696567e+04 1.000242516079612676e+00
6.075570797658076481e+04 1.011838006928430511e+00
6.075570823663455667e+04 1.003929074788041609e+00
6.075570849668834853e+04 9.869848615452523344e-01
6.075570875674214039e+04 1.001139033744662177e+00
6.075570901679593953e+04 9.965944364175060022e-01
6.075570927684973140e+04 1.007007423264170365e+00
6.075570953690352326e+04 9.945904498453532749e-01
6.075570979695732240e+04 1.000948065809821319e+00
6.075571005701112153e+04 9.992287021621052423e-01
6.075571031706492067e+04 9.927770763488523720e-01
6.075571057711871254e+04 9.956858422028312949e-01
6.075571083717251167e+04 1.009580842166374559e+00
6.075571109722630354e+04 9.921880033326176962e-01
6.075571135728009540e+04 1.002775252284148211e+00
6.075571161733389454e+04 1.000415666841778073e+00
6.075571187738768640e+04 9.971964652491207559e-01
6.075571213744147826e+04 1.000502560357936277e+00
6.075571239749527740e+04 1.008900804092053738e+00
6.075571265754906926e+04 9.852191862087894547e-01
6.075571291760286840e+04 1.008616828841899293e+00
6.075571317765666754e+04 9.943633500416472204e-01
6.075571474868715450e+04 1.003510162366241021e+00
6.075571500874785124e+04 9.949817669369135364e-01
6.075571526880854799e+04 9.918048794196797635e-01
6.075571552886924474e+04 9.889198111249950518e-01
6.075571578892994148e+04 9.957032976319994955e-01
6.075571604899063823e+04 9.968580807184254100e-01
6.075571630905133497e+04 1.002326257360991457e+00
6.075571656911203172e+04 9.923693722158999364e-01
6.075571682917273574e+04 1.002617363523553129e+00
6.075571708923342521e+04 1.002278741758213521e+00
6.075571734929412196e+04 9.873254390963979166e-01
6.075571760935482598e+04 9.933925615901720851e-01
6.075571786941552273e+04 9.988164704755220225e-01
6.075571812947621947e+04 9.930562875695331249e-01
6.075571838953690894e+04 9.953104246686207413e-01
6.075571864959761297e+04 1.008587443138394990e+00
6.075571890965830971e+04 9.947219862910705590e-01
6.075571916971899918e+04 9.942230718903459774e-01
6.075571942977970320e+04 9.916902333423844862e-01
6.075571968984039995e+04 9.942210625771614740e-01
6.075571994990109670e+04 9.949119159890433828e-01
6.075572020996180072e+04 9.997746786239442018e-01
6.075572047002249019e+04 9.923606737118838561e-01
6.075572073008318694e+04 1.003090862547449058e+00
6.075572099014388368e+04 9.980854656190168983e-01
6.075572125020458770e+04 9.995225116574435464e-01
6.075572151026528445e+04 9.899849946447325522e-01
6.075572177032597392e+04 9.947487617339932919e-01
6.075572203038667794e+04 1.002313801028068330e+00
6.075572229044737469e+04 9.931504209020273199e-01
6.075572255050806416e+04 9.957814092419249308e-01
6.075572281056877546e+04 9.989147759667091897e-01
6.075572307062946493e+04 9.951832721335064358e-01
6.075572333069016167e+04 9.906905152815941307e-01
6.075572359075086570e+04 9.919674755782824649e-01
6.075572385081155517e+04 9.925230671752842682e-01
6.075572411087225191e+04 9.898556877441536672e-01
6.075572437093294866e+04 9.978076594567089064e-01
6.075572463099365268e+04 9.919881677405445464e-01
6.075572489105434943e+04 9.853008551492372646e-01
6.075572515111503890e+04 1.001361528187244776e+00
6.075572541117574292e+04 1.000824618902081298e+00
6.075572567123643967e+04 1.005183780553764450e+00
6.075572593129713641e+04 9.836520527358036947e-01
6.075572619135784043e+04 9.900264148168100853e-01
6.075572645141852990e+04 1.001100671353057914e+00
6.075572671147922665e+04 9.969823807027530238e-01
6.075572697153993067e+04 1.006953919138060316e+00
6.075572723160062014e+04 9.940515261396120072e-01
6.075572749166131689e+04 9.993356443166191427e-01
6.075572775172202091e+04 1.005053169056680407e+00
6.075572801178271766e+04 9.877278156359318162e-01
6.075572827184341440e+04 9.992657207297480637e-01
6.075572853190411115e+04 9.988216039864689089e-01
6.075572879196480790e+04 9.960653797388701047e-01
6.075572905202550464e+04 9.952517158609929249e-01
6.075572931208620867e+04 1.004477871575735426e+00
6.075572957214690541e+04 9.958641608080999186e-01
6.075572983220759488e+04 9.954533947927157733e-01
6.075573009226829890e+04 9.970222537909045890e-01
6.075573035232899565e+04 1.007491055613386255e+00
6.075573061238968512e+04 9.942968601172249565e-01
6.075573087245038914e+04 1.008058730944783932e+00
6.075573113251108589e+04 1.001667291664320114e+00
6.075573139257178264e+04 9.961875537240321155e-01
6.075573165263248666e+04 9.954077853958039901e-01
6.075573191269317613e+04 9.965272453729071556e-01
6.075573217275387287e+04 9.989648583516980151e-01
6.075573243281457690e+04 9.892717445956600297e-01
6.075573269287527364e+04 1.001187031420878615e+00
6.075573295293597039e+04 9.961564124990400781e-01
6.075573321299666713e+04 9.992582364146274099e-01
6.075573347305736388e+04 9.994746717764615429e-01
6.075573373311806063e+04 9.969878204760749263e-01
6.075573399317875737e+04 9.944520202518766228e-01
6.075573425323946140e+04 9.920212608525484921e-01
6.075573451330015087e+04 9.939796802237932383e-01
6.075573477336085489e+04 1.007181837792366697e+00
6.075573503342155163e+04 9.961973131284698191e-01
6.075573529348224110e+04 1.000711060623200366e+00
6.075573555354294513e+04 9.863854340718797298e-01
6.075573581360364187e+04 9.971956932494440151e-01
6.075573607366434589e+04 1.001206712891162365e+00
6.075573633372504264e+04 9.934395615227261667e-01
6.075573659378573211e+04 1.001245774165825608e+00
6.075573685384643613e+04 1.011566481232717418e+00
6.075573711390713288e+04 9.974176757082894307e-01
6.075573737396782963e+04 9.999673347790238864e-01
6.075573763402853365e+04 1.001489247508755565e+00
6.075573789408922312e+04 1.008261805839338221e+00
6.075573815414991986e+04 1.008115720382643632e+00
6.075573841421062389e+04 9.983769475198241983e-01
6.075573867427131336e+04 1.006669111533689431e+00
6.075573893433201010e+04 9.999456065052741982e-01
6.075573919439271413e+04 1.005862442142560598e+00
6.075573945445341087e+04 9.966260813614383762e-01
6.075573971451411489e+04 9.913050718433048525e-01
6.075573997457480436e+04 9.954192618592424546e-01
6.075574023463550111e+04 9.965148758920395755e-01
6.075574049469620513e+04 9.981829088856515320e-01
6.075574075475690188e+04 9.974717617278132664e-01
6.075574101481759863e+04 9.913742948499434382e-01
6.075574127487829537e+04 1.004115676780308108e+00
6.075574153493899212e+04 9.973813679744810701e-01
6.075574179499969614e+04 9.984213395245075118e-01
6.075574205506038561e+04 1.000466910125973996e+00
6.075574231512108236e+04 9.957907881676514306e-01
6.075574257518178638e+04 9.993243501258416428e-01
6.075574283524248312e+04 9.933970561726274129e-01
6.075574309530317987e+04 1.004030388233934756e+00
6.075574483016229351e+04 1.002174925632417057e+00
6.075574509021608537e+04 1.005162424808716981e+00
6.075574535026989179e+04 1.006208897891496257e+00
6.075574561032369093e+04 1.003172093462423531e+00
6.075574587037748279e+04 1.000291969203160880e+00
6.075574613043128193e+04 9.970209607325639656e-01
6.075574639048507379e+04 1.002525572938483212e+00
6.075574665053887293e+04 1.000900707031991965e+00
6.075574691059266479e+04 9.970961221894706350e-01
6.075574717064645665e+04 1.004983138839182999e+00
6.075574743070025579e+04 1.002451026803447887e+00
6.075574769075404765e+04 1.005375706142489278e+00
6.075574795080784679e+04 9.981238734918315147e-01
6.075574821086163865e+04 1.001292437289982074e+00
6.075574847091544507e+04 1.006614089461138173e+00
6.075574873096924421e+04 1.001835594432621379e+00
6.075574899102303607e+04 1.010676299667171207e+00
6.075574925107683521e+04 1.003064987049392620e+00
6.075574951113062707e+04 1.004960101677510487e+00
6.075574977118442621e+04 9.979017544314825461e-01
6.075575003123821807e+04 1.007587008238606474e+00
6.075575029129201721e+04 9.991484015774925176e-01
6.075575055134580907e+04 1.001153326848752245e+00
6.075575081139960093e+04 1.000049246110735535e+00
6.075575107145340007e+04 9.978856636334419994e-01
6.075575133150719921e+04 9.986536331754349849e-01
6.075575159156100563e+04 1.008764297115471553e+00
6.075575185161479749e+04 1.003881342725427395e+00
6.075575211166859663e+04 1.004553944108749208e+00
6.075575237172238849e+04 1.011146634977258651e+00
6.075575263177618035e+04 1.003701560597872078e+00
6.075575289182997949e+04 9.992366609410410216e-01
6.075575315188377135e+04 1.003147365148532533e+00
6.075575341193757049e+04 9.975784996718098929e-01
6.075575367199136235e+04 9.995944647715281350e-01
6.075575393204516149e+04 1.012332508394305330e+00
6.075575419209895335e+04 9.975572442697145936e-01
6.075575445215275249e+04 9.954801427362023336e-01
6.075575471220655891e+04 1.014397795874345976e+00
6.075575497226035077e+04 9.938382716180996779e-01
6.075575523231414991e+04 1.003200676133306768e+00
6.075575549236794177e+04 1.000008755760096291e+00
6.075575575242174091e+04 1.010561935632672492e+00
6.075575601247553277e+04 1.004995897407994221e+00
6.075575627252933191e+04 1.008530038251729266e+00
6.075575653258312377e+04 1.005186892003058219e+00
6.075575679263691563e+04 1.001746908122471913e+00
6.075575705269071477e+04 1.002320540026426565e+00
6.075575731274451391e+04 1.006232986793062834e+00
6.075575757279832033e+04 1.012510190703862722e+00
6.075575783285211219e+04 1.005028454029032181e+00
6.075575809290591133e+04 1.005949533047421740e+00
6.075575835295970319e+04 9.970980954268934271e-01
6.075575861301350233e+04 1.002321969400044033e+00
6.075575887306729419e+04 9.983093669902329825e-01
6.075575913312109333e+04 1.005598486980123774e+00
6.075575939317488519e+04 1.009996092679400714e+00
6.075575965322867705e+04 9.970203819885846697e-01
6.075575991328247619e+04 1.003551550058541464e+00
6.075576017333626805e+04 9.938322525770587612e-01
6.075576043339007447e+04 1.002241134650988963e+00
6.075576069344387361e+04 1.009326508151185076e+00
6.075576095349767274e+04 9.911637097617378434e-01
6.075576121355146461e+04 1.003341130147133553e+00
6.075576147360526375e+04 1.003887395713227271e+00
6.075576173365905561e+04 1.008028765491165935e+00
6.075576199371285475e+04 1.004229239371101201e+00
6.075576225376664661e+04 1.001690478691870334e+00
6.075576251382044575e+04 9.992659698452180939e-01
6.075576277387423761e+04 1.009356139835717592e+00
6.075576303392802947e+04 9.989411433626214087e-01
6.075576329398183589e+04 1.018272520134302583e+00
6.075576355403563502e+04 1.004635594019760880e+00
6.075576381408943416e+04 1.006486477951580083e+00
6.075576407414322603e+04 1.005181195178448617e+00
6.075576433419702516e+04 1.005201170031528424e+00
6.075576459425081703e+04 1.008185769921775332e+00
6.075576485430461616e+04 1.006180797482963518e+00
6.075576511435840803e+04 1.001132532641599182e+00
6.075576537441220717e+04 9.973857697673459421e-01
6.075576563446599903e+04 1.013480499586485006e+00
6.075576589451979817e+04 1.003325153909827350e+00
6.075576615457359003e+04 1.001850976143913385e+00
6.075576641462739644e+04 1.004206301916976241e+00
6.075576667468119558e+04 1.000200636995695946e+00
6.075576693473499472e+04 1.001920121262092511e+00
6.075576719478878658e+04 1.005388280697935510e+00
6.075576745484258572e+04 1.007946095725985369e+00
6.075576771489637758e+04 1.004027524485102241e+00
6.075576797495017672e+04 9.923521670005083228e-01
6.075576823500396858e+04 1.005332693180345682e+00
6.075576849505776045e+04 9.998047597548616050e-01
6.075576875511155959e+04 1.006949145744418406e+00
6.075576901516535145e+04 9.975553240721530823e-01
6.075576927521915786e+04 1.012681241348580619e+00
6.075576953527295700e+04 1.002476304132392526e+00
6.075576979532675614e+04 9.924424782218979058e-01
6.075577005538054800e+04 9.977485915886913359e-01
6.075577031543434714e+04 1.004415023739279267e+00
6.075577057548813900e+04 1.010564019766820198e+00
6.075577083554193814e+04 9.986213017896483635e-01
6.075577109559573000e+04 1.009999343007840000e+00
6.075577135564952914e+04 1.003983702891358076e+00
6.075577161570332100e+04 9.971391278886578835e-01
6.075577187575712014e+04 1.001722245423687818e+00
6.075577213581091200e+04 1.007710481270817970e+00
6.075577239586471842e+04 1.005295803750815287e+00
6.075577265591851756e+04 1.006429749149245545e+00
6.075577291597231670e+04 1.000626724945552715e+00
6.075577317602610856e+04 1.010955922821205721e+00
