6.075547523411604925e+04 9.597314074053687749e-01
6.075547549417674600e+04 9.598236279373265623e-01
6.075547575423742819e+04 1.027475334283432407e+00
6.075547601429812494e+04 9.534764161223091561e-01
6.075547627435881441e+04 9.790999221388323459e-01
6.075547653441950388e+04 9.651977843287227188e-01
6.075547679448019335e+04 9.924630099782547621e-01
6.075547705454089009e+04 1.016513311954495569e+00
6.075547731460157956e+04 8.770633683114342771e-01
6.075547757466227631e+04 9.387031100983107557e-01
6.075547783472295851e+04 9.032263581264486918e-01
6.075547809478365525e+04 8.944036410203991538e-01
6.075547835484434472e+04 1.007857617051219457e+00
6.075547861490504147e+04 9.301827047640688351e-01
6.075547887496573094e+04 9.715279565308199139e-01
6.075547913502642041e+04 8.954690179640131253e-01
6.075547939508710988e+04 8.893589086180487824e-01
6.075547965514780662e+04 1.000270790609841143e+00
6.075547991520848882e+04 9.544414990317103831e-01
6.075548017526918557e+04 8.882003673263969556e-01
6.075548043532987504e+04 1.047465929519241890e+00
6.075548069539057178e+04 9.832132513227790360e-01
6.075548095545126125e+04 8.969437971626251782e-01
6.075548121551195072e+04 9.203498520001467398e-01
6.075548147557264019e+04 8.986795449947933001e-01
6.075548173563333694e+04 9.400449027087867115e-01
6.075548199569402641e+04 8.838066830508750638e-01
6.075548225575472316e+04 9.394074135777973344e-01
6.075548251581540535e+04 9.579555293002524063e-01
6.075548277587610210e+04 9.216437681402251947e-01
6.075548303593679157e+04 9.173140642584601823e-01
6.075548329599748104e+04 9.544933395373733642e-01
6.075548355605817778e+04 8.740448953898591888e-01
6.075548381611886725e+04 9.428338046416274709e-01
6.075548407617955672e+04 9.514119674784833336e-01
6.075548433624025347e+04 9.173872164468065415e-01
6.075548459630093566e+04 8.842977541250104379e-01
6.075548485636163241e+04 9.084629196002064200e-01
6.075548511642232916e+04 8.119694390171918741e-01
6.075548537648301863e+04 9.028362202999039576e-01
6.075548563654371537e+04 9.060319994170239477e-01
6.075548589660439757e+04 9.594720420259968963e-01
6.075548615666509431e+04 9.097997570727470729e-01
6.075548641672578378e+04 9.008790023633420629e-01
6.075548667678648053e+04 9.423702747216911035e-01
6.075548693684717000e+04 9.870441667166249822e-01
6.075548719690785947e+04 7.951384443542984792e-01
6.075548745696854894e+04 9.841234370637058637e-01
6.075548771702924569e+04 9.259768745827122727e-01
6.075548797708992788e+04 9.899638487785850094e-01
6.075548823715062463e+04 1.026300665371131515e+00
6.075548849721131410e+04 9.676823993205695418e-01
6.075548875727201084e+04 9.107363248476966211e-01
6.075548901733270759e+04 8.696089784520898425e-01
6.075548927739338978e+04 8.395535093951214112e-01
6.075548953745408653e+04 9.344865800298138847e-01
6.075548979751477600e+04 9.730637650375675296e-01
6.075549005757547275e+04 9.242675481400366433e-01
6.075549031763616222e+04 8.875892825343991710e-01
6.075549057769685169e+04 1.000448638115664313e+00
6.075549083775754116e+04 8.940496373095605520e-01
6.075549109781823790e+04 8.817947267978326620e-01
6.075549135787892010e+04 9.577222310000956806e-01
6.075549161793961684e+04 9.927506277105402344e-01
6.075549187800031359e+04 1.018155359601657262e+00
6.075549213806100306e+04 9.409669981025399199e-01
6.075549239812169981e+04 9.557194266786297465e-01
6.075549265818238200e+04 1.032078934098983991e+00
6.075549291824307875e+04 9.132629970349487314e-01
6.075549317830376822e+04 1.004584173821816862e+00
6.075549343836446496e+04 9.439012793110843624e-01
6.075549369842515443e+04 9.709310357956872917e-01
6.075549395848584390e+04 9.214011667480987988e-01
6.075549421854654065e+04 1.011437844144629228e+00
6.075549447860723012e+04 9.415298653959712771e-01
6.075549473866791959e+04 9.003591895355482766e-01
6.075549499872861634e+04 9.210644076357460408e-01
6.075549525878930581e+04 9.170710995956259382e-01
6.075549551884999528e+04 1.001244718002342271e+00
6.075549577891069202e+04 8.134138168133782099e-01
6.075549603897138149e+04 9.450150945759717702e-01
6.075549629903207097e+04 9.429148269556181239e-01
6.075549655909276771e+04 9.620299432737550172e-01
6.075549681915345718e+04 8.870993430786102696e-01
6.075549707921415393e+04 9.257247513446255072e-01
6.075549733927483612e+04 9.152157786813147622e-01
6.075549759933553287e+04 9.296199120596229104e-01
6.075549785939622961e+04 9.328643496121754586e-01
6.075549811945691908e+04 9.368595475501503289e-01
6.075549837951761583e+04 1.013094917258951622e+00
6.075549863957829803e+04 9.163728300883958733e-01
6.075549889963899477e+04 8.918470452144944272e-01
6.075549915969968424e+04 9.175992398022608798e-01
6.075549941976037371e+04 9.499423698379152459e-01
6.075549967982107046e+04 1.030470560981858741e+00
6.075549993988175993e+04 9.205542820272012428e-01
6.075550019994245667e+04 8.479157537731797367e-01
6.075550046000314615e+04 9.050697264541184284e-01
6.075550072006383562e+04 9.351914520386198637e-01
6.075550098012452509e+04 9.136828554865488172e-01
6.075550124018522183e+04 9.719026744585073097e-01
6.075550150024591858e+04 9.264262146453459135e-01
6.075550176030660805e+04 9.635245476490356120e-01
6.075550202036729752e+04 9.637776648430699256e-01
6.075550228042798699e+04 9.448044983100299943e-01
6.075550254048868374e+04 9.525318690990548509e-01
6.075550280054937321e+04 9.739028420873240277e-01
6.075550306061006268e+04 9.672777055119541334e-01
6.075550332067075942e+04 9.445909797343333691e-01
6.075550358073144889e+04 8.582210113767706483e-01
6.075550513876277546e+04 8.879074812938119177e-01
6.075550539882346493e+04 9.108050877177233939e-01
6.075550565888415440e+04 9.216316245530488116e-01
6.075550591894484387e+04 9.205955998264322426e-01
6.075550617900554062e+04 8.820219374284989922e-01
6.075550643906623736e+04 8.727446484462894061e-01
6.075550669912692683e+04 9.260043339981605115e-01
6.075550695918761630e+04 9.552586676855142622e-01
6.075550721924830577e+04 9.264017178354554405e-01
6.075550747930900252e+04 8.797075685661736033e-01
6.075550773936969199e+04 8.870208071819947193e-01
6.075550799943038146e+04 9.433536095883139350e-01
6.075550825949107821e+04 9.601182552167014661e-01
6.075550851955176768e+04 9.294030244427144982e-01
6.075550877961246442e+04 9.539504413213932832e-01
6.075550903967315389e+04 9.124636071758615019e-01
6.075550929973384336e+04 9.578903480388443192e-01
6.075550955979454011e+04 9.134321399626328386e-01
6.075550981985522958e+04 9.528386554816005161e-01
6.075551007991592633e+04 9.391366806845020676e-01
6.075551033997661580e+04 9.508440161148078440e-01
6.075551060003730527e+04 8.847246317294059637e-01
6.075551086009800201e+04 9.271227637196233218e-01
6.075551112015868421e+04 9.213470849082472380e-01
6.075551138021938095e+04 8.655265188943805921e-01
6.075551164028007770e+04 9.805080066151518059e-01
6.075551190034076717e+04 9.578208668926664338e-01
6.075551216040146392e+04 1.017727537293900086e+00
6.075551242046214611e+04 9.201433822396848372e-01
6.075551268052284286e+04 9.547833683330176902e-01
6.075551294058353960e+04 9.076942617950358727e-01
6.075551320064422907e+04 9.814271281006337055e-01
6.075551346070492582e+04 1.072818446885137611e+00
6.075551372076561529e+04 1.015846144960679265e+00
6.075551398082630476e+04 8.779279526575746173e-01
6.075551424088700151e+04 9.899196474768452436e-01
6.075551450094769098e+04 9.716813205120079511e-01
6.075551476100838772e+04 1.011425874804855241e+00
6.075551502106907719e+04 9.251664809316488824e-01
6.075551528112976666e+04 9.472617139136154663e-01
6.075551554119046341e+04 8.419729911060894745e-01
6.075551580125115288e+04 9.735524131607421472e-01
6.075551606131184235e+04 9.957821118302070396e-01
6.075551632137253910e+04 9.659367299598045076e-01
6.075551658143322857e+04 9.923548377225969164e-01
6.075551684149392531e+04 9.107133898541868167e-01
6.075551710155461478e+04 9.899321733771018206e-01
6.075551736161530425e+04 1.005103797640972907e+00
6.075551762167600100e+04 9.687842093450419467e-01
6.075551788173669775e+04 9.017660524184260007e-01
6.075551814179738722e+04 9.530194647020835408e-01
6.075551840185807669e+04 9.992817323750121661e-01
6.075551866191877343e+04 8.346872016598110289e-01
6.075551892197946290e+04 8.911936665296844584e-01
6.075551918204015237e+04 9.155750960545063766e-01
6.075551944210084184e+04 9.048630840946202403e-01
6.075551970216153859e+04 1.006790589495635269e+00
6.075551996222223534e+04 1.004237606988102049e+00
6.075552022228292481e+04 8.461173451047292460e-01
6.075552048234361428e+04 9.575932113450467131e-01
6.075552074240431102e+04 8.778224691669507251e-01
6.075552100246500049e+04 9.461781066202522572e-01
6.075552126252569724e+04 9.553542875008986801e-01
6.075552152258639398e+04 9.673728667398717729e-01
6.075552178264707618e+04 9.655746967906729816e-01
6.075552204270777293e+04 9.590760299907992170e-01
6.075552230276846967e+04 1.014853664773656350e+00
6.075552256282915187e+04 9.125180920424453834e-01
6.075552282288985589e+04 9.873368580177815934e-01
6.075552308295054536e+04 1.034958812297276820e+00
6.075552334301123483e+04 9.393558157151007393e-01
6.075552360307193157e+04 9.228401002479440507e-01
6.075552386313262105e+04 9.778460047194635907e-01
6.075552412319331052e+04 9.376437728247134507e-01
6.075552438325400726e+04 9.682751532523167226e-01
6.075552464331469673e+04 1.018008973872046807e+00
6.075552490337539348e+04 9.877195748019821364e-01
6.075552516343608295e+04 8.795601495171251338e-01
6.075552542349677242e+04 9.505869626508262060e-01
6.075552568355746916e+04 9.695375991397042759e-01
6.075552594361816591e+04 9.563360319260757469e-01
6.075552620367885538e+04 9.382310290339854753e-01
6.075552646373954485e+04 9.867853375463855325e-01
6.075552672380024160e+04 9.453591679612941556e-01
6.075552698386093107e+04 9.670126001125297632e-01
6.075552724392162054e+04 9.199193765797335498e-01
6.075552750398231728e+04 8.434103943694734040e-01
6.075552776404300675e+04 9.447125446553467087e-01
6.075552802410370350e+04 9.675269270256182663e-01
6.075552828416440025e+04 9.610554282077834465e-01
6.075552854422508244e+04 8.890202467961842991e-01
6.075552880428577919e+04 9.186095706526319349e-01
6.075552906434647593e+04 1.004154992228021070e+00
6.075552932440716540e+04 1.009777796467623556e+00
6.075552958446786215e+04 9.755199307381969831e-01
6.075552984452855162e+04 9.537850499911283420e-01
6.075553010458924109e+04 9.954790795960987149e-01
6.075553036464993784e+04 9.521644163026492524e-01
6.075553062471062731e+04 9.816180543310955020e-01
6.075553088477132405e+04 1.009261949631653277e+00
6.075553114483201352e+04 9.692763411480961322e-01
6.075553140489271027e+04 8.989964506200146532e-01
6.075553166495340702e+04 1.032926557816604696e+00
6.075553192501408921e+04 9.224518324346021592e-01
6.075553218507478596e+04 8.766792422230437198e-01
6.075553244513548270e+04 9.569855851410842273e-01
6.075553270519617217e+04 1.012552182372372434e+00
6.075553296525686892e+04 1.003586543572150713e+00
6.075553322531755839e+04 9.210338947261148546e-01
6.075553348537824786e+04 1.041343983535405693e+00
6.075553503081219969e+04 9.873555620381310183e-01
6.075553529087288916e+04 9.232884772340939072e-01
6.075553555093358591e+04 9.283615044614171863e-01
6.075553581099427538e+04 9.421534994650798689e-01
6.075553607105497213e+04 9.642600940960249778e-01
6.075553633111566887e+04 9.288792880881596714e-01
6.075553659117635107e+04 8.666871276703775884e-01
6.075553685123704781e+04 9.726114371841843020e-01
6.075553711129774456e+04 1.003879616381820439e+00
6.075553737135842675e+04 9.755520116095804939e-01
6.075553763141913078e+04 9.687806140578232306e-01
6.075553789147982025e+04 9.468961398094034587e-01
6.075553815154050972e+04 1.009294864573642148e+00
6.075553841160120646e+04 9.187193960817719995e-01
6.075553867166189593e+04 9.481601262620344972e-01
6.075553893172259268e+04 9.691457646255604574e-01
6.075553919178328215e+04 1.062554506790243991e+00
6.075553945184397890e+04 1.059771160210026375e+00
6.075553971190467564e+04 1.094524245149178343e+00
6.075553997196535784e+04 1.021489374995764088e+00
6.075554023202605458e+04 8.984664141725717812e-01
6.075554049208675133e+04 9.489845262860590047e-01
6.075554075214744807e+04 9.155996635106062875e-01
6.075554101220813754e+04 9.916036615985065472e-01
6.075554127226882702e+04 8.855811257954582238e-01
6.075554153232952376e+04 9.616598286794516559e-01
6.075554179239021323e+04 1.039723744901966951e+00
6.075554205245090270e+04 9.969332257451913870e-01
6.075554231251159945e+04 9.104307213111016983e-01
6.075554257257229619e+04 9.063595448703963831e-01
6.075554283263298566e+04 8.360506172640490563e-01
6.075554309269368241e+04 9.369024613975872606e-01
6.075554335275437188e+04 1.013872872455989782e+00
6.075554361281506135e+04 9.563583609975744304e-01
6.075554387287575810e+04 9.314258994863631180e-01
6.075554413293645484e+04 9.221033832569495159e-01
6.075554439299715159e+04 9.497621924120193126e-01
6.075554465305783378e+04 8.839257637578518123e-01
6.075554491311853053e+04 8.868148393912826943e-01
6.075554517317922728e+04 9.447637030771429689e-01
6.075554543323990947e+04 8.498876418576559733e-01
6.075554569330060622e+04 9.802172588549225019e-01
6.075554595336130296e+04 9.512125560851993900e-01
6.075554621342199971e+04 9.649564051169751133e-01
6.075554647348268918e+04 8.219583666780549969e-01
6.075554673354337865e+04 9.533152002494151844e-01
6.075554699360407540e+04 8.951505750171233622e-01
6.075554725366477214e+04 9.438103255212539899e-01
6.075554751372546161e+04 9.907904831005709401e-01
6.075554777378615836e+04 9.838556075903384102e-01
6.075554803384684783e+04 9.432677138674563366e-01
6.075554829390754458e+04 8.729267783785652490e-01
6.075554855396823405e+04 9.036952202861564531e-01
6.075554881402892352e+04 9.820276594168937390e-01
6.075554907408962754e+04 1.011670150906643029e+00
6.075554933415030973e+04 9.194886247026451409e-01
6.075554959421100648e+04 1.004459999062705444e+00
6.075554985427170323e+04 9.623354202857303807e-01
6.075555011433239270e+04 9.171468610590541859e-01
6.075555037439308217e+04 8.166106966098475306e-01
6.075555063445377891e+04 8.505582329803865749e-01
6.075555089451447566e+04 9.798704653700021083e-01
6.075555115457517240e+04 9.782505047856165925e-01
6.075555141463585460e+04 1.006840314721892726e+00
6.075555167469655134e+04 9.027324366635215425e-01
6.075555193475724809e+04 9.377963848665639146e-01
6.075555219481794484e+04 9.705733718352382855e-01
6.075555245487863431e+04 9.750199715825054181e-01
6.075555271493932378e+04 1.030908248221145573e+00
6.075555297500002052e+04 9.530163931213599948e-01
6.075555323506071727e+04 8.854669972382408494e-01
6.075555349512139946e+04 9.038862827720854920e-01
6.075555375518209621e+04 1.020428831142514259e+00
6.075555401524279296e+04 9.461502866911781773e-01
6.075555427530348970e+04 9.102201499936183327e-01
6.075555453536417917e+04 9.271689561173565020e-01
6.075555479542486864e+04 9.947821766646869346e-01
6.075555505548556539e+04 9.641303212478095075e-01
6.075555531554626214e+04 9.289236726825325086e-01
6.075555557560695161e+04 1.011660565550128288e+00
6.075555583566764835e+04 1.032400185563067341e+00
6.075555609572833782e+04 8.778948044013983321e-01
6.075555635578903457e+04 1.041814373238089342e+00
6.075555661584972404e+04 9.365334931606776880e-01
6.075555687591041351e+04 9.581123394052794007e-01
6.075555713597111026e+04 8.518847664172507494e-01
6.075555739603180700e+04 1.001356054448114818e+00
6.075555765609250375e+04 9.878768794345506032e-01
6.075555791615319322e+04 8.614046341992427358e-01
6.075555817621388269e+04 1.055240158486149715e+00
6.075555843627457944e+04 9.422519258951020937e-01
6.075555869633527618e+04 9.448701541369967094e-01
6.075555895639596565e+04 9.437985758584758189e-01
6.075555921645666240e+04 9.973769995292363078e-01
6.075555947651735187e+04 9.368764755805856215e-01
6.075555973657804861e+04 9.651691097143467735e-01
6.075555999663873808e+04 1.018634353519348279e+00
6.075556025669943483e+04 9.445763169774421542e-01
6.075556051676013158e+04 9.143572985191147362e-01
6.075556077682082105e+04 1.037444346312298427e+00
6.075556103688151779e+04 9.315847662523333295e-01
6.075556129694220726e+04 1.044601321084082990e+00
6.075556155700289673e+04 9.644629913068988314e-01
6.075556181706359348e+04 8.845967079221124241e-01
6.075556207712429023e+04 9.290247469593867491e-01
6.075556233718497970e+04 9.288245963978531972e-01
6.075556259724567644e+04 8.258167287274035262e-01
6.075556285730636591e+04 9.234163642576759257e-01
6.075556311736706266e+04 1.041447590617752272e+00
6.075556337742775941e+04 9.635192681202038312e-01
6.075556504889419739e+04 8.222183041501766043e-01
6.075556530895488686e+04 9.381913541374086174e-01
6.075556556901558361e+04 8.665968725258379468e-01
6.075556582907628035e+04 9.496942599177805588e-01
6.075556608913696255e+04 9.726804753646204338e-01
6.075556634919766657e+04 9.810962632076181134e-01
6.075556660925835604e+04 9.599860091819998331e-01
6.075556686931905278e+04 1.001863379999944792e+00
6.075556712937974953e+04 9.443806101916730755e-01
6.075556738944043173e+04 9.583904300497271267e-01
6.075556764950112847e+04 9.260387596144770139e-01
6.075556790956182522e+04 1.045281047341879876e+00
6.075556816962252196e+04 9.502893237225383816e-01
6.075556842968321871e+04 9.339611061978493334e-01
6.075556868974390090e+04 1.019124288449606786e+00
6.075556894980459765e+04 8.945592916217186552e-01
6.075556920986529440e+04 9.944379422914981781e-01
6.075556946992599114e+04 9.286425051583235835e-01
6.075556972998668789e+04 9.569877193863192133e-01
6.075556999004737008e+04 9.089215479924389607e-01
6.075557025010806683e+04 8.440253461240828647e-01
6.075557051016876358e+04 9.684956949433028983e-01
6.075557077022945305e+04 9.641337804916253473e-01
6.075557103029014979e+04 9.445677067272097993e-01
6.075557129035083926e+04 9.346145186806702476e-01
6.075557155041153601e+04 1.015963628095127413e+00
6.075557181047223276e+04 9.306919994401458007e-01
6.075557207053292223e+04 9.490487138323365768e-01
6.075557233059361897e+04 9.411314269685480127e-01
6.075557259065431572e+04 8.898724493881688957e-01
6.075557285071500519e+04 1.010460327196731178e+00
6.075557311077570193e+04 9.305549564517490158e-01
6.075557337083639140e+04 9.704808029884333109e-01
6.075557363089708815e+04 8.700298306556936145e-01
6.075557389095778490e+04 9.762461744412920250e-01
6.075557415101846709e+04 9.827823804469385527e-01
6.075557441107916384e+04 9.795951663873104787e-01
6.075557467113986058e+04 9.997571009501496908e-01
6.075557493120055733e+04 9.279231072760238952e-01
6.075557519126125408e+04 9.121037119907715596e-01
6.075557545132194355e+04 9.499851804983039383e-01
6.075557571138263302e+04 1.038321125679740886e+00
6.075557597144332976e+04 1.014139765330284160e+00
6.075557623150402651e+04 1.090344786072060534e+00
6.075557649156472326e+04 9.561168793525021137e-01
6.075557675162541273e+04 9.668422206275792963e-01
6.075557701168610220e+04 9.092030492732247060e-01
6.075557727174679894e+04 9.780488478748133874e-01
6.075557753180748841e+04 9.958316357839833710e-01
6.075557779186819243e+04 9.637431788929055054e-01
6.075557805192888191e+04 9.259681821561417392e-01
6.075557831198957865e+04 9.666137859104300123e-01
6.075557857205026812e+04 9.282808466888162746e-01
6.075557883211095759e+04 1.001028034941564115e+00
6.075557909217165434e+04 1.007265458073622888e+00
6.075557935223235108e+04 8.949282058449509192e-01
6.075557961229304783e+04 9.566006408260043781e-01
6.075557987235374458e+04 8.865205683311886409e-01
6.075558013241442677e+04 8.994823506598066398e-01
6.075558039247512352e+04 1.046348787947048775e+00
6.075558065253582026e+04 9.631354325055836441e-01
6.075558091259651701e+04 8.773697656464652939e-01
6.075558117265721376e+04 1.005971421885689443e+00
6.075558143271790323e+04 8.985611247236759969e-01
6.075558169277859997e+04 9.624366673013392548e-01
6.075558195283928944e+04 8.582630178329883064e-01
6.075558221289997891e+04 9.889138931638133956e-01
6.075558247296067566e+04 9.104499729280346454e-01
6.075558273302137241e+04 9.645696569818884569e-01
6.075558299308206915e+04 9.269585494298834272e-01
6.075558325314276590e+04 1.027393948128399348e+00
6.075558351320344809e+04 9.832154568817242923e-01
6.075558377326414484e+04 9.779327832331605741e-01
6.075558403332484158e+04 9.651545094391377200e-01
6.075558429338553833e+04 1.008769673623021834e+00
6.075558455344623508e+04 1.048010436365413689e+00
6.075558481350692455e+04 9.168917559146559926e-01
6.075558507356762129e+04 9.517509761401311552e-01
6.075558533362831076e+04 9.781050508016244649e-01
6.075558559368900023e+04 9.310310349093621207e-01
6.075558585374969698e+04 1.001913278601815893e+00
6.075558611381039373e+04 8.882221198563036157e-01
6.075558637387109047e+04 9.709913112174478611e-01
6.075558663393178722e+04 1.025925513827016244e+00
6.075558689399247669e+04 1.051542677083912913e+00
6.075558715405316616e+04 9.755015739480478176e-01
6.075558741411386291e+04 9.775158100016655416e-01
6.075558767417455965e+04 9.025683079079473980e-01
6.075558793423525640e+04 1.044754004529906855e+00
6.075558819429594587e+04 1.049971844216561312e+00
6.075558845435664261e+04 9.418929477078024082e-01
6.075558871441733936e+04 9.143132898805084174e-01
6.075558897447803611e+04 1.035963006084490878e+00
6.075558923453872558e+04 1.003109031350223557e+00
6.075558949459941505e+04 9.736934573305546792e-01
6.075558975466011179e+04 9.395645959771948830e-01
6.075559001472080854e+04 9.377036082305983955e-01
6.075559027478149801e+04 1.011610854992740061e+00
6.075559053484219476e+04 8.999901893289681265e-01
6.075559079490289150e+04 1.005931267486491310e+00
6.075559105496358097e+04 9.584941679813672177e-01
6.075559131502427772e+04 1.000128856220513729e+00
6.075559157508496719e+04 9.867635522896535116e-01
6.075559183514566394e+04 1.006649768614332308e+00
6.075559209520636068e+04 1.014639944920123549e+00
6.075559235526705743e+04 9.077691476178398888e-01
6.075559261532775417e+04 9.982894942117350734e-01
6.075559287538844364e+04 9.811603307285702291e-01
6.075559313544914039e+04 9.100324043032710364e-01
6.075559339550982986e+04 9.534235131108422800e-01
6.075559494095059927e+04 9.186933171655338182e-01
6.075559520101129601e+04 9.607451178706110095e-01
6.075559546107199276e+04 9.464797611071448236e-01
6.075559572113268950e+04 9.846605788506495038e-01
6.075559598119337898e+04 1.002633103540267578e+00
6.075559624125407572e+04 9.013996659260702371e-01
6.075559650131477247e+04 9.669830695452205083e-01
6.075559676137546921e+04 9.455399663556949275e-01
6.075559702143615868e+04 1.009542771134201322e+00
6.075559728149684815e+04 9.846114978979741972e-01
6.075559754155754490e+04 8.983673779026737360e-01
6.075559780161824165e+04 9.642290846992185305e-01
6.075559806167893839e+04 8.615570440524471518e-01
6.075559832173963514e+04 1.041493849847463737e+00
6.075559858180032461e+04 1.002593852487213555e+00
6.075559884186102136e+04 1.030448556429371498e+00
6.075559910192171810e+04 9.779730180668125827e-01
6.075559936198240757e+04 9.735385108397265341e-01
6.075559962204309704e+04 9.527849863633295335e-01
6.075559988210379379e+04 9.534403779211287899e-01
6.075560014216449053e+04 9.660552678524988446e-01
6.075560040222518728e+04 9.371440429212986034e-01
6.075560066228587675e+04 9.473097771596805661e-01
6.075560092234657350e+04 9.578551057406591296e-01
6.075560118240727024e+04 9.348360380943889769e-01
6.075560144246796699e+04 8.945106715022417276e-01
6.075560170252866374e+04 9.982804087255582326e-01
6.075560196258935321e+04 9.649678263813092904e-01
6.075560222265004995e+04 9.687392345098083668e-01
6.075560248271073942e+04 1.018959353817261659e+00
6.075560274277142889e+04 9.495795423061135221e-01
6.075560300283212564e+04 1.013898185263312657e+00
6.075560326289282239e+04 9.461256540794555914e-01
6.075560352295351913e+04 9.364464917452572923e-01
6.075560378301421588e+04 1.042365335888401967e+00
6.075560404307490535e+04 9.705635918788102501e-01
6.075560430313560209e+04 9.870831574031710964e-01
6.075560456319629884e+04 9.042274795345776051e-01
6.075560482325699559e+04 9.821646361657666580e-01
6.075560508331769233e+04 9.957739659318854963e-01
6.075560534337838180e+04 9.806863403284022951e-01
6.075560560343907127e+04 9.938436459461585937e-01
6.075560586349976802e+04 9.230768824087686175e-01
6.075560612356045749e+04 9.374134312323143536e-01
6.075560638362116151e+04 1.024927074988493780e+00
6.075560664368185098e+04 9.226085945898068186e-01
6.075560690374254773e+04 1.020052859157570380e+00
6.075560716380324448e+04 9.778576138178893817e-01
6.075560742386393395e+04 9.703037778224608001e-01
6.075560768392463069e+04 1.008562704695804779e+00
6.075560794398532744e+04 9.520512346616356592e-01
6.075560820404602418e+04 9.193224208656078922e-01
6.075560846410672093e+04 1.025499800877930801e+00
6.075560872416741040e+04 9.412184451354450587e-01
6.075560898422810715e+04 9.803638775847127729e-01
6.075560924428879662e+04 1.010429482128774037e+00
6.075560950434949336e+04 9.982886813529837644e-01
6.075560976441019011e+04 9.429039865984945035e-01
6.075561002447087958e+04 9.856000333198576824e-01
6.075561028453157633e+04 9.179178895764925628e-01
6.075561054459227307e+04 1.039360957058339308e+00
6.075561080465296254e+04 1.017718417181639801e+00
6.075561106471365929e+04 1.083642921152127903e+00
6.075561132477435604e+04 9.625097290138476813e-01
6.075561158483505278e+04 1.016486444017199897e+00
6.075561184489574953e+04 1.015037522973436301e+00
6.075561210495643900e+04 9.764550840136406729e-01
6.075561236501713574e+04 9.557409443434050633e-01
6.075561262507783249e+04 9.152192277483046645e-01
6.075561288513852924e+04 9.394029711905638180e-01
6.075561314519922598e+04 9.427421906781769945e-01
6.075561340525991545e+04 9.329648812530116908e-01
6.075561366532060492e+04 9.302532885870986590e-01
6.075561392538130167e+04 9.666662802754666384e-01
6.075561418544199114e+04 9.397316409361223810e-01
6.075561444550268789e+04 1.017733723964473258e+00
6.075561470556338463e+04 9.697987022276028934e-01
6.075561496562408138e+04 1.019314570417074073e+00
6.075561522568477812e+04 1.014326542286723143e+00
6.075561548574546759e+04 9.519357550606878382e-01
6.075561574580616434e+04 1.028940808518703953e+00
6.075561600586686109e+04 9.353646852025810920e-01
6.075561626592755783e+04 9.414091819580656662e-01
6.075561652598825458e+04 9.737136221160602734e-01
6.075561678604894405e+04 8.971959844076444757e-01
6.075561704610964080e+04 9.236871168824176692e-01
6.075561730617033754e+04 8.917135429289970716e-01
6.075561756623102701e+04 9.622116786321601722e-01
6.075561782629173103e+04 1.056705138990915227e+00
6.075561808635242051e+04 9.340909606043518165e-01
6.075561834641311725e+04 9.099772877518284009e-01
6.075561860647381400e+04 9.438093786810781705e-01
6.075561886653450347e+04 9.622273518329612640e-01
6.075561912659520021e+04 9.390296828505291238e-01
6.075561938665589696e+04 1.032317929013330637e+00
6.075561964671659371e+04 9.111179667487628864e-01
6.075561990677728318e+04 1.043648993821128856e+00
6.075562016683797265e+04 1.002161498859802879e+00
6.075562042689866939e+04 8.951179394592373439e-01
6.075562068695936614e+04 8.816327772300701637e-01
6.075562094702006289e+04 9.618098364972594849e-01
6.075562120708075963e+04 9.040125686509991043e-01
6.075562146714144910e+04 9.838287443790284525e-01
6.075562172720214585e+04 1.033509732804453130e+00
6.075562198726284259e+04 9.797802174531308195e-01
6.075562224732353206e+04 9.795624771495671235e-01
6.075562250738422881e+04 9.559465413692362912e-01
6.075562276744492556e+04 1.017846387802371355e+00
6.075562302750562230e+04 9.976887989406876267e-01
6.075562328756631905e+04 9.401070020387599646e-01
6.075562490898179385e+04 9.202864881013802512e-01
6.075562516903569485e+04 9.368112393179679476e-01
6.075562542908958858e+04 8.970674589011328193e-01
6.075562568914349686e+04 8.777373041381008045e-01
6.075562594919739058e+04 8.971587249506068895e-01
6.075562620925129158e+04 1.007667179404714508e+00
6.075562646930519259e+04 9.853906043531167613e-01
6.075562672935908631e+04 1.003590526379465553e+00
6.075562698941299459e+04 1.087412508685091650e+00
6.075562724946688832e+04 1.005696710551187367e+00
6.075562750952078204e+04 9.466208213134899019e-01
6.075562776957469032e+04 9.107935275581656720e-01
6.075562802962858404e+04 1.088541512013340595e+00
6.075562828968248505e+04 9.809231708355096169e-01
6.075562854973638605e+04 9.555226619900378804e-01
6.075562880979027977e+04 1.002453685036799325e+00
6.075562906984418805e+04 1.057896269313778337e+00
6.075562932989808178e+04 1.005053980324601692e+00
6.075562958995198278e+04 9.069632307036443741e-01
6.075562985000588378e+04 1.011223937198037826e+00
6.075563011005977751e+04 9.619742792707567380e-01
6.075563037011368579e+04 1.015865696032848930e+00
6.075563063016757951e+04 9.859971236044594578e-01
6.075563089022147324e+04 9.850443489666110830e-01
6.075563115027538151e+04 9.414647316831132873e-01
6.075563141032927524e+04 9.627349880683436778e-01
6.075563167038317624e+04 9.402018602712147732e-01
6.075563193043707724e+04 1.036680382401209632e+00
6.075563219049097097e+04 1.007173667619204016e+00
6.075563245054487925e+04 9.078314235692668266e-01
6.075563271059877297e+04 9.178063137338979827e-01
6.075563297065267398e+04 9.388138154854903661e-01
6.075563323070657498e+04 9.683867641669645643e-01
6.075563349076046870e+04 9.461251073318609484e-01
6.075563375081437698e+04 9.305420876013053011e-01
6.075563401086827798e+04 9.669255061775715587e-01
6.075563427092217171e+04 1.012797051209069599e+00
6.075563453097607999e+04 1.135478451337897710e+00
6.075563479102997371e+04 9.492568817080550003e-01
6.075563505108387471e+04 9.883661974934179195e-01
6.075563531113777572e+04 8.812135383638444175e-01
6.075563557119166944e+04 9.922855627094913089e-01
6.075563583124557772e+04 1.018580678970595566e+00
6.075563609129947145e+04 9.822030513053263689e-01
6.075563635135336517e+04 9.599293404013538034e-01
6.075563661140727345e+04 1.031018476202321565e+00
6.075563687146116717e+04 9.866394385251356924e-01
6.075563713151507545e+04 9.283080201437411416e-01
6.075563739156896918e+04 9.808178592722273104e-01
6.075563765162286290e+04 1.002409075233970048e+00
6.075563791167677118e+04 1.001012904724389863e+00
6.075563817173066491e+04 1.024348486848789763e+00
6.075563843178456591e+04 9.220739344070622012e-01
6.075563869183846691e+04 9.767820629058093784e-01
6.075563895189236064e+04 9.507875738670803489e-01
6.075563921194626892e+04 9.667793537027034034e-01
6.075563947200016992e+04 1.062436669078484774e+00
6.075563973205406364e+04 9.359853049304666106e-01
6.075563999210797192e+04 8.522016677829028497e-01
6.075564025216186565e+04 9.432361807445129864e-01
6.075564051221577392e+04 9.596612553077202845e-01
6.075564077226966765e+04 9.289221039145798553e-01
6.075564103232356138e+04 9.984654461635453782e-01
6.075564129237746965e+04 8.971566797789073400e-01
6.075564155243136338e+04 1.008997992365400886e+00
6.075564181248526438e+04 8.897188752575120319e-01
6.075564207253916538e+04 1.003443102670654286e+00
6.075564233259305911e+04 9.115280516604236105e-01
6.075564259264696739e+04 9.469507124874394499e-01
6.075564285270086111e+04 9.684206944575601828e-01
6.075564311275475484e+04 9.175334141254551934e-01
6.075564337280867039e+04 8.999315098583499095e-01
6.075564363286256412e+04 9.899214240218087157e-01
6.075564389291646512e+04 9.068622682576462646e-01
6.075564415297036612e+04 9.989560679446437552e-01
6.075564441302425985e+04 1.036146768601872159e+00
6.075564467307816813e+04 9.866056418984825438e-01
6.075564493313206185e+04 9.378039009043751539e-01
6.075564519318596285e+04 9.051924592744067244e-01
6.075564545323986385e+04 9.772239209905263513e-01
6.075564571329375758e+04 9.777870660964822491e-01
6.075564597334766586e+04 9.738538645697892848e-01
6.075564623340155958e+04 9.352757770702152529e-01
6.075564649345545331e+04 9.818956519299513186e-01
6.075564675350936886e+04 9.704950409071105843e-01
6.075564701356326259e+04 9.293149170542847060e-01
6.075564727361716359e+04 1.000348661248082749e+00
6.075564753367106459e+04 9.349156386383770112e-01
6.075564779372495832e+04 9.890191182863056207e-01
6.075564805377886660e+04 9.646138520905569447e-01
6.075564831383276032e+04 9.280387913369317898e-01
6.075564857388666132e+04 1.014299451286281517e+00
6.075564883394056233e+04 9.247161297941506319e-01
6.075564909399445605e+04 9.781697151151971248e-01
6.075564935404836433e+04 1.105582071076225192e+00
6.075564961410226533e+04 9.894239183773895219e-01
6.075564987415615906e+04 9.175960684634676401e-01
6.075565013421006734e+04 1.000491218492641998e+00
6.075565039426396106e+04 9.452896877465749581e-01
6.075565065431786206e+04 1.059801349114164681e+00
6.075565091437176306e+04 9.657223524371625345e-01
6.075565117442565679e+04 1.054790880470459102e+00
6.075565143447956507e+04 9.944182527071525612e-01
6.075565169453345879e+04 1.029927949108618623e+00
6.075565195458735980e+04 9.361650004579626927e-01
6.075565221464126080e+04 9.715222594481277563e-01
6.075565247469516180e+04 9.380465345786690445e-01
6.075565273474907008e+04 1.003473571172513346e+00
6.075565299480296380e+04 9.248581177491711491e-01
6.075565325485685753e+04 9.055544747996726596e-01
6.075565492670372623e+04 9.234975048138499565e-01
6.075565518676442298e+04 9.414540996587128507e-01
6.075565544682511972e+04 1.004129512906512867e+00
6.075565570688581647e+04 9.528661050749988037e-01
6.075565596694650594e+04 9.524635973427312274e-01
6.075565622700720269e+04 1.009706150240218259e+00
6.075565648706790671e+04 9.533264387871146495e-01
6.075565674712860346e+04 9.676492800369561609e-01
6.075565700718930020e+04 1.066559435281027035e+00
6.075565726724998967e+04 9.685789186974776976e-01
6.075565752731068642e+04 9.311797523563885015e-01
6.075565778737138317e+04 9.865616203610260149e-01
6.075565804743207264e+04 1.029566877008022852e+00
6.075565830749276938e+04 9.327369220227927915e-01
6.075565856755346613e+04 8.667928798736160845e-01
6.075565882761416287e+04 1.025149020922737630e+00
6.075565908767486690e+04 9.759301982954879939e-01
6.075565934773555637e+04 9.059908294399401374e-01
6.075565960779625311e+04 9.648001073457512788e-01
6.075565986785694986e+04 9.937136496321762325e-01
6.075566012791764661e+04 1.083017609233851708e+00
6.075566038797834335e+04 1.022930708248813936e+00
6.075566064803903282e+04 1.085924200010835117e+00
6.075566090809972957e+04 9.707035439514991593e-01
6.075566116816042631e+04 1.031703966455082000e+00
6.075566142822111578e+04 1.067686144203811915e+00
6.075566168828181981e+04 9.781824154737935872e-01
6.075566194834251655e+04 9.994365154641218219e-01
6.075566220840321330e+04 9.607510402144071593e-01
6.075566246846391005e+04 1.001014269472738194e+00
6.075566272852459952e+04 1.019601789925918434e+00
6.075566298858529626e+04 9.268450141777704321e-01
6.075566324864599301e+04 9.949726649970972447e-01
6.075566350870668975e+04 1.027887777439505435e+00
6.075566376876738650e+04 1.051287836435635725e+00
6.075566402882808325e+04 9.716994054640952783e-01
6.075566428888877999e+04 1.001010660823061338e+00
6.075566454894947674e+04 1.001998553240576406e+00
6.075566480901016621e+04 9.707775760215812122e-01
6.075566506907087023e+04 9.598512482829002490e-01
6.075566532913155970e+04 1.015432817871666948e+00
6.075566558919225645e+04 9.088404539216847766e-01
6.075566584925295319e+04 8.987363975603217536e-01
6.075566610931364266e+04 1.023909620726328074e+00
6.075566636937434669e+04 9.375948144098812387e-01
6.075566662943504343e+04 1.025728573597138871e+00
6.075566688949574018e+04 8.797241643891321461e-01
6.075566714955643693e+04 9.705067376410317914e-01
6.075566740961712640e+04 1.010713117923447646e+00
6.075566766967782314e+04 9.743563342151551065e-01
6.075566792973851989e+04 1.025527058545299353e+00
6.075566818979921663e+04 1.051892727910154868e+00
6.075566844985992066e+04 1.028103850347139581e+00
6.075566870992061013e+04 1.081618328562251374e+00
6.075566896998130687e+04 9.618614045184356032e-01
6.075566923004200362e+04 9.033730229863932149e-01
6.075566949010269309e+04 9.509037731360334700e-01
6.075566975016338984e+04 9.352864675147651852e-01
6.075567001022408658e+04 1.003993317168587529e+00
6.075567027028479060e+04 9.794454746511083165e-01
6.075567053034548735e+04 9.763911537539351482e-01
6.075567079040617682e+04 9.782603190451945041e-01
6.075567105046687357e+04 9.778580559051330834e-01
6.075567131052757031e+04 1.107515977114098105e+00
6.075567157058826706e+04 1.043311054445148267e+00
6.075567183064896381e+04 9.524955225958878779e-01
6.075567209070966055e+04 9.876058208309104192e-01
6.075567235077035730e+04 8.966913149430569829e-01
6.075567261083105404e+04 1.025982647037553042e+00
6.075567287089174351e+04 9.729896453835366055e-01
6.075567313095244026e+04 1.007677924680031367e+00
6.075567339101313701e+04 1.006225495263878500e+00
6.075567365107383375e+04 9.851426251352360941e-01
6.075567391113453778e+04 9.949413825389931132e-01
6.075567417119522725e+04 1.016444512486541996e+00
6.075567443125592399e+04 1.060451498453720998e+00
6.075567469131662074e+04 9.712614981440707007e-01
6.075567495137731748e+04 1.041482951658840861e+00
6.075567521143801423e+04 1.014838197758586524e+00
6.075567547149870370e+04 1.037629425658992632e+00
6.075567573155940772e+04 9.837438039392322198e-01
6.075567599162010447e+04 9.399466691043593114e-01
6.075567625168079394e+04 1.029752710189827392e+00
6.075567651174149796e+04 1.009556113138400546e+00
6.075567677180218743e+04 1.064384728197574681e+00
6.075567703186288418e+04 9.931943465567845131e-01
6.075567729192358820e+04 1.048095640577190624e+00
6.075567755198427767e+04 1.028655254501369409e+00
6.075567781204497442e+04 1.012791834636644683e+00
6.075567807210567116e+04 1.032064689845960670e+00
6.075567833216636791e+04 9.506917946226124405e-01
6.075567859222706466e+04 9.840416249785932656e-01
6.075567885228776140e+04 1.016689698725989244e+00
6.075567911234845815e+04 9.747699960692324250e-01
6.075567937240915489e+04 1.011611278964904548e+00
6.075567963246985164e+04 1.034456032129804193e+00
6.075567989253054839e+04 9.908414139227844641e-01
6.075568015259123786e+04 9.918956277661895582e-01
6.075568041265193460e+04 1.008329361208811559e+00
6.075568067271263862e+04 9.988623612672545837e-01
6.075568093277332810e+04 1.062145617261694097e+00
6.075568119283402484e+04 1.032453997977132998e+00
6.075568145289472159e+04 1.034845909158197630e+00
6.075568171295541833e+04 9.570888361936905619e-01
6.075568197301612236e+04 9.581834731475825651e-01
6.075568223307681183e+04 9.543969518779213956e-01
6.075568249313750857e+04 9.786714089328669708e-01
6.075568275319820532e+04 9.038027651373526927e-01
6.075568301325890206e+04 9.927716165452671326e-01
6.075568327331959881e+04 9.849756000815012014e-01
6.075568483173202549e+04 9.401546017713269254e-01
6.075568509178581735e+04 1.038832008148786512e+00
6.075568535183960921e+04 9.540326399608994867e-01
6.075568561189340107e+04 9.552533432969056992e-01
6.075568587194720021e+04 1.052053064053548370e+00
6.075568613200099207e+04 9.259986350832497548e-01
6.075568639205479121e+04 1.007293810154658908e+00
6.075568665210859035e+04 9.913639723887442967e-01
6.075568691216238221e+04 9.611770641163182027e-01
6.075568717221618135e+04 1.000802137659642987e+00
6.075568743226997321e+04 9.525177658073593623e-01
6.075568769232376508e+04 1.087424406389860820e+00
6.075568795237755694e+04 9.538919539950350135e-01
6.075568821243135608e+04 1.005003918716718569e+00
6.075568847248514794e+04 9.536063035408441912e-01
6.075568873253893980e+04 9.867998828359522134e-01
6.075568899259273167e+04 9.826073267914254838e-01
6.075568925264653080e+04 1.048472021971649459e+00
6.075568951270033722e+04 9.771303723506480354e-01
6.075568977275412908e+04 1.016620105399158591e+00
6.075569003280792094e+04 1.013582561660532289e+00
6.075569029286171281e+04 1.043945228142667769e+00
6.075569055291551194e+04 1.000509026950708646e+00
6.075569081296930381e+04 9.905384365121845391e-01
6.075569107302309567e+04 9.606022150783957159e-01
6.075569133307688753e+04 9.052644764639812269e-01
6.075569159313068667e+04 1.019394899376067753e+00
6.075569185318447853e+04 9.802967375606012057e-01
6.075569211323827039e+04 9.615745820903031094e-01
6.075569237329206953e+04 1.046343355285408894e+00
6.075569263334586867e+04 9.303444281003839800e-01
6.075569289339966781e+04 1.076702601516756452e+00
6.075569315345345967e+04 1.030688884495991386e+00
6.075569341350725153e+04 9.218998735961119184e-01
6.075569367356104340e+04 9.454641605209834765e-01
6.075569393361484254e+04 1.060172209617397776e+00
6.075569419366863440e+04 1.103566728466214952e+00
6.075569445372242626e+04 1.001932682808731379e+00
6.075569471377621812e+04 9.764110084183952321e-01
6.075569497383001726e+04 1.009365931427910645e+00
6.075569523388381640e+04 9.338763581610640685e-01
6.075569549393761554e+04 9.578752804384494945e-01
6.075569575399140740e+04 9.014794327981032751e-01
6.075569601404520654e+04 9.525461711160857492e-01
6.075569627409899840e+04 9.936845295158247549e-01
6.075569653415279026e+04 9.158030538453705294e-01
6.075569679420658213e+04 1.029579636670024279e+00
6.075569705426038126e+04 1.030757038982438312e+00
6.075569731431417313e+04 9.984848544571093276e-01
6.075569757436796499e+04 9.666986877046275239e-01
6.075569783442175685e+04 9.123713220443234739e-01
6.075569809447555599e+04 9.478974044285239930e-01
6.075569835452935513e+04 1.005486441710646162e+00
6.075569861458315427e+04 9.008140140800254825e-01
6.075569887463694613e+04 9.674501094769637488e-01
6.075569913469074527e+04 1.019995268406046041e+00
6.075569939474453713e+04 1.055572680414171405e+00
6.075569965479832899e+04 9.445481106967003049e-01
6.075569991485212086e+04 1.063493876426447660e+00
6.075570017490591999e+04 9.660794552874329977e-01
6.075570043495971186e+04 1.063907594199640760e+00
6.075570069501350372e+04 1.027872860279585909e+00
6.075570095506729558e+04 9.805551944489951932e-01
6.075570121512110200e+04 9.071917807678414603e-01
6.075570147517490113e+04 1.018412527137497747e+00
6.075570173522869300e+04 1.010888055601256719e+00
6.075570199528248486e+04 9.648009405674390360e-01
6.075570225533628400e+04 1.006962595496250668e+00
6.075570251539007586e+04 9.908947166495154502e-01
6.075570277544386772e+04 1.010633698802457348e+00
6.075570303549766686e+04 1.033215484953254881e+00
6.075570329555145872e+04 1.012424240785347429e+00
6.075570355560525059e+04 9.829263118365012541e-01
6.075570381565904245e+04 1.002678863661880637e+00
6.075570407571284159e+04 9.544483282937592517e-01
6.075570433576664072e+04 9.509426592000007616e-01
6.075570459582043986e+04 1.058031303180005489e+00
6.075570485587423173e+04 8.942360913137636924e-01
6.075570511592803086e+04 1.028869581163361246e+00
6.075570537598182273e+04 9.109242957146380659e-01
6.075570563603561459e+04 8.984350122857054366e-01
6.075570589608941373e+04 1.021858797559324961e+00
6.075570615614320559e+04 1.014710503108364081e+00
6.075570641619699745e+04 1.079739496742296634e+00
6.075570667625078931e+04 1.041763107300300195e+00
6.075570693630458845e+04 1.050269420238665541e+00
6.075570719635838759e+04 1.032021188283835489e+00
6.075570745641218673e+04 1.102388390953962904e+00
6.075570771646598587e+04 9.767851600494485975e-01
6.075570797651977773e+04 1.013319332447148780e+00
6.075570823657356959e+04 1.020667631466522396e+00
6.075570849662736146e+04 9.857587763449083829e-01
6.075570875668116059e+04 9.164019490089778675e-01
6.075570901673495246e+04 9.129900829256319961e-01
6.075570927678874432e+04 9.670857681327337252e-01
6.075570953684254346e+04 9.626803529615349797e-01
6.075570979689633532e+04 9.979177057593541234e-01
6.075571005695012718e+04 1.001174864685569599e+00
6.075571031700392632e+04 1.039828188972080403e+00
6.075571057705773273e+04 1.013649405237486700e+00
6.075571083711152460e+04 9.120155529032563102e-01
6.075571109716531646e+04 1.006790878608986750e+00
6.075571135721911560e+04 1.098443576633486130e+00
6.075571161727290746e+04 9.468578388648037913e-01
6.075571187732669932e+04 9.526900810799489028e-01
6.075571213738049846e+04 1.031603216210444263e+00
6.075571239743429032e+04 1.034203657029421297e+00
6.075571265748808219e+04 1.037564835284520370e+00
6.075571291754187405e+04 9.604071400610904030e-01
6.075571317759568046e+04 9.920510961977958564e-01
6.075571474862289324e+04 1.096080542070594799e+00
6.075571500868358999e+04 1.030273271312993622e+00
6.075571526874427946e+04 1.032786445344912929e+00
6.075571552880498348e+04 1.010711021231567308e+00
6.075571578886568022e+04 1.045271248734967573e+00
6.075571604892637697e+04 9.560631688110441395e-01
6.075571630898707372e+04 1.078988835311611938e+00
6.075571656904777046e+04 1.039701185565953478e+00
6.075571682910846721e+04 1.053321658328320476e+00
6.075571708916916396e+04 1.002471426161057888e+00
6.075571734922986070e+04 1.031513193885452706e+00
6.075571760929056472e+04 9.707705614646079395e-01
6.075571786935125419e+04 1.037094963816564075e+00
6.075571812941195094e+04 9.874924212527992351e-01
6.075571838947265496e+04 1.024973185225788619e+00
6.075571864953334443e+04 1.023207484495322728e+00
6.075571890959404118e+04 1.048350727925769776e+00
6.075571916965474520e+04 9.975793359376654568e-01
6.075571942971544195e+04 9.605894933972181082e-01
6.075571968977613869e+04 9.951129492935097964e-01
6.075571994983683544e+04 1.018491894258881647e+00
6.075572020989753219e+04 1.040700997335917588e+00
6.075572046995822893e+04 1.029989416920197964e+00
6.075572073001892568e+04 9.850340850863562592e-01
6.075572099007962970e+04 1.000028020050926170e+00
6.075572125014031917e+04 9.630839495307853548e-01
6.075572151020101592e+04 1.033203020033410580e+00
6.075572177026171994e+04 1.048537314889834926e+00
6.075572203032240941e+04 1.094957589598766434e+00
6.075572229038310616e+04 9.803578751609116626e-01
6.075572255044381018e+04 1.016589380854842295e+00
6.075572281050450692e+04 1.004877336286297052e+00
6.075572307056520367e+04 9.579792026056650478e-01
6.075572333062589314e+04 1.004654397526133502e+00
6.075572359068659716e+04 9.751372274715892630e-01
6.075572385074729391e+04 1.029018066615270399e+00
6.075572411080799066e+04 1.009133912995304305e+00
6.075572437086869468e+04 1.092371590599229059e+00
6.075572463092938415e+04 1.055274813699659697e+00
6.075572489099008089e+04 1.046736968242166776e+00
6.075572515105078492e+04 1.079396366205695790e+00
6.075572541111147439e+04 9.885944905781850478e-01
6.075572567117217113e+04 1.121666215251426291e+00
6.075572593123287515e+04 1.031180820703388568e+00
6.075572619129357190e+04 9.623763718762925468e-01
6.075572645135426865e+04 9.533172507552072350e-01
6.075572671141496539e+04 9.928541052880668349e-01
6.075572697147566214e+04 9.927402408561751823e-01
6.075572723153635889e+04 9.876769537672295263e-01
6.075572749159706291e+04 1.116327121224482521e+00
6.075572775165775965e+04 9.983928326004086751e-01
6.075572801171844912e+04 1.059432536820444248e+00
6.075572827177915315e+04 1.021416002291633429e+00
6.075572853183984989e+04 1.062201666522807120e+00
6.075572879190053936e+04 1.101989512084332823e+00
6.075572905196125066e+04 1.008713468842222127e+00
6.075572931202194013e+04 1.066800550137874115e+00
6.075572957208263688e+04 9.704265900219656293e-01
6.075572983214334090e+04 1.008740691433812842e+00
6.075573009220403037e+04 1.038557180190886609e+00
6.075573035226472712e+04 1.043698626229180082e+00
6.075573061232543114e+04 1.148483640625058921e+00
6.075573087238612788e+04 1.016301468702724309e+00
6.075573113244682463e+04 1.006581405341564261e+00
6.075573139250752138e+04 9.690830568910198117e-01
6.075573165256821812e+04 1.053623276095573269e+00
6.075573191262891487e+04 1.013731957967600072e+00
6.075573217268961889e+04 1.073880681934332504e+00
6.075573243275031564e+04 1.044034111531113806e+00
6.075573269281100511e+04 9.098967217711394495e-01
6.075573295287170913e+04 1.028355583484050761e+00
6.075573321293240588e+04 1.065517927454146418e+00
6.075573347299309535e+04 9.841800793366356492e-01
6.075573373305379937e+04 1.002270529187117454e+00
6.075573399311449612e+04 9.774130613727514127e-01
6.075573425317519286e+04 9.298833443527411147e-01
6.075573451323589688e+04 1.049314947212947047e+00
6.075573477329658635e+04 1.055351372997411330e+00
6.075573503335728310e+04 1.090595708002931374e+00
6.075573529341798712e+04 1.071349875519634010e+00
6.075573555347868387e+04 9.918979332364241674e-01
6.075573581353938062e+04 1.093414466689249576e+00
6.075573607360007736e+04 1.114114360129665027e+00
6.075573633366077411e+04 1.023445758348310308e+00
6.075573659372147085e+04 1.014085553470759571e+00
6.075573685378216760e+04 1.011905715147576990e+00
6.075573711384286435e+04 9.936641439760145467e-01
6.075573737390356837e+04 9.762263270480001642e-01
6.075573763396426511e+04 1.053059841616581727e+00
6.075573789402496186e+04 1.001031593509422057e+00
6.075573815408565861e+04 1.004471589251497488e+00
6.075573841414635535e+04 1.103336354954863818e+00
6.075573867420705210e+04 9.134607657211453180e-01
6.075573893426775612e+04 1.014562518981373174e+00
6.075573919432845287e+04 1.067986474266031882e+00
6.075573945438914234e+04 1.035509545476379856e+00
6.075573971444984636e+04 1.005759932282237701e+00
6.075573997451054311e+04 1.070242457538809200e+00
6.075574023457123985e+04 9.836186477426591690e-01
6.075574049463194387e+04 9.529338740416775089e-01
6.075574075469263335e+04 1.022729737281099505e+00
6.075574101475333737e+04 9.481424457431248953e-01
6.075574127481403411e+04 1.037344330535182824e+00
6.075574153487472358e+04 1.028352559797949706e+00
6.075574179493542761e+04 1.125197881451635018e+00
6.075574205499612435e+04 1.048076477573579579e+00
6.075574231505682837e+04 1.084303008800228563e+00
6.075574257511752512e+04 9.764857084461495695e-01
6.075574283517821459e+04 1.040236958413117030e+00
6.075574309523891861e+04 9.758708183417578175e-01
6.075574483009459800e+04 9.612958465032587219e-01
6.075574509014838986e+04 1.055401828377386275e+00
6.075574535020218900e+04 9.689242938390210114e-01
6.075574561025598086e+04 9.555191055449010484e-01
6.075574587030978000e+04 9.995711844730535978e-01
6.075574613036357187e+04 1.090395560949801501e+00
6.075574639041737100e+04 1.094639667029507324e+00
6.075574665047117742e+04 1.107011807752143584e+00
6.075574691052496928e+04 1.179997971929396705e+00
6.075574717057876842e+04 1.006365463902045843e+00
6.075574743063256028e+04 1.034580841660536210e+00
6.075574769068635942e+04 1.026284167470578268e+00
6.075574795074015128e+04 1.030343756443240943e+00
6.075574821079394314e+04 1.035191765209769299e+00
6.075574847084774228e+04 1.065430329057814207e+00
6.075574873090153415e+04 1.025059494694902540e+00
6.075574899095533328e+04 9.298722993633398159e-01
6.075574925100912515e+04 9.339109937274439055e-01
6.075574951106292428e+04 1.045466948867187273e+00
6.075574977111673070e+04 1.040071291086615224e+00
6.075575003117052256e+04 1.016798900302352315e+00
6.075575029122432170e+04 1.011932885037976293e+00
6.075575055127811356e+04 1.040118111189165528e+00
6.075575081133191270e+04 9.538117483816694886e-01
6.075575107138570456e+04 1.080463538081382957e+00
6.075575133143949643e+04 1.042269031216117803e+00
6.075575159149329556e+04 1.027623948648765495e+00
6.075575185154708743e+04 1.088413248415645018e+00
6.075575211160088656e+04 9.712478812065856726e-01
6.075575237165468570e+04 1.010438140464492429e+00
6.075575263170849212e+04 1.061024194142752730e+00
6.075575289176228398e+04 1.101059369192734616e+00
6.075575315181608312e+04 1.037390743045362385e+00
6.075575341186987498e+04 1.091017521726651562e+00
6.075575367192366684e+04 1.106789214443218095e+00
6.075575393197746598e+04 1.027820355938790398e+00
6.075575419203125784e+04 1.070295540015862468e+00
6.075575445208505698e+04 9.717650223956750821e-01
6.075575471213884884e+04 1.058547536076279050e+00
6.075575497219264798e+04 1.112190220201823676e+00
6.075575523224643985e+04 1.004131719100058051e+00
6.075575549230023898e+04 1.039017165822510025e+00
6.075575575235404540e+04 1.040032390528728090e+00
6.075575601240783726e+04 1.004780863189452589e+00
6.075575627246163640e+04 9.997640834972618684e-01
6.075575653251542826e+04 1.053407933582481970e+00
6.075575679256922740e+04 1.053939848216671971e+00
6.075575705262301926e+04 1.073936562070566536e+00
6.075575731267681840e+04 1.084689552534885637e+00
6.075575757273061026e+04 1.090055890794023874e+00
6.075575783278440940e+04 1.089465092299271021e+00
6.075575809283820126e+04 9.463613025841663973e-01
6.075575835289200040e+04 1.021158718902622109e+00
6.075575861294580682e+04 1.147984828629749154e+00
6.075575887299959868e+04 1.102787649567094519e+00
6.075575913305339782e+04 1.118591281615124888e+00
6.075575939310718968e+04 1.014821736982356670e+00
6.075575965316098882e+04 9.478772598904104951e-01
6.075575991321478068e+04 1.055929941233166192e+00
6.075576017326857982e+04 9.452833784466435629e-01
6.075576043332237168e+04 1.038046395100256980e+00
6.075576069337617082e+04 1.066048143840395479e+00
6.075576095342996268e+04 9.910208298836536978e-01
6.075576121348375455e+04 1.019220722177639704e+00
6.075576147353756096e+04 9.877448370813282086e-01
6.075576173359136010e+04 1.094672549357639912e+00
6.075576199364515924e+04 1.096320701753055848e+00
6.075576225369895110e+04 9.244301132284683531e-01
6.075576251375275024e+04 1.065068956362402286e+00
6.075576277380654210e+04 9.868718696478414598e-01
6.075576303386034124e+04 1.019743825803297810e+00
6.075576329391413310e+04 1.076097175958995678e+00
6.075576355396793224e+04 9.916257380904547336e-01
6.075576381402172410e+04 1.094303823508579354e+00
6.075576407407552324e+04 1.096447149053348502e+00
6.075576433412932238e+04 1.129204263099953920e+00
6.075576459418312879e+04 9.850553323470465639e-01
6.075576485423692066e+04 9.881317163627664213e-01
6.075576511429071252e+04 1.014005023655164539e+00
6.075576537434451166e+04 9.457495637030580715e-01
6.075576563439830352e+04 9.945402289264908546e-01
6.075576589445210266e+04 1.027451712818175267e+00
6.075576615450589452e+04 1.013660685775015668e+00
6.075576641455969366e+04 1.000202161087034414e+00
6.075576667461348552e+04 1.037403270660469445e+00
6.075576693466728466e+04 1.118875318060709612e+00
6.075576719472107652e+04 9.641908201086446528e-01
6.075576745477488294e+04 1.016791549202697764e+00
6.075576771482868207e+04 1.087889627324436059e+00
6.075576797488248121e+04 9.774871531204768482e-01
6.075576823493627307e+04 9.339225483034284681e-01
6.075576849499007221e+04 1.017593534172128944e+00
6.075576875504386408e+04 9.800436445208805525e-01
6.075576901509766321e+04 1.056205583676205872e+00
6.075576927515145508e+04 1.044964179852110542e+00
6.075576953520525421e+04 1.145612903965610885e+00
6.075576979525904608e+04 1.012578503466452284e+00
6.075577005531284522e+04 1.110467991584573211e+00
6.075577031536664435e+04 1.094462332243957725e+00
6.075577057542045077e+04 1.019409591242110391e+00
6.075577083547424263e+04 1.003840161072670378e+00
6.075577109552804177e+04 1.025380333429318780e+00
6.075577135558183363e+04 1.065513481619493774e+00
6.075577161563563277e+04 9.980714672014733280e-01
6.075577187568942463e+04 1.062881755008918683e+00
6.075577213574322377e+04 1.071765116439705068e+00
6.075577239579701563e+04 1.014279124665320664e+00
6.075577265585081477e+04 1.021581744892171795e+00
6.075577291590460663e+04 1.069145247132579080e+00
6.075577317595840577e+04 1.067148773418764351e+00
