6.075585120109809941e+04 1.017260353665016659e+00
6.075585146115189855e+04 1.028407443149997214e+00
6.075585172120569769e+04 9.361399408047959003e-01
6.075585198125948955e+04 1.022934826128402586e+00
6.075585224131328869e+04 1.045715685360794733e+00
6.075585250136708783e+04 9.775150448941342107e-01
6.075585276142088696e+04 9.967041353401233650e-01
6.075585302147467883e+04 1.044529327210272474e+00
6.075585328152847796e+04 1.007357995917573579e+00
6.075585354158227710e+04 9.801809434753027128e-01
6.075585380163608352e+04 1.035392501271291676e+00
6.075585406168988993e+04 1.033799818249186542e+00
6.075585432174368179e+04 1.075883246013887184e+00
6.075585458179748093e+04 9.389520401098386815e-01
6.075585484185128007e+04 1.012255648739422975e+00
6.075585510190507921e+04 9.636758840122118253e-01
6.075585536195887107e+04 9.928083113863522824e-01
6.075585562201267021e+04 9.712628093410303753e-01
6.075585588206646935e+04 1.009915811170261302e+00
6.075585614212026849e+04 9.191520667239907461e-01
6.075585640217406763e+04 1.024616683930902550e+00
6.075585666222785949e+04 1.011796867037298764e+00
6.075585692228166590e+04 9.616889765535502343e-01
6.075585718233547232e+04 1.017351379643228970e+00
6.075585744238927145e+04 1.043393137697816497e+00
6.075585770244306332e+04 1.006333016345738240e+00
6.075585796249686246e+04 9.584017443935829439e-01
6.075585822255066159e+04 1.016762629724968114e+00
6.075585848260446073e+04 8.906568941942906159e-01
6.075585874265825987e+04 9.033531608224920628e-01
6.075585900271205173e+04 1.001903375553047759e+00
6.075585926276585087e+04 9.092152013118366405e-01
6.075585952281965001e+04 1.037054346674205041e+00
6.075585978287345642e+04 9.425817688258579796e-01
6.075586004292726284e+04 1.023286075956060470e+00
6.075586030298105470e+04 9.232291107682086828e-01
6.075586056303485384e+04 1.019171255324416325e+00
6.075586082308865298e+04 1.000312033114605592e+00
6.075586108314245212e+04 9.125669003050281836e-01
6.075586134319625125e+04 1.055141961531545380e+00
6.075586160325004312e+04 9.923419500250861836e-01
6.075586186330384226e+04 9.251959668731917219e-01
6.075586212335764139e+04 9.572622396101621023e-01
6.075586238341144053e+04 9.173808577187747559e-01
6.075586264346523967e+04 9.800385571375787030e-01
6.075586290351903881e+04 9.597041435946240817e-01
6.075586316357284522e+04 1.011456767737910045e+00
6.075586342362664436e+04 1.026617128358223274e+00
6.075586368368044350e+04 9.857177427269250281e-01
6.075586394373424264e+04 9.548583234712503254e-01
6.075586420378803450e+04 9.906763244935444801e-01
6.075586446384183364e+04 9.984668079449166012e-01
6.075586472389563278e+04 1.011475130392674115e+00
6.075586498394943192e+04 9.109939656225533033e-01
6.075586524400323106e+04 1.017390287846005714e+00
6.075586550405702292e+04 1.034740636406642489e+00
6.075586576411082933e+04 1.050691090995811594e+00
6.075586602416463575e+04 9.372507353888797077e-01
6.075586628421843488e+04 1.061194542081604908e+00
6.075586654427223402e+04 9.477785507568747825e-01
6.075586680432603316e+04 9.952445998608822064e-01
6.075586706437982502e+04 9.529818863487468095e-01
6.075586732443362416e+04 9.672626447802825655e-01
6.075586758448742330e+04 9.961788380076482818e-01
6.075586784454122244e+04 9.447148543550262234e-01
6.075586810459502158e+04 1.114611837388368443e+00
6.075586836464881344e+04 9.548694371377336454e-01
6.075586862470261258e+04 9.528154953124361448e-01
6.075586888475641899e+04 9.527569496610712729e-01
6.075586914481022541e+04 1.023763335762490234e+00
6.075586940486402455e+04 1.030651748617461338e+00
6.075586966491782368e+04 1.048903967193610010e+00
6.075586992497161555e+04 9.629518425276717419e-01
6.075587018502541468e+04 9.992636321674704947e-01
6.075587044507921382e+04 9.336056447359214472e-01
6.075587070513301296e+04 9.620983680763384172e-01
6.075587096518681210e+04 9.496911168869417441e-01
6.075587122524061124e+04 9.566828163140681518e-01
6.075587148529440310e+04 9.795365559471801431e-01
6.075587174534820952e+04 9.864290211797812624e-01
6.075587200540201593e+04 1.052814785473189296e+00
6.075587226545581507e+04 9.194775721649918188e-01
6.075587252550961421e+04 1.017643210259007613e+00
6.075587278556341334e+04 9.753329036628671789e-01
6.075587304561720521e+04 1.040400096516038264e+00
6.075587330567100435e+04 1.005389274315194426e+00
6.075587356572480348e+04 9.745889108887731966e-01
6.075587382577860262e+04 9.626706577853301194e-01
6.075587408583240176e+04 1.036012606835397198e+00
6.075587434588620090e+04 9.952966571613141022e-01
6.075587460593999276e+04 9.611929807319125052e-01
6.075587486599379918e+04 9.965180044565485895e-01
6.075587512604760559e+04 1.004687900224380481e+00
6.075587538610140473e+04 9.512775949828828903e-01
6.075587564615520387e+04 9.240647409056331751e-01
6.075587590620900301e+04 9.999194265370495716e-01
6.075587616626279487e+04 9.374102424882975182e-01
6.075587642631659401e+04 9.929463889078294914e-01
6.075587668637039314e+04 1.024205045201520559e+00
6.075587694642419228e+04 1.052294873697207755e+00
6.075587720647799142e+04 9.537405814977724106e-01
6.075587746653179056e+04 1.065202217870896861e+00
6.075587772658559697e+04 9.872510536852261431e-01
6.075587798663939611e+04 1.076474663544722210e+00
6.075587824669319525e+04 1.034640605360841681e+00
6.075587850674699439e+04 9.730628142030587346e-01
6.075587876680079353e+04 8.875070945916714305e-01
6.075587902685459267e+04 9.395977285879512086e-01
6.075587928690839180e+04 9.788640455415185126e-01
6.075587954696219094e+04 9.869615267779778822e-01
6.075588115580000158e+04 9.569314968276548816e-01
6.075588141586070560e+04 9.102918339866129527e-01
6.075588167592140235e+04 9.467683555032935239e-01
6.075588193598210637e+04 1.033218657154658882e+00
6.075588219604280312e+04 9.189687709266967097e-01
6.075588245610350714e+04 9.777544387087609978e-01
6.075588271616421116e+04 9.578986640723249346e-01
6.075588297622490791e+04 9.474272409731517852e-01
6.075588323628561193e+04 1.048930486795165207e+00
6.075588349634631595e+04 1.007746122108695852e+00
6.075588375640701997e+04 9.394014095910397932e-01
6.075588401646771672e+04 9.846192218253614348e-01
6.075588427652841347e+04 9.793286262961309330e-01
6.075588453658911749e+04 9.899457469904895390e-01
6.075588479664982151e+04 8.623303486503269832e-01
6.075588505671051826e+04 9.745824451065453475e-01
6.075588531677122955e+04 1.018827429457142664e+00
6.075588557683192630e+04 1.051114145326748517e+00
6.075588583689262305e+04 9.933354069707459599e-01
6.075588609695332707e+04 8.922620489906997188e-01
6.075588635701402382e+04 8.768126306408975390e-01
6.075588661707472784e+04 9.480305175373530124e-01
6.075588687713543186e+04 9.701826658870542630e-01
6.075588713719613588e+04 1.021299185247662500e+00
6.075588739725683263e+04 9.188705839816759813e-01
6.075588765731752937e+04 1.053290083044545744e+00
6.075588791737823340e+04 9.897941265586527315e-01
6.075588817743893742e+04 9.593307086359890157e-01
6.075588843749964144e+04 9.326169324360048529e-01
6.075588869756034546e+04 9.622987480167485286e-01
6.075588895762104221e+04 9.850458069684989715e-01
6.075588921768174623e+04 9.926380922526047978e-01
6.075588947774244298e+04 9.754976289004864132e-01
6.075588973780313972e+04 9.435519962796200533e-01
6.075588999786384375e+04 1.032191058061779021e+00
6.075589025792454777e+04 9.627354849234042167e-01
6.075589051798525179e+04 9.766269126552213908e-01
6.075589077804595581e+04 9.681474189694818655e-01
6.075589103810665256e+04 9.662705484219246133e-01
6.075589129816734931e+04 9.485345405303882149e-01
6.075589155822805333e+04 9.776791331772780591e-01
6.075589181828875735e+04 8.797963357330412792e-01
6.075589207834946137e+04 9.863881919433201695e-01
6.075589233841015812e+04 9.724466183323651203e-01
6.075589259847086214e+04 9.701169116604345666e-01
6.075589285853156616e+04 8.872132057062342980e-01
6.075589311859226291e+04 9.822380265492500762e-01
6.075589337865296693e+04 9.957978944351392192e-01
6.075589363871366368e+04 8.802514358342191647e-01
6.075589389877436770e+04 9.487172292559171716e-01
6.075589415883507172e+04 1.100921124179868871e+00
6.075589441889576847e+04 8.847860622083835169e-01
6.075589467895647249e+04 1.010518886383775961e+00
6.075589493901717651e+04 9.456285311727902210e-01
6.075589519907788053e+04 9.050326910661909974e-01
6.075589545913858456e+04 9.438237013929140495e-01
6.075589571919927403e+04 9.786846300735101423e-01
6.075589597925997805e+04 9.746468846870952607e-01
6.075589623932068207e+04 9.762696489493828400e-01
6.075589649938137882e+04 9.900180854372152561e-01
6.075589675944209012e+04 9.794884091823619077e-01
6.075589701950278686e+04 1.001424423838483291e+00
6.075589727956349088e+04 9.921785700232526040e-01
6.075589753962419491e+04 9.501896953486942410e-01
6.075589779968489165e+04 9.713509292523759830e-01
6.075589805974558840e+04 9.821985770501752144e-01
6.075589831980629242e+04 9.645782322784409724e-01
6.075589857986699644e+04 9.702381786777170003e-01
6.075589883992770046e+04 9.453706713181124766e-01
6.075589909998839721e+04 9.067927249914723431e-01
6.075589936004910123e+04 9.888550614795293958e-01
6.075589962010980526e+04 9.742179336505476517e-01
6.075589988017050928e+04 9.344480369110805817e-01
6.075590014023121330e+04 9.102920629163231414e-01
6.075590040029191005e+04 8.758880242135110850e-01
6.075590066035260679e+04 9.658091417228975573e-01
6.075590092041331081e+04 8.957978919374548488e-01
6.075590118047400756e+04 9.350233074066153227e-01
6.075590144053471158e+04 9.568355234019936262e-01
6.075590170059541560e+04 8.508475666902255430e-01
6.075590196065611963e+04 1.019933923437502665e+00
6.075590222071682365e+04 1.050995405121224469e+00
6.075590248077752040e+04 9.722625565232982936e-01
6.075590274083822442e+04 1.002779182452313123e+00
6.075590300089892844e+04 9.962511346617918262e-01
6.075590326095963246e+04 9.542503368174484191e-01
6.075590352102033648e+04 9.969390031406949459e-01
6.075590378108102595e+04 9.393206318373822361e-01
6.075590404114172998e+04 9.576995380525308299e-01
6.075590430120243400e+04 9.333132799281120828e-01
6.075590456126313074e+04 9.435955621953162620e-01
6.075590482132383477e+04 9.810779630442864052e-01
6.075590508138453879e+04 9.808690836154236870e-01
6.075590534144524281e+04 9.907958134519264659e-01
6.075590560150594683e+04 9.544689571472443346e-01
6.075590586156664358e+04 9.618391454434082055e-01
6.075590612162734760e+04 9.742819391206472002e-01
6.075590638168805162e+04 9.280215639862307020e-01
6.075590664174875565e+04 1.067433541905515648e+00
6.075590690180945239e+04 9.541142238848490109e-01
6.075590716187014914e+04 9.629071162699909259e-01
6.075590742193085316e+04 9.275375553245285287e-01
6.075590768199155718e+04 9.445444088105471314e-01
6.075590794205226121e+04 1.033881956059496066e+00
6.075590820211296523e+04 8.649335765005576881e-01
6.075590846217366197e+04 9.804445332590447926e-01
6.075590872223436600e+04 8.123160180965552923e-01
6.075590898229507002e+04 1.003885987700382065e+00
6.075590924235576676e+04 9.896194049562709871e-01
6.075590950241647079e+04 9.415145474147891269e-01
6.075591106044283515e+04 9.594849475885386392e-01
6.075591132050343003e+04 9.344275737396960935e-01
6.075591158056402492e+04 9.415489512562854602e-01
6.075591184062461980e+04 1.023583761017949012e+00
6.075591210068521468e+04 9.770391013668455749e-01
6.075591236074580956e+04 1.052750209319271102e+00
6.075591262080640445e+04 9.691179330421504368e-01
6.075591288086700661e+04 9.343202214323770294e-01
6.075591314092760149e+04 1.004618496589644971e+00
6.075591340098819637e+04 9.981502902553702761e-01
6.075591366104879125e+04 9.789263730474574432e-01
6.075591392110938614e+04 1.051131772564329436e+00
6.075591418116998102e+04 9.864454133311656436e-01
6.075591444123057590e+04 9.775059529805361080e-01
6.075591470129117079e+04 9.634447620375410359e-01
6.075591496135176567e+04 9.800685348732594004e-01
6.075591522141236055e+04 1.063240436084084140e+00
6.075591548147295543e+04 9.417099516405603721e-01
6.075591574153355032e+04 9.467531523599108656e-01
6.075591600159415248e+04 9.058109983648733321e-01
6.075591626165474736e+04 9.977766031101346078e-01
6.075591652171534224e+04 9.929506694278998902e-01
6.075591678177594440e+04 9.516958956167895778e-01
6.075591704183653928e+04 8.866439353751618402e-01
6.075591730189713417e+04 1.006698249186104732e+00
6.075591756195772905e+04 1.012599259906882931e+00
6.075591782201832393e+04 8.656848303392216115e-01
6.075591808207891881e+04 9.953490303942759132e-01
6.075591834213951370e+04 9.815552059955217068e-01
6.075591860220010858e+04 1.012153114035042600e+00
6.075591886226071074e+04 1.005391035140229317e+00
6.075591912232130562e+04 9.737289762764615997e-01
6.075591938238190050e+04 9.894063374526004262e-01
6.075591964244250266e+04 9.365459285389799993e-01
6.075591990250309755e+04 1.075368106177536864e+00
6.075592016256369243e+04 1.005069535125059588e+00
6.075592042262428731e+04 9.678671442501997069e-01
6.075592068268487492e+04 1.012326129592742818e+00
6.075592094274546980e+04 9.764797843903544328e-01
6.075592120280606468e+04 9.635092037005682508e-01
6.075592146286665957e+04 1.093441578658567170e+00
6.075592172292726173e+04 9.489275287709353357e-01
6.075592198298785661e+04 9.110562410395046662e-01
6.075592224304845149e+04 1.060954586124829957e+00
6.075592250310905365e+04 9.648428812479972194e-01
6.075592276316964853e+04 9.746966887572235949e-01
6.075592302323024342e+04 9.471719280018534581e-01
6.075592328329083830e+04 8.869643609193478273e-01
6.075592354335143318e+04 9.995572137882410280e-01
6.075592380341202806e+04 9.254632854914905948e-01
6.075592406347262295e+04 9.198738012332446923e-01
6.075592432353321783e+04 9.817023480039922534e-01
6.075592458359381999e+04 1.022510467866321493e+00
6.075592484365441487e+04 1.030922092576270988e+00
6.075592510371500975e+04 9.959088210934121665e-01
6.075592536377560464e+04 9.617386766061772896e-01
6.075592562383620680e+04 1.008401690787786631e+00
6.075592588389680168e+04 9.540369455967717682e-01
6.075592614395739656e+04 9.903794645138099817e-01
6.075592640401799144e+04 9.996597887465473731e-01
6.075592666407858633e+04 9.349724060259680947e-01
6.075592692413918121e+04 9.790016100673295529e-01
6.075592718419977609e+04 9.829926651506482038e-01
6.075592744426037825e+04 9.609123912405251877e-01
6.075592770432097313e+04 9.911228834829843848e-01
6.075592796438156802e+04 9.667955490629456250e-01
6.075592822444216290e+04 9.721566403782805343e-01
6.075592848450276506e+04 9.617072950276466248e-01
6.075592874456335994e+04 1.009660638166107072e+00
6.075592900462395482e+04 1.009567756429571528e+00
6.075592926468454971e+04 9.695132393992275111e-01
6.075592952474514459e+04 1.005381970600629060e+00
6.075592978480573947e+04 9.985216825835947496e-01
6.075593004486633436e+04 9.859228680100866615e-01
6.075593030492693651e+04 9.549415088554973341e-01
6.075593056498753140e+04 1.019231699393600366e+00
6.075593082504812628e+04 9.031613596212308970e-01
6.075593108510872116e+04 1.047274604103790141e+00
6.075593134516932332e+04 9.791062261073549822e-01
6.075593160522991820e+04 9.555915166610878808e-01
6.075593186529051309e+04 1.014406378743722525e+00
6.075593212535110797e+04 9.824937325586599046e-01
6.075593238541170285e+04 1.029709717667822710e+00
6.075593264547229774e+04 9.951668129810198327e-01
6.075593290553289262e+04 9.524248872961561529e-01
6.075593316559349478e+04 9.191926187920446134e-01
6.075593342565408966e+04 9.721472902479124656e-01
6.075593368571468454e+04 9.474054064569636946e-01
6.075593394577527943e+04 9.406599976472079794e-01
6.075593420583588158e+04 1.031410460735560974e+00
6.075593446589647647e+04 9.471488452702196970e-01
6.075593472595707135e+04 1.017341948697305876e+00
6.075593498601766623e+04 9.815908068810256237e-01
6.075593524607826112e+04 9.566429527794805265e-01
6.075593550613885600e+04 9.498861473564157443e-01
6.075593576619945088e+04 9.219171194150265203e-01
6.075593602626004576e+04 1.081213509100915848e+00
6.075593628632064792e+04 9.107292918364312539e-01
6.075593654638124281e+04 9.028728510225243475e-01
6.075593680644183769e+04 9.895204015107921247e-01
6.075593706650244712e+04 9.998315993176198901e-01
6.075593732656304201e+04 9.308324002778974871e-01
6.075593758662363689e+04 9.607530238977292081e-01
6.075593784668423177e+04 9.484624421488868640e-01
6.075593810674482665e+04 1.027218152745418278e+00
6.075593836680542154e+04 1.015984032465031106e+00
6.075593862686601642e+04 9.748556354900905774e-01
6.075593888692661130e+04 1.027517921285915348e+00
6.075593914698721346e+04 9.851612883865712433e-01
6.075593940704780834e+04 9.332222383791690667e-01
6.075594106592004391e+04 9.102898732488509115e-01
6.075594132598074066e+04 1.003371860458696752e+00
6.075594158604144468e+04 1.006238220791499494e+00
6.075594184610214870e+04 9.540237060026544036e-01
6.075594210616285272e+04 9.984622209461109232e-01
6.075594236622356402e+04 8.987272538341708472e-01
6.075594262628426077e+04 1.024293903769033287e+00
6.075594288634496479e+04 9.556876138170643520e-01
6.075594314640566881e+04 1.072916642057330394e+00
6.075594340646636556e+04 9.520141183205155233e-01
6.075594366652706958e+04 9.779395813993160269e-01
6.075594392658777360e+04 9.370152250822960660e-01
6.075594418664847763e+04 9.248138301162214248e-01
6.075594444670918165e+04 9.580249573954469078e-01
6.075594470676987839e+04 9.420762851833434093e-01
6.075594496683058242e+04 9.748417692893307507e-01
6.075594522689128644e+04 9.785173076052465779e-01
6.075594548695199046e+04 9.519199671955357323e-01
6.075594574701269448e+04 1.089607576305934300e+00
6.075594600707339123e+04 1.039104608779776173e+00
6.075594626713409525e+04 9.387324005592795340e-01
6.075594652719479927e+04 9.703868642626951591e-01
6.075594678725549602e+04 1.012407657637617531e+00
6.075594704731620732e+04 9.689657451711660707e-01
6.075594730737691134e+04 9.921449113613780568e-01
6.075594756743761536e+04 1.035990486142856826e+00
6.075594782749831938e+04 9.337214949117622620e-01
6.075594808755901613e+04 9.382339010901296072e-01
6.075594834761972015e+04 9.465598871919070900e-01
6.075594860768042417e+04 9.547877482985993591e-01
6.075594886774112820e+04 1.043016749811184418e+00
6.075594912780183222e+04 9.286263586410563597e-01
6.075594938786252897e+04 1.003253339057507576e+00
6.075594964792323299e+04 1.102077840719331459e+00
6.075594990798393701e+04 9.684261745998316018e-01
6.075595016804463376e+04 9.534078281234308339e-01
6.075595042810533778e+04 9.270617230075250959e-01
6.075595068816604180e+04 9.596737910908718083e-01
6.075595094822675310e+04 1.024215245643926631e+00
6.075595120828745712e+04 9.188848642998508343e-01
6.075595146834815387e+04 9.589038773682169170e-01
6.075595172840885789e+04 9.981497290870635641e-01
6.075595198846956191e+04 9.623652900156091095e-01
6.075595224853026593e+04 1.076662404697205311e+00
6.075595250859096996e+04 9.811690660203702397e-01
6.075595276865166670e+04 9.815714181223904600e-01
6.075595302871237072e+04 1.039195599175490203e+00
6.075595328877307475e+04 9.505104648302125092e-01
6.075595354883377149e+04 1.045525924628805114e+00
6.075595380889448279e+04 9.677588150363126696e-01
6.075595406895518681e+04 1.002193819740899938e+00
6.075595432901589083e+04 1.049972519274970262e+00
6.075595458907659486e+04 9.535595758346472328e-01
6.075595484913729160e+04 9.708290563019384978e-01
6.075595510919799563e+04 1.022804457514201681e+00
6.075595536925869965e+04 9.858505586411248078e-01
6.075595562931940367e+04 9.688333269975464290e-01
6.075595588938010769e+04 8.895661370380205657e-01
6.075595614944080444e+04 1.007123363922671100e+00
6.075595640950150846e+04 9.659643803238850968e-01
6.075595666956221248e+04 1.001769444934743625e+00
6.075595692962292378e+04 1.011593887937189074e+00
6.075595718968362780e+04 9.920382785365687850e-01
6.075595744974432455e+04 1.009562807190111045e+00
6.075595770980502857e+04 9.834003050106958632e-01
6.075595796986573259e+04 1.022961611484348721e+00
6.075595822992642934e+04 9.548169360483786949e-01
6.075595848998713336e+04 1.010332452225786160e+00
6.075595875004783738e+04 9.976938026610050470e-01
6.075595901010854141e+04 9.759417175791225141e-01
6.075595927016924543e+04 9.698894549094304596e-01
6.075595953022994945e+04 9.591330321288358274e-01
6.075595979029065347e+04 9.836137033746452651e-01
6.075596005035135749e+04 9.670735620893387008e-01
6.075596031041206152e+04 9.473743088537611712e-01
6.075596057047276554e+04 1.034938932308158588e+00
6.075596083053346229e+04 1.045942409489048597e+00
6.075596109059416631e+04 9.578851750440223745e-01
6.075596135065487033e+04 1.010004289739857564e+00
6.075596161071556708e+04 1.004459199365416611e+00
6.075596187077627110e+04 9.584281620481364117e-01
6.075596213083698240e+04 1.023415565799514537e+00
6.075596239089768642e+04 1.043791128546427638e+00
6.075596265095839044e+04 1.034565741298475672e+00
6.075596291101908719e+04 9.102518844253175700e-01
6.075596317107979121e+04 1.041452052994405353e+00
6.075596343114049523e+04 9.845510489234394758e-01
6.075596369120119925e+04 1.010992331591245463e+00
6.075596395126190328e+04 9.594381616231044685e-01
6.075596421132260730e+04 9.843516556255293981e-01
6.075596447138331132e+04 9.553192801984308202e-01
6.075596473144401534e+04 1.111577970303119445e+00
6.075596499150471209e+04 9.911941929134204798e-01
6.075596525156542339e+04 1.037566601681590095e+00
6.075596551162612013e+04 1.005366040420665907e+00
6.075596577168682416e+04 9.949051558367876247e-01
6.075596603174752818e+04 9.482792259918444433e-01
6.075596629180823220e+04 9.162835085337099894e-01
6.075596655186893622e+04 1.068962879532256993e+00
6.075596681192964024e+04 9.565052417591073386e-01
6.075596707199034427e+04 1.014238251003834135e+00
6.075596733205104829e+04 9.231653706114504310e-01
6.075596759211174503e+04 1.023281540056533601e+00
6.075596785217244906e+04 9.820911831080588739e-01
6.075596811223315308e+04 9.784779329866405417e-01
6.075596837229386438e+04 9.796256845432984584e-01
6.075596863235456840e+04 1.029669207703829192e+00
6.075596889241526515e+04 9.534770246031866181e-01
6.075596915247596917e+04 9.655542735418214395e-01
6.075596941253667319e+04 9.781542711772991394e-01
6.075597102098589676e+04 9.761019977828642169e-01
6.075597128104649892e+04 9.589468708497270732e-01
6.075597154110709380e+04 9.722393536069972031e-01
6.075597180116768868e+04 1.000126225798801505e+00
6.075597206122829084e+04 9.637603897638113981e-01
6.075597232128889300e+04 1.049737722746786339e+00
6.075597258134948788e+04 9.690945832252821912e-01
6.075597284141008276e+04 9.753736510283765870e-01
6.075597310147067765e+04 1.010750869392697204e+00
6.075597336153127253e+04 9.835284552615485287e-01
6.075597362159186741e+04 9.959327039377492419e-01
6.075597388165246957e+04 9.287595318534292987e-01
6.075597414171307173e+04 9.530912844585247568e-01
6.075597440177366661e+04 9.851823445742918794e-01
6.075597466183426150e+04 1.034939140253282375e+00
6.075597492189485638e+04 9.809229911123669154e-01
6.075597518195545854e+04 8.920674914072702633e-01
6.075597544201606070e+04 9.978001208423270540e-01
6.075597570207665558e+04 9.602061699492687730e-01
6.075597596213725046e+04 1.012099380431064510e+00
6.075597622219784535e+04 1.030968077138960659e+00
6.075597648225844023e+04 1.017949909572112732e+00
6.075597674231903511e+04 1.030047803116198368e+00
6.075597700237963727e+04 9.674487021584753377e-01
6.075597726244023943e+04 1.053279339424336269e+00
6.075597752250083431e+04 1.068700575491476457e+00
6.075597778256142919e+04 1.062173885773201265e+00
6.075597804262203135e+04 9.840676640684477006e-01
6.075597830268262624e+04 9.694420453300969243e-01
6.075597856274322839e+04 9.875656608433968087e-01
6.075597882280382328e+04 9.427153971351056594e-01
6.075597908286441816e+04 9.893632889439264444e-01
6.075597934292501304e+04 1.014648272173109600e+00
6.075597960298560793e+04 9.770911698797393186e-01
6.075597986304620281e+04 9.776151604149320162e-01
6.075598012310681224e+04 1.070209899037349199e+00
6.075598038316740713e+04 9.587125867777912536e-01
6.075598064322800201e+04 1.057944151823837942e+00
6.075598090328860417e+04 9.922388080722406301e-01
6.075598116334919905e+04 1.043205841052524230e+00
6.075598142340979393e+04 9.212708938561423588e-01
6.075598168347039609e+04 1.022164382973124397e+00
6.075598194353099097e+04 9.862139420250685129e-01
6.075598220359158586e+04 1.087212694583585604e+00
6.075598246365218074e+04 9.651877212901148750e-01
6.075598272371277562e+04 1.001365366395760903e+00
6.075598298377338506e+04 9.555456419790260281e-01
6.075598324383397994e+04 1.029713192943557232e+00
6.075598350389457482e+04 1.031130326386791474e+00
6.075598376395516971e+04 9.776400273434763255e-01
6.075598402401577187e+04 9.553519222692669066e-01
6.075598428407636675e+04 9.491493100406358518e-01
6.075598454413696891e+04 1.067992874274551474e+00
6.075598480419756379e+04 1.026138051552210495e+00
6.075598506425815867e+04 1.063258611542425180e+00
6.075598532431875356e+04 9.829141184880719750e-01
6.075598558437934844e+04 1.002841103952116564e+00
6.075598584443995787e+04 9.807562932548806733e-01
6.075598610450055276e+04 1.019178125753957609e+00
6.075598636456114764e+04 1.067263043751912166e+00
6.075598662462174252e+04 1.065894055867340207e+00
6.075598688468234468e+04 1.013356630027123062e+00
6.075598714474294684e+04 9.294925199057664233e-01
6.075598740480354172e+04 9.135655235730334445e-01
6.075598766486413660e+04 1.079392137421758324e+00
6.075598792492473149e+04 1.070563481495252045e+00
6.075598818498532637e+04 1.047599791968574445e+00
6.075598844504592853e+04 1.063485644947820052e+00
6.075598870510653069e+04 1.013042804229314697e+00
6.075598896516712557e+04 9.756028279295800854e-01
6.075598922522772045e+04 1.026327094926194672e+00
6.075598948528831534e+04 1.016575729473768064e+00
6.075598974534892477e+04 1.091417881666761902e+00
6.075599000540951965e+04 9.904040927933662752e-01
6.075599026547011454e+04 1.006784451510474687e+00
6.075599052553070942e+04 1.006718821872864655e+00
6.075599078559130430e+04 1.055582221424369305e+00
6.075599104565190646e+04 9.591244501440717718e-01
6.075599130571250134e+04 1.034397327713448611e+00
6.075599156577310350e+04 1.015101185503929804e+00
6.075599182583369839e+04 1.047607417551647435e+00
6.075599208589429327e+04 1.073384573959169419e+00
6.075599234595489543e+04 9.788057625117582150e-01
6.075599260601549759e+04 1.083276945993294271e+00
6.075599286607609247e+04 1.029661587750645646e+00
6.075599312613668735e+04 9.987129824360866381e-01
6.075599338619728951e+04 1.012780033319939266e+00
6.075599364625788439e+04 1.032986528547800376e+00
6.075599390631847928e+04 9.714072421066348717e-01
6.075599416637907416e+04 1.033359595148606980e+00
6.075599442643966904e+04 1.111993849899075126e+00
6.075599468650027848e+04 1.063120594822769327e+00
6.075599494656087336e+04 9.978313182319341612e-01
6.075599520662146824e+04 1.011993785569448079e+00
6.075599546668207040e+04 9.937496406304947572e-01
6.075599572674267256e+04 1.094331198065912281e+00
6.075599598680326744e+04 9.974317906716595461e-01
6.075599624686386232e+04 1.032499025762490197e+00
6.075599650692445721e+04 9.992786586554038841e-01
6.075599676698505209e+04 9.977991298679339538e-01
6.075599702704565425e+04 9.859336626907334589e-01
6.075599728710624913e+04 1.056778521371934287e+00
6.075599754716685129e+04 1.033960403447896859e+00
6.075599780722744617e+04 1.003741370846976011e+00
6.075599806728804833e+04 9.908489520743373191e-01
6.075599832734865049e+04 1.030885819957344296e+00
6.075599858740924537e+04 1.061401398395315221e+00
6.075599884746984026e+04 1.065954571864123679e+00
6.075599910753044242e+04 1.066068357351363849e+00
6.075599936759103730e+04 9.621714877110173481e-01
6.075600091303530644e+04 9.735140024067336917e-01
6.075600117309600319e+04 1.033843558623309233e+00
6.075600143315670721e+04 1.016810148082095466e+00
6.075600169321741851e+04 1.048410319711170935e+00
6.075600195327811525e+04 9.892940324494645665e-01
6.075600221333881927e+04 1.000437250404595968e+00
6.075600247339952330e+04 1.010021286881509273e+00
6.075600273346023459e+04 1.015869263461955052e+00
6.075600299352093862e+04 9.408725341047247115e-01
6.075600325358163536e+04 1.042855362807233677e+00
6.075600351364233939e+04 1.050087943069213159e+00
6.075600377370305068e+04 9.476766241075064157e-01
6.075600403376375471e+04 1.077447214767466077e+00
6.075600429382445873e+04 9.607006199280342384e-01
6.075600455388515547e+04 9.571448737284466990e-01
6.075600481394586677e+04 1.127034069120018245e+00
6.075600507400657079e+04 1.022086873168694732e+00
6.075600533406726754e+04 1.017809578728398945e+00
6.075600559412797884e+04 1.042167850072218238e+00
6.075600585418868286e+04 9.847503971195282757e-01
6.075600611424938688e+04 1.135132349923371864e+00
6.075600637431009091e+04 9.864256255351784297e-01
6.075600663437078765e+04 1.007261128798606631e+00
6.075600689443149895e+04 1.038708904576441494e+00
6.075600715449220297e+04 9.339090023841553068e-01
6.075600741455290699e+04 1.062698446301053368e+00
6.075600767461361102e+04 1.029027787246362902e+00
6.075600793467431504e+04 9.493862782022327584e-01
6.075600819473501906e+04 9.871739008847237873e-01
6.075600845479572308e+04 1.036735386083526889e+00
6.075600871485643438e+04 1.012221973299287203e+00
6.075600897491713840e+04 1.038077676825367890e+00
6.075600923497783515e+04 9.870770166656565037e-01
6.075600949503853917e+04 1.026471601523040844e+00
6.075600975509925047e+04 9.993589990826388103e-01
6.075601001515994722e+04 9.561214567920832685e-01
6.075601027522065124e+04 9.800210203233875594e-01
6.075601053528135526e+04 1.042372084997670090e+00
6.075601079534206656e+04 1.009370597712963891e+00
6.075601105540277058e+04 1.013173120106855452e+00
6.075601131546346733e+04 1.111616072232182839e+00
6.075601157552417862e+04 9.628271858039895159e-01
6.075601183558488265e+04 1.085001623612302790e+00
6.075601209564558667e+04 9.851081096500667877e-01
6.075601235570629069e+04 9.608306841014421229e-01
6.075601261576699471e+04 1.019210942050669866e+00
6.075601287582769874e+04 1.029154475512163325e+00
6.075601313588840276e+04 1.014233756513318374e+00
6.075601339594910678e+04 1.087607121685990386e+00
6.075601365600981080e+04 9.894439316271805840e-01
6.075601391607051482e+04 9.382204968022642699e-01
6.075601417613121885e+04 9.731821433008522870e-01
6.075601443619193014e+04 1.027420999673922308e+00
6.075601469625262689e+04 9.948510814199302832e-01
6.075601495631333091e+04 1.008969536730817129e+00
6.075601521637404221e+04 9.604923783749765853e-01
6.075601547643474623e+04 1.059021574333188109e+00
6.075601573649545026e+04 9.840599492523378622e-01
6.075601599655614700e+04 9.409644381795426726e-01
6.075601625661685830e+04 1.070674312863191258e+00
6.075601651667756232e+04 1.131441971485876108e+00
6.075601677673825907e+04 1.013184005113933139e+00
6.075601703679897764e+04 8.924119829150172212e-01
6.075601729685967439e+04 1.007837809910736793e+00
6.075601755692037841e+04 1.012646191710721455e+00
6.075601781698108971e+04 1.001907975283440111e+00
6.075601807704178646e+04 1.020943819988689105e+00
6.075601833710249048e+04 1.049413112403944082e+00
6.075601859716319450e+04 1.044654238351281350e+00
6.075601885722390580e+04 1.023089895012038175e+00
6.075601911728460982e+04 1.031267231118349281e+00
6.075601937734530657e+04 1.054598806933142896e+00
6.075601963740601786e+04 1.050077688342810456e+00
6.075601989746672189e+04 9.863713171003436475e-01
6.075602015752742591e+04 9.728374917309670078e-01
6.075602041758813721e+04 1.041284848034141008e+00
6.075602067764883395e+04 1.100119550223677800e+00
6.075602093770953798e+04 1.072644700779543880e+00
6.075602119777024927e+04 1.011566794839051875e+00
6.075602145783094602e+04 9.590508322517369288e-01
6.075602171789165004e+04 1.005350254426744749e+00
6.075602197795236134e+04 1.034507078106359446e+00
6.075602223801306536e+04 1.032141798071371408e+00
6.075602249807376938e+04 1.014272212514837124e+00
6.075602275813446613e+04 9.984875749906748643e-01
6.075602301819517743e+04 1.008326335935299412e+00
6.075602327825588145e+04 9.971315247184021624e-01
6.075602353831658547e+04 1.014710148334228901e+00
6.075602379837729677e+04 1.084249174426469287e+00
6.075602405843799352e+04 1.045990235545406266e+00
6.075602431849869754e+04 9.401347126688920364e-01
6.075602457855940884e+04 1.028426121669532511e+00
6.075602483862010558e+04 1.017993289338898988e+00
6.075602509868080961e+04 9.889095584438062359e-01
6.075602535874152090e+04 9.616421027233350571e-01
6.075602561880222493e+04 1.058349758675313446e+00
6.075602587886292895e+04 1.029885140730554483e+00
6.075602613892363297e+04 9.534114773074603422e-01
6.075602639898433699e+04 1.014933128868654055e+00
6.075602665904504101e+04 9.887265448698254744e-01
6.075602691910575231e+04 1.000125033552419440e+00
6.075602717916645634e+04 1.052038615502684182e+00
6.075602743922715308e+04 1.050887711318922557e+00
6.075602769928786438e+04 9.977448621353117719e-01
6.075602795934856840e+04 9.538584812326513784e-01
6.075602821940927242e+04 9.653606779359010792e-01
6.075602847946998372e+04 1.026585922863827216e+00
6.075602873953068047e+04 9.345171160024778878e-01
6.075602899959138449e+04 1.048259303759490502e+00
6.075602925965209579e+04 1.054381920293897767e+00
6.075603093112658098e+04 9.473934476746052047e-01
6.075603119118718314e+04 9.275217086372332664e-01
6.075603145124778530e+04 9.529416699602298868e-01
6.075603171130838018e+04 9.861641308708125608e-01
6.075603197136898234e+04 9.764879234347355608e-01
6.075603223142958450e+04 9.960829278225653560e-01
6.075603249149017938e+04 9.330559085031941979e-01
6.075603275155078154e+04 9.727055011367873316e-01
6.075603301161137642e+04 1.055482247360725934e+00
6.075603327167197858e+04 1.019783574869423282e+00
6.075603353173257346e+04 8.921926939244436694e-01
6.075603379179316835e+04 9.955058725923637830e-01
6.075603405185377051e+04 1.042583113019623919e+00
6.075603431191437267e+04 1.018647677016576880e+00
6.075603457197496755e+04 1.029412524527800743e+00
6.075603483203556971e+04 1.033774426799844992e+00
6.075603509209617187e+04 9.625834068734128168e-01
6.075603535215676675e+04 1.120854455324895360e+00
6.075603561221736891e+04 9.844289318697160285e-01
6.075603587227796379e+04 1.047214835350059658e+00
6.075603613233855867e+04 9.727807748068649785e-01
6.075603639239916083e+04 1.029296890778047313e+00
6.075603665245975571e+04 1.029728863232118208e+00
6.075603691252035787e+04 9.145108152272841684e-01
6.075603717258096003e+04 1.029929883044055972e+00
6.075603743264155491e+04 9.604317960454956671e-01
6.075603769270215707e+04 9.760771952227561554e-01
6.075603795276275196e+04 1.010040506170096997e+00
6.075603821282335412e+04 1.002940244672056558e+00
6.075603847288395627e+04 1.029204436513448284e+00
6.075603873294455116e+04 1.023585207198060898e+00
6.075603899300515332e+04 1.099342635912916366e+00
6.075603925306574820e+04 9.679992737630953581e-01
6.075603951312634308e+04 1.070111390083234637e+00
6.075603977318694524e+04 1.051496844960924548e+00
6.075604003324754740e+04 1.031622201583794141e+00
6.075604029330814228e+04 1.014889964832848879e+00
6.075604055336874444e+04 9.570790140163668580e-01
6.075604081342933932e+04 1.033502068719216238e+00
6.075604107348994876e+04 9.665685709623015320e-01
6.075604133355054364e+04 1.032576985374987766e+00
6.075604159361113852e+04 9.989069607083155278e-01
6.075604185367174068e+04 1.089887471793367535e+00
6.075604211373233557e+04 1.014142707282611688e+00
6.075604237379293045e+04 1.013354942509676615e+00
6.075604263385353261e+04 9.706467884707751237e-01
6.075604289391413477e+04 1.058510373603551935e+00
6.075604315397473692e+04 9.558592446114586583e-01
6.075604341403533181e+04 1.004480647816044847e+00
6.075604367409592669e+04 1.030480297909578402e+00
6.075604393415653612e+04 1.090037818422016302e+00
6.075604419421713101e+04 1.048476185412503314e+00
6.075604445427773317e+04 1.048828696204033406e+00
6.075604471433832805e+04 9.501076224895026456e-01
6.075604497439892293e+04 1.041782269984806497e+00
6.075604523445952509e+04 9.020265485764690228e-01
6.075604549452011997e+04 1.029284466494242212e+00
6.075604575458072213e+04 9.822974900285397215e-01
6.075604601464132429e+04 9.285964350793203259e-01
6.075604627470191917e+04 9.998874557893161485e-01
6.075604653476252133e+04 9.644368878536153655e-01
6.075604679482312349e+04 1.050022543710209533e+00
6.075604705488372565e+04 1.057008632082348853e+00
6.075604731494432053e+04 9.849052488378415848e-01
6.075604757500491542e+04 9.702925844026187852e-01
6.075604783506551757e+04 9.603702140096538331e-01
6.075604809512611246e+04 1.030245854096380587e+00
6.075604835518671462e+04 1.019143930095246509e+00
6.075604861524730950e+04 1.019182408725873179e+00
6.075604887530791166e+04 9.746453203847011970e-01
6.075604913536851382e+04 9.891151867817070675e-01
6.075604939542910870e+04 1.023562198030340653e+00
6.075604965548971813e+04 1.038051087934463546e+00
6.075604991555031302e+04 9.771373796739439843e-01
6.075605017561090790e+04 9.514925535881110230e-01
6.075605043567151006e+04 9.427064921180543511e-01
6.075605069573210494e+04 1.020924606025939596e+00
6.075605095579270710e+04 1.019277207091118242e+00
6.075605121585330198e+04 9.950897494568938795e-01
6.075605147591390414e+04 1.094359174265443935e+00
6.075605173597450630e+04 1.016689994973961175e+00
6.075605199603510118e+04 9.263492708662629527e-01
6.075605225609570334e+04 9.955221319224989429e-01
6.075605251615630550e+04 1.056246202870022799e+00
6.075605277621690766e+04 1.109685411617433060e+00
6.075605303627750254e+04 1.000210807656504830e+00
6.075605329633810470e+04 9.271785358139994493e-01
6.075605355639869958e+04 9.127847345646183941e-01
6.075605381645929447e+04 9.529309867910162879e-01
6.075605407651989663e+04 9.478266293161016209e-01
6.075605433658049151e+04 9.975528457329537746e-01
6.075605459664110094e+04 1.066597659643279350e+00
6.075605485670169583e+04 1.002916484087921889e+00
6.075605511676229071e+04 1.033375856255266623e+00
6.075605537682289287e+04 9.680159428883744477e-01
6.075605563688349503e+04 1.047248474586989886e+00
6.075605589694409719e+04 9.738445940606559326e-01
6.075605615700469207e+04 9.752708439843646993e-01
6.075605641706529423e+04 1.013457030901219635e+00
6.075605667712588911e+04 1.019715313637339804e+00
6.075605693718649127e+04 9.962326065198119363e-01
6.075605719724708615e+04 1.028587926962985621e+00
6.075605745730768831e+04 9.819295958680656078e-01
6.075605771736829047e+04 1.020663442017627931e+00
6.075605797742888535e+04 1.034979564752575021e+00
6.075605823748948751e+04 1.034365732109252756e+00
6.075605849755008967e+04 1.030634468182975105e+00
6.075605875761069183e+04 1.018067403282204797e+00
6.075605901767128671e+04 1.025062105317346317e+00
6.075605927773188159e+04 9.607196197328060627e-01
6.075606082316284301e+04 9.441428857630537186e-01
6.075606108322354703e+04 1.049247586309981051e+00
6.075606134328425105e+04 1.036875373919433407e+00
6.075606160334495507e+04 9.913567228290400823e-01
6.075606186340566637e+04 9.867503873381689994e-01
6.075606212346637039e+04 9.659385410019951657e-01
6.075606238352707442e+04 1.090808740356424389e+00
6.075606264358777844e+04 9.962662808035571693e-01
6.075606290364848246e+04 1.030957511376923375e+00
6.075606316370919376e+04 9.969749824711229280e-01
6.075606342376989778e+04 1.015104662193311524e+00
6.075606368383060908e+04 1.025912937649261503e+00
6.075606394389130583e+04 1.080026904813690791e+00
6.075606420395201712e+04 1.013022131042059737e+00
6.075606446401272115e+04 1.025318192695334751e+00
6.075606472407342517e+04 1.039541220839278246e+00
6.075606498413412919e+04 1.011839477281121447e+00
6.075606524419483321e+04 9.762451925730056823e-01
6.075606550425554451e+04 1.002926296269314621e+00
6.075606576431624853e+04 9.640690706155035095e-01
6.075606602437695256e+04 1.089385968055473830e+00
6.075606628443765658e+04 9.771653970395851596e-01
6.075606654449836788e+04 1.043005925590355210e+00
6.075606680455907190e+04 1.069683071060749224e+00
6.075606706461978320e+04 1.036469427746189664e+00
6.075606732468047994e+04 1.024458462219892674e+00
6.075606758474119124e+04 1.038073046850407799e+00
6.075606784480189526e+04 1.015471692742426768e+00
6.075606810486259928e+04 9.778834640099572928e-01
6.075606836492331058e+04 1.063843877441426944e+00
6.075606862498401460e+04 9.949843416919024186e-01
6.075606888504471863e+04 9.511486485853185568e-01
6.075606914510542993e+04 1.016507058389364282e+00
6.075606940516612667e+04 1.004002043883604145e+00
6.075606966522683797e+04 1.055723705658592415e+00
6.075606992528754199e+04 9.079574224409301397e-01
6.075607018534824601e+04 9.685257274543883632e-01
6.075607044540895731e+04 1.007895843593366481e+00
6.075607070546965406e+04 9.065203098304907003e-01
6.075607096553036536e+04 1.021361208052845804e+00
6.075607122559106938e+04 9.938313609234221691e-01
6.075607148565178068e+04 1.075009810522795650e+00
6.075607174571248470e+04 9.985218953018533128e-01
6.075607200577318872e+04 8.963085081530397513e-01
6.075607226583389274e+04 1.041060998029512463e+00
6.075607252589460404e+04 1.017981372751530333e+00
6.075607278595530079e+04 1.039281270607584906e+00
6.075607304601601209e+04 9.262859335555033713e-01
6.075607330607671611e+04 1.015057218316969490e+00
6.075607356613742741e+04 9.074721511438619270e-01
6.075607382619813143e+04 9.380100460976237287e-01
6.075607408625883545e+04 1.043428398881178998e+00
6.075607434631953947e+04 1.002498875565884129e+00
6.075607460638025077e+04 9.814155450376047529e-01
6.075607486644095479e+04 9.856788259441594535e-01
6.075607512650166609e+04 1.010393440409561361e+00
6.075607538656236284e+04 1.002913430770033365e+00
6.075607564662307414e+04 9.908630424720518137e-01
6.075607590668377816e+04 1.063885275825763310e+00
6.075607616674448218e+04 1.044734011441039723e+00
6.075607642680518620e+04 1.068517070682927672e+00
6.075607668686589750e+04 9.679153418422730137e-01
6.075607694692660152e+04 1.007612304518819668e+00
6.075607720698731282e+04 1.087719247976717485e+00
6.075607746704800957e+04 1.044479304401406683e+00
6.075607772710872086e+04 1.036790969101458737e+00
6.075607798716942489e+04 9.928287823419941205e-01
6.075607824723013618e+04 1.001946323310122677e+00
6.075607850729084021e+04 1.089838379267379809e+00
6.075607876735154423e+04 1.056825296183645069e+00
6.075607902741224825e+04 9.689464460233259135e-01
6.075607928747295955e+04 1.116636066191719845e+00
6.075607954753365630e+04 1.029298316143936853e+00
6.075607980759437487e+04 9.385781186892069305e-01
6.075608006765507162e+04 1.019139992599098044e+00
6.075608032771578291e+04 9.815415311664174025e-01
6.075608058777648694e+04 9.776081771281855959e-01
6.075608084783719096e+04 1.014382003732877013e+00
6.075608110789789498e+04 1.087072689822087046e+00
6.075608136795860628e+04 1.071911202374010941e+00
6.075608162801931030e+04 1.085534412738038190e+00
6.075608188808002160e+04 9.545289170965173264e-01
6.075608214814072562e+04 9.843925712701816488e-01
6.075608240820142964e+04 1.033991727892093593e+00
6.075608266826214094e+04 1.025597728820799581e+00
6.075608292832284496e+04 1.060246817444703504e+00
6.075608318838355626e+04 9.617397912186101960e-01
6.075608344844425301e+04 9.984512672475028827e-01
6.075608370850496431e+04 9.548970293478039606e-01
6.075608396856566833e+04 1.016081386584000601e+00
6.075608422862637235e+04 1.008250533941079885e+00
6.075608448868707637e+04 1.002082438100409423e+00
6.075608474874778767e+04 9.990270782011351214e-01
6.075608500880849169e+04 1.057284406833868484e+00
6.075608526886920299e+04 9.804794515442570857e-01
6.075608552892989974e+04 1.086276984586478145e+00
6.075608578899061104e+04 1.000312221581740824e+00
6.075608604905131506e+04 1.042162201205683036e+00
6.075608630911202636e+04 1.081055487825907990e+00
6.075608656917273765e+04 1.036680100769189705e+00
6.075608682923343440e+04 9.748752948195478218e-01
6.075608708929414570e+04 1.040522969446670443e+00
6.075608734935484972e+04 1.029663147135728707e+00
6.075608760941555374e+04 1.086831403954816366e+00
6.075608786947625777e+04 9.827592486772439573e-01
6.075608812953696906e+04 9.973081123473013232e-01
6.075608838959767309e+04 1.001273675061065127e+00
6.075608864965838438e+04 1.078754094266006103e+00
6.075608890971908113e+04 1.018946121871319388e+00
6.075608916977979243e+04 9.944655766899866967e-01
6.075609076562616247e+04 9.468514753660114414e-01
6.075609102568677190e+04 9.674561519935892528e-01
6.075609128574736678e+04 1.041106298096725169e+00
6.075609154580796894e+04 9.828571387872788723e-01
6.075609180586856382e+04 9.761293418189768145e-01
6.075609206592916598e+04 1.007753862112539034e+00
6.075609232598976814e+04 1.016946659464253999e+00
6.075609258605036302e+04 1.020894003038035791e+00
6.075609284611097246e+04 9.827877727317342327e-01
6.075609310617156734e+04 1.089455293558664328e+00
6.075609336623216950e+04 9.792586880854896592e-01
6.075609362629276438e+04 1.008758353325223567e+00
6.075609388635337382e+04 1.023515766792212345e+00
6.075609414641397598e+04 1.100230788986852115e+00
6.075609440647457086e+04 1.020535580383199470e+00
6.075609466653517302e+04 9.980961749397005978e-01
6.075609492659576790e+04 1.061777257689426435e+00
6.075609518665637006e+04 1.041404804466903755e+00
6.075609544671696494e+04 1.095747389322029086e+00
6.075609570677756710e+04 1.062611956426029236e+00
6.075609596683816926e+04 1.030959262564573597e+00
6.075609622689877142e+04 9.681438298161875178e-01
6.075609648695937358e+04 9.875334247860213521e-01
6.075609674701997574e+04 1.038156676898910336e+00
6.075609700708057790e+04 1.014449856820217377e+00
6.075609726714117278e+04 9.802373621889709510e-01
6.075609752720177494e+04 1.031950019109391770e+00
6.075609778726236982e+04 1.010822995000489888e+00
6.075609804732297198e+04 1.073533573443019806e+00
6.075609830738357414e+04 9.962466544805668178e-01
6.075609856744416902e+04 9.548456189568921282e-01
6.075609882750477846e+04 1.055724016236423424e+00
6.075609908756537334e+04 1.016878902794182693e+00
6.075609934762597550e+04 1.067981507734713453e+00
6.075609960768658493e+04 9.585982485910566897e-01
6.075609986774717981e+04 1.026910081565483024e+00
6.075610012780778197e+04 1.070001437122516164e+00
6.075610038786837686e+04 9.449749939644167540e-01
6.075610064792897901e+04 1.023991698528684768e+00
6.075610090798957390e+04 1.074045839509658373e+00
6.075610116805017606e+04 1.056276225431321381e+00
6.075610142811077822e+04 9.933561878457214389e-01
6.075610168817138037e+04 1.001615698839027457e+00
6.075610194823198253e+04 1.041506149602357212e+00
6.075610220829257742e+04 1.088877163671221115e+00
6.075610246835318685e+04 1.014745834202876784e+00
6.075610272841378901e+04 1.073972047510008299e+00
6.075610298847438389e+04 1.018867577347317477e+00
6.075610324853498605e+04 9.883819025143162351e-01
6.075610350859558093e+04 1.040274832538484295e+00
6.075610376865618309e+04 9.684281701295696099e-01
6.075610402871678525e+04 9.952571251428565802e-01
6.075610428877738013e+04 1.048970760135700120e+00
6.075610454883798957e+04 9.522131632579092786e-01
6.075610480889858445e+04 1.006155102571916649e+00
6.075610506895918661e+04 9.494615804156035788e-01
6.075610532901978877e+04 1.014888865764114634e+00
6.075610558908039093e+04 9.735496444409010852e-01
6.075610584914099309e+04 1.014597736785255444e+00
6.075610610920158797e+04 1.067645343969394700e+00
6.075610636926219013e+04 1.104842874970785704e+00
6.075610662932279229e+04 9.630084838278644144e-01
6.075610688938338717e+04 9.930445097721102288e-01
6.075610714944398933e+04 9.636031458457284815e-01
6.075610740950459149e+04 9.827457430747195133e-01
6.075610766956519365e+04 9.921737059850808116e-01
6.075610792962579580e+04 9.975308113069440985e-01
6.075610818968639069e+04 1.048283551122399349e+00
6.075610844974700012e+04 9.811481299691440228e-01
6.075610870980759501e+04 9.944378920757084295e-01
6.075610896986819716e+04 9.748490327562964186e-01
6.075610922992879932e+04 1.106418075821662628e+00
6.075610948998939421e+04 1.106971023549266686e+00
6.075610975004999636e+04 1.045230487388573382e+00
6.075611001011059852e+04 1.021536195809969350e+00
6.075611027017120068e+04 1.005023309772720141e+00
6.075611053023180284e+04 1.057683298334497701e+00
6.075611079029239772e+04 9.720455886054903960e-01
6.075611105035299988e+04 1.011859390385063673e+00
6.075611131041360932e+04 1.068869550664088619e+00
6.075611157047420420e+04 1.029417993606690285e+00
6.075611183053480636e+04 1.013033274549083762e+00
6.075611209059540852e+04 9.501739726755656923e-01
6.075611235065600340e+04 1.093413735384578533e+00
6.075611261071660556e+04 9.710446868200047765e-01
6.075611287077720044e+04 9.571849070107802948e-01
6.075611313083780260e+04 1.052182974188035303e+00
6.075611339089841204e+04 1.000922581320543125e+00
6.075611365095900692e+04 9.837937756375384479e-01
6.075611391101960908e+04 1.021660651208815551e+00
6.075611417108021851e+04 1.021868778139246148e+00
6.075611443114081339e+04 9.744212896702534321e-01
6.075611469120141555e+04 1.066107008752903429e+00
6.075611495126201044e+04 1.064187977462373702e+00
6.075611521132261259e+04 1.032634619069965787e+00
6.075611547138321475e+04 9.699229576512951034e-01
6.075611573144380964e+04 1.020344813763363945e+00
6.075611599150441180e+04 1.045530190586200670e+00
6.075611625156502123e+04 9.955046504637776739e-01
6.075611651162561611e+04 1.020413137799505598e+00
6.075611677168621827e+04 1.106559424256632118e+00
6.075611703174682771e+04 1.013885705663367665e+00
6.075611729180742259e+04 1.050416758268890360e+00
6.075611755186802475e+04 1.045576709578195151e+00
6.075611781192861963e+04 1.020541906127321985e+00
6.075611807198922179e+04 9.980175717086178233e-01
6.075611833204982395e+04 1.077595906437200934e+00
6.075611859211041883e+04 1.051996140716706440e+00
6.075611885217102099e+04 1.060200689443946409e+00
6.075611911223163042e+04 1.044181271839348835e+00
6.075612077110124665e+04 9.627445408588342080e-01
6.075612103116195794e+04 1.058951162150647329e+00
6.075612129122266924e+04 9.688328844565924358e-01
6.075612155128336599e+04 1.114466109240035196e+00
6.075612181134407729e+04 1.117243168125882313e+00
6.075612207140478858e+04 9.760310567685124283e-01
6.075612233146549261e+04 9.094467133424828376e-01
6.075612259152620391e+04 1.024422117013998657e+00
6.075612285158690065e+04 1.058892161986565883e+00
6.075612311164761195e+04 9.556586813271963354e-01
6.075612337170832325e+04 1.033779827073296076e+00
6.075612363176902727e+04 1.047585810595677236e+00
6.075612389182973857e+04 9.562585855907870247e-01
6.075612415189044259e+04 1.037981639263839462e+00
6.075612441195114661e+04 1.022480475212337980e+00
6.075612467201185791e+04 9.379580805045485414e-01
6.075612493207256193e+04 9.673705659183262640e-01
6.075612519213326595e+04 9.989005111461815023e-01
6.075612545219397725e+04 1.044497341489327713e+00
6.075612571225468855e+04 9.876514308408022025e-01
6.075612597231539985e+04 1.014685779281826239e+00
6.075612623237609660e+04 1.048129214296932288e+00
6.075612649243680789e+04 1.045160448254958352e+00
6.075612675249751919e+04 1.026806983873020274e+00
6.075612701255822321e+04 9.577318095470253034e-01
6.075612727261893451e+04 1.013460224487431338e+00
6.075612753267963853e+04 1.013057520312562909e+00
6.075612779274034256e+04 1.018865718381385621e+00
6.075612805280105385e+04 9.800935644356414400e-01
6.075612831286175788e+04 9.707717044618165980e-01
6.075612857292246190e+04 1.015945892987736743e+00
6.075612883298317320e+04 1.028701417499690907e+00
6.075612909304388450e+04 1.004751776072993374e+00
6.075612935310458852e+04 9.359585952391965558e-01
6.075612961316529254e+04 1.033887295511309201e+00
6.075612987322600384e+04 1.090166076192238931e+00
6.075613013328670786e+04 1.025320875388433306e+00
6.075613039334741916e+04 1.037988783871220955e+00
6.075613065340813046e+04 1.019639861900617062e+00
6.075613091346882720e+04 1.081624417404727367e+00
6.075613117352953850e+04 1.024779869362820506e+00
6.075613143359024980e+04 1.011775035209174334e+00
6.075613169365095382e+04 9.778355529582332117e-01
6.075613195371166512e+04 9.845559309888470834e-01
6.075613221377236914e+04 1.031511999812548153e+00
6.075613247383308044e+04 1.011248236336588446e+00
6.075613273389378446e+04 9.562063237533340310e-01
6.075613299395448848e+04 9.463924311591342953e-01
6.075613325401519978e+04 1.007336849268370749e+00
6.075613351407590380e+04 1.080616451348563656e+00
6.075613377413661510e+04 1.092464501717821168e+00
6.075613403419732640e+04 1.065343625947070327e+00
6.075613429425802315e+04 9.984868118883486465e-01
6.075613455431873444e+04 1.055958266018995451e+00
6.075613481437944574e+04 1.058885657493000343e+00
6.075613507444015704e+04 1.024675796231137692e+00
6.075613533450086106e+04 9.925401045122523858e-01
6.075613559456156509e+04 1.014453037950779457e+00
6.075613585462227638e+04 1.077643067111575981e+00
6.075613611468298041e+04 9.997061760902039573e-01
6.075613637474368443e+04 1.032577612060817440e+00
6.075613663480439573e+04 1.062472081553136105e+00
6.075613689486510702e+04 9.708818572022958060e-01
6.075613715492581105e+04 1.070012664356022825e+00
6.075613741498652234e+04 1.035867714199664391e+00
6.075613767504722637e+04 1.036729788934219743e+00
6.075613793510793039e+04 1.110480882327849583e+00
6.075613819516864169e+04 9.328108296853397929e-01
6.075613845522935299e+04 1.018653733863972066e+00
6.075613871529006428e+04 1.034180180510942515e+00
6.075613897535076103e+04 1.035493823498521593e+00
6.075613923541147233e+04 1.077095463342202963e+00
6.075613949547218363e+04 1.074199111736860779e+00
6.075613975553288037e+04 1.149931568638324242e+00
6.075614001559359167e+04 1.028280975066295122e+00
6.075614027565430297e+04 1.024408605913661896e+00
6.075614053571501427e+04 1.136591645463843170e+00
6.075614079577571829e+04 1.029349166218886280e+00
6.075614105583642231e+04 1.035703610201689662e+00
6.075614131589713361e+04 1.110686631139915947e+00
6.075614157595783763e+04 1.003528808844680764e+00
6.075614183601854893e+04 1.029831085678588387e+00
6.075614209607926023e+04 1.007971604401286747e+00
6.075614235613996425e+04 1.028331956939469327e+00
6.075614261620066827e+04 1.028691638659492646e+00
6.075614287626137957e+04 9.804778381937214737e-01
6.075614313632208359e+04 9.417917665267799832e-01
6.075614339638280217e+04 1.052544592664638179e+00
6.075614365644349891e+04 9.818263641787102758e-01
6.075614391650421021e+04 9.929045259257492928e-01
6.075614417656492151e+04 1.008569324021850733e+00
6.075614443662562553e+04 1.058904785818789440e+00
6.075614469668632955e+04 1.020164243587922570e+00
6.075614495674704085e+04 1.007830364482963370e+00
6.075614521680775215e+04 1.020083734749289484e+00
6.075614547686845617e+04 1.095934800770160145e+00
6.075614573692916019e+04 1.050810355492052928e+00
6.075614599698987149e+04 1.082855658058486270e+00
6.075614625705058279e+04 1.018981525784799835e+00
6.075614651711128681e+04 1.031053237919512311e+00
6.075614677717199811e+04 1.025854295788187764e+00
6.075614703723270213e+04 1.078020633154980201e+00
6.075614729729341343e+04 9.895784705491447175e-01
6.075614755735411745e+04 1.161471040139350430e+00
6.075614781741482147e+04 1.029086723754945476e+00
6.075614807747553277e+04 1.079689680550722342e+00
6.075614833753624407e+04 9.603752437221410032e-01
6.075614859759694809e+04 1.007019445636671895e+00
6.075614885765765939e+04 9.997414876649217685e-01
6.075614911771836341e+04 1.020410897719529864e+00
