6.075585120116569306e+04 9.958195752771261677e-01
6.075585146121949219e+04 9.913572448554708316e-01
6.075585172127328406e+04 9.943616874402055883e-01
6.075585198132708319e+04 9.958568293177210151e-01
6.075585224138088233e+04 1.008458827683379244e+00
6.075585250143468147e+04 9.834465394956802831e-01
6.075585276148847333e+04 1.015337957137444125e+00
6.075585302154227247e+04 1.002199287651316606e+00
6.075585328159607161e+04 9.963291003103672550e-01
6.075585354164987803e+04 1.000408927887625143e+00
6.075585380170368444e+04 9.953906274682624566e-01
6.075585406175747630e+04 1.007320765409076557e+00
6.075585432181127544e+04 1.006572659807156711e+00
6.075585458186507458e+04 1.019599312611374264e+00
6.075585484191887372e+04 9.997207097520920405e-01
6.075585510197266558e+04 1.005272340712737744e+00
6.075585536202646472e+04 9.909624038066845442e-01
6.075585562208026386e+04 9.912164688795226386e-01
6.075585588213406299e+04 1.000583019345336000e+00
6.075585614218786213e+04 1.006777825178601260e+00
6.075585640224165400e+04 1.000344125044914101e+00
6.075585666229546041e+04 1.017003942055846766e+00
6.075585692234926682e+04 9.961389088772547584e-01
6.075585718240306596e+04 9.952839848795090871e-01
6.075585744245685783e+04 1.002192879392665104e+00
6.075585770251065696e+04 1.003028043741719166e+00
6.075585796256445610e+04 9.969023461829782384e-01
6.075585822261825524e+04 9.963075548695770056e-01
6.075585848267205438e+04 9.995498541697067640e-01
6.075585874272584624e+04 1.005092413393182005e+00
6.075585900277964538e+04 9.858920974113430935e-01
6.075585926283344452e+04 9.998734452862975131e-01
6.075585952288725093e+04 1.002962285605564441e+00
6.075585978294105735e+04 9.950067447192341152e-01
6.075586004299484921e+04 1.014160220878309593e+00
6.075586030304864835e+04 9.979637012177827726e-01
6.075586056310244749e+04 9.882140361303062281e-01
6.075586082315624662e+04 1.018147256039055426e+00
6.075586108321004576e+04 9.868333733606851066e-01
6.075586134326383763e+04 9.974118633499043929e-01
6.075586160331763676e+04 9.992810673394076915e-01
6.075586186337143590e+04 1.010065443099590787e+00
6.075586212342523504e+04 1.000638268472973325e+00
6.075586238347903418e+04 1.001017870930097198e+00
6.075586264353283332e+04 1.007753292871343964e+00
6.075586290358663973e+04 9.996088771773768977e-01
6.075586316364043887e+04 9.834821178499418837e-01
6.075586342369423801e+04 1.005523145286350672e+00
6.075586368374803715e+04 1.005996249728162040e+00
6.075586394380182901e+04 9.929425944486675037e-01
6.075586420385562815e+04 9.830309782509187855e-01
6.075586446390942729e+04 1.007532375739037755e+00
6.075586472396322642e+04 1.004858623024381226e+00
6.075586498401702556e+04 9.909774926499131942e-01
6.075586524407081743e+04 9.770166671001533354e-01
6.075586550412462384e+04 9.972043140298723074e-01
6.075586576417843025e+04 1.008709798509987321e+00
6.075586602423222939e+04 9.769028217103695733e-01
6.075586628428602853e+04 1.002870768392005063e+00
6.075586654433982039e+04 1.002660047601752646e+00
6.075586680439361953e+04 1.003038503450356389e+00
6.075586706444741867e+04 9.831175092225137302e-01
6.075586732450121781e+04 9.869115297252735175e-01
6.075586758455501695e+04 1.009111387307771279e+00
6.075586784460881609e+04 1.001817352873577649e+00
6.075586810466260795e+04 9.990970908211556090e-01
6.075586836471640709e+04 9.891436961067968658e-01
6.075586862477021350e+04 1.010522121121594674e+00
6.075586888482401991e+04 1.004846641696377274e+00
6.075586914487781905e+04 1.007719874068914612e+00
6.075586940493161092e+04 9.934677780716414386e-01
6.075586966498541005e+04 1.009624235068141029e+00
6.075586992503920919e+04 9.907909662234640757e-01
6.075587018509300833e+04 1.001613679031496007e+00
6.075587044514680747e+04 1.003863143280185222e+00
6.075587070520060661e+04 1.009875875675366519e+00
6.075587096525439847e+04 9.940423012013658299e-01
6.075587122530819761e+04 9.871498607105697598e-01
6.075587148536199675e+04 9.937071351425454946e-01
6.075587174541581044e+04 1.002342130706023626e+00
6.075587200546960958e+04 9.968545001994958410e-01
6.075587226552340871e+04 9.909678315555758843e-01
6.075587252557720058e+04 9.923520243249485118e-01
6.075587278563099972e+04 9.895853242378809256e-01
6.075587304568479885e+04 9.948700570884755345e-01
6.075587330573859799e+04 9.821083402428701925e-01
6.075587356579239713e+04 1.002809348336090256e+00
6.075587382584619627e+04 1.004710976200216210e+00
6.075587408589998813e+04 1.020505948758098969e+00
6.075587434595378727e+04 9.969832433999507026e-01
6.075587460600759368e+04 9.825834644614768187e-01
6.075587486606140010e+04 9.935191736372436244e-01
6.075587512611519924e+04 1.006299705500034447e+00
6.075587538616899838e+04 1.019009378377268904e+00
6.075587564622279751e+04 9.919278131962623313e-01
6.075587590627658938e+04 9.934865274762645360e-01
6.075587616633038851e+04 9.870224415250886674e-01
6.075587642638418765e+04 1.001937112040026001e+00
6.075587668643798679e+04 9.937666734425720794e-01
6.075587694649178593e+04 1.012485058969850860e+00
6.075587720654558507e+04 9.890457848490120663e-01
6.075587746659937693e+04 1.001343011733997646e+00
6.075587772665318334e+04 1.008317853556282451e+00
6.075587798670698976e+04 9.947075410025041364e-01
6.075587824676078890e+04 1.000234365578844153e+00
6.075587850681458804e+04 9.937692581435140227e-01
6.075587876686838717e+04 9.847963824954811818e-01
6.075587902692218631e+04 9.873985887352959567e-01
6.075587928697597818e+04 1.008261053736211554e+00
6.075587954702977731e+04 9.990284252593560899e-01
6.075588115586427011e+04 9.945774042004532633e-01
6.075588141592496686e+04 9.920548389128381883e-01
6.075588167598567088e+04 9.955124952779360603e-01
6.075588193604636763e+04 9.923518268587480096e-01
6.075588219610707165e+04 9.989384878088788389e-01
6.075588245616777567e+04 9.923084674078509471e-01
6.075588271622847242e+04 9.823848583292277281e-01
6.075588297628917644e+04 1.007564061601091909e+00
6.075588323634988046e+04 1.003807920543315024e+00
6.075588349641056993e+04 1.015439317152090348e+00
6.075588375647127395e+04 9.894088055000248572e-01
6.075588401653197798e+04 9.908319718305916846e-01
6.075588427659268200e+04 9.947607048978704958e-01
6.075588453665338602e+04 9.990649242560697418e-01
6.075588479671408277e+04 9.883760307810677270e-01
6.075588505677478679e+04 1.005500626754482818e+00
6.075588531683548354e+04 9.905190850954658233e-01
6.075588557689618756e+04 9.898500546056122618e-01
6.075588583695689158e+04 9.952685686581795865e-01
6.075588609701758833e+04 9.998564461245598167e-01
6.075588635707829235e+04 1.003516459425437990e+00
6.075588661713899637e+04 9.916486149893283253e-01
6.075588687719969312e+04 1.014365687791570769e+00
6.075588713726038986e+04 9.824938864903783875e-01
6.075588739732109389e+04 9.955798950039732587e-01
6.075588765738179791e+04 9.997878161993870583e-01
6.075588791744250193e+04 9.802861787406312866e-01
6.075588817750319868e+04 1.006692849042452487e+00
6.075588843756390270e+04 9.892885084253019157e-01
6.075588869762460672e+04 9.928717449627357805e-01
6.075588895768530347e+04 9.947068815368822481e-01
6.075588921774600749e+04 9.981740252287100157e-01
6.075588947780670424e+04 9.919706991487178271e-01
6.075588973786740826e+04 1.014969187378302884e+00
6.075588999792811228e+04 1.004563833677982077e+00
6.075589025798880903e+04 1.002411601966984422e+00
6.075589051804952032e+04 1.018035460832772188e+00
6.075589077811021707e+04 1.005103175229983270e+00
6.075589103817091382e+04 1.003828977059848304e+00
6.075589129823161784e+04 9.804836931524844035e-01
6.075589155829231458e+04 9.970480028639111536e-01
6.075589181835301861e+04 1.000661489062974363e+00
6.075589207841372263e+04 1.004848290493914886e+00
6.075589233847442665e+04 1.014064172538285513e+00
6.075589259853513067e+04 9.886127804735796998e-01
6.075589285859582742e+04 1.006166221217451806e+00
6.075589311865652417e+04 1.012489098295111800e+00
6.075589337871722819e+04 9.957656134568887429e-01
6.075589363877793221e+04 1.007081891840691634e+00
6.075589389883863623e+04 9.959121856275037210e-01
6.075589415889933298e+04 1.009768113295707037e+00
6.075589441896003700e+04 9.871582708723327659e-01
6.075589467902074102e+04 1.008664658529476732e+00
6.075589493908143777e+04 1.008585653853741215e+00
6.075589519914213452e+04 1.002009753875385156e+00
6.075589545920283854e+04 1.008964236463403052e+00
6.075589571926354256e+04 1.000879756660099096e+00
6.075589597932424658e+04 9.952416117623626990e-01
6.075589623938494333e+04 9.906090920711871917e-01
6.075589649944564735e+04 1.011995517683106138e+00
6.075589675950635137e+04 1.005940828857043057e+00
6.075589701956705539e+04 9.898924530217975137e-01
6.075589727962775942e+04 1.001111720767887681e+00
6.075589753968844889e+04 1.024237506290635702e+00
6.075589779974915291e+04 1.024848474824843647e+00
6.075589805980985693e+04 9.896402274276078215e-01
6.075589831987055368e+04 1.008125113144597851e+00
6.075589857993125770e+04 9.998348443987767897e-01
6.075589883999196172e+04 9.987971133941669910e-01
6.075589910005266574e+04 1.003810816178364096e+00
6.075589936011336977e+04 1.012239985905280415e+00
6.075589962017406651e+04 1.009432744496024936e+00
6.075589988023477054e+04 1.003839242760778516e+00
6.075590014029546728e+04 1.003201630274355605e+00
6.075590040035617130e+04 1.002453457441358164e+00
6.075590066041687533e+04 1.026018015149543716e+00
6.075590092047757207e+04 1.010873590142934875e+00
6.075590118053827609e+04 9.963236049990599197e-01
6.075590144059898012e+04 1.008686949258430277e+00
6.075590170065967686e+04 9.856445823315915788e-01
6.075590196072038816e+04 9.988042757133512861e-01
6.075590222078108491e+04 1.003688383279010665e+00
6.075590248084178893e+04 1.007183151371878083e+00
6.075590274090249295e+04 1.009818619338702206e+00
6.075590300096318242e+04 1.011741833494144149e+00
6.075590326102388644e+04 9.975151433726505701e-01
6.075590352108459047e+04 1.008661329575265331e+00
6.075590378114529449e+04 1.015370119580951247e+00
6.075590404120599851e+04 1.006870197144495549e+00
6.075590430126669526e+04 1.002164463815385265e+00
6.075590456132739928e+04 1.005828276313174952e+00
6.075590482138810330e+04 1.013252257907154785e+00
6.075590508144880732e+04 1.004697735382625190e+00
6.075590534150951135e+04 1.005107176398440494e+00
6.075590560157020809e+04 1.023543109646600557e+00
6.075590586163091211e+04 1.007429991054630936e+00
6.075590612169160886e+04 1.009418242462917226e+00
6.075590638175230561e+04 9.992083176324132454e-01
6.075590664181300963e+04 1.023287299281932849e+00
6.075590690187371365e+04 1.001322581127771949e+00
6.075590716193441767e+04 1.024073286574208819e+00
6.075590742199512169e+04 1.011153152620882789e+00
6.075590768205581844e+04 1.006615876172314961e+00
6.075590794211652246e+04 1.017458059814726257e+00
6.075590820217722649e+04 1.015174739589030928e+00
6.075590846223793051e+04 1.019081783678279285e+00
6.075590872229863453e+04 1.011315710205421325e+00
6.075590898235933128e+04 1.010261798137527922e+00
6.075590924242003530e+04 1.018375846628984505e+00
6.075590950248073932e+04 1.003683795962570846e+00
6.075591106051386305e+04 1.000640689286549145e+00
6.075591132057445793e+04 1.006454687531844527e+00
6.075591158063505281e+04 9.969071164400400420e-01
6.075591184069564770e+04 1.018252679224274759e+00
6.075591210075624258e+04 9.990456956730194849e-01
6.075591236081683746e+04 1.002087402534016736e+00
6.075591262087743235e+04 9.904632413855437578e-01
6.075591288093802723e+04 1.012860521162862959e+00
6.075591314099862211e+04 1.005265212720195755e+00
6.075591340105922427e+04 9.976684068156198570e-01
6.075591366111981915e+04 9.934626208180302731e-01
6.075591392118041404e+04 1.022816348445000356e+00
6.075591418124100892e+04 1.009562440231238867e+00
6.075591444130160380e+04 1.005032203179913042e+00
6.075591470136219868e+04 1.008345384447665305e+00
6.075591496142279357e+04 1.021226264670152206e+00
6.075591522148338845e+04 1.007474336101108259e+00
6.075591548154399061e+04 9.933776918570993431e-01
6.075591574160458549e+04 1.014312620961758782e+00
6.075591600166518037e+04 1.006294403472536958e+00
6.075591626172577526e+04 1.004333005987636307e+00
6.075591652178637742e+04 1.002972909771006060e+00
6.075591678184697230e+04 1.003631451194562541e+00
6.075591704190756718e+04 1.007361831286315290e+00
6.075591730196816206e+04 1.022513586123073637e+00
6.075591756202875695e+04 1.024371321085235653e+00
6.075591782208935183e+04 1.006941402049138068e+00
6.075591808214994671e+04 1.016856824867762521e+00
6.075591834221054160e+04 1.008842124350573410e+00
6.075591860227113648e+04 1.024262187128295309e+00
6.075591886233173136e+04 1.026355521718140595e+00
6.075591912239232624e+04 9.986736230780520751e-01
6.075591938245292840e+04 1.010543203376180088e+00
6.075591964251352329e+04 1.008784475392267899e+00
6.075591990257411817e+04 1.000894192714554265e+00
6.075592016263471305e+04 1.024230613577748139e+00
6.075592042269530793e+04 9.932221961421884293e-01
6.075592068275590282e+04 1.006267476395546367e+00
6.075592094281649770e+04 9.820329293401156567e-01
6.075592120287709986e+04 1.005381967748435690e+00
6.075592146293769474e+04 1.025077247017495807e+00
6.075592172299828962e+04 1.003176768321812462e+00
6.075592198305888451e+04 1.003954669225386231e+00
6.075592224311948667e+04 1.024219178362880012e+00
6.075592250318008155e+04 1.003316607398579530e+00
6.075592276324067643e+04 1.004566832797794129e+00
6.075592302330127131e+04 1.000736422399959746e+00
6.075592328336186620e+04 9.806400698898865009e-01
6.075592354342246108e+04 1.025712443290887288e+00
6.075592380348305596e+04 9.975692203083447174e-01
6.075592406354365812e+04 1.019334910010933459e+00
6.075592432360425300e+04 1.009280959927610244e+00
6.075592458366484789e+04 1.008498639468375035e+00
6.075592484372544277e+04 1.010485051707500803e+00
6.075592510378604493e+04 9.961677386413940738e-01
6.075592536384663981e+04 9.850409537582173192e-01
6.075592562390723469e+04 1.003798229150779209e+00
6.075592588396782958e+04 1.004193190877221475e+00
6.075592614402842446e+04 1.001042308494815680e+00
6.075592640408901934e+04 1.006431034946534187e+00
6.075592666414961423e+04 1.010496172299874429e+00
6.075592692421020911e+04 1.005746017820719151e+00
6.075592718427081127e+04 1.003716286000266633e+00
6.075592744433140615e+04 1.008714691448005629e+00
6.075592770439200103e+04 1.016640899859460712e+00
6.075592796445260319e+04 1.008628461123075137e+00
6.075592822451319807e+04 1.009838129900391124e+00
6.075592848457379296e+04 1.010525676146208474e+00
6.075592874463438784e+04 1.004557314855484274e+00
6.075592900469498272e+04 1.008683258093098445e+00
6.075592926475557761e+04 1.026099525537108814e+00
6.075592952481617249e+04 1.008281022039556607e+00
6.075592978487676737e+04 9.845094613830073227e-01
6.075593004493736953e+04 1.001365237089051563e+00
6.075593030499796441e+04 1.014679740715897172e+00
6.075593056505855930e+04 1.009293990775727012e+00
6.075593082511916145e+04 1.014744691020098122e+00
6.075593108517975634e+04 1.013968480358016233e+00
6.075593134524035122e+04 1.012524373823422641e+00
6.075593160530094610e+04 1.021754659059579184e+00
6.075593186536154099e+04 1.002065984547401589e+00
6.075593212542213587e+04 9.990006601726966196e-01
6.075593238548273075e+04 1.002742099146540111e+00
6.075593264554332563e+04 9.982425117778970236e-01
6.075593290560392779e+04 1.008914192508382435e+00
6.075593316566452268e+04 1.013430050122436032e+00
6.075593342572511756e+04 1.014296724588797938e+00
6.075593368578571244e+04 1.003886008279929465e+00
6.075593394584631460e+04 9.945249013775588898e-01
6.075593420590690948e+04 1.018369075797269874e+00
6.075593446596750437e+04 9.889088174929077102e-01
6.075593472602809925e+04 1.006694605553307698e+00
6.075593498608869413e+04 9.842842641345695975e-01
6.075593524614928901e+04 9.942884783930641124e-01
6.075593550620988390e+04 1.013971394188048158e+00
6.075593576627048606e+04 9.919950606686449568e-01
6.075593602633108094e+04 9.971389282125214804e-01
6.075593628639167582e+04 1.009761100851133353e+00
6.075593654645227070e+04 1.003070866276083439e+00
6.075593680651287286e+04 9.976232665719553250e-01
6.075593706657346775e+04 1.003949960878236070e+00
6.075593732663406263e+04 9.895363632776534857e-01
6.075593758669465751e+04 1.007766739542102163e+00
6.075593784675525239e+04 1.017932584458825396e+00
6.075593810681584728e+04 9.997175793616926986e-01
6.075593836687644216e+04 1.018642393959264814e+00
6.075593862693704432e+04 9.968425218075056549e-01
6.075593888699763920e+04 9.839498093993493955e-01
6.075593914705823408e+04 1.015883737510304696e+00
6.075593940711883624e+04 9.971092040837847836e-01
6.075594106598430517e+04 9.954575893689343591e-01
6.075594132604500919e+04 1.014909113947672470e+00
6.075594158610571321e+04 9.971091302389983868e-01
6.075594184616640996e+04 1.006341486021981702e+00
6.075594210622711398e+04 9.936229607781336126e-01
6.075594236628781800e+04 1.002191253952531280e+00
6.075594262634852203e+04 9.887465709905683964e-01
6.075594288640922605e+04 9.939973967622417472e-01
6.075594314646992279e+04 1.007128091687416571e+00
6.075594340653063409e+04 9.931179837527615017e-01
6.075594366659133811e+04 1.019870297793825653e+00
6.075594392665203486e+04 9.902839549683349896e-01
6.075594418671273888e+04 9.950487017018658786e-01
6.075594444677344291e+04 9.818410081740264195e-01
6.075594470683414693e+04 1.000310424943409160e+00
6.075594496689485095e+04 9.874670308914855754e-01
6.075594522695554770e+04 9.891111943510780824e-01
6.075594548701625172e+04 9.900364441308235897e-01
6.075594574707695574e+04 1.000414830751435113e+00
6.075594600713765976e+04 9.931551244456960914e-01
6.075594626719836378e+04 9.966617846652899848e-01
6.075594652725906053e+04 9.968876554824930292e-01
6.075594678731976455e+04 9.932859091765177117e-01
6.075594704738046858e+04 1.007741144262012334e+00
6.075594730744116532e+04 1.000363507952406472e+00
6.075594756750187662e+04 9.924629856660802663e-01
6.075594782756257337e+04 1.000907648101013292e+00
6.075594808762328466e+04 9.975243790043303305e-01
6.075594834768398869e+04 1.016794455274681042e+00
6.075594860774468543e+04 9.995058786986031896e-01
6.075594886780538945e+04 9.832638465441639886e-01
6.075594912786609348e+04 9.939156587818319677e-01
6.075594938792679750e+04 9.985299979977426688e-01
6.075594964798750152e+04 1.014161762171641445e+00
6.075594990804819827e+04 1.012924250818846073e+00
6.075595016810890229e+04 9.856803957579225450e-01
6.075595042816960631e+04 9.840337473655659251e-01
6.075595068823031033e+04 9.943505211775498509e-01
6.075595094829101436e+04 1.003565381606063678e+00
6.075595120835171110e+04 1.000727533397120395e+00
6.075595146841241512e+04 9.992236643301443122e-01
6.075595172847312642e+04 1.020272316720624239e+00
6.075595198853382317e+04 1.011971976076928126e+00
6.075595224859452719e+04 1.013151374932024007e+00
6.075595250865523121e+04 1.003392166493947357e+00
6.075595276871593524e+04 9.937732570000412657e-01
6.075595302877663926e+04 1.001826236413142723e+00
6.075595328883733600e+04 1.002779607130144912e+00
6.075595354889804003e+04 9.895069610626558987e-01
6.075595380895874405e+04 9.906725024946685387e-01
6.075595406901944807e+04 9.962803724357289781e-01
6.075595432908015209e+04 9.917882206448784821e-01
6.075595458914084884e+04 9.941532551954305186e-01
6.075595484920156014e+04 9.798254416735664440e-01
6.075595510926226416e+04 9.990582333731121700e-01
6.075595536932296091e+04 9.999983220393344752e-01
6.075595562938366493e+04 1.006240949646967753e+00
6.075595588944436895e+04 1.012231581056466378e+00
6.075595614950507297e+04 9.955261211037691460e-01
6.075595640956577699e+04 1.006948449445650207e+00
6.075595666962647374e+04 9.871057674208286725e-01
6.075595692968717776e+04 1.006744378005648866e+00
6.075595718974788178e+04 9.964385786785273647e-01
6.075595744980858581e+04 9.990055166841552703e-01
6.075595770986929710e+04 1.004536454239267407e+00
6.075595796992999385e+04 9.810107565360624005e-01
6.075595822999069787e+04 9.982377814632872326e-01
6.075595849005140190e+04 9.980690247716716978e-01
6.075595875011209864e+04 1.009967443682208366e+00
6.075595901017280994e+04 1.001205199899396048e+00
6.075595927023350669e+04 9.858489990382510726e-01
6.075595953029421071e+04 1.005848213139541203e+00
6.075595979035491473e+04 9.922096699821297827e-01
6.075596005041561148e+04 9.965967520453737905e-01
6.075596031047632277e+04 1.015537901356114547e+00
6.075596057053702680e+04 1.024047818156885947e+00
6.075596083059773082e+04 1.017313061580971567e+00
6.075596109065843484e+04 9.861967215707684309e-01
6.075596135071913159e+04 1.007096897805232594e+00
6.075596161077983561e+04 9.961744013640164708e-01
6.075596187084053963e+04 1.000728638926989378e+00
6.075596213090124365e+04 1.002454524925611601e+00
6.075596239096194768e+04 9.932694984853717157e-01
6.075596265102265170e+04 1.004649310839795362e+00
6.075596291108335572e+04 9.981070146749880800e-01
6.075596317114405974e+04 9.852953486646041092e-01
6.075596343120475649e+04 9.935965642850621560e-01
6.075596369126546051e+04 1.010949181071445269e+00
6.075596395132616453e+04 1.001850194772265779e+00
6.075596421138686856e+04 9.901287946073251689e-01
6.075596447144757258e+04 9.858493231739495766e-01
6.075596473150827660e+04 1.008853870253721308e+00
6.075596499156898062e+04 9.982561636963109830e-01
6.075596525162968464e+04 9.970530340505605604e-01
6.075596551169038867e+04 1.000997821426043100e+00
6.075596577175109269e+04 9.935447106996980748e-01
6.075596603181178943e+04 9.966115009840937899e-01
6.075596629187249346e+04 9.921274796922213701e-01
6.075596655193319748e+04 1.003114922041758783e+00
6.075596681199390150e+04 9.899256777773532967e-01
6.075596707205460552e+04 9.843915203531293789e-01
6.075596733211530955e+04 9.945707509640614452e-01
6.075596759217601357e+04 1.007339535353273918e+00
6.075596785223671759e+04 1.010120073937066598e+00
6.075596811229741434e+04 9.872630313142750635e-01
6.075596837235811836e+04 1.009367687804894498e+00
6.075596863241882238e+04 1.007038134690346753e+00
6.075596889247953368e+04 9.876495785626746571e-01
6.075596915254023770e+04 9.883304534070014302e-01
6.075596941260093445e+04 1.005603599894605571e+00
6.075597102105359954e+04 1.005052149198177869e+00
6.075597128111420170e+04 1.008440389707516260e+00
6.075597154117479658e+04 9.850157932212985079e-01
6.075597180123539147e+04 1.010820770811473368e+00
6.075597206129598635e+04 1.005130830845145651e+00
6.075597232135658123e+04 9.970212396668364230e-01
6.075597258141718339e+04 1.004602020462277645e+00
6.075597284147777827e+04 1.004495556082435792e+00
6.075597310153837316e+04 1.004825505758816240e+00
6.075597336159897532e+04 1.012654736610718587e+00
6.075597362165957020e+04 1.011835723718561342e+00
6.075597388172016508e+04 1.003041189750019546e+00
6.075597414178077452e+04 1.003882671753976608e+00
6.075597440184136940e+04 9.938773582281569263e-01
6.075597466190196428e+04 1.000286118072946984e+00
6.075597492196255916e+04 9.811476111184546101e-01
6.075597518202315405e+04 1.005174672423776228e+00
6.075597544208374893e+04 9.991500874982046643e-01
6.075597570214434381e+04 1.011263169160825148e+00
6.075597596220494597e+04 1.015917262636974794e+00
6.075597622226554813e+04 1.011123232322978627e+00
6.075597648232614301e+04 1.001741295192656089e+00
6.075597674238673790e+04 1.001562769473927972e+00
6.075597700244734006e+04 1.005497643577222711e+00
6.075597726250793494e+04 9.826851918457725210e-01
6.075597752256853710e+04 1.017646061294952942e+00
6.075597778262913198e+04 1.000303345229147434e+00
6.075597804268972686e+04 1.011209254171479666e+00
6.075597830275032175e+04 1.004733312147767288e+00
6.075597856281091663e+04 1.003750125613980027e+00
6.075597882287151151e+04 1.009405032117487888e+00
6.075597908293212095e+04 9.820398778478608426e-01
6.075597934299271583e+04 1.006296051633119859e+00
6.075597960305331071e+04 1.012596430431747629e+00
6.075597986311390559e+04 1.013514402010545101e+00
6.075598012317450775e+04 1.013877211567316472e+00
6.075598038323510264e+04 9.944002892980811081e-01
6.075598064329570479e+04 9.902373109828586095e-01
6.075598090335629968e+04 9.988206822903097359e-01
6.075598116341689456e+04 9.929054328339992352e-01
6.075598142347748944e+04 1.004046227083847276e+00
6.075598168353808433e+04 1.009061889149180935e+00
6.075598194359869376e+04 1.020173376199891901e+00
6.075598220365928864e+04 1.004819035254279402e+00
6.075598246371988353e+04 1.003895237616957425e+00
6.075598272378047841e+04 1.007850026801422771e+00
6.075598298384108057e+04 1.002397053885480060e+00
6.075598324390167545e+04 1.000258466442149219e+00
6.075598350396227761e+04 9.915374867806573400e-01
6.075598376402287249e+04 1.011380485794866058e+00
6.075598402408346738e+04 1.003762736852357396e+00
6.075598428414406226e+04 1.014667120837178471e+00
6.075598454420465714e+04 9.938446377284030353e-01
6.075598480426526658e+04 1.012103633653947066e+00
6.075598506432586146e+04 1.004287177187439761e+00
6.075598532438645634e+04 1.007592966194885475e+00
6.075598558444705122e+04 1.006687995405916247e+00
6.075598584450765338e+04 1.003403762783642961e+00
6.075598610456825554e+04 1.000503263960701661e+00
6.075598636462885042e+04 1.000386621775712026e+00
6.075598662468944531e+04 1.019417093087218618e+00
6.075598688475004019e+04 1.019688238440026762e+00
6.075598714481063507e+04 1.012656963750368844e+00
6.075598740487123723e+04 1.024486757903232403e+00
6.075598766493183211e+04 1.009752580989059956e+00
6.075598792499243427e+04 1.008199356513942879e+00
6.075598818505302916e+04 9.979653239443866397e-01
6.075598844511362404e+04 1.010361062043068525e+00
6.075598870517423347e+04 9.995699248078839805e-01
6.075598896523482836e+04 9.978895696614398236e-01
6.075598922529542324e+04 1.014750103465817288e+00
6.075598948535601812e+04 1.020378612447264022e+00
6.075598974541661300e+04 1.005272157308565673e+00
6.075599000547721516e+04 1.010648776804664362e+00
6.075599026553781005e+04 1.016652867511972147e+00
6.075599052559840493e+04 1.012289630739261481e+00
6.075599078565900709e+04 9.936786788297924389e-01
6.075599104571960197e+04 1.026681683262220091e+00
6.075599130578020413e+04 1.008313396916113769e+00
6.075599156584080629e+04 1.008408463279935052e+00
6.075599182590140117e+04 9.978492406726560127e-01
6.075599208596199605e+04 9.977492664024918412e-01
6.075599234602259094e+04 1.004770287900887071e+00
6.075599260608319310e+04 1.006284975340297372e+00
6.075599286614378798e+04 1.014349695212135360e+00
6.075599312620438286e+04 9.957786829898628289e-01
6.075599338626497774e+04 1.006576555316949229e+00
6.075599364632558718e+04 1.004815971355260462e+00
6.075599390638618206e+04 1.004802267114390135e+00
6.075599416644677694e+04 1.010509070629308948e+00
6.075599442650737910e+04 1.011472355566487291e+00
6.075599468656797399e+04 1.004863108102342251e+00
6.075599494662857614e+04 1.026893613806426409e+00
6.075599520668917103e+04 9.964857549126368008e-01
6.075599546674976591e+04 9.988978567197354108e-01
6.075599572681036079e+04 1.009871894384364532e+00
6.075599598687096295e+04 9.969109318597830782e-01
6.075599624693155783e+04 1.011755879165392225e+00
6.075599650699215999e+04 1.001083413435823743e+00
6.075599676705275488e+04 9.931995957010005815e-01
6.075599702711334976e+04 1.017909551466124274e+00
6.075599728717395192e+04 1.004075187379316336e+00
6.075599754723455408e+04 9.990198511665083769e-01
6.075599780729514896e+04 1.015089289488282587e+00
6.075599806735574384e+04 1.000636188776105939e+00
6.075599832741634600e+04 1.019183433000473427e+00
6.075599858747694088e+04 1.013268882991559039e+00
6.075599884753753577e+04 1.007441479145231522e+00
6.075599910759813065e+04 1.023021929390296680e+00
6.075599936765874008e+04 1.014018753665903771e+00
6.075600091310295102e+04 9.963812653884290826e-01
6.075600117316365504e+04 9.915409977286253618e-01
6.075600143322435179e+04 1.007525669859826056e+00
6.075600169328505581e+04 9.973403100904852936e-01
6.075600195334576711e+04 1.009995295085355682e+00
6.075600221340647113e+04 1.016017276909118694e+00
6.075600247346717515e+04 1.002323181055607026e+00
6.075600273352787190e+04 1.005538776887058061e+00
6.075600299358858319e+04 1.010865327254791612e+00
6.075600325364928722e+04 1.022725272784555495e+00
6.075600351370998396e+04 1.007602375970946484e+00
6.075600377377069526e+04 9.958181156116362454e-01
6.075600403383139928e+04 1.025514202821190768e+00
6.075600429389210331e+04 9.948205986611141638e-01
6.075600455395280733e+04 1.002470962449272918e+00
6.075600481401350407e+04 1.017042254929635403e+00
6.075600507407421537e+04 1.020503789479338730e+00
6.075600533413491939e+04 1.015097171449281577e+00
6.075600559419562342e+04 1.012606918970369696e+00
6.075600585425632744e+04 9.945582797124429275e-01
6.075600611431703146e+04 1.019086199492645894e+00
6.075600637437773548e+04 1.025805003120409786e+00
6.075600663443843951e+04 1.005377784939889274e+00
6.075600689449914353e+04 1.005735552818493250e+00
6.075600715455985483e+04 1.010504561770338317e+00
6.075600741462055157e+04 1.005392079790621507e+00
6.075600767468125559e+04 1.019048293041890263e+00
6.075600793474195962e+04 1.007863556544289940e+00
6.075600819480266364e+04 1.007616438293221339e+00
6.075600845486336766e+04 9.973996300035156137e-01
6.075600871492407168e+04 1.020987669629347838e+00
6.075600897498478298e+04 1.007506441723845292e+00
6.075600923504548700e+04 1.017805154722542404e+00
6.075600949510618375e+04 1.016939734432948939e+00
6.075600975516688777e+04 9.900070234038240713e-01
6.075601001522759907e+04 1.012424109263721173e+00
6.075601027528830309e+04 9.982521927386617255e-01
6.075601053534900711e+04 1.008667932128400668e+00
6.075601079540970386e+04 1.017055570764606953e+00
6.075601105547041516e+04 1.009815430709065875e+00
6.075601131553111918e+04 9.805128773692070032e-01
6.075601157559181593e+04 1.012162720978493358e+00
6.075601183565252722e+04 1.014512447255372818e+00
6.075601209571323125e+04 1.015202903305287618e+00
6.075601235577393527e+04 1.002548639963374510e+00
6.075601261583463929e+04 1.000246311960181433e+00
6.075601287589534331e+04 1.001567937816435938e+00
6.075601313595604734e+04 1.001767397749351973e+00
6.075601339601675136e+04 9.965640152473691504e-01
6.075601365607746266e+04 1.018888483472024209e+00
6.075601391613816668e+04 9.997374710968653932e-01
6.075601417619886342e+04 1.010917505454698162e+00
6.075601443625956745e+04 1.015310067384866288e+00
6.075601469632027874e+04 1.014958145927960187e+00
6.075601495638097549e+04 1.011707074438304099e+00
6.075601521644168679e+04 1.001158404447624717e+00
6.075601547650239081e+04 1.019206792533835060e+00
6.075601573656309483e+04 1.003932238539902100e+00
6.075601599662379886e+04 1.007890715900010337e+00
6.075601625668450288e+04 1.029705441018986756e+00
6.075601651674520690e+04 1.007383150654927562e+00
6.075601677680591092e+04 1.022301579159645701e+00
6.075601703686661494e+04 1.004053068677919880e+00
6.075601729692732624e+04 1.008392292265069656e+00
6.075601755698802299e+04 1.005784910727897330e+00
6.075601781704872701e+04 9.949357788916366463e-01
6.075601807710943831e+04 1.001389092851179496e+00
6.075601833717014233e+04 1.015965125004004266e+00
6.075601859723084635e+04 1.014731592008845107e+00
6.075601885729155038e+04 1.017780703698225153e+00
6.075601911735225440e+04 9.949069912690268191e-01
6.075601937741295842e+04 9.925516388985338168e-01
6.075601963747365517e+04 1.002927245016185021e+00
6.075601989753436646e+04 9.933383008394014446e-01
6.075602015759507049e+04 1.005091477351102602e+00
6.075602041765577451e+04 1.002302791489782630e+00
6.075602067771648581e+04 1.023081193327740612e+00
6.075602093777718255e+04 1.003303977337608677e+00
6.075602119783788658e+04 9.878405509686987163e-01
6.075602145789859787e+04 1.004348586684895350e+00
6.075602171795930190e+04 9.953850170763858252e-01
6.075602197802000592e+04 1.002752749852617864e+00
6.075602223808070994e+04 1.013918852292499784e+00
6.075602249814141396e+04 1.016135524392279610e+00
6.075602275820211798e+04 1.008894005587972709e+00
6.075602301826282201e+04 1.002227738819071901e+00
6.075602327832352603e+04 9.966752098707112317e-01
6.075602353838423005e+04 9.983678570823026899e-01
6.075602379844494135e+04 1.001750734211523941e+00
6.075602405850564537e+04 9.975773054871412970e-01
6.075602431856634212e+04 1.008585299148107017e+00
6.075602457862704614e+04 1.003780130479206223e+00
6.075602483868775744e+04 1.010809016494689683e+00
6.075602509874846146e+04 1.013419430475964944e+00
6.075602535880916548e+04 1.006685823695877335e+00
6.075602561886986950e+04 1.006333422972770508e+00
6.075602587893057353e+04 9.902871086763695985e-01
6.075602613899127755e+04 1.002772762023170561e+00
6.075602639905198885e+04 9.910270170924093680e-01
6.075602665911269287e+04 9.866519311522957691e-01
6.075602691917338962e+04 1.002277515118368489e+00
6.075602717923410091e+04 9.945207877746142788e-01
6.075602743929480494e+04 1.021338533334670950e+00
6.075602769935550168e+04 1.005763840976683365e+00
6.075602795941621298e+04 1.007670106837823321e+00
6.075602821947691700e+04 1.002393587488799920e+00
6.075602847953762102e+04 9.900378952350104012e-01
6.075602873959833232e+04 1.009725437595368147e+00
6.075602899965902907e+04 1.007663615991776673e+00
6.075602925971973309e+04 1.002205020115791712e+00
6.075603093119423283e+04 9.842411060390535704e-01
6.075603119125482772e+04 9.975698615020668347e-01
6.075603145131542988e+04 1.009809947035996913e+00
6.075603171137602476e+04 1.010000512510238702e+00
6.075603197143662692e+04 9.921363479289764253e-01
6.075603223149722908e+04 1.008688566064539271e+00
6.075603249155782396e+04 1.005198324739884352e+00
6.075603275161842612e+04 1.008230279320979861e+00
6.075603301167902100e+04 1.000580024855095562e+00
6.075603327173962316e+04 1.003264229455510081e+00
6.075603353180022532e+04 9.917983061306567816e-01
6.075603379186082020e+04 1.000334041878267799e+00
6.075603405192141508e+04 9.954560855025353927e-01
6.075603431198201724e+04 1.006196790487005943e+00
6.075603457204261213e+04 9.809299936212482196e-01
6.075603483210320701e+04 9.803227780102427014e-01
6.075603509216381644e+04 9.992651149919462572e-01
6.075603535222441133e+04 9.911009192033350956e-01
6.075603561228501349e+04 1.008245152033883540e+00
6.075603587234560837e+04 9.801576684027193398e-01
6.075603613240621053e+04 9.829125076983958875e-01
6.075603639246681269e+04 9.990048040956162057e-01
6.075603665252740757e+04 1.003056641063370558e+00
6.075603691258800245e+04 1.008565957773887689e+00
6.075603717264860461e+04 9.913687153380392747e-01
6.075603743270919949e+04 1.017497721229875696e+00
6.075603769276979438e+04 9.951139011833860515e-01
6.075603795283040381e+04 9.843196324789454943e-01
6.075603821289099869e+04 1.000085989071444637e+00
6.075603847295160085e+04 9.944339753678637095e-01
6.075603873301219573e+04 9.934751209741979894e-01
6.075603899307279789e+04 9.989040845545806846e-01
6.075603925313340005e+04 9.948079309060080533e-01
6.075603951319399494e+04 9.953289616186401512e-01
6.075603977325458982e+04 1.000247999263067733e+00
6.075604003331519198e+04 9.967779811004175983e-01
6.075604029337578686e+04 1.015567816797999567e+00
6.075604055343638902e+04 1.003858807394886199e+00
6.075604081349698390e+04 1.007410477574568919e+00
6.075604107355758606e+04 1.009131546851102401e+00
6.075604133361818822e+04 1.009090170513756268e+00
6.075604159367878310e+04 1.006481516408399557e+00
6.075604185373938526e+04 9.776804229687530157e-01
6.075604211379998742e+04 1.003657347071342798e+00
6.075604237386058230e+04 1.002115336373507137e+00
6.075604263392118446e+04 1.005882419738446387e+00
6.075604289398177934e+04 1.001353086582361440e+00
6.075604315404237423e+04 1.008630252626680823e+00
6.075604341410297639e+04 1.004240101195319701e+00
6.075604367416357127e+04 9.907215570140337491e-01
6.075604393422418070e+04 9.957901193677962670e-01
6.075604419428477559e+04 9.825928147329807683e-01
6.075604445434537047e+04 9.923842511843679048e-01
6.075604471440597990e+04 9.921010169610269269e-01
6.075604497446657479e+04 1.003414658162304463e+00
6.075604523452717694e+04 1.013035384433940589e+00
6.075604549458777183e+04 1.008339184667919053e+00
6.075604575464836671e+04 1.003039307338549957e+00
6.075604601470896887e+04 1.009840103868206551e+00
6.075604627476956375e+04 1.000719566069040223e+00
6.075604653483016591e+04 1.011164936246482959e+00
6.075604679489076807e+04 9.746262413828452598e-01
6.075604705495136295e+04 9.996965340105262721e-01
6.075604731501196511e+04 9.959007528199744774e-01
6.075604757507256727e+04 1.002386956719518940e+00
6.075604783513316943e+04 9.993752768612210735e-01
6.075604809519376431e+04 9.923009780845898353e-01
6.075604835525435919e+04 1.006915943386708534e+00
6.075604861531496135e+04 1.011395469869436958e+00
6.075604887537555624e+04 9.936516605643860300e-01
6.075604913543615839e+04 9.857775108286069843e-01
6.075604939549675328e+04 1.004902216473933629e+00
6.075604965555735544e+04 9.922749963896380088e-01
6.075604991561795759e+04 9.815954681048284503e-01
6.075605017567855248e+04 1.002569049748210706e+00
6.075605043573915464e+04 1.010557780766465186e+00
6.075605069579975680e+04 9.948854623138826403e-01
6.075605095586035168e+04 9.962849190715261649e-01
6.075605121592095384e+04 9.938758864226602263e-01
6.075605147598154872e+04 1.021825502668069596e+00
6.075605173604215088e+04 1.005295324170297544e+00
6.075605199610274576e+04 1.013447090191862632e+00
6.075605225616334792e+04 1.018159862412300498e+00
6.075605251622395008e+04 1.003426722538859783e+00
6.075605277628454496e+04 9.859203019941150670e-01
6.075605303634514712e+04 9.927185802329885345e-01
6.075605329640574200e+04 1.007290640194838049e+00
6.075605355646635144e+04 1.006462993699062114e+00
6.075605381652694632e+04 9.873575197771217171e-01
6.075605407658754848e+04 9.961681112175332364e-01
6.075605433664814336e+04 9.940917352683704689e-01
6.075605459670873825e+04 1.012770160610759751e+00
6.075605485676934040e+04 9.922001793967847316e-01
6.075605511682993529e+04 1.011896260925213120e+00
6.075605537689054472e+04 9.958060341995806919e-01
6.075605563695113960e+04 1.015847272680076907e+00
6.075605589701174176e+04 9.846742896568951853e-01
6.075605615707233665e+04 1.004388849317997101e+00
6.075605641713293880e+04 1.002738949371584365e+00
6.075605667719354096e+04 9.911478484001159384e-01
6.075605693725413585e+04 9.968213617712511354e-01
6.075605719731473800e+04 9.920892263620286755e-01
6.075605745737533289e+04 1.009648009173458094e+00
6.075605771743593505e+04 1.009313077854158580e+00
6.075605797749652993e+04 1.005884011699610170e+00
6.075605823755713209e+04 1.011558085720808631e+00
6.075605849761773425e+04 9.921397889637709744e-01
6.075605875767832913e+04 9.771784021016547417e-01
6.075605901773893129e+04 1.008103718732018317e+00
6.075605927779953345e+04 9.898101421252079035e-01
6.075606082322710427e+04 1.001145457454771348e+00
6.075606108328780829e+04 9.996217482368883189e-01
6.075606134334851231e+04 9.916477324188711640e-01
6.075606160340922361e+04 1.007464891197481283e+00
6.075606186346992035e+04 1.013546526220208577e+00
6.075606212353063165e+04 1.003092809891358295e+00
6.075606238359133567e+04 1.004418909296893370e+00
6.075606264365204697e+04 1.005278623680247563e+00
6.075606290371275099e+04 1.010502002012353628e+00
6.075606316377345502e+04 1.015583653142071885e+00
6.075606342383415904e+04 1.019521696425604862e+00
6.075606368389486306e+04 1.009098877815555850e+00
6.075606394395557436e+04 1.005153146005318909e+00
6.075606420401627838e+04 1.015562940895746724e+00
6.075606446407698240e+04 9.980814452377745338e-01
6.075606472413768643e+04 1.006837325844708309e+00
6.075606498419839772e+04 1.003031684513459032e+00
6.075606524425910175e+04 1.003629890656073220e+00
6.075606550431981304e+04 9.888463397403428612e-01
6.075606576438050979e+04 1.000040609965764826e+00
6.075606602444122109e+04 1.016836763123360798e+00
6.075606628450192511e+04 1.008049408315162321e+00
6.075606654456262913e+04 1.006698001982283319e+00
6.075606680462333316e+04 1.007936220537578587e+00
6.075606706468404445e+04 9.898074643879747336e-01
6.075606732474474848e+04 1.002069876773903134e+00
6.075606758480545250e+04 1.001852669648399585e+00
6.075606784486615652e+04 9.905906445146384076e-01
6.075606810492686054e+04 1.002034329541489743e+00
6.075606836498757184e+04 1.015055197928625086e+00
6.075606862504827586e+04 1.014550721008344647e+00
6.075606888510898716e+04 9.912158875922485457e-01
6.075606914516968391e+04 1.008993224722753324e+00
6.075606940523039520e+04 1.008148225930007191e+00
6.075606966529109923e+04 1.007078064956716368e+00
6.075606992535180325e+04 1.021398480730665304e+00
6.075607018541250727e+04 9.902881032927410843e-01
6.075607044547321857e+04 1.009993198194995223e+00
6.075607070553392259e+04 1.007775593103976908e+00
6.075607096559463389e+04 1.001075154040428572e+00
6.075607122565533064e+04 1.005983867120102682e+00
6.075607148571604193e+04 1.000322472604571855e+00
6.075607174577674596e+04 9.996829799731034027e-01
6.075607200583745725e+04 1.010506403675003329e+00
6.075607226589816128e+04 1.016220972087686247e+00
6.075607252595886530e+04 1.013858210530781845e+00
6.075607278601956932e+04 1.010934105631476898e+00
6.075607304608028062e+04 1.012213604974853798e+00
6.075607330614097737e+04 1.012210521186771128e+00
6.075607356620169594e+04 1.013342123198381017e+00
6.075607382626239269e+04 1.004570988069631854e+00
6.075607408632310398e+04 9.922858727295595926e-01
6.075607434638380801e+04 1.022423232345894828e+00
6.075607460644451203e+04 9.979064025882163902e-01
6.075607486650521605e+04 1.002430168884394845e+00
6.075607512656592735e+04 9.984557771206079568e-01
6.075607538662663137e+04 1.007472640294229338e+00
6.075607564668734267e+04 9.951521661715502232e-01
6.075607590674803942e+04 1.009905472054752007e+00
6.075607616680875071e+04 1.032178350859253024e+00
6.075607642686945474e+04 1.012239579844185444e+00
6.075607668693016603e+04 1.001840613086673493e+00
6.075607694699087006e+04 1.001632376498097887e+00
6.075607720705157408e+04 1.010830746138925651e+00
6.075607746711227810e+04 1.008890522679002144e+00
6.075607772717298940e+04 1.011335810245917566e+00
6.075607798723368614e+04 1.023207187404068019e+00
6.075607824729439744e+04 9.983802634959797473e-01
6.075607850735510146e+04 9.962000041997847166e-01
6.075607876741581276e+04 9.988156245079508055e-01
6.075607902747651679e+04 1.009374029416115315e+00
6.075607928753722081e+04 1.010106426128652979e+00
6.075607954759792483e+04 1.001921910418222650e+00
6.075607980765863613e+04 1.021234654066906167e+00
6.075608006771934015e+04 1.001408246482164976e+00
6.075608032778005145e+04 1.019305015701370998e+00
6.075608058784074819e+04 1.027599665091199155e+00
6.075608084790145949e+04 1.018202783394963840e+00
6.075608110796216351e+04 1.023976501199168831e+00
6.075608136802286754e+04 1.015873873461995647e+00
6.075608162808357156e+04 1.008081905092889752e+00
6.075608188814428286e+04 1.026822012116953564e+00
6.075608214820498688e+04 1.016424754887836679e+00
6.075608240826569818e+04 1.003060162310639658e+00
6.075608266832639492e+04 1.012072141529550162e+00
6.075608292838710622e+04 9.973794293963633706e-01
6.075608318844781024e+04 1.013447802285756705e+00
6.075608344850852154e+04 1.012067783804963872e+00
6.075608370856922556e+04 1.009328046540586277e+00
6.075608396862992959e+04 1.012670739672632658e+00
6.075608422869064088e+04 9.968859114749352157e-01
6.075608448875134491e+04 1.025598336132713229e+00
6.075608474881204893e+04 1.018075925921585467e+00
6.075608500887276023e+04 9.922700029645966646e-01
6.075608526893346425e+04 9.981191633319353995e-01
6.075608552899416827e+04 1.021091546179071941e+00
6.075608578905487957e+04 1.004374641451332373e+00
6.075608604911557632e+04 1.021461733003870886e+00
6.075608630917628761e+04 1.007050626176189123e+00
6.075608656923699164e+04 9.996412762982679334e-01
6.075608682929770293e+04 1.000773100142988925e+00
6.075608708935840696e+04 1.014704417856668650e+00
6.075608734941911098e+04 9.972302859234961625e-01
6.075608760947981500e+04 1.013058113054660092e+00
6.075608786954052630e+04 9.988572903227289634e-01
6.075608812960123760e+04 1.013324110783834664e+00
6.075608838966194162e+04 9.982257598635851936e-01
6.075608864972264564e+04 9.977925890722250113e-01
6.075608890978334966e+04 9.757865030473343859e-01
6.075608916984406096e+04 1.015157030644415315e+00
6.075609076569380704e+04 1.001705379256716100e+00
6.075609102575441648e+04 1.010746494661061590e+00
6.075609128581501136e+04 1.023958428257670583e+00
6.075609154587561352e+04 1.013820615155821780e+00
6.075609180593621568e+04 1.023135090002506464e+00
6.075609206599681784e+04 9.991380557793776429e-01
6.075609232605741272e+04 1.026749563673524435e+00
6.075609258611801488e+04 1.007473060153439404e+00
6.075609284617860976e+04 1.006847369117551905e+00
6.075609310623921192e+04 9.879809927396437930e-01
6.075609336629981408e+04 1.014825361788106894e+00
6.075609362636040896e+04 1.000977232906316239e+00
6.075609388642101840e+04 1.018359415426913994e+00
6.075609414648161328e+04 1.009403589026072412e+00
6.075609440654221544e+04 1.014011177829696742e+00
6.075609466660281760e+04 9.989153560265319198e-01
6.075609492666341976e+04 1.004423615899495914e+00
6.075609518672402191e+04 1.014656606841561226e+00
6.075609544678461680e+04 1.011638725889788093e+00
6.075609570684521896e+04 1.017038433088506277e+00
6.075609596690581384e+04 1.013313894290168715e+00
6.075609622696641600e+04 1.003775912167982787e+00
6.075609648702701088e+04 1.000848359528772935e+00
6.075609674708762032e+04 1.017246012041999936e+00
6.075609700714822247e+04 1.010308662885863962e+00
6.075609726720881736e+04 1.014893685160057624e+00
6.075609752726942679e+04 1.007835689589954731e+00
6.075609778733002167e+04 1.011881958971137196e+00
6.075609804739062383e+04 1.005800320456532448e+00
6.075609830745121872e+04 1.003221475739468849e+00
6.075609856751182087e+04 9.853132136624336290e-01
6.075609882757242303e+04 1.005541536126139723e+00
6.075609908763301792e+04 1.015779541925439400e+00
6.075609934769362008e+04 1.014031126299655305e+00
6.075609960775422223e+04 1.015465979768721105e+00
6.075609986781482439e+04 1.008827060425330435e+00
6.075610012787541928e+04 9.970349378904035387e-01
6.075610038793602143e+04 1.008189160343065049e+00
6.075610064799663087e+04 1.000095847590149578e+00
6.075610090805722575e+04 1.012596120881402495e+00
6.075610116811782791e+04 1.000423270556733080e+00
6.075610142817842279e+04 1.007634174011680317e+00
6.075610168823902495e+04 9.978541567180748695e-01
6.075610194829962711e+04 9.958878032043800843e-01
6.075610220836022199e+04 1.018533468198197456e+00
6.075610246842083143e+04 1.007683014299785462e+00
6.075610272848142631e+04 1.018408101146641043e+00
6.075610298854202847e+04 1.008186412285505984e+00
6.075610324860263063e+04 1.004441422543803641e+00
6.075610350866323279e+04 1.026457254065941793e+00
6.075610376872383495e+04 1.005827131013758757e+00
6.075610402878442983e+04 1.000424956917448371e+00
6.075610428884503199e+04 1.014648481575599837e+00
6.075610454890563415e+04 1.012512660945422471e+00
6.075610480896622903e+04 1.021424444523543862e+00
6.075610506902683119e+04 1.004314371544475337e+00
6.075610532908743335e+04 1.002017706325214030e+00
6.075610558914803551e+04 1.020712122538069089e+00
6.075610584920863766e+04 1.016815764540951239e+00
6.075610610926923255e+04 9.929293060346423561e-01
6.075610636932984198e+04 1.004611345252788057e+00
6.075610662939043686e+04 9.887019857853189819e-01
6.075610688945103902e+04 1.009864590092537817e+00
6.075610714951164118e+04 9.962197198928040009e-01
6.075610740957223607e+04 1.016873166607314527e+00
6.075610766963283822e+04 1.014845255476002572e+00
6.075610792969343311e+04 1.004638714614490835e+00
6.075610818975403527e+04 9.964172305426725051e-01
6.075610844981464470e+04 9.878224654804126370e-01
6.075610870987523958e+04 1.004410714038008301e+00
6.075610896993584174e+04 1.011726920275477726e+00
6.075610922999644390e+04 9.967293625496996823e-01
6.075610949005704606e+04 1.007053529985602269e+00
6.075610975011764822e+04 1.020091344104934405e+00
6.075611001017824310e+04 9.947963654190700167e-01
6.075611027023884526e+04 9.983238212784955046e-01
6.075611053029944742e+04 1.000178266747764333e+00
6.075611079036004230e+04 1.002799108795472183e+00
6.075611105042064446e+04 9.934670233148004126e-01
6.075611131048124662e+04 1.002273875184915397e+00
6.075611157054184878e+04 9.924331489811710760e-01
6.075611183060245094e+04 9.814814683694103037e-01
6.075611209066305310e+04 9.989650064080535241e-01
6.075611235072365525e+04 1.009865813409101420e+00
6.075611261078425741e+04 1.000534175136814641e+00
6.075611287084485230e+04 9.874820560746252474e-01
6.075611313090545445e+04 9.934705660824592055e-01
6.075611339096604934e+04 1.007018006083142625e+00
6.075611365102665150e+04 1.009504643230599408e+00
6.075611391108725365e+04 1.009799939970452698e+00
6.075611417114785581e+04 1.008687328702341457e+00
6.075611443120845797e+04 1.000760466988240172e+00
6.075611469126906013e+04 9.982872999597436348e-01
6.075611495132966229e+04 9.798643251246327290e-01
6.075611521139026445e+04 1.013830510147698094e+00
6.075611547145085933e+04 9.864339930649289601e-01
6.075611573151146149e+04 9.899597393857524352e-01
6.075611599157206365e+04 9.973972393254191271e-01
6.075611625163265853e+04 1.004464650179667684e+00
6.075611651169326069e+04 9.998047626999356785e-01
6.075611677175386285e+04 9.955989551477191224e-01
6.075611703181446501e+04 1.014361269965661227e+00
6.075611729187506717e+04 1.006697375271308648e+00
6.075611755193566933e+04 9.935376943269663697e-01
6.075611781199626421e+04 1.002236711439153272e+00
6.075611807205687364e+04 1.002157904707821956e+00
6.075611833211747580e+04 9.895054652221327851e-01
6.075611859217807068e+04 9.899043090832575498e-01
6.075611885223867284e+04 9.828851385022828735e-01
6.075611911229926773e+04 9.853995683399534578e-01
6.075612077117233275e+04 9.882462142448765752e-01
6.075612103123303677e+04 9.972315152792212700e-01
6.075612129129374080e+04 9.975463879666668365e-01
6.075612155135445209e+04 1.003759133054006991e+00
6.075612181141516339e+04 9.911339237849633443e-01
6.075612207147586741e+04 1.013504220478909534e+00
6.075612233153657144e+04 1.006489441359911474e+00
6.075612259159728274e+04 9.992531380880400604e-01
6.075612285165798676e+04 1.012097711813975565e+00
6.075612311171869806e+04 1.011829864902261900e+00
6.075612337177940935e+04 9.706340260406850495e-01
6.075612363184010610e+04 9.969886013017543736e-01
6.075612389190081740e+04 9.889415236040917101e-01
6.075612415196152870e+04 9.827836091847853561e-01
6.075612441202222544e+04 9.926078382809648826e-01
6.075612467208293674e+04 1.009171225598896271e+00
6.075612493214364804e+04 9.781566776243734163e-01
6.075612519220435206e+04 1.002941918167437718e+00
6.075612545226506336e+04 9.940832452548363785e-01
6.075612571232576738e+04 1.011780052218467674e+00
6.075612597238647140e+04 1.004899212760854033e+00
6.075612623244718270e+04 1.001509744736424068e+00
6.075612649250789400e+04 9.864106679316444470e-01
6.075612675256859802e+04 1.009938471582909836e+00
6.075612701262930204e+04 1.006831794605142161e+00
6.075612727269001334e+04 9.923062008014695845e-01
6.075612753275071736e+04 9.909292577985011619e-01
6.075612779281142139e+04 9.981232989235861996e-01
6.075612805287213268e+04 9.896991144718721989e-01
6.075612831293283671e+04 1.000285440202670184e+00
6.075612857299354800e+04 9.981399985186090174e-01
6.075612883305425930e+04 9.993929046187487453e-01
6.075612909311495605e+04 9.933363572681819242e-01
6.075612935317566735e+04 9.926797287524157243e-01
6.075612961323637865e+04 1.001997439189729056e+00
6.075612987329708267e+04 1.007098322965338744e+00
6.075613013335779397e+04 9.963378548415289249e-01
6.075613039341849799e+04 9.855070798375706875e-01
6.075613065347920201e+04 1.001286155184319737e+00
6.075613091353991331e+04 9.760665377081919614e-01
6.075613117360061733e+04 1.004444484171797436e+00
6.075613143366133590e+04 9.952528752616551788e-01
6.075613169372203265e+04 9.945692497737170790e-01
6.075613195378274395e+04 9.968773544082253357e-01
6.075613221384345525e+04 9.986945593525217157e-01
6.075613247390415199e+04 9.902714660816458458e-01
6.075613273396486329e+04 9.965092500450154489e-01
6.075613299402557459e+04 1.002161809243148571e+00
6.075613325408627861e+04 1.010148092667199515e+00
6.075613351414698991e+04 9.952293532673087695e-01
6.075613377420769393e+04 1.005443819114037796e+00
6.075613403426840523e+04 9.911937400980260771e-01
6.075613429432910925e+04 1.003908314700212800e+00
6.075613455438982055e+04 1.002430161167350953e+00
6.075613481445053185e+04 9.974913679214025830e-01
6.075613507451122859e+04 1.007739845210413598e+00
6.075613533457193989e+04 9.922664327950275753e-01
6.075613559463265119e+04 9.933996256911094003e-01
6.075613585469334794e+04 9.921994619478012867e-01
6.075613611475405924e+04 9.933685971441145179e-01
6.075613637481477053e+04 1.006443722513624683e+00
6.075613663487548183e+04 1.007072099159428413e+00
6.075613689493618585e+04 1.003962616414833198e+00
6.075613715499688988e+04 9.941255381649697354e-01
6.075613741505760117e+04 1.022984278323039176e+00
6.075613767511830520e+04 9.937526971400552078e-01
6.075613793517901649e+04 9.925897166829726892e-01
6.075613819523972779e+04 9.899533888352248789e-01
6.075613845530043181e+04 1.002707602054747182e+00
6.075613871536113584e+04 9.962652545872103804e-01
6.075613897542184714e+04 9.959459682534118619e-01
6.075613923548255116e+04 1.001129506193416008e+00
6.075613949554325518e+04 1.013223368773411570e+00
6.075613975560396648e+04 1.022877386986392079e+00
6.075614001566467778e+04 1.016952324900215476e+00
6.075614027572538907e+04 1.002084884741504478e+00
6.075614053578608582e+04 1.010674503982493366e+00
6.075614079584679712e+04 1.011715320792070383e+00
6.075614105590750842e+04 9.959910291034669294e-01
6.075614131596821244e+04 1.005266178188487958e+00
6.075614157602892374e+04 1.001409355983082117e+00
6.075614183608962776e+04 1.013505500528038672e+00
6.075614209615033906e+04 1.012394921239294199e+00
6.075614235621104308e+04 1.010952353480088606e+00
6.075614261627174710e+04 1.000851216707317137e+00
6.075614287633246568e+04 1.007789608913299384e+00
6.075614313639316970e+04 9.950630166878128291e-01
6.075614339645387372e+04 9.997653540893743918e-01
6.075614365651458502e+04 1.008414642847263565e+00
6.075614391657528904e+04 9.902406954414130213e-01
6.075614417663600034e+04 9.830174922314253161e-01
6.075614443669670436e+04 1.007401519202555829e+00
6.075614469675741566e+04 1.008474574892591402e+00
6.075614495681812696e+04 9.961274509821567147e-01
6.075614521687882370e+04 9.880968376999765823e-01
6.075614547693953500e+04 9.993479210035113303e-01
6.075614573700024630e+04 9.975883067398947368e-01
6.075614599706095760e+04 1.007221150633879292e+00
6.075614625712166162e+04 1.014583454200706836e+00
6.075614651718236564e+04 9.952299427501759554e-01
6.075614677724307694e+04 9.907783146638379224e-01
6.075614703730378824e+04 1.000983528741050899e+00
6.075614729736448498e+04 1.010815423362440901e+00
6.075614755742519628e+04 1.011953392204745450e+00
6.075614781748590758e+04 9.943448911178608407e-01
6.075614807754661888e+04 1.021501375786020516e+00
6.075614833760732290e+04 1.003503253307286514e+00
6.075614859766802692e+04 1.001336708854546398e+00
6.075614885772873822e+04 9.849532007202469464e-01
6.075614911778944952e+04 1.009948142420187711e+00
