6.075547523418369383e+04 9.896782372598134092e-01
6.075547549424438330e+04 9.907407617277140810e-01
6.075547575430508005e+04 9.973931251332037728e-01
6.075547601436576224e+04 9.800777294742345491e-01
6.075547627442645899e+04 9.935392018725041074e-01
6.075547653448714846e+04 9.866801893062161488e-01
6.075547679454784520e+04 9.930821506607271365e-01
6.075547705460853467e+04 9.840392362081336053e-01
6.075547731466922414e+04 9.963644815579585368e-01
6.075547757472991361e+04 9.955602411082453695e-01
6.075547783479061036e+04 9.961149554835939668e-01
6.075547809485129255e+04 9.920190010209324338e-01
6.075547835491198930e+04 9.971499859123921228e-01
6.075547861497267877e+04 9.865621105016098014e-01
6.075547887503337552e+04 9.853706891090849851e-01
6.075547913509406499e+04 9.940129430178967773e-01
6.075547939515475446e+04 9.797507039261306172e-01
6.075547965521544393e+04 9.938039520493281431e-01
6.075547991527614067e+04 9.859107857345245085e-01
6.075548017533683014e+04 9.993171964922133998e-01
6.075548043539752689e+04 9.939098559660543009e-01
6.075548069545820908e+04 1.000393980630286839e+00
6.075548095551890583e+04 1.006886033546632753e+00
6.075548121557959530e+04 9.944542673005317690e-01
6.075548147564028477e+04 9.953131396377049578e-01
6.075548173570098152e+04 9.908655607875873628e-01
6.075548199576167099e+04 9.954873642160916303e-01
6.075548225582236773e+04 9.873751496142789685e-01
6.075548251588305720e+04 9.925383425347054089e-01
6.075548277594374667e+04 9.928789956019858920e-01
6.075548303600443614e+04 9.887633562910184137e-01
6.075548329606513289e+04 1.004826109742292362e+00
6.075548355612582236e+04 9.938930064976647660e-01
6.075548381618651911e+04 9.930070121142242634e-01
6.075548407624720130e+04 9.906616148121650811e-01
6.075548433630789805e+04 9.925459370640624668e-01
6.075548459636858752e+04 9.891815224640211346e-01
6.075548485642928426e+04 9.956699291268260588e-01
6.075548511648997373e+04 9.933217357193544483e-01
6.075548537655066320e+04 9.962076911296360304e-01
6.075548563661135267e+04 9.994702277580818084e-01
6.075548589667204942e+04 9.932092972962677235e-01
6.075548615673273162e+04 9.960321217667841287e-01
6.075548641679342836e+04 9.957800568812391617e-01
6.075548667685411783e+04 1.006484637101844992e+00
6.075548693691481458e+04 9.856760679757349264e-01
6.075548719697551132e+04 9.934085538062269460e-01
6.075548745703619352e+04 9.939182301627851324e-01
6.075548771709689026e+04 1.003991539718747550e+00
6.075548797715757973e+04 9.913295856306267861e-01
6.075548823721827648e+04 1.002135777882845247e+00
6.075548849727896595e+04 9.943463775762417800e-01
6.075548875733965542e+04 9.882415401623496631e-01
6.075548901740034489e+04 1.000999749491148672e+00
6.075548927746104164e+04 9.922899400863661734e-01
6.075548953752172383e+04 9.901177741510633901e-01
6.075548979758242058e+04 9.999882080952093855e-01
6.075549005764311732e+04 9.909726577595093788e-01
6.075549031770380680e+04 1.002499634165749054e+00
6.075549057776450354e+04 9.937932139002030318e-01
6.075549083782518574e+04 9.939388318407599288e-01
6.075549109788588248e+04 9.887631277879179725e-01
6.075549135794657195e+04 9.991577661705166591e-01
6.075549161800726870e+04 9.973800164315606009e-01
6.075549187806795817e+04 9.927283000358111398e-01
6.075549213812864764e+04 1.009392804927051746e+00
6.075549239818933711e+04 9.978160959532066387e-01
6.075549265825003386e+04 9.967841609841029404e-01
6.075549291831072333e+04 9.918037586354722102e-01
6.075549317837142007e+04 9.841100468199724949e-01
6.075549343843210954e+04 9.932748284691345075e-01
6.075549369849279901e+04 1.012737867670264080e+00
6.075549395855349576e+04 9.942487296647821715e-01
6.075549421861417795e+04 9.893274196804384690e-01
6.075549447867487470e+04 9.923641687792610355e-01
6.075549473873556417e+04 9.936793524836163849e-01
6.075549499879626092e+04 9.955588146844674968e-01
6.075549525885695766e+04 9.913870522121016604e-01
6.075549551891763986e+04 1.002217615456237665e+00
6.075549577897833660e+04 1.001052126324171399e+00
6.075549603903902607e+04 1.008032591178767534e+00
6.075549629909972282e+04 9.964386711769981364e-01
6.075549655916041229e+04 1.005815514963350754e+00
6.075549681922110176e+04 9.944883082096172000e-01
6.075549707928179851e+04 9.947168798896552921e-01
6.075549733934248798e+04 9.933477326376126681e-01
6.075549759940317745e+04 1.007280777294189855e+00
6.075549785946386692e+04 1.001948637526261843e+00
6.075549811952456366e+04 1.004268251553807278e+00
6.075549837958525313e+04 1.000738269667340807e+00
6.075549863964594988e+04 1.002549459086612860e+00
6.075549889970663935e+04 1.002857078523283985e+00
6.075549915976732882e+04 1.004845479074017112e+00
6.075549941982802557e+04 1.010344578227018175e+00
6.075549967988871504e+04 1.004595342442786254e+00
6.075549993994941178e+04 1.006788509701798784e+00
6.075550020001009398e+04 1.006689645338357142e+00
6.075550046007079072e+04 1.006253850988508169e+00
6.075550072013148747e+04 1.009684827642972405e+00
6.075550098019216966e+04 1.001540043043379624e+00
6.075550124025286641e+04 9.938328870599558718e-01
6.075550150031355588e+04 1.001590622057653590e+00
6.075550176037425263e+04 9.830844233064776061e-01
6.075550202043494210e+04 9.966643601542638509e-01
6.075550228049563157e+04 9.919990189319187746e-01
6.075550254055632831e+04 1.002661573754258129e+00
6.075550280061701778e+04 1.007054195573487965e+00
6.075550306067771453e+04 1.000930502654814536e+00
6.075550332073840400e+04 1.001245621404097008e+00
6.075550358079909347e+04 9.995259689903346345e-01
6.075550513883041276e+04 9.922463911425637439e-01
6.075550539889110951e+04 1.015444457981490300e+00
6.075550565895179898e+04 9.982380644467978570e-01
6.075550591901248845e+04 1.012459769559112877e+00
6.075550617907318519e+04 1.001274670406280487e+00
6.075550643913387466e+04 1.004810917932337011e+00
6.075550669919457141e+04 1.000622773792476439e+00
6.075550695925526088e+04 1.008608602074869687e+00
6.075550721931595035e+04 1.001994862601062186e+00
6.075550747937664710e+04 1.006092219641674168e+00
6.075550773943733657e+04 1.004212504462046684e+00
6.075550799949803331e+04 1.004586293256315432e+00
6.075550825955872278e+04 1.008101372338851442e+00
6.075550851961941225e+04 1.002122617291362650e+00
6.075550877968010900e+04 1.008639020354022531e+00
6.075550903974079847e+04 9.951755699008770772e-01
6.075550929980148794e+04 9.988729849887012513e-01
6.075550955986217741e+04 1.008390160229905019e+00
6.075550981992287416e+04 9.929609732482123086e-01
6.075551007998357090e+04 9.943674738300346538e-01
6.075551034004426037e+04 9.897934221166446722e-01
6.075551060010494984e+04 1.012408908066853463e+00
6.075551086016564659e+04 9.972353937029697635e-01
6.075551112022633606e+04 1.006148356615849337e+00
6.075551138028703281e+04 1.006580051657338215e+00
6.075551164034772228e+04 1.007411509484064549e+00
6.075551190040841175e+04 1.002167726687212657e+00
6.075551216046910849e+04 9.950212534891400562e-01
6.075551242052979796e+04 1.012123934380647183e+00
6.075551268059049471e+04 1.018541876491749321e+00
6.075551294065118418e+04 1.008985022008652033e+00
6.075551320071187365e+04 1.010289367822978290e+00
6.075551346077257040e+04 9.978425930726060322e-01
6.075551372083325987e+04 1.011473688984924513e+00
6.075551398089394934e+04 9.934752592805287108e-01
6.075551424095464608e+04 1.003774565396184260e+00
6.075551450101533555e+04 1.002377280258103687e+00
6.075551476107603230e+04 1.005337886445871742e+00
6.075551502113672177e+04 1.005799543031873577e+00
6.075551528119741124e+04 1.000122470186833645e+00
6.075551554125810799e+04 1.001626869096643446e+00
6.075551580131879746e+04 9.964363265724791585e-01
6.075551606137949420e+04 9.970196936238955310e-01
6.075551632144019095e+04 1.009724465955469386e+00
6.075551658150087314e+04 1.006863830228050594e+00
6.075551684156156989e+04 9.982828013409590362e-01
6.075551710162226664e+04 9.994512727284605713e-01
6.075551736168294883e+04 1.004620870214980144e+00
6.075551762174364558e+04 1.001118726247456348e+00
6.075551788180433505e+04 1.002215965628732830e+00
6.075551814186503179e+04 1.005710271179252047e+00
6.075551840192572854e+04 9.997842855644106796e-01
6.075551866198641073e+04 1.005282932152701481e+00
6.075551892204710748e+04 1.003860123330188925e+00
6.075551918210780423e+04 1.000688958749326840e+00
6.075551944216849370e+04 9.997484914798311362e-01
6.075551970222919044e+04 1.005934762900370094e+00
6.075551996228987991e+04 9.944626085006723626e-01
6.075552022235056938e+04 1.005184180909084457e+00
6.075552048241126613e+04 1.011502054338687451e+00
6.075552074247194832e+04 9.947832551555469971e-01
6.075552100253265235e+04 9.980476992586302387e-01
6.075552126259334182e+04 1.002334948814725513e+00
6.075552152265403129e+04 9.904088534122410525e-01
6.075552178271472803e+04 1.006819811580899060e+00
6.075552204277541750e+04 1.004594149220744859e+00
6.075552230283610697e+04 9.992154337889452842e-01
6.075552256289680372e+04 1.010154670000724009e+00
6.075552282295750047e+04 9.980200007949346919e-01
6.075552308301818994e+04 1.007471166659061224e+00
6.075552334307887941e+04 1.003020969439976984e+00
6.075552360313957615e+04 1.008777243735750062e+00
6.075552386320026562e+04 1.005654843282978828e+00
6.075552412326096237e+04 9.988519015549157665e-01
6.075552438332165912e+04 1.005022485572499402e+00
6.075552464338234131e+04 1.010141512535629449e+00
6.075552490344303806e+04 1.011363809950076575e+00
6.075552516350373480e+04 1.009487123599615899e+00
6.075552542356441700e+04 9.987152352196386751e-01
6.075552568362511374e+04 1.000964056858805407e+00
6.075552594368581049e+04 1.011366561072091663e+00
6.075552620374649996e+04 1.005452768153916931e+00
6.075552646380719671e+04 1.006100436984008306e+00
6.075552672386788618e+04 1.006617166962193277e+00
6.075552698392857565e+04 1.004839151794272967e+00
6.075552724398927239e+04 1.004207984770030260e+00
6.075552750404996914e+04 1.001231478135683695e+00
6.075552776411065861e+04 1.006008733875768391e+00
6.075552802417134808e+04 1.010583418228281127e+00
6.075552828423204483e+04 1.004779021671067696e+00
6.075552854429273430e+04 1.004289428624141056e+00
6.075552880435342377e+04 1.009002432088663470e+00
6.075552906441412051e+04 9.967952717893499015e-01
6.075552932447480998e+04 1.001335413576104338e+00
6.075552958453550673e+04 9.931204893198608552e-01
6.075552984459620347e+04 1.006584259583184426e+00
6.075553010465688567e+04 1.004878054188479197e+00
6.075553036471758242e+04 1.001897166146666684e+00
6.075553062477827916e+04 9.918218275879123746e-01
6.075553088483896863e+04 9.985151098496025668e-01
6.075553114489966538e+04 9.980393345296609819e-01
6.075553140496035485e+04 1.006819289944395512e+00
6.075553166502104432e+04 9.903634711694586645e-01
6.075553192508174106e+04 1.006136639349986428e+00
6.075553218514243054e+04 1.014347912981707012e+00
6.075553244520312728e+04 1.009381650212205717e+00
6.075553270526381675e+04 1.004719677975678405e+00
6.075553296532451350e+04 9.953456151488000447e-01
6.075553322538520297e+04 1.003130506508964404e+00
6.075553348544589244e+04 9.928229171210583015e-01
6.075553503087646095e+04 9.940532635753750457e-01
6.075553529093715770e+04 9.882523471273290117e-01
6.075553555099784717e+04 1.006519707388407792e+00
6.075553581105853664e+04 1.012928655755025664e+00
6.075553607111923338e+04 1.000404945176866178e+00
6.075553633117992285e+04 9.910000636471235635e-01
6.075553659124061960e+04 9.969792349482399230e-01
6.075553685130131635e+04 9.949671243939109955e-01
6.075553711136199854e+04 1.008356251213660348e+00
6.075553737142269529e+04 9.997116706898813154e-01
6.075553763148339203e+04 9.869177270694815540e-01
6.075553789154408878e+04 9.994717413311774434e-01
6.075553815160477825e+04 1.007277314677152535e+00
6.075553841166546772e+04 9.963256750477922363e-01
6.075553867172616447e+04 9.990807551550162646e-01
6.075553893178685394e+04 9.967069947723647960e-01
6.075553919184754341e+04 9.963699771392248161e-01
6.075553945190824015e+04 1.002723835290607379e+00
6.075553971196892962e+04 1.009819348542631889e+00
6.075553997202962637e+04 1.018751870349531741e+00
6.075554023209032312e+04 9.964724412061481962e-01
6.075554049215101259e+04 9.888306761277765311e-01
6.075554075221170206e+04 9.969077968288940772e-01
6.075554101227239880e+04 1.007861469839701263e+00
6.075554127233309555e+04 1.001896875738396808e+00
6.075554153239378502e+04 9.918779896307072796e-01
6.075554179245447449e+04 9.959227160508014043e-01
6.075554205251517124e+04 1.005712625950875516e+00
6.075554231257586798e+04 9.954673609731772288e-01
6.075554257263655018e+04 1.007345961324558337e+00
6.075554283269725420e+04 9.987836105660086172e-01
6.075554309275794367e+04 1.014837369518744037e+00
6.075554335281863314e+04 1.010302170386411236e+00
6.075554361287932988e+04 1.002108424368025164e+00
6.075554387294001936e+04 9.959874906232238922e-01
6.075554413300071610e+04 1.005284046580978918e+00
6.075554439306140557e+04 9.989820468969350387e-01
6.075554465312210232e+04 1.005654704978903524e+00
6.075554491318279906e+04 1.001267449716322977e+00
6.075554517324348853e+04 9.897593459255186188e-01
6.075554543330417800e+04 9.914054024292209277e-01
6.075554569336487475e+04 9.943658443736183017e-01
6.075554595342557150e+04 9.972650459534866396e-01
6.075554621348626097e+04 9.955743581478011528e-01
6.075554647354695044e+04 1.003799262302953910e+00
6.075554673360764718e+04 1.016624053909599201e+00
6.075554699366834393e+04 9.888245327896166836e-01
6.075554725372902612e+04 1.006156389673807938e+00
6.075554751378972287e+04 1.006230300478711204e+00
6.075554777385041962e+04 1.001798870272592179e+00
6.075554803391111636e+04 1.005284685429231217e+00
6.075554829397180583e+04 9.991710421567262523e-01
6.075554855403249530e+04 1.005664554718132653e+00
6.075554881409319205e+04 1.011866818932983358e+00
6.075554907415388152e+04 9.991607205877101050e-01
6.075554933421457827e+04 9.980030048115067220e-01
6.075554959427527501e+04 9.994782645663464749e-01
6.075554985433596448e+04 1.002555618109055802e+00
6.075555011439665395e+04 1.003674478885793198e+00
6.075555037445735070e+04 9.886605516664531690e-01
6.075555063451804017e+04 1.005433047607426467e+00
6.075555089457873692e+04 1.005528161177108970e+00
6.075555115463942639e+04 9.994354744420308467e-01
6.075555141470012313e+04 1.004091121287437938e+00
6.075555167476081988e+04 1.003819299564934653e+00
6.075555193482150935e+04 9.985299321289341501e-01
6.075555219488219882e+04 1.006042192530760548e+00
6.075555245494289557e+04 9.989066475323837846e-01
6.075555271500359231e+04 9.999460640706104853e-01
6.075555297506428906e+04 1.002908016103597255e+00
6.075555323512497125e+04 1.000426514677441370e+00
6.075555349518566800e+04 9.984464622292671399e-01
6.075555375524636474e+04 9.897514852772660854e-01
6.075555401530705421e+04 1.002361804450536686e+00
6.075555427536775096e+04 9.989775443813849742e-01
6.075555453542844043e+04 9.976091424865967117e-01
6.075555479548913718e+04 9.886105614905835726e-01
6.075555505554983392e+04 9.987324614304177173e-01
6.075555531561051612e+04 9.887666785367954514e-01
6.075555557567121286e+04 9.971767287029913440e-01
6.075555583573190961e+04 9.995466338258808259e-01
6.075555609579260636e+04 9.984927986132808853e-01
6.075555635585329583e+04 9.891729516217414586e-01
6.075555661591398530e+04 9.997428424951785297e-01
6.075555687597468204e+04 9.976476641467836304e-01
6.075555713603537879e+04 1.005959237725730704e+00
6.075555739609607554e+04 9.875640488036768749e-01
6.075555765615676501e+04 9.883223134334692128e-01
6.075555791621745448e+04 9.840600224162148191e-01
6.075555817627815122e+04 1.001645697506352128e+00
6.075555843633884797e+04 1.001938411721588817e+00
6.075555869639953016e+04 1.003031832454913230e+00
6.075555895646022691e+04 9.989137640110881122e-01
6.075555921652092366e+04 1.000602703238044899e+00
6.075555947658162040e+04 1.000258416311919474e+00
6.075555973664230987e+04 1.013498068008469088e+00
6.075555999670299934e+04 9.963868919398912727e-01
6.075556025676369609e+04 9.989629343169887932e-01
6.075556051682439283e+04 1.008200505087007981e+00
6.075556077688508958e+04 9.863492745611815993e-01
6.075556103694577905e+04 9.939796552820333586e-01
6.075556129700646852e+04 1.003358105910542308e+00
6.075556155706716527e+04 1.009051380797193920e+00
6.075556181712786201e+04 9.943570288959306946e-01
6.075556207718854421e+04 1.000303688986910133e+00
6.075556233724924095e+04 9.926335285814772424e-01
6.075556259730993770e+04 1.002874643469042759e+00
6.075556285737063445e+04 1.000616583138060456e+00
6.075556311743133119e+04 1.003136040904968329e+00
6.075556337749201339e+04 9.847638689163934478e-01
6.075556504896522529e+04 9.938140921424056806e-01
6.075556530902591476e+04 1.009344416352399687e+00
6.075556556908661150e+04 9.954705127155534239e-01
6.075556582914730097e+04 1.000987100975736288e+00
6.075556608920799772e+04 1.008058914816062801e+00
6.075556634926869447e+04 9.919501950409786994e-01
6.075556660932938394e+04 9.992142658359181029e-01
6.075556686939008068e+04 1.005587647280171026e+00
6.075556712945077015e+04 1.005761211998515536e+00
6.075556738951146690e+04 9.813887554882956277e-01
6.075556764957216365e+04 1.000805199649073440e+00
6.075556790963285312e+04 9.976925558154144946e-01
6.075556816969354986e+04 9.836832962351018672e-01
6.075556842975423933e+04 1.005088497799311975e+00
6.075556868981492880e+04 9.884140544374193649e-01
6.075556894987563282e+04 1.005082097065178370e+00
6.075556920993632230e+04 9.912432091742791052e-01
6.075556946999701904e+04 9.929911267298469069e-01
6.075556973005770851e+04 9.960291361380622099e-01
6.075556999011839798e+04 1.002335803398043179e+00
6.075557025017909473e+04 1.003932694204392240e+00
6.075557051023979147e+04 1.003883569833615041e+00
6.075557077030048822e+04 9.962416887139377009e-01
6.075557103036117769e+04 1.005587362808087581e+00
6.075557129042186716e+04 9.960130798310546929e-01
6.075557155048256391e+04 1.001794420806709551e+00
6.075557181054326065e+04 9.956376806816032987e-01
6.075557207060395740e+04 9.996798509623032736e-01
6.075557233066464687e+04 9.946391982014073374e-01
6.075557259072533634e+04 9.971964839767533118e-01
6.075557285078603309e+04 9.901803009854042159e-01
6.075557311084672983e+04 9.897136276935571964e-01
6.075557337090741930e+04 9.982351795865090915e-01
6.075557363096811605e+04 1.011098731850831767e+00
6.075557389102880552e+04 9.936537495327295577e-01
6.075557415108950227e+04 9.989273148456361273e-01
6.075557441115019901e+04 1.000289309499292845e+00
6.075557467121088848e+04 1.000997913952734963e+00
6.075557493127158523e+04 1.013029545925270281e+00
6.075557519133227470e+04 1.002875705476114154e+00
6.075557545139297144e+04 9.996344463148632009e-01
6.075557571145366819e+04 1.001167657134289124e+00
6.075557597151435766e+04 9.827194406920027880e-01
6.075557623157505441e+04 9.995006665944509150e-01
6.075557649163575115e+04 9.994136222199950792e-01
6.075557675169643335e+04 1.004908213904470271e+00
6.075557701175713009e+04 9.987533743767184058e-01
6.075557727181782684e+04 9.981040315341059843e-01
6.075557753187852359e+04 9.967787191128137936e-01
6.075557779193922033e+04 1.003168941503140843e+00
6.075557805199990980e+04 1.005351220560117609e+00
6.075557831206059927e+04 9.988482690113055229e-01
6.075557857212129602e+04 9.904445163834695309e-01
6.075557883218199277e+04 9.924804669021712877e-01
6.075557909224268951e+04 1.002521362768657998e+00
6.075557935230337898e+04 1.004202220559634817e+00
6.075557961236407573e+04 1.008544639305604118e+00
6.075557987242476520e+04 1.005481890517448962e+00
6.075558013248546195e+04 1.003665121156425366e+00
6.075558039254615869e+04 9.908655898824112462e-01
6.075558065260684816e+04 1.001926459911490097e+00
6.075558091266754491e+04 9.994962779233693695e-01
6.075558117272824165e+04 9.911660243810452853e-01
6.075558143278892385e+04 9.989592972873739818e-01
6.075558169284962059e+04 9.963384422240559868e-01
6.075558195291031734e+04 1.002655703101712037e+00
6.075558221297101409e+04 9.983013894915142572e-01
6.075558247303171083e+04 9.986179623109919801e-01
6.075558273309240030e+04 1.007420696617798761e+00
6.075558299315309705e+04 1.008001542006511597e+00
6.075558325321378652e+04 9.991139872686050083e-01
6.075558351327448327e+04 9.969245891504270318e-01
6.075558377333518001e+04 1.001878420898572930e+00
6.075558403339586948e+04 9.972864209360767784e-01
6.075558429345656623e+04 9.978041703707541954e-01
6.075558455351726298e+04 1.001639765897475609e+00
6.075558481357794517e+04 1.005897527969313421e+00
6.075558507363864192e+04 1.013650931159354673e+00
6.075558533369933866e+04 1.003529582450967572e+00
6.075558559376003541e+04 1.007461603027942632e+00
6.075558585382073215e+04 9.996793278997760934e-01
6.075558611388142162e+04 1.007825606177234379e+00
6.075558637394211837e+04 1.001897219423346419e+00
6.075558663400280784e+04 1.011268140011338357e+00
6.075558689406350459e+04 9.954493936117835284e-01
6.075558715412420133e+04 1.006978632428100040e+00
6.075558741418489080e+04 1.003440231513578862e+00
6.075558767424558755e+04 1.004248973766831421e+00
6.075558793430628430e+04 1.003985552944590243e+00
6.075558819436697377e+04 1.011909608772988634e+00
6.075558845442767051e+04 1.010270951484618207e+00
6.075558871448835998e+04 9.943006666268308091e-01
6.075558897454905673e+04 1.009127071227921890e+00
6.075558923460975348e+04 9.999795636047060787e-01
6.075558949467044295e+04 1.000754423249411440e+00
6.075558975473113969e+04 9.884971154781974079e-01
6.075559001479183644e+04 9.996765226661626924e-01
6.075559027485253318e+04 9.978438116818917347e-01
6.075559053491322265e+04 1.011137306207727793e+00
6.075559079497391212e+04 1.012440035176359832e+00
6.075559105503460887e+04 1.014956780721508967e+00
6.075559131509530562e+04 9.962269520444684279e-01
6.075559157515600236e+04 1.013621864926278260e+00
6.075559183521669911e+04 1.001507063709190293e+00
6.075559209527738858e+04 1.006046033851460297e+00
6.075559235533808533e+04 1.008495054783981937e+00
6.075559261539877480e+04 1.001831586735275392e+00
6.075559287545946427e+04 1.005997962053618133e+00
6.075559313552016101e+04 1.003432352746082223e+00
6.075559339558085776e+04 1.009278685639595441e+00
6.075559494101491873e+04 1.012427855808101462e+00
6.075559520107561548e+04 1.018498975015480035e+00
6.075559546113631222e+04 1.007733268588402842e+00
6.075559572119700897e+04 1.016302724489871467e+00
6.075559598125769844e+04 1.002939050569825907e+00
6.075559624131839519e+04 1.004683798327609345e+00
6.075559650137908466e+04 1.019611719879196077e+00
6.075559676143977413e+04 1.004446764123215985e+00
6.075559702150047087e+04 1.011170152879762529e+00
6.075559728156116762e+04 1.000324671303094881e+00
6.075559754162186437e+04 1.010392709014811041e+00
6.075559780168256111e+04 1.003577829795191390e+00
6.075559806174325058e+04 1.003304551034113645e+00
6.075559832180394733e+04 1.002989084231090233e+00
6.075559858186464407e+04 1.022759134259990432e+00
6.075559884192533355e+04 1.003909070759049893e+00
6.075559910198603029e+04 1.016546393906673895e+00
6.075559936204671976e+04 1.001054074405501426e+00
6.075559962210741651e+04 1.006308464584077633e+00
6.075559988216811325e+04 1.002866240546391285e+00
6.075560014222880272e+04 1.005284472975468635e+00
6.075560040228950675e+04 1.002373311816632695e+00
6.075560066235019622e+04 1.010327269298100905e+00
6.075560092241089296e+04 1.007119029944637978e+00
6.075560118247158971e+04 1.011504955597007704e+00
6.075560144253227918e+04 1.010112108024470601e+00
6.075560170259296865e+04 1.003011474046525908e+00
6.075560196265366540e+04 1.016079547541888006e+00
6.075560222271436214e+04 1.001635975719119109e+00
6.075560248277505889e+04 1.002125754805510471e+00
6.075560274283574836e+04 1.015216303929893815e+00
6.075560300289644510e+04 1.006557522420011397e+00
6.075560326295714185e+04 1.008782360889234342e+00
6.075560352301783860e+04 1.011221035940308655e+00
6.075560378307853534e+04 9.982819473046321557e-01
6.075560404313922481e+04 9.965084001625326149e-01
6.075560430319992156e+04 1.013614400228677104e+00
6.075560456326061831e+04 1.006677238654474449e+00
6.075560482332130050e+04 1.003781929277012930e+00
6.075560508338199725e+04 1.008726510926777342e+00
6.075560534344269399e+04 1.011927988661116551e+00
6.075560560350339074e+04 1.010089714254520654e+00
6.075560586356408749e+04 1.007587951290036088e+00
6.075560612362477696e+04 1.009938549844093592e+00
6.075560638368547370e+04 1.010073343990809391e+00
6.075560664374617045e+04 1.008060467699550600e+00
6.075560690380686719e+04 1.008352536841645497e+00
6.075560716386756394e+04 1.008356635909829713e+00
6.075560742392825341e+04 1.010523752610161585e+00
6.075560768398895016e+04 1.012443519708110085e+00
6.075560794404964690e+04 1.007079125767261329e+00
6.075560820411032910e+04 1.011917423433662089e+00
6.075560846417102584e+04 1.014264760155872303e+00
6.075560872423172259e+04 1.006342476900485172e+00
6.075560898429241934e+04 9.953636978767126386e-01
6.075560924435311608e+04 1.009396051853628462e+00
6.075560950441380555e+04 1.002317344504425778e+00
6.075560976447450230e+04 1.010051158998175103e+00
6.075561002453519905e+04 1.004541118347783035e+00
6.075561028459589579e+04 1.015947832385391436e+00
6.075561054465659254e+04 1.020947826639805989e+00
6.075561080471728201e+04 1.001238847719240654e+00
6.075561106477797875e+04 1.004270475368321813e+00
6.075561132483867550e+04 1.028586733978952061e+00
6.075561158489937225e+04 9.910185850727256662e-01
6.075561184496006899e+04 1.004951410078545493e+00
6.075561210502075846e+04 1.004463708033408009e+00
6.075561236508144793e+04 1.007058340658846474e+00
6.075561262514214468e+04 1.013369931713255401e+00
6.075561288520283415e+04 1.011935988308816370e+00
6.075561314526353090e+04 1.000616932052805330e+00
6.075561340532422764e+04 1.005730039942657195e+00
6.075561366538492439e+04 9.969149266204406779e-01
6.075561392544562113e+04 1.002369273864734955e+00
6.075561418550631060e+04 1.003910324020639067e+00
6.075561444556700735e+04 9.997074561871852616e-01
6.075561470562770410e+04 1.012783959269191181e+00
6.075561496568840084e+04 1.005832525647630371e+00
6.075561522574909759e+04 1.006008095436129013e+00
6.075561548580978706e+04 1.006328248986578577e+00
6.075561574587048381e+04 1.003352997924727541e+00
6.075561600593118055e+04 9.997838280694525404e-01
6.075561626599187002e+04 1.010129013426844136e+00
6.075561652605256677e+04 1.006339150326985399e+00
6.075561678611326352e+04 1.003080713325574136e+00
6.075561704617396026e+04 1.001857639590950200e+00
6.075561730623465701e+04 1.003612600974704394e+00
6.075561756629534648e+04 1.002880854743587458e+00
6.075561782635604322e+04 1.008059952406096027e+00
6.075561808641673269e+04 1.012325900429146719e+00
6.075561834647742944e+04 1.001881115685981927e+00
6.075561860653812619e+04 1.008771513826760335e+00
6.075561886659881566e+04 1.010875162671247995e+00
6.075561912665951240e+04 1.001919785012545194e+00
6.075561938672020915e+04 1.008502845600654840e+00
6.075561964678089862e+04 1.010397867764995183e+00
6.075561990684160264e+04 1.001007744908074981e+00
6.075562016690229211e+04 9.981049043649478092e-01
6.075562042696298886e+04 1.006192597047270709e+00
6.075562068702368560e+04 9.986843191246370655e-01
6.075562094708437508e+04 9.993603887129733909e-01
6.075562120714507182e+04 9.927766717941232111e-01
6.075562146720576857e+04 1.008576547149645730e+00
6.075562172726646531e+04 1.022250964044865373e+00
6.075562198732716206e+04 1.011214901300715452e+00
6.075562224738785153e+04 9.944137513472470769e-01
6.075562250744854828e+04 1.036459067520259625e+00
6.075562276750924502e+04 1.011382136685691657e+00
6.075562302756994177e+04 1.006541397252635806e+00
6.075562328763063852e+04 1.001394483974527905e+00
6.075562490904599690e+04 1.001415877077758587e+00
6.075562516909990518e+04 9.972705665213051907e-01
6.075562542915379890e+04 1.001589084095064530e+00
6.075562568920769263e+04 9.997473082558500090e-01
6.075562594926160091e+04 1.010363302329125190e+00
6.075562620931549463e+04 9.972392883540043274e-01
6.075562646936939564e+04 9.938630613826121563e-01
6.075562672942329664e+04 9.979995911968095879e-01
6.075562698947719036e+04 1.002517042434803329e+00
6.075562724953109864e+04 1.002304039805042235e+00
6.075562750958499237e+04 9.974755805157793365e-01
6.075562776963889337e+04 1.003122467020758357e+00
6.075562802969280165e+04 9.937897515783357116e-01
6.075562828974669537e+04 1.005176356665688830e+00
6.075562854980059637e+04 1.000250772761479556e+00
6.075562880985449738e+04 9.911086152721475528e-01
6.075562906990839110e+04 1.003361293328922210e+00
6.075562932996229938e+04 1.000909160559691147e+00
6.075562959001619311e+04 9.957634451110208840e-01
6.075562985007009411e+04 9.962510287257543284e-01
6.075563011012399511e+04 1.000988713944837905e+00
6.075563037017788884e+04 9.975989630573804945e-01
6.075563063023179711e+04 9.995941491519655386e-01
6.075563089028569084e+04 9.969266128132194815e-01
6.075563115033958456e+04 1.007061927250950228e+00
6.075563141039349284e+04 1.009531998053698088e+00
6.075563167044738657e+04 9.980626550264584118e-01
6.075563193050128757e+04 9.987267799473787955e-01
6.075563219055518857e+04 9.912025817178948817e-01
6.075563245060908230e+04 9.938824149602799585e-01
6.075563271066299058e+04 9.895610013767546231e-01
6.075563297071688430e+04 1.000082396402802498e+00
6.075563323077078530e+04 9.968107707588336197e-01
6.075563349082468631e+04 9.867694382610836534e-01
6.075563375087858003e+04 1.001617545837177659e+00
6.075563401093248831e+04 1.002035124189513571e+00
6.075563427098638203e+04 9.899401620114312017e-01
6.075563453104027576e+04 9.949618311389896164e-01
6.075563479109418404e+04 1.004319147886790331e+00
6.075563505114807776e+04 9.895438353302457024e-01
6.075563531120197877e+04 9.980030158238232252e-01
6.075563557125588704e+04 1.000686098083204190e+00
6.075563583130978077e+04 9.956742615874507596e-01
6.075563609136368905e+04 9.922259933367972851e-01
6.075563635141758277e+04 9.954916132901909798e-01
6.075563661147148377e+04 9.943313829447582020e-01
6.075563687152538478e+04 9.910329067654267687e-01
6.075563713157927850e+04 9.956991882557942874e-01
6.075563739163318678e+04 9.866417727866172438e-01
6.075563765168708051e+04 9.967016812449946972e-01
6.075563791174097423e+04 1.002259977599428531e+00
6.075563817179488251e+04 1.006418060398218239e+00
6.075563843184877624e+04 9.929912351749234922e-01
6.075563869190267724e+04 1.007452037225066821e+00
6.075563895195657824e+04 9.934035182296674371e-01
6.075563921201047197e+04 1.003455056152278368e+00
6.075563947206438024e+04 9.968641532015806161e-01
6.075563973211827397e+04 1.004564641612191167e+00
6.075563999217217497e+04 1.002716151793104249e+00
6.075564025222608325e+04 9.901612092340733584e-01
6.075564051227997697e+04 9.927445248753559159e-01
6.075564077233388525e+04 9.946575288713113139e-01
6.075564103238777898e+04 1.003067878703392424e+00
6.075564129244167270e+04 1.002358132033943416e+00
6.075564155249558098e+04 9.976771459967735955e-01
6.075564181254947471e+04 1.001573177681088112e+00
6.075564207260337571e+04 9.991908365327698549e-01
6.075564233265727671e+04 9.910605311695229735e-01
6.075564259271117044e+04 9.881343983958611465e-01
6.075564285276507871e+04 9.963788364808242592e-01
6.075564311281897244e+04 9.877572577704351042e-01
6.075564337287286617e+04 1.005526609867982257e+00
6.075564363292677444e+04 1.014290996212890317e+00
6.075564389298066817e+04 1.001774055001996677e+00
6.075564415303458372e+04 1.000272284013973279e+00
6.075564441308847745e+04 9.960471351961441844e-01
6.075564467314237118e+04 9.955674008041727197e-01
6.075564493319627945e+04 1.015204539677602380e+00
6.075564519325017318e+04 9.928642093791071321e-01
6.075564545330407418e+04 9.910265424557935798e-01
6.075564571335797518e+04 9.815879449006564839e-01
6.075564597341186891e+04 9.923357536812894564e-01
6.075564623346577719e+04 9.817800464467875132e-01
6.075564649351967091e+04 1.001632834813426243e+00
6.075564675357356464e+04 9.975232169405795490e-01
6.075564701362747292e+04 9.910829793901881901e-01
6.075564727368136664e+04 9.912102958902938576e-01
6.075564753373527492e+04 1.003339030794725861e+00
6.075564779378917592e+04 9.880564624096033199e-01
6.075564805384306965e+04 1.004029425998682390e+00
6.075564831389697792e+04 1.004621416900834729e+00
6.075564857395087165e+04 1.005800913991506063e+00
6.075564883400477265e+04 9.860887391965114102e-01
6.075564909405867365e+04 9.976369859840250598e-01
6.075564935411256738e+04 1.005202492062722941e+00
6.075564961416647566e+04 1.001605977093132926e+00
6.075564987422036938e+04 9.951888668376421831e-01
6.075565013427426311e+04 1.011220075890368664e+00
6.075565039432817866e+04 9.998073917658419907e-01
6.075565065438207239e+04 9.948296770301094938e-01
6.075565091443597339e+04 9.945732231999747652e-01
6.075565117448987439e+04 9.993391388505639128e-01
6.075565143454376812e+04 9.995597008385047610e-01
6.075565169459767640e+04 9.885448845547323282e-01
6.075565195465157012e+04 9.962254155127284738e-01
6.075565221470547112e+04 9.996263673468934741e-01
6.075565247475937213e+04 1.002454517326644590e+00
6.075565273481326585e+04 9.966955191950329640e-01
6.075565299486718141e+04 1.007992352350271181e+00
6.075565325492107513e+04 1.004859634209392949e+00
6.075565492676799477e+04 9.923415441504552792e-01
6.075565518682868424e+04 9.973396156801256351e-01
6.075565544688938098e+04 9.926044185844008494e-01
6.075565570695007773e+04 9.976719962583817658e-01
6.075565596701077448e+04 9.993929169397660628e-01
6.075565622707147122e+04 1.005015380290351201e+00
6.075565648713216069e+04 9.963951053506007183e-01
6.075565674719285744e+04 9.905699189429323370e-01
6.075565700725356146e+04 9.890176834127226702e-01
6.075565726731425821e+04 1.011291940520936405e+00
6.075565752737495495e+04 9.971515545735250008e-01
6.075565778743564442e+04 1.002302290114195804e+00
6.075565804749634117e+04 9.935851640987519717e-01
6.075565830755703792e+04 1.005875590219603488e+00
6.075565856761772739e+04 1.009182734910579082e+00
6.075565882767842413e+04 1.003989037020064812e+00
6.075565908773912088e+04 9.940089543079092538e-01
6.075565934779981762e+04 1.007914434316393937e+00
6.075565960786051437e+04 1.001507483383027086e+00
6.075565986792121112e+04 1.002702185937708990e+00
6.075566012798190786e+04 1.008832981535233264e+00
6.075566038804260461e+04 9.902696434164279804e-01
6.075566064810330136e+04 9.930709862689808265e-01
6.075566090816399810e+04 9.967920071829748929e-01
6.075566116822468757e+04 1.027722162568730280e+00
6.075566142828538432e+04 9.958770292634819832e-01
6.075566168834608106e+04 9.926250134223054689e-01
6.075566194840677781e+04 9.989333020969130006e-01
6.075566220846748183e+04 9.909202336258478017e-01
6.075566246852817130e+04 9.992377342491299830e-01
6.075566272858886805e+04 1.004661161005459435e+00
6.075566298864956480e+04 1.003965968443334855e+00
6.075566324871025427e+04 9.790384485897036804e-01
6.075566350877095101e+04 9.902357659506536569e-01
6.075566376883164776e+04 9.919908102779403380e-01
6.075566402889234450e+04 1.002256467168095355e+00
6.075566428895304125e+04 1.003872313235153912e+00
6.075566454901373800e+04 1.000172511114344909e+00
6.075566480907443474e+04 1.005963135348866277e+00
6.075566506913513149e+04 9.930939489826461353e-01
6.075566532919582824e+04 1.001310949800174432e+00
6.075566558925652498e+04 1.012952563199424505e+00
6.075566584931721445e+04 1.009049545576475859e+00
6.075566610937791120e+04 1.001757318574717948e+00
6.075566636943860794e+04 9.961376767740488525e-01
6.075566662949930469e+04 1.008377994833529190e+00
6.075566688956000144e+04 1.012008648511593556e+00
6.075566714962069818e+04 1.008839328927923829e+00
6.075566740968139493e+04 9.979070220204194763e-01
6.075566766974209168e+04 1.000540782019206265e+00
6.075566792980278115e+04 9.996043069037915396e-01
6.075566818986347789e+04 9.950593436573349493e-01
6.075566844992417464e+04 9.994700508684505325e-01
6.075566870998487866e+04 1.012449897854640124e+00
6.075566897004557541e+04 1.009958268498493794e+00
6.075566923010626488e+04 1.006311586550457715e+00
6.075566949016696162e+04 1.001516117023404817e+00
6.075566975022765837e+04 9.972029013567309530e-01
6.075567001028834784e+04 1.001739465786057215e+00
6.075567027034905186e+04 1.009133226461516486e+00
6.075567053040974133e+04 1.001408997373303800e+00
6.075567079047044535e+04 9.929531607828910866e-01
6.075567105053114210e+04 1.009171245185437993e+00
6.075567131059183157e+04 1.009502074305530739e+00
6.075567157065252832e+04 1.005161824951458671e+00
6.075567183071322506e+04 1.010488740850802980e+00
6.075567209077392181e+04 9.987356358537298195e-01
6.075567235083461856e+04 1.007996373604261198e+00
6.075567261089531530e+04 1.005404234846372535e+00
6.075567287095601205e+04 1.005993846154800364e+00
6.075567313101670879e+04 1.010796061018698788e+00
6.075567339107740554e+04 1.003134890009449665e+00
6.075567365113810229e+04 1.007135062890499810e+00
6.075567391119879176e+04 1.007063620283955796e+00
6.075567417125948850e+04 9.996715584115509756e-01
6.075567443132019253e+04 9.938938528633028957e-01
6.075567469138088200e+04 9.915224401097789686e-01
6.075567495144157874e+04 1.005852030090430560e+00
6.075567521150227549e+04 1.005567936081095404e+00
6.075567547156297223e+04 1.000021113768634340e+00
6.075567573162366898e+04 9.939658448498647214e-01
6.075567599168436573e+04 1.011538962743258718e+00
6.075567625174506247e+04 1.005431597634980800e+00
6.075567651180575922e+04 1.001588382042258640e+00
6.075567677186645597e+04 1.007832215274447885e+00
6.075567703192715271e+04 1.013130835154835818e+00
6.075567729198784218e+04 1.004476340122893774e+00
6.075567755204853893e+04 1.011867642492072061e+00
6.075567781210924295e+04 1.000087629087039520e+00
6.075567807216993242e+04 1.009474463978789149e+00
6.075567833223062917e+04 1.005872440137664192e+00
6.075567859229132591e+04 1.009719326728821809e+00
6.075567885235202266e+04 1.017049285212516363e+00
6.075567911241271941e+04 1.014308274566965595e+00
6.075567937247341615e+04 1.001859826812550480e+00
6.075567963253411290e+04 1.015110314507027711e+00
6.075567989259480964e+04 1.008154896334104933e+00
6.075568015265550639e+04 1.014521881455536567e+00
6.075568041271620314e+04 9.928194175320723680e-01
6.075568067277689261e+04 1.017700802172107899e+00
6.075568093283759663e+04 1.005545998813274888e+00
6.075568119289829338e+04 9.967816559333747550e-01
6.075568145295898285e+04 1.002345917146955312e+00
6.075568171301968687e+04 9.888915019926307615e-01
6.075568197308037634e+04 1.013758679477250624e+00
6.075568223314107308e+04 1.015723760893712857e+00
6.075568249320177711e+04 1.009487983571611514e+00
6.075568275326246658e+04 1.014380458615700586e+00
6.075568301332316332e+04 1.004738917118010777e+00
6.075568327338386007e+04 1.015780577868684587e+00
6.075568483179301256e+04 1.002950392081164210e+00
6.075568509184680443e+04 1.010537725406549736e+00
6.075568535190059629e+04 1.013649918704580877e+00
6.075568561195438815e+04 9.967450125381390746e-01
6.075568587200818729e+04 1.000716169978783432e+00
6.075568613206199370e+04 1.006427557721318866e+00
6.075568639211578557e+04 1.018969460661800053e+00
6.075568665216957743e+04 9.970191403416709397e-01
6.075568691222336929e+04 9.993267092873751034e-01
6.075568717227716115e+04 9.974125715615717036e-01
6.075568743233096029e+04 1.008713284287194201e+00
6.075568769238475215e+04 1.006749852391036315e+00
6.075568795243854402e+04 1.004803773948061529e+00
6.075568821249233588e+04 1.033585581441806900e+00
6.075568847254613502e+04 1.000687530806766867e+00
6.075568873259992688e+04 1.014630192971051281e+00
6.075568899265372602e+04 1.012962909110936449e+00
6.075568925270752516e+04 1.002727027212162447e+00
6.075568951276131702e+04 1.014489798750566107e+00
6.075568977281511616e+04 9.982885715744778121e-01
6.075569003286890802e+04 1.007252610085870081e+00
6.075569029292269988e+04 1.011264382086622948e+00
6.075569055297649174e+04 1.001650571252526767e+00
6.075569081303029088e+04 1.000684196174519425e+00
6.075569107308408275e+04 1.011451453296787983e+00
6.075569133313787461e+04 1.017526787928211940e+00
6.075569159319166647e+04 1.002049800613906250e+00
6.075569185324547288e+04 1.007279846448369209e+00
6.075569211329927202e+04 1.010079272229571057e+00
6.075569237335306389e+04 1.006864123770758068e+00
6.075569263340685575e+04 1.018579868241058506e+00
6.075569289346064761e+04 1.004667361948015980e+00
6.075569315351444675e+04 1.011646917307000626e+00
6.075569341356823861e+04 1.007219911677696533e+00
6.075569367362203047e+04 9.926600402466878581e-01
6.075569393367582234e+04 1.007581449689140207e+00
6.075569419372962147e+04 1.012902600825601240e+00
6.075569445378341334e+04 1.012705841090166814e+00
6.075569471383720520e+04 9.971114541753537397e-01
6.075569497389100434e+04 1.012303385953561286e+00
6.075569523394481075e+04 1.000203888752505543e+00
6.075569549399860261e+04 9.946206987205903349e-01
6.075569575405239448e+04 1.012433658921601864e+00
6.075569601410618634e+04 1.009259429195314306e+00
6.075569627415998548e+04 9.956495227105264245e-01
6.075569653421377734e+04 1.017814499617650137e+00
6.075569679426756920e+04 1.002228322557920936e+00
6.075569705432136107e+04 9.997208960647437914e-01
6.075569731437516020e+04 1.005322614386197078e+00
6.075569757442895207e+04 1.007076408298655634e+00
6.075569783448274393e+04 1.010742459289289963e+00
6.075569809453654307e+04 1.003009587286365134e+00
6.075569835459034948e+04 1.008761684093894440e+00
6.075569861464414134e+04 1.012509776509010084e+00
6.075569887469793321e+04 9.932568636173989551e-01
6.075569913475172507e+04 9.967318148347126261e-01
6.075569939480552421e+04 9.919482261325245354e-01
6.075569965485931607e+04 1.005108879411457323e+00
6.075569991491310793e+04 1.009904054609594315e+00
6.075570017496689979e+04 1.006558472748365851e+00
6.075570043502069893e+04 1.015605092533788723e+00
6.075570069507449080e+04 9.961220254626014237e-01
6.075570095512828993e+04 1.003970418978368917e+00
6.075570121518208907e+04 1.017073093859621746e+00
6.075570147523588821e+04 1.000432334718589056e+00
6.075570173528968007e+04 1.003276791586960703e+00
6.075570199534347194e+04 1.019678568202463387e+00
6.075570225539727107e+04 1.003357828631218363e+00
6.075570251545106294e+04 1.000472469976834811e+00
6.075570277550485480e+04 1.004993860676799633e+00
6.075570303555864666e+04 1.008891524262565120e+00
6.075570329561244580e+04 9.950018552481143530e-01
6.075570355566623766e+04 1.004901869299796635e+00
6.075570381572002952e+04 1.004093804438588977e+00
6.075570407577382866e+04 1.005074935143431603e+00
6.075570433582763508e+04 1.005669351511431886e+00
6.075570459588142694e+04 1.001909285315336851e+00
6.075570485593521880e+04 9.940047679940202663e-01
6.075570511598901066e+04 9.964599705714225486e-01
6.075570537604280980e+04 9.937760116701408464e-01
6.075570563609660167e+04 9.939725332253092072e-01
6.075570589615039353e+04 1.005371924159168984e+00
6.075570615620419267e+04 1.007924620837261864e+00
6.075570641625798453e+04 1.000633283016930886e+00
6.075570667631177639e+04 9.881087657413610836e-01
6.075570693636557553e+04 1.002054097150709033e+00
6.075570719641938194e+04 1.006671767112579330e+00
6.075570745647317381e+04 1.002996550988385804e+00
6.075570771652696567e+04 1.016481676878239870e+00
6.075570797658076481e+04 1.000939651700125665e+00
6.075570823663455667e+04 1.005990715095743671e+00
6.075570849668834853e+04 9.940020822232203956e-01
6.075570875674214039e+04 1.003888573960554753e+00
6.075570901679593953e+04 1.000255014726850744e+00
6.075570927684973140e+04 1.003610069426681406e+00
6.075570953690352326e+04 9.968668939004270424e-01
6.075570979695732240e+04 9.956799698816615196e-01
6.075571005701112153e+04 9.898110531433942372e-01
6.075571031706492067e+04 1.006442850033013814e+00
6.075571057711871254e+04 1.004105474343880422e+00
6.075571083717251167e+04 1.004161283852948117e+00
6.075571109722630354e+04 1.004889250789267052e+00
6.075571135728009540e+04 9.915630006869499136e-01
6.075571161733389454e+04 1.002074127921978697e+00
6.075571187738768640e+04 9.998375914267365605e-01
6.075571213744147826e+04 9.986162175081290115e-01
6.075571239749527740e+04 1.010175795328007275e+00
6.075571265754906926e+04 9.893880141576653076e-01
6.075571291760286840e+04 9.980473169072359152e-01
6.075571317765666754e+04 1.015982487476428053e+00
6.075571474868715450e+04 1.004486910859628601e+00
6.075571500874785124e+04 1.013393856294595663e+00
6.075571526880854799e+04 9.891239247803047530e-01
6.075571552886924474e+04 9.962879829492756745e-01
6.075571578892994148e+04 9.919640312485643596e-01
6.075571604899063823e+04 9.955180937143410791e-01
6.075571630905133497e+04 9.947638601167062555e-01
6.075571656911203172e+04 9.972615753830392782e-01
6.075571682917273574e+04 9.943670562530457779e-01
6.075571708923342521e+04 1.005049718606898956e+00
6.075571734929412196e+04 9.939921634490185287e-01
6.075571760935482598e+04 9.869260505111132620e-01
6.075571786941552273e+04 9.993148128843539757e-01
6.075571812947621947e+04 9.966290464390068493e-01
6.075571838953690894e+04 9.963387763827130650e-01
6.075571864959761297e+04 1.013324513021851558e+00
6.075571890965830971e+04 1.007187573957876170e+00
6.075571916971899918e+04 9.932390980346902376e-01
6.075571942977970320e+04 9.879897468272199612e-01
6.075571968984039995e+04 9.996037038304211864e-01
6.075571994990109670e+04 9.957955845471885281e-01
6.075572020996180072e+04 1.002673272576203312e+00
6.075572047002249019e+04 1.001749745957578375e+00
6.075572073008318694e+04 9.927452771746516635e-01
6.075572099014388368e+04 1.006747376564557150e+00
6.075572125020458770e+04 9.908864469881764059e-01
6.075572151026528445e+04 1.000441986157310614e+00
6.075572177032597392e+04 9.808281533151207432e-01
6.075572203038667794e+04 1.007663686258374547e+00
6.075572229044737469e+04 9.908045554615314554e-01
6.075572255050806416e+04 9.970313290969620157e-01
6.075572281056877546e+04 9.989668701239414750e-01
6.075572307062946493e+04 1.004492708442018323e+00
6.075572333069016167e+04 9.923039168999678861e-01
6.075572359075086570e+04 1.004989852630788993e+00
6.075572385081155517e+04 9.957984350381211547e-01
6.075572411087225191e+04 9.968012405319535141e-01
6.075572437093294866e+04 9.979617265006368587e-01
6.075572463099365268e+04 9.963329775874588679e-01
6.075572489105434943e+04 9.937896527383531797e-01
6.075572515111503890e+04 1.000356460861277386e+00
6.075572541117574292e+04 9.944186619257906479e-01
6.075572567123643967e+04 1.000910672995231510e+00
6.075572593129713641e+04 9.945122084889028713e-01
6.075572619135784043e+04 1.010412773965687627e+00
6.075572645141852990e+04 9.948699330574070077e-01
6.075572671147922665e+04 9.893141909030276349e-01
6.075572697153993067e+04 9.975899326485551111e-01
6.075572723160062014e+04 9.966712237581119016e-01
6.075572749166131689e+04 1.005916677075168630e+00
6.075572775172202091e+04 9.941084152180530431e-01
6.075572801178271766e+04 9.954473731786451784e-01
6.075572827184341440e+04 1.005964403712478861e+00
6.075572853190411115e+04 1.005143699638557209e+00
6.075572879196480790e+04 1.001356006058901960e+00
6.075572905202550464e+04 9.899652700307423059e-01
6.075572931208620867e+04 9.985921951608778269e-01
6.075572957214690541e+04 9.959156902207741968e-01
6.075572983220759488e+04 1.000261775276579224e+00
6.075573009226829890e+04 1.007920374122371010e+00
6.075573035232899565e+04 1.004187678955541285e+00
6.075573061238968512e+04 1.003074235093389888e+00
6.075573087245038914e+04 1.000443829347710922e+00
6.075573113251108589e+04 9.860306147008757183e-01
6.075573139257178264e+04 1.000532537685842716e+00
6.075573165263248666e+04 9.880080610803076979e-01
6.075573191269317613e+04 9.962070885011751198e-01
6.075573217275387287e+04 9.983768316974274137e-01
6.075573243281457690e+04 9.917687620622928080e-01
6.075573269287527364e+04 9.922702666417602124e-01
6.075573295293597039e+04 9.916162627541791341e-01
6.075573321299666713e+04 9.972853114821904619e-01
6.075573347305736388e+04 9.997010757179676244e-01
6.075573373311806063e+04 9.917956122603018843e-01
6.075573399317875737e+04 9.953874445793657877e-01
6.075573425323946140e+04 9.987400665330860017e-01
6.075573451330015087e+04 9.838359867505294121e-01
6.075573477336085489e+04 9.993939947323677853e-01
6.075573503342155163e+04 9.969801524510016888e-01
6.075573529348224110e+04 9.932554682303870175e-01
6.075573555354294513e+04 9.996650843967687106e-01
6.075573581360364187e+04 9.925266853559436830e-01
6.075573607366434589e+04 1.007761496941993462e+00
6.075573633372504264e+04 1.012919477165275195e+00
6.075573659378573211e+04 1.006806775849530933e+00
6.075573685384643613e+04 1.012952802200696167e+00
6.075573711390713288e+04 9.946610456313920157e-01
6.075573737396782963e+04 1.002280772523781449e+00
6.075573763402853365e+04 9.994738881006217657e-01
6.075573789408922312e+04 1.014287440509318960e+00
6.075573815414991986e+04 1.001127779051419697e+00
6.075573841421062389e+04 1.001413852446141339e+00
6.075573867427131336e+04 9.952008320076868308e-01
6.075573893433201010e+04 9.916571622536584085e-01
6.075573919439271413e+04 9.989764318823960432e-01
6.075573945445341087e+04 9.929027764398865585e-01
6.075573971451411489e+04 1.003348357805079250e+00
6.075573997457480436e+04 1.005363690822887346e+00
6.075574023463550111e+04 1.002278647786200017e+00
6.075574049469620513e+04 9.984602310873306186e-01
6.075574075475690188e+04 9.985309306979623933e-01
6.075574101481759863e+04 1.005904854362592804e+00
6.075574127487829537e+04 1.003457304697195740e+00
6.075574153493899212e+04 9.922927630818395572e-01
6.075574179499969614e+04 1.002818602752488353e+00
6.075574205506038561e+04 9.962409472457850468e-01
6.075574231512108236e+04 9.920049387709322097e-01
6.075574257518178638e+04 9.941614220360025511e-01
6.075574283524248312e+04 9.999790464211878449e-01
6.075574309530317987e+04 1.001983253188267753e+00
6.075574483016229351e+04 9.990537484435739746e-01
6.075574509021608537e+04 9.978123274255495945e-01
6.075574535026989179e+04 9.983410217177141055e-01
6.075574561032369093e+04 9.986152885093287912e-01
6.075574587037748279e+04 1.005928461849675326e+00
6.075574613043128193e+04 9.969980475478935622e-01
6.075574639048507379e+04 1.000155042418215290e+00
6.075574665053887293e+04 1.003458844477216116e+00
6.075574691059266479e+04 1.001466352399839943e+00
6.075574717064645665e+04 1.015513539197766546e+00
6.075574743070025579e+04 1.006475506528591080e+00
6.075574769075404765e+04 1.007674383316685018e+00
6.075574795080784679e+04 9.978332212687559544e-01
6.075574821086163865e+04 9.919671250113233363e-01
6.075574847091544507e+04 1.006032066405315950e+00
6.075574873096924421e+04 9.945608802416548988e-01
6.075574899102303607e+04 1.011578860032242844e+00
6.075574925107683521e+04 1.013643555741614355e+00
6.075574951113062707e+04 1.010876611587760543e+00
6.075574977118442621e+04 1.001862967369413937e+00
6.075575003123821807e+04 1.001962121432303565e+00
6.075575029129201721e+04 9.963610443275103812e-01
6.075575055134580907e+04 9.952403556672044793e-01
6.075575081139960093e+04 9.997672187177044645e-01
6.075575107145340007e+04 1.013337937272449141e+00
6.075575133150719921e+04 1.006160048844027655e+00
6.075575159156100563e+04 9.980469423207410928e-01
6.075575185161479749e+04 9.956082169395478187e-01
6.075575211166859663e+04 1.007342542659098950e+00
6.075575237172238849e+04 1.001003737032360785e+00
6.075575263177618035e+04 1.003569708816173023e+00
6.075575289182997949e+04 1.007087982780864532e+00
6.075575315188377135e+04 9.974119557042844253e-01
6.075575341193757049e+04 9.996233645143061119e-01
6.075575367199136235e+04 1.014673950686827641e+00
6.075575393204516149e+04 1.009697278165989864e+00
6.075575419209895335e+04 1.006525485887268978e+00
6.075575445215275249e+04 1.002122297535761763e+00
6.075575471220655891e+04 1.003144406670596789e+00
6.075575497226035077e+04 9.961700165434221876e-01
6.075575523231414991e+04 1.002358389308587006e+00
6.075575549236794177e+04 9.919252824827906601e-01
6.075575575242174091e+04 1.010777751280655723e+00
6.075575601247553277e+04 1.004817796515912631e+00
6.075575627252933191e+04 1.005093329886736830e+00
6.075575653258312377e+04 1.013225921716270017e+00
6.075575679263691563e+04 1.015844478281396901e+00
6.075575705269071477e+04 1.010369098555839784e+00
6.075575731274451391e+04 1.003172510539828144e+00
6.075575757279832033e+04 1.001668666655175954e+00
6.075575783285211219e+04 1.010824985429613854e+00
6.075575809290591133e+04 1.012021535227730418e+00
6.075575835295970319e+04 1.012405816481391385e+00
6.075575861301350233e+04 1.007284476225228431e+00
6.075575887306729419e+04 9.932711882686257043e-01
6.075575913312109333e+04 1.009885730183634367e+00
6.075575939317488519e+04 1.013433369849369381e+00
6.075575965322867705e+04 1.004706832472027633e+00
6.075575991328247619e+04 9.965049052107997074e-01
6.075576017333626805e+04 1.002036802040742414e+00
6.075576043339007447e+04 9.992540184408817971e-01
6.075576069344387361e+04 1.010256620253950688e+00
6.075576095349767274e+04 1.005906361095217028e+00
6.075576121355146461e+04 1.006439826531040360e+00
6.075576147360526375e+04 1.010241902186784113e+00
6.075576173365905561e+04 1.017269084522786304e+00
6.075576199371285475e+04 1.003714281959945387e+00
6.075576225376664661e+04 1.005966867835955458e+00
6.075576251382044575e+04 1.001544155457704699e+00
6.075576277387423761e+04 1.006714957776149832e+00
6.075576303392802947e+04 9.999562515829517606e-01
6.075576329398183589e+04 1.005402588533409691e+00
6.075576355403563502e+04 9.962367663555662389e-01
6.075576381408943416e+04 1.013405147345258106e+00
6.075576407414322603e+04 1.011484334931742834e+00
6.075576433419702516e+04 1.018453340180353051e+00
6.075576459425081703e+04 1.012277831917401949e+00
6.075576485430461616e+04 1.006457551938279238e+00
6.075576511435840803e+04 1.020933345886122945e+00
6.075576537441220717e+04 1.007707915405866794e+00
6.075576563446599903e+04 1.012013442499900773e+00
6.075576589451979817e+04 1.004512187088384634e+00
6.075576615457359003e+04 1.020031817962768095e+00
6.075576641462739644e+04 1.003024222798676535e+00
6.075576667468119558e+04 1.002542343560669291e+00
6.075576693473499472e+04 1.007731362558538013e+00
6.075576719478878658e+04 1.007783643498107118e+00
6.075576745484258572e+04 1.007162621104390254e+00
6.075576771489637758e+04 1.006884320656230347e+00
6.075576797495017672e+04 1.011732421352781186e+00
6.075576823500396858e+04 1.001122061349981829e+00
6.075576849505776045e+04 1.004726056528143729e+00
6.075576875511155959e+04 1.006350090284697796e+00
6.075576901516535145e+04 1.001521702624153409e+00
6.075576927521915786e+04 1.009271682126676062e+00
6.075576953527295700e+04 1.004041275626172514e+00
6.075576979532675614e+04 1.000120678331901214e+00
6.075577005538054800e+04 1.008342854348573514e+00
6.075577031543434714e+04 1.009160955253269876e+00
6.075577057548813900e+04 1.005768514718778484e+00
6.075577083554193814e+04 1.012569369546955311e+00
6.075577109559573000e+04 1.001056447215477485e+00
6.075577135564952914e+04 1.018973713291712935e+00
6.075577161570332100e+04 9.971448376260898527e-01
6.075577187575712014e+04 1.011351723698665550e+00
6.075577213581091200e+04 1.006948451471571859e+00
6.075577239586471842e+04 1.007455651722821033e+00
6.075577265591851756e+04 1.004294611644646507e+00
6.075577291597231670e+04 9.930501725268211510e-01
6.075577317602610856e+04 1.003404486339894097e+00
