6.075585120116569306e+04 9.999425111236092123e-01
6.075585146121949219e+04 1.011597048223112694e+00
6.075585172127328406e+04 1.007121663128115463e+00
6.075585198132708319e+04 1.006689725415276682e+00
6.075585224138088233e+04 9.944688374859400604e-01
6.075585250143468147e+04 1.003144274349153431e+00
6.075585276148847333e+04 9.921481118324545490e-01
6.075585302154227247e+04 1.004045537148346323e+00
6.075585328159607161e+04 1.004031529322459981e+00
6.075585354164987803e+04 1.002922646806923224e+00
6.075585380170368444e+04 1.005994634277053157e+00
6.075585406175747630e+04 1.005356662470373141e+00
6.075585432181127544e+04 1.004781931628428993e+00
6.075585458186507458e+04 1.006558211672493597e+00
6.075585484191887372e+04 1.009087490513924434e+00
6.075585510197266558e+04 1.005355392694958327e+00
6.075585536202646472e+04 9.885403799372022293e-01
6.075585562208026386e+04 9.994544263625225744e-01
6.075585588213406299e+04 9.894404321593777141e-01
6.075585614218786213e+04 9.988219169885749205e-01
6.075585640224165400e+04 1.005672759313128273e+00
6.075585666229546041e+04 1.008328121978341096e+00
6.075585692234926682e+04 9.999776793281685006e-01
6.075585718240306596e+04 1.001698226424550420e+00
6.075585744245685783e+04 9.933788946756481053e-01
6.075585770251065696e+04 9.953592340768008251e-01
6.075585796256445610e+04 1.013203029285383083e+00
6.075585822261825524e+04 1.000778679378976799e+00
6.075585848267205438e+04 1.002330848712568168e+00
6.075585874272584624e+04 1.003993222302500765e+00
6.075585900277964538e+04 1.000322989814397490e+00
6.075585926283344452e+04 1.008979610510152947e+00
6.075585952288725093e+04 1.006954153535495777e+00
6.075585978294105735e+04 1.004946821692988657e+00
6.075586004299484921e+04 1.005302693653689294e+00
6.075586030304864835e+04 9.935667724266746825e-01
6.075586056310244749e+04 1.001338430076117891e+00
6.075586082315624662e+04 9.993796324662773678e-01
6.075586108321004576e+04 9.908693297709704195e-01
6.075586134326383763e+04 1.009763830806505336e+00
6.075586160331763676e+04 9.947134335345961809e-01
6.075586186337143590e+04 1.002311588147184906e+00
6.075586212342523504e+04 9.935263434346948141e-01
6.075586238347903418e+04 9.978206302924057525e-01
6.075586264353283332e+04 1.006579466382479637e+00
6.075586290358663973e+04 9.989824488452306861e-01
6.075586316364043887e+04 1.000919714787104509e+00
6.075586342369423801e+04 1.002478841360123551e+00
6.075586368374803715e+04 9.920947668562571931e-01
6.075586394380182901e+04 1.003067122099062347e+00
6.075586420385562815e+04 9.898799365001634820e-01
6.075586446390942729e+04 1.007936723985250804e+00
6.075586472396322642e+04 1.008472617707487418e+00
6.075586498401702556e+04 1.007164003470064628e+00
6.075586524407081743e+04 9.964851785564610154e-01
6.075586550412462384e+04 1.000318726751313614e+00
6.075586576417843025e+04 9.981625248815422236e-01
6.075586602423222939e+04 9.970088696659102911e-01
6.075586628428602853e+04 1.000311201475851730e+00
6.075586654433982039e+04 1.002574173970349536e+00
6.075586680439361953e+04 9.993789460803053082e-01
6.075586706444741867e+04 9.954874481342093073e-01
6.075586732450121781e+04 1.006543737008263717e+00
6.075586758455501695e+04 1.001902163247834654e+00
6.075586784460881609e+04 1.007683212660004823e+00
6.075586810466260795e+04 9.969731751470253256e-01
6.075586836471640709e+04 9.973431402786022693e-01
6.075586862477021350e+04 9.924331576846258107e-01
6.075586888482401991e+04 1.002184726690480421e+00
6.075586914487781905e+04 1.006933063063631062e+00
6.075586940493161092e+04 9.897526624650301308e-01
6.075586966498541005e+04 1.007674908353594079e+00
6.075586992503920919e+04 9.943752055121137801e-01
6.075587018509300833e+04 1.005590593039779934e+00
6.075587044514680747e+04 1.001512681976337360e+00
6.075587070520060661e+04 9.996913906434068409e-01
6.075587096525439847e+04 9.978652526719101745e-01
6.075587122530819761e+04 9.943941500531292554e-01
6.075587148536199675e+04 9.892359979881168996e-01
6.075587174541581044e+04 1.012532904522783550e+00
6.075587200546960958e+04 1.002866036027937335e+00
6.075587226552340871e+04 1.011130256384573656e+00
6.075587252557720058e+04 9.965921795826250262e-01
6.075587278563099972e+04 1.004077098485999464e+00
6.075587304568479885e+04 9.945641951464183617e-01
6.075587330573859799e+04 9.945581151483640081e-01
6.075587356579239713e+04 9.982136597886596130e-01
6.075587382584619627e+04 9.995598211056064830e-01
6.075587408589998813e+04 1.010940051160443165e+00
6.075587434595378727e+04 9.949585014773683067e-01
6.075587460600759368e+04 9.871248393932811060e-01
6.075587486606140010e+04 9.960280947741331214e-01
6.075587512611519924e+04 9.949758576174757563e-01
6.075587538616899838e+04 1.003042359165302821e+00
6.075587564622279751e+04 9.919034890166106289e-01
6.075587590627658938e+04 1.000279835530917483e+00
6.075587616633038851e+04 9.944763942571951398e-01
6.075587642638418765e+04 1.011046005853984964e+00
6.075587668643798679e+04 9.943967019031230148e-01
6.075587694649178593e+04 9.929050975703112014e-01
6.075587720654558507e+04 1.003362473915241360e+00
6.075587746659937693e+04 9.952973975197159096e-01
6.075587772665318334e+04 1.006816634756243722e+00
6.075587798670698976e+04 9.996417338680794185e-01
6.075587824676078890e+04 1.000258822756677102e+00
6.075587850681458804e+04 9.921479311135171786e-01
6.075587876686838717e+04 9.949903872677540173e-01
6.075587902692218631e+04 1.002208129046406215e+00
6.075587928697597818e+04 1.009572383674762319e+00
6.075587954702977731e+04 9.954603611100047988e-01
6.075588115586427011e+04 9.961605852932579053e-01
6.075588141592496686e+04 9.921528338362296529e-01
6.075588167598567088e+04 9.927135518062595310e-01
6.075588193604636763e+04 9.981324215848307313e-01
6.075588219610707165e+04 9.957364994281613368e-01
6.075588245616777567e+04 1.006000528091700819e+00
6.075588271622847242e+04 1.006645957746678643e+00
6.075588297628917644e+04 9.993129211555147329e-01
6.075588323634988046e+04 1.000259461113995441e+00
6.075588349641056993e+04 1.006790366849373175e+00
6.075588375647127395e+04 9.976225376860285987e-01
6.075588401653197798e+04 1.002115792155477081e+00
6.075588427659268200e+04 1.005767502560267701e+00
6.075588453665338602e+04 9.958426966506945810e-01
6.075588479671408277e+04 9.972054474794561640e-01
6.075588505677478679e+04 1.004957238670543651e+00
6.075588531683548354e+04 1.004943416457689587e+00
6.075588557689618756e+04 9.942700884937899497e-01
6.075588583695689158e+04 9.911630416992424086e-01
6.075588609701758833e+04 9.949377703132756823e-01
6.075588635707829235e+04 1.012128976597276742e+00
6.075588661713899637e+04 1.003245908236172879e+00
6.075588687719969312e+04 1.006089114411410801e+00
6.075588713726038986e+04 9.980025896163906562e-01
6.075588739732109389e+04 9.955146928918274796e-01
6.075588765738179791e+04 1.009735296941924876e+00
6.075588791744250193e+04 9.988099304917003041e-01
6.075588817750319868e+04 1.002371615165190244e+00
6.075588843756390270e+04 1.005113883198402336e+00
6.075588869762460672e+04 1.007572843248026206e+00
6.075588895768530347e+04 9.891654252684756177e-01
6.075588921774600749e+04 9.925473647807496747e-01
6.075588947780670424e+04 1.008090097314511935e+00
6.075588973786740826e+04 1.008104289265734366e+00
6.075588999792811228e+04 9.907978324497942468e-01
6.075589025798880903e+04 1.000828322955525040e+00
6.075589051804952032e+04 1.003798624263677608e+00
6.075589077811021707e+04 9.956460103298926390e-01
6.075589103817091382e+04 1.001688854897381020e+00
6.075589129823161784e+04 9.957572186925215396e-01
6.075589155829231458e+04 9.945433060689026217e-01
6.075589181835301861e+04 9.901608857166414035e-01
6.075589207841372263e+04 9.935678392867821618e-01
6.075589233847442665e+04 1.000550748744893026e+00
6.075589259853513067e+04 9.990715299016290629e-01
6.075589285859582742e+04 9.973637302879485578e-01
6.075589311865652417e+04 1.000671499329657932e+00
6.075589337871722819e+04 9.972814323779155554e-01
6.075589363877793221e+04 9.900826246320645341e-01
6.075589389883863623e+04 9.926066077922057751e-01
6.075589415889933298e+04 1.010727956039606301e+00
6.075589441896003700e+04 9.941661217197773626e-01
6.075589467902074102e+04 1.003830763597209685e+00
6.075589493908143777e+04 1.004807383299736401e+00
6.075589519914213452e+04 9.944040550170539783e-01
6.075589545920283854e+04 1.002704159852884969e+00
6.075589571926354256e+04 1.001553263090598334e+00
6.075589597932424658e+04 9.965221045901085928e-01
6.075589623938494333e+04 1.006121143372264548e+00
6.075589649944564735e+04 9.988695631590361890e-01
6.075589675950635137e+04 1.005091477979436654e+00
6.075589701956705539e+04 9.908893418684585619e-01
6.075589727962775942e+04 9.895984660454261173e-01
6.075589753968844889e+04 1.001722434393070404e+00
6.075589779974915291e+04 9.969381984233345317e-01
6.075589805980985693e+04 1.002366479370517149e+00
6.075589831987055368e+04 9.952658210827861618e-01
6.075589857993125770e+04 1.007491499145171110e+00
6.075589883999196172e+04 1.003346220322763438e+00
6.075589910005266574e+04 1.005692241082144278e+00
6.075589936011336977e+04 1.000738479157058158e+00
6.075589962017406651e+04 1.003048520170383373e+00
6.075589988023477054e+04 1.004861048266658452e+00
6.075590014029546728e+04 9.936915344660814942e-01
6.075590040035617130e+04 1.009218427398470563e+00
6.075590066041687533e+04 9.988716651753288822e-01
6.075590092047757207e+04 9.976633783324685423e-01
6.075590118053827609e+04 9.999562216398729664e-01
6.075590144059898012e+04 1.006714907795712488e+00
6.075590170065967686e+04 9.997751288590112084e-01
6.075590196072038816e+04 1.002493320435078550e+00
6.075590222078108491e+04 1.007986248419507014e+00
6.075590248084178893e+04 9.977837923517161034e-01
6.075590274090249295e+04 9.941862514340457091e-01
6.075590300096318242e+04 1.007349838745061898e+00
6.075590326102388644e+04 9.987702263103133138e-01
6.075590352108459047e+04 1.001985977303425646e+00
6.075590378114529449e+04 9.940257109891250664e-01
6.075590404120599851e+04 1.001305888081458928e+00
6.075590430126669526e+04 9.994610074162737501e-01
6.075590456132739928e+04 1.011834995848564400e+00
6.075590482138810330e+04 1.000009529947294862e+00
6.075590508144880732e+04 1.007340819163771162e+00
6.075590534150951135e+04 9.974553561449576167e-01
6.075590560157020809e+04 9.956649158052557347e-01
6.075590586163091211e+04 1.000099541422000637e+00
6.075590612169160886e+04 1.004098990586115514e+00
6.075590638175230561e+04 9.995964881423178294e-01
6.075590664181300963e+04 1.000076274142132959e+00
6.075590690187371365e+04 1.002933786193111132e+00
6.075590716193441767e+04 9.959042703253576656e-01
6.075590742199512169e+04 1.000383705254459521e+00
6.075590768205581844e+04 1.001485677764785809e+00
6.075590794211652246e+04 9.995262602862027279e-01
6.075590820217722649e+04 9.977283669376347808e-01
6.075590846223793051e+04 9.992889491864225260e-01
6.075590872229863453e+04 1.008278526872364411e+00
6.075590898235933128e+04 1.008604469845498119e+00
6.075590924242003530e+04 9.909586424151878292e-01
6.075590950248073932e+04 1.007737497677682503e+00
6.075591106051386305e+04 1.005109825580924321e+00
6.075591132057445793e+04 1.008375690626819976e+00
6.075591158063505281e+04 1.006120535594136944e+00
6.075591184069564770e+04 1.000834860976109297e+00
6.075591210075624258e+04 9.992601951086351741e-01
6.075591236081683746e+04 1.005513151259870064e+00
6.075591262087743235e+04 1.011571115865029347e+00
6.075591288093802723e+04 1.008429736017826706e+00
6.075591314099862211e+04 1.001241887446942203e+00
6.075591340105922427e+04 9.892562970758304042e-01
6.075591366111981915e+04 1.002416201108302651e+00
6.075591392118041404e+04 9.996043436214157030e-01
6.075591418124100892e+04 9.984572492247426601e-01
6.075591444130160380e+04 9.962533948236658166e-01
6.075591470136219868e+04 1.005745821068198875e+00
6.075591496142279357e+04 9.971823314019419016e-01
6.075591522148338845e+04 1.003670384203414256e+00
6.075591548154399061e+04 9.895698354231453608e-01
6.075591574160458549e+04 1.001934803909861671e+00
6.075591600166518037e+04 1.003607861880879470e+00
6.075591626172577526e+04 1.009281528270932426e+00
6.075591652178637742e+04 1.001655213666224897e+00
6.075591678184697230e+04 1.004909509376059829e+00
6.075591704190756718e+04 1.003983888521490897e+00
6.075591730196816206e+04 1.010391610579972843e+00
6.075591756202875695e+04 1.011565766984381387e+00
6.075591782208935183e+04 9.994812653149092174e-01
6.075591808214994671e+04 9.963366990494793018e-01
6.075591834221054160e+04 1.004670694047554269e+00
6.075591860227113648e+04 9.975408212003877839e-01
6.075591886233173136e+04 1.002095485069814274e+00
6.075591912239232624e+04 1.008589764151712975e+00
6.075591938245292840e+04 9.996390372818860781e-01
6.075591964251352329e+04 9.959169411095545321e-01
6.075591990257411817e+04 9.966580127878197359e-01
6.075592016263471305e+04 9.982951783988279759e-01
6.075592042269530793e+04 9.970470760309723124e-01
6.075592068275590282e+04 9.962732775984564082e-01
6.075592094281649770e+04 9.896797532218050142e-01
6.075592120287709986e+04 9.943030188500412425e-01
6.075592146293769474e+04 9.965503810680268471e-01
6.075592172299828962e+04 1.008498213294096946e+00
6.075592198305888451e+04 9.990191638594559942e-01
6.075592224311948667e+04 1.006037899096799304e+00
6.075592250318008155e+04 9.987302185943117694e-01
6.075592276324067643e+04 9.930577347314385461e-01
6.075592302330127131e+04 9.914057590553910781e-01
6.075592328336186620e+04 9.946613142389503226e-01
6.075592354342246108e+04 1.002057940061827024e+00
6.075592380348305596e+04 9.965040304237263724e-01
6.075592406354365812e+04 1.000454861624134661e+00
6.075592432360425300e+04 1.005153955303127455e+00
6.075592458366484789e+04 9.963842489779061173e-01
6.075592484372544277e+04 9.915462717639436097e-01
6.075592510378604493e+04 1.006759925693874402e+00
6.075592536384663981e+04 1.007111167583124134e+00
6.075592562390723469e+04 9.983135322751391927e-01
6.075592588396782958e+04 1.003909190496055093e+00
6.075592614402842446e+04 1.004009980033660376e+00
6.075592640408901934e+04 9.982434921547468365e-01
6.075592666414961423e+04 1.002561954132180855e+00
6.075592692421020911e+04 9.924288033186197122e-01
6.075592718427081127e+04 1.002841133109102723e+00
6.075592744433140615e+04 9.887926272285859630e-01
6.075592770439200103e+04 9.939239768053778068e-01
6.075592796445260319e+04 1.007460625852804714e+00
6.075592822451319807e+04 1.003811173973925497e+00
6.075592848457379296e+04 1.007172626182537334e+00
6.075592874463438784e+04 9.994315599912388937e-01
6.075592900469498272e+04 9.989388486446029169e-01
6.075592926475557761e+04 1.002740112893349300e+00
6.075592952481617249e+04 1.009848433054344463e+00
6.075592978487676737e+04 9.971470248240867917e-01
6.075593004493736953e+04 1.000955486389027094e+00
6.075593030499796441e+04 9.957245830771492834e-01
6.075593056505855930e+04 9.877598374388131264e-01
6.075593082511916145e+04 1.005858848536911321e+00
6.075593108517975634e+04 9.953800527386628128e-01
6.075593134524035122e+04 9.961720860357198282e-01
6.075593160530094610e+04 9.963567294250577078e-01
6.075593186536154099e+04 9.991159472619831616e-01
6.075593212542213587e+04 9.975807949375331551e-01
6.075593238548273075e+04 9.975457615795647603e-01
6.075593264554332563e+04 1.010280109371936463e+00
6.075593290560392779e+04 9.916261018517937842e-01
6.075593316566452268e+04 9.969018949770730442e-01
6.075593342572511756e+04 1.003204945505135504e+00
6.075593368578571244e+04 9.956215291721656202e-01
6.075593394584631460e+04 1.009845651147807555e+00
6.075593420590690948e+04 1.003549247732780092e+00
6.075593446596750437e+04 9.893661269643946321e-01
6.075593472602809925e+04 9.992787393215745162e-01
6.075593498608869413e+04 9.979301864790566245e-01
6.075593524614928901e+04 1.005185187359737053e+00
6.075593550620988390e+04 9.940796108265318454e-01
6.075593576627048606e+04 1.003792279088711048e+00
6.075593602633108094e+04 1.000031896787447305e+00
6.075593628639167582e+04 1.000195297806868000e+00
6.075593654645227070e+04 9.943367480313867190e-01
6.075593680651287286e+04 1.019616508531705712e+00
6.075593706657346775e+04 1.003106126086342975e+00
6.075593732663406263e+04 1.013986596237069548e+00
6.075593758669465751e+04 1.007126629233484838e+00
6.075593784675525239e+04 1.005436645429097497e+00
6.075593810681584728e+04 9.921418496125752329e-01
6.075593836687644216e+04 9.913622171923727189e-01
6.075593862693704432e+04 9.940769226329326802e-01
6.075593888699763920e+04 9.943777550745441784e-01
6.075593914705823408e+04 9.942627832148479561e-01
6.075593940711883624e+04 1.002067754594125226e+00
6.075594106598430517e+04 1.014198311511692596e+00
6.075594132604500919e+04 9.959140780854868202e-01
6.075594158610571321e+04 1.002945951699833804e+00
6.075594184616640996e+04 9.942454733507258835e-01
6.075594210622711398e+04 9.937282918074977767e-01
6.075594236628781800e+04 9.948679617483409121e-01
6.075594262634852203e+04 9.957062494606165881e-01
6.075594288640922605e+04 1.006883004647010305e+00
6.075594314646992279e+04 1.005588470882410768e+00
6.075594340653063409e+04 9.922947996018484096e-01
6.075594366659133811e+04 9.966004821098113364e-01
6.075594392665203486e+04 1.005004272118723341e+00
6.075594418671273888e+04 1.006808144131182914e+00
6.075594444677344291e+04 1.000522728106541637e+00
6.075594470683414693e+04 9.953541741489937422e-01
6.075594496689485095e+04 1.000865413797181525e+00
6.075594522695554770e+04 9.999507227874503412e-01
6.075594548701625172e+04 1.005679529404729822e+00
6.075594574707695574e+04 1.004712990482454327e+00
6.075594600713765976e+04 1.004955178550217543e+00
6.075594626719836378e+04 1.005341759951120517e+00
6.075594652725906053e+04 1.013643648329977998e+00
6.075594678731976455e+04 1.000390453552909120e+00
6.075594704738046858e+04 9.981801761255298944e-01
6.075594730744116532e+04 9.906732654289739370e-01
6.075594756750187662e+04 1.003172016259924026e+00
6.075594782756257337e+04 9.969718613296466581e-01
6.075594808762328466e+04 1.000675647485297803e+00
6.075594834768398869e+04 1.004271908334178232e+00
6.075594860774468543e+04 1.002701263486229788e+00
6.075594886780538945e+04 1.005887592645471340e+00
6.075594912786609348e+04 1.007829323560154089e+00
6.075594938792679750e+04 1.006718273241521855e+00
6.075594964798750152e+04 9.920298102075121305e-01
6.075594990804819827e+04 9.975961164722014773e-01
6.075595016810890229e+04 9.927905288725085153e-01
6.075595042816960631e+04 9.999750887499085916e-01
6.075595068823031033e+04 9.831286114572228563e-01
6.075595094829101436e+04 1.004968525491634290e+00
6.075595120835171110e+04 1.002607731356661924e+00
6.075595146841241512e+04 1.004959491575850850e+00
6.075595172847312642e+04 1.011138399276822142e+00
6.075595198853382317e+04 1.012053694097384104e+00
6.075595224859452719e+04 9.861453169820907361e-01
6.075595250865523121e+04 1.009390353696457909e+00
6.075595276871593524e+04 1.005137981505094480e+00
6.075595302877663926e+04 9.955962021532763773e-01
6.075595328883733600e+04 1.006796162365963143e+00
6.075595354889804003e+04 1.007968027854778903e+00
6.075595380895874405e+04 9.977303753580022416e-01
6.075595406901944807e+04 1.006065709490342464e+00
6.075595432908015209e+04 1.000683731295910706e+00
6.075595458914084884e+04 9.985494301954769281e-01
6.075595484920156014e+04 1.001598201204775940e+00
6.075595510926226416e+04 9.865854268888079037e-01
6.075595536932296091e+04 9.974381766118718406e-01
6.075595562938366493e+04 9.943133668887359500e-01
6.075595588944436895e+04 9.938933599554747866e-01
6.075595614950507297e+04 9.958273484926603025e-01
6.075595640956577699e+04 1.002300309235721443e+00
6.075595666962647374e+04 9.996280729431410439e-01
6.075595692968717776e+04 9.947691430605234419e-01
6.075595718974788178e+04 9.928685989986031357e-01
6.075595744980858581e+04 9.975356164977521312e-01
6.075595770986929710e+04 1.000641403330134516e+00
6.075595796992999385e+04 1.009469747109549953e+00
6.075595822999069787e+04 1.004594915786728659e+00
6.075595849005140190e+04 9.932801274940242786e-01
6.075595875011209864e+04 1.006551923389909842e+00
6.075595901017280994e+04 9.983116214008839195e-01
6.075595927023350669e+04 9.907503615023071086e-01
6.075595953029421071e+04 9.995614984615852627e-01
6.075595979035491473e+04 9.968030055421301938e-01
6.075596005041561148e+04 1.003087761651332288e+00
6.075596031047632277e+04 9.955940654749628749e-01
6.075596057053702680e+04 9.979912064535424454e-01
6.075596083059773082e+04 1.006360681301050164e+00
6.075596109065843484e+04 9.868188052162737423e-01
6.075596135071913159e+04 9.944371851662621165e-01
6.075596161077983561e+04 9.955290604782464081e-01
6.075596187084053963e+04 9.925810075449766900e-01
6.075596213090124365e+04 9.990945462269299471e-01
6.075596239096194768e+04 1.003904528678400965e+00
6.075596265102265170e+04 1.006299904491934516e+00
6.075596291108335572e+04 1.001541085443484302e+00
6.075596317114405974e+04 1.000565126798724558e+00
6.075596343120475649e+04 1.002897832452933402e+00
6.075596369126546051e+04 1.000632996432829991e+00
6.075596395132616453e+04 9.963133324545699887e-01
6.075596421138686856e+04 9.925968718113539202e-01
6.075596447144757258e+04 9.996139581782063077e-01
6.075596473150827660e+04 1.004326083644557999e+00
6.075596499156898062e+04 9.947463870519368534e-01
6.075596525162968464e+04 9.965550735782463532e-01
6.075596551169038867e+04 1.006603989299618584e+00
6.075596577175109269e+04 9.909321561688425595e-01
6.075596603181178943e+04 1.000906290467225013e+00
6.075596629187249346e+04 9.986574945441866191e-01
6.075596655193319748e+04 1.000780090185952043e+00
6.075596681199390150e+04 9.997925643969028942e-01
6.075596707205460552e+04 1.002385347147790817e+00
6.075596733211530955e+04 9.978501898776367396e-01
6.075596759217601357e+04 1.005730193331465738e+00
6.075596785223671759e+04 1.002849743731679011e+00
6.075596811229741434e+04 9.924849539460676162e-01
6.075596837235811836e+04 1.007297038154015389e+00
6.075596863241882238e+04 1.009071568508790762e+00
6.075596889247953368e+04 9.958467365057596110e-01
6.075596915254023770e+04 9.980878474135868039e-01
6.075596941260093445e+04 9.892517124766498915e-01
6.075597102105359954e+04 1.013784461773784118e+00
6.075597128111420170e+04 1.005055725100061581e+00
6.075597154117479658e+04 1.000872681554134669e+00
6.075597180123539147e+04 1.000080233681365671e+00
6.075597206129598635e+04 1.006495756503572592e+00
6.075597232135658123e+04 1.001182970376389481e+00
6.075597258141718339e+04 9.962606249107930356e-01
6.075597284147777827e+04 9.908582043511261483e-01
6.075597310153837316e+04 9.953421023872852658e-01
6.075597336159897532e+04 9.986418142984837543e-01
6.075597362165957020e+04 9.926560454427291180e-01
6.075597388172016508e+04 9.998273127299470708e-01
6.075597414178077452e+04 1.005190516894542085e+00
6.075597440184136940e+04 9.893768283256817453e-01
6.075597466190196428e+04 1.006646170815552743e+00
6.075597492196255916e+04 9.950552306017091952e-01
6.075597518202315405e+04 1.011035136354864861e+00
6.075597544208374893e+04 1.001219100795950334e+00
6.075597570214434381e+04 1.002646594910018729e+00
6.075597596220494597e+04 9.995824943149419495e-01
6.075597622226554813e+04 1.009859112543426862e+00
6.075597648232614301e+04 9.900309502918022142e-01
6.075597674238673790e+04 9.988062413315095256e-01
6.075597700244734006e+04 9.979898567141540777e-01
6.075597726250793494e+04 9.953815162474000111e-01
6.075597752256853710e+04 1.001624396100423420e+00
6.075597778262913198e+04 9.954684653615333279e-01
6.075597804268972686e+04 9.982414817882140357e-01
6.075597830275032175e+04 1.000136969481566940e+00
6.075597856281091663e+04 9.929075218465849284e-01
6.075597882287151151e+04 1.011457730210817640e+00
6.075597908293212095e+04 1.003858194195361486e+00
6.075597934299271583e+04 9.922546958801901074e-01
6.075597960305331071e+04 1.006554422873097598e+00
6.075597986311390559e+04 9.948878252470351180e-01
6.075598012317450775e+04 1.002828434581862771e+00
6.075598038323510264e+04 9.989570475848286168e-01
6.075598064329570479e+04 9.984358853636575715e-01
6.075598090335629968e+04 1.002062867485480568e+00
6.075598116341689456e+04 9.920592047446049611e-01
6.075598142347748944e+04 1.000981956967040176e+00
6.075598168353808433e+04 9.989647800242267284e-01
6.075598194359869376e+04 9.974616625734420428e-01
6.075598220365928864e+04 9.980285763199865379e-01
6.075598246371988353e+04 9.984401835745219111e-01
6.075598272378047841e+04 9.900708948546974586e-01
6.075598298384108057e+04 9.867976791790894486e-01
6.075598324390167545e+04 1.000734814607032286e+00
6.075598350396227761e+04 9.998186201669159168e-01
6.075598376402287249e+04 1.002061645938950862e+00
6.075598402408346738e+04 9.998464188938780417e-01
6.075598428414406226e+04 1.002790419176014858e+00
6.075598454420465714e+04 9.936244014081272447e-01
6.075598480426526658e+04 1.011327815061578539e+00
6.075598506432586146e+04 9.896425314718151345e-01
6.075598532438645634e+04 1.004020437225153328e+00
6.075598558444705122e+04 1.010741864465099837e+00
6.075598584450765338e+04 9.965765841625547905e-01
6.075598610456825554e+04 1.006891676897206711e+00
6.075598636462885042e+04 9.975846820438822871e-01
6.075598662468944531e+04 1.010877351269472424e+00
6.075598688475004019e+04 1.004642987186352476e+00
6.075598714481063507e+04 9.924655714521569694e-01
6.075598740487123723e+04 9.964543515722149580e-01
6.075598766493183211e+04 1.002048960922386822e+00
6.075598792499243427e+04 9.850637221324574089e-01
6.075598818505302916e+04 9.985232242949502179e-01
6.075598844511362404e+04 9.962159531838137294e-01
6.075598870517423347e+04 9.976414716864216992e-01
6.075598896523482836e+04 1.000393019186938792e+00
6.075598922529542324e+04 9.916293459661642551e-01
6.075598948535601812e+04 1.000443382428608974e+00
6.075598974541661300e+04 1.000067636639044633e+00
6.075599000547721516e+04 9.993072274555304668e-01
6.075599026553781005e+04 1.009010115444910705e+00
6.075599052559840493e+04 1.009121871707296947e+00
6.075599078565900709e+04 9.923702867418725537e-01
6.075599104571960197e+04 1.002774878274674597e+00
6.075599130578020413e+04 1.000618331036383424e+00
6.075599156584080629e+04 1.001304727750101486e+00
6.075599182590140117e+04 9.959241615223699551e-01
6.075599208596199605e+04 1.004803518837923626e+00
6.075599234602259094e+04 9.870327000947054508e-01
6.075599260608319310e+04 9.976466350707492436e-01
6.075599286614378798e+04 9.979481146191275798e-01
6.075599312620438286e+04 1.002105039515629237e+00
6.075599338626497774e+04 1.008076251334266260e+00
6.075599364632558718e+04 9.979055383414783265e-01
6.075599390638618206e+04 9.950439400800185075e-01
6.075599416644677694e+04 9.981016044029648038e-01
6.075599442650737910e+04 1.007084768901393312e+00
6.075599468656797399e+04 1.002837571131282912e+00
6.075599494662857614e+04 9.999552187297394701e-01
6.075599520668917103e+04 9.969069207408520761e-01
6.075599546674976591e+04 1.000474808683583072e+00
6.075599572681036079e+04 9.950735302235310664e-01
6.075599598687096295e+04 9.986739091956109426e-01
6.075599624693155783e+04 9.972673338591470094e-01
6.075599650699215999e+04 9.953939554527755362e-01
6.075599676705275488e+04 1.001317319465214961e+00
6.075599702711334976e+04 9.967486002719370131e-01
6.075599728717395192e+04 9.939865149302301583e-01
6.075599754723455408e+04 1.003015444103186216e+00
6.075599780729514896e+04 9.968058729381923389e-01
6.075599806735574384e+04 9.894649794726424474e-01
6.075599832741634600e+04 9.971384874467896786e-01
6.075599858747694088e+04 1.002503059357170434e+00
6.075599884753753577e+04 1.008708063325795656e+00
6.075599910759813065e+04 9.980799534439847021e-01
6.075599936765874008e+04 1.003407996980518968e+00
6.075600091310295102e+04 1.006928594649240338e+00
6.075600117316365504e+04 9.956940601207179276e-01
6.075600143322435179e+04 9.932685079793360794e-01
6.075600169328505581e+04 9.968357871538575665e-01
6.075600195334576711e+04 1.004549678261681844e+00
6.075600221340647113e+04 1.004219728477074192e+00
6.075600247346717515e+04 1.000181199078366223e+00
6.075600273352787190e+04 1.004833957892349972e+00
6.075600299358858319e+04 9.991472470560642805e-01
6.075600325364928722e+04 9.866318114930697769e-01
6.075600351370998396e+04 1.006334174828582340e+00
6.075600377377069526e+04 1.000247071891431361e+00
6.075600403383139928e+04 1.002663272629549462e+00
6.075600429389210331e+04 1.012781612866666459e+00
6.075600455395280733e+04 1.010737565437595187e+00
6.075600481401350407e+04 9.971474126580924802e-01
6.075600507407421537e+04 1.014531216973864725e+00
6.075600533413491939e+04 9.957965110058834002e-01
6.075600559419562342e+04 9.981578435110323166e-01
6.075600585425632744e+04 1.008885020002833643e+00
6.075600611431703146e+04 9.907700045541695255e-01
6.075600637437773548e+04 9.985650812031073853e-01
6.075600663443843951e+04 9.989008174893855285e-01
6.075600689449914353e+04 9.991290043637184315e-01
6.075600715455985483e+04 9.995369977391649341e-01
6.075600741462055157e+04 9.975296986243644692e-01
6.075600767468125559e+04 9.955697161354148950e-01
6.075600793474195962e+04 9.990363761257710085e-01
6.075600819480266364e+04 9.926314202974000356e-01
6.075600845486336766e+04 9.988830200984961660e-01
6.075600871492407168e+04 1.007119170101700822e+00
6.075600897498478298e+04 1.004529223962929541e+00
6.075600923504548700e+04 9.971402629200203371e-01
6.075600949510618375e+04 1.002075413024606121e+00
6.075600975516688777e+04 1.000216171263010434e+00
6.075601001522759907e+04 9.943221617344490948e-01
6.075601027528830309e+04 1.004841122826721778e+00
6.075601053534900711e+04 9.943635914199333570e-01
6.075601079540970386e+04 1.002572329706600929e+00
6.075601105547041516e+04 9.977974108339471293e-01
6.075601131553111918e+04 9.977605911647507986e-01
6.075601157559181593e+04 1.005023649764637650e+00
6.075601183565252722e+04 9.996757643532070414e-01
6.075601209571323125e+04 1.002258489776706174e+00
6.075601235577393527e+04 9.960562821254289601e-01
6.075601261583463929e+04 9.846942634295847707e-01
6.075601287589534331e+04 9.944743260959997277e-01
6.075601313595604734e+04 9.943452430485871796e-01
6.075601339601675136e+04 9.915542803674234351e-01
6.075601365607746266e+04 9.978331763700228896e-01
6.075601391613816668e+04 1.001223530928769145e+00
6.075601417619886342e+04 9.933352953394206653e-01
6.075601443625956745e+04 1.009150093083315713e+00
6.075601469632027874e+04 9.901053475292063144e-01
6.075601495638097549e+04 9.859576313333288100e-01
6.075601521644168679e+04 9.897994789246198355e-01
6.075601547650239081e+04 9.968941152225013758e-01
6.075601573656309483e+04 9.972379132278776925e-01
6.075601599662379886e+04 9.964807681281139251e-01
6.075601625668450288e+04 1.009718454871681104e+00
6.075601651674520690e+04 9.939006691652956249e-01
6.075601677680591092e+04 9.999937736606014926e-01
6.075601703686661494e+04 9.999487213999845858e-01
6.075601729692732624e+04 9.966295679295849030e-01
6.075601755698802299e+04 9.848964384136900119e-01
6.075601781704872701e+04 9.904876487788168982e-01
6.075601807710943831e+04 9.982749036939990717e-01
6.075601833717014233e+04 9.981840283741483244e-01
6.075601859723084635e+04 9.947628427239554316e-01
6.075601885729155038e+04 1.008338049724863295e+00
6.075601911735225440e+04 9.886345324431350390e-01
6.075601937741295842e+04 1.003910124382326075e+00
6.075601963747365517e+04 9.976135188824553079e-01
6.075601989753436646e+04 9.907175730227757438e-01
6.075602015759507049e+04 9.973366441305721031e-01
6.075602041765577451e+04 9.981037597394916139e-01
6.075602067771648581e+04 9.991590699095147521e-01
6.075602093777718255e+04 9.967026228464487270e-01
6.075602119783788658e+04 1.003021901566857998e+00
6.075602145789859787e+04 9.950770502695557296e-01
6.075602171795930190e+04 1.008368800536505905e+00
6.075602197802000592e+04 1.007254314979985299e+00
6.075602223808070994e+04 9.950565337909159647e-01
6.075602249814141396e+04 1.003071228934585779e+00
6.075602275820211798e+04 9.920880875530226906e-01
6.075602301826282201e+04 9.981091863193287672e-01
6.075602327832352603e+04 1.013452099946399843e+00
6.075602353838423005e+04 9.945761677244956411e-01
6.075602379844494135e+04 1.011213014796921605e+00
6.075602405850564537e+04 9.964548348089661278e-01
6.075602431856634212e+04 9.988424648948718287e-01
6.075602457862704614e+04 1.007562165876151106e+00
6.075602483868775744e+04 1.006566423062347004e+00
6.075602509874846146e+04 9.938629607368006935e-01
6.075602535880916548e+04 9.943718865221814474e-01
6.075602561886986950e+04 1.005943926530135313e+00
6.075602587893057353e+04 9.909295729711745659e-01
6.075602613899127755e+04 1.004154705975581763e+00
6.075602639905198885e+04 9.928032168220507492e-01
6.075602665911269287e+04 9.984196618890451846e-01
6.075602691917338962e+04 1.003167350373834976e+00
6.075602717923410091e+04 9.889734338568147987e-01
6.075602743929480494e+04 9.989245942679499946e-01
6.075602769935550168e+04 1.001347815036940370e+00
6.075602795941621298e+04 1.000091151553010649e+00
6.075602821947691700e+04 9.994232926396786620e-01
6.075602847953762102e+04 9.974063756154388782e-01
6.075602873959833232e+04 1.004061050018355328e+00
6.075602899965902907e+04 1.012058991590383927e+00
6.075602925971973309e+04 1.003026958658075118e+00
6.075603093119423283e+04 9.958056047904573216e-01
6.075603119125482772e+04 1.001265751743183996e+00
6.075603145131542988e+04 1.001417123434445555e+00
6.075603171137602476e+04 9.955779784050537984e-01
6.075603197143662692e+04 1.003359449004372239e+00
6.075603223149722908e+04 9.992286090175409585e-01
6.075603249155782396e+04 9.950558873406352145e-01
6.075603275161842612e+04 9.958591796752961356e-01
6.075603301167902100e+04 9.940827106186409523e-01
6.075603327173962316e+04 9.972937278721020204e-01
6.075603353180022532e+04 1.000305671530773655e+00
6.075603379186082020e+04 1.008888824592800715e+00
6.075603405192141508e+04 1.002373474386116570e+00
6.075603431198201724e+04 1.000047494524032299e+00
6.075603457204261213e+04 9.926472471542938658e-01
6.075603483210320701e+04 1.011100961071004445e+00
6.075603509216381644e+04 9.966471843895444715e-01
6.075603535222441133e+04 9.961776898072555175e-01
6.075603561228501349e+04 9.979706431516265352e-01
6.075603587234560837e+04 9.998726136714851664e-01
6.075603613240621053e+04 1.011777069589113731e+00
6.075603639246681269e+04 9.983605049202965986e-01
6.075603665252740757e+04 9.848559178834591643e-01
6.075603691258800245e+04 1.002971127302329180e+00
6.075603717264860461e+04 9.997942021710393146e-01
6.075603743270919949e+04 1.004209104446734502e+00
6.075603769276979438e+04 9.993890997320773462e-01
6.075603795283040381e+04 1.008898543187932484e+00
6.075603821289099869e+04 1.002644856056513545e+00
6.075603847295160085e+04 1.000697950327658292e+00
6.075603873301219573e+04 1.006698599074449252e+00
6.075603899307279789e+04 9.986841000247761446e-01
6.075603925313340005e+04 1.007431785803959867e+00
6.075603951319399494e+04 1.004266130317760242e+00
6.075603977325458982e+04 1.002899355660916925e+00
6.075604003331519198e+04 1.006787660883585733e+00
6.075604029337578686e+04 1.002148602199960603e+00
6.075604055343638902e+04 9.943608720225595166e-01
6.075604081349698390e+04 9.893941127240180045e-01
6.075604107355758606e+04 9.955420814524498230e-01
6.075604133361818822e+04 9.906638144136320490e-01
6.075604159367878310e+04 9.962322752535948123e-01
6.075604185373938526e+04 1.006997994557563558e+00
6.075604211379998742e+04 9.958650361965841746e-01
6.075604237386058230e+04 9.954943530258009154e-01
6.075604263392118446e+04 9.924986812142873038e-01
6.075604289398177934e+04 9.985448403054698607e-01
6.075604315404237423e+04 1.001209400636187796e+00
6.075604341410297639e+04 9.924012497243366315e-01
6.075604367416357127e+04 9.993862906064463481e-01
6.075604393422418070e+04 1.013074204774288889e+00
6.075604419428477559e+04 1.002242699702724726e+00
6.075604445434537047e+04 9.927063199456599429e-01
6.075604471440597990e+04 1.003400792517439966e+00
6.075604497446657479e+04 9.988781930225831829e-01
6.075604523452717694e+04 1.002954758538723512e+00
6.075604549458777183e+04 1.000319248226147595e+00
6.075604575464836671e+04 1.008931622603622902e+00
6.075604601470896887e+04 1.007751710046460358e+00
6.075604627476956375e+04 1.002333150494234992e+00
6.075604653483016591e+04 1.009689117850212536e+00
6.075604679489076807e+04 1.000782181506296054e+00
6.075604705495136295e+04 1.011495873259427247e+00
6.075604731501196511e+04 9.992281901058092108e-01
6.075604757507256727e+04 1.008753387119060374e+00
6.075604783513316943e+04 9.951189434666718459e-01
6.075604809519376431e+04 9.964859084484829488e-01
6.075604835525435919e+04 1.010735915912559735e+00
6.075604861531496135e+04 1.005642702714154790e+00
6.075604887537555624e+04 9.949533469909779271e-01
6.075604913543615839e+04 9.892504325005702093e-01
6.075604939549675328e+04 1.007775460416334701e+00
6.075604965555735544e+04 9.962788438274202685e-01
6.075604991561795759e+04 9.968306728021284480e-01
6.075605017567855248e+04 1.001704402744342026e+00
6.075605043573915464e+04 9.972624371503142626e-01
6.075605069579975680e+04 9.958935449394211714e-01
6.075605095586035168e+04 9.932986299205550651e-01
6.075605121592095384e+04 1.004788245968088134e+00
6.075605147598154872e+04 1.006601971486478009e+00
6.075605173604215088e+04 9.974824705978310169e-01
6.075605199610274576e+04 9.980895332859613944e-01
6.075605225616334792e+04 9.993526638947112239e-01
6.075605251622395008e+04 9.954745934019919584e-01
6.075605277628454496e+04 9.999093869973415538e-01
6.075605303634514712e+04 9.954370600025358451e-01
6.075605329640574200e+04 9.927493110306115920e-01
6.075605355646635144e+04 1.011569850621894862e+00
6.075605381652694632e+04 1.003339905146006794e+00
6.075605407658754848e+04 1.004411588726313420e+00
6.075605433664814336e+04 9.995984606656427296e-01
6.075605459670873825e+04 1.010747961644918425e+00
6.075605485676934040e+04 1.007776137031477726e+00
6.075605511682993529e+04 9.955887949634950607e-01
6.075605537689054472e+04 9.977458160906174101e-01
6.075605563695113960e+04 1.000606230623601212e+00
6.075605589701174176e+04 9.995341575737221040e-01
6.075605615707233665e+04 9.993737911501650029e-01
6.075605641713293880e+04 1.010209493005607806e+00
6.075605667719354096e+04 1.004376181158832537e+00
6.075605693725413585e+04 1.000876240975049791e+00
6.075605719731473800e+04 9.972568117523961106e-01
6.075605745737533289e+04 1.003293640193879011e+00
6.075605771743593505e+04 1.001602739599308789e+00
6.075605797749652993e+04 1.011527607813274887e+00
6.075605823755713209e+04 1.000543923006104841e+00
6.075605849761773425e+04 1.000929966978106433e+00
6.075605875767832913e+04 1.005499906451309045e+00
6.075605901773893129e+04 1.009421354416838890e+00
6.075605927779953345e+04 1.001392576284724667e+00
6.075606082322710427e+04 9.893730036133253636e-01
6.075606108328780829e+04 1.000224737142883402e+00
6.075606134334851231e+04 1.001346805433463771e+00
6.075606160340922361e+04 1.003683940348624182e+00
6.075606186346992035e+04 1.004508065015567331e+00
6.075606212353063165e+04 1.000918035478917778e+00
6.075606238359133567e+04 9.960288517015778442e-01
6.075606264365204697e+04 9.903007337801023047e-01
6.075606290371275099e+04 9.970033381042102683e-01
6.075606316377345502e+04 1.001008044566530808e+00
6.075606342383415904e+04 9.880330251695610411e-01
6.075606368389486306e+04 9.963713049760481999e-01
6.075606394395557436e+04 1.004662140134159776e+00
6.075606420401627838e+04 1.004692191545697666e+00
6.075606446407698240e+04 9.936121149332879376e-01
6.075606472413768643e+04 1.001241204558770859e+00
6.075606498419839772e+04 9.967855421922047210e-01
6.075606524425910175e+04 9.974978740818163381e-01
6.075606550431981304e+04 9.840638066344582491e-01
6.075606576438050979e+04 9.921238234168261449e-01
6.075606602444122109e+04 1.002120936010663543e+00
6.075606628450192511e+04 9.951871822945310697e-01
6.075606654456262913e+04 9.994292338839345646e-01
6.075606680462333316e+04 9.953616698479560432e-01
6.075606706468404445e+04 1.004861402924991598e+00
6.075606732474474848e+04 9.953538263338722603e-01
6.075606758480545250e+04 1.002593362611432504e+00
6.075606784486615652e+04 9.986776854312425789e-01
6.075606810492686054e+04 1.002043555002379849e+00
6.075606836498757184e+04 1.003120861931139141e+00
6.075606862504827586e+04 1.001544614094521668e+00
6.075606888510898716e+04 9.997096883287799329e-01
6.075606914516968391e+04 1.000118771286733876e+00
6.075606940523039520e+04 9.931313153839910202e-01
6.075606966529109923e+04 1.003699318828704667e+00
6.075606992535180325e+04 1.001417822277446135e+00
6.075607018541250727e+04 1.004334433322770392e+00
6.075607044547321857e+04 1.006901662498316474e+00
6.075607070553392259e+04 1.006532906330207089e+00
6.075607096559463389e+04 1.006833109412936578e+00
6.075607122565533064e+04 9.998485098690258477e-01
6.075607148571604193e+04 9.901295775544267652e-01
6.075607174577674596e+04 9.986754366348351564e-01
6.075607200583745725e+04 1.007988580923226074e+00
6.075607226589816128e+04 9.984428748696905220e-01
6.075607252595886530e+04 9.968783061376441657e-01
6.075607278601956932e+04 9.985677996395168066e-01
6.075607304608028062e+04 9.929378473520349413e-01
6.075607330614097737e+04 9.986878331566992895e-01
6.075607356620169594e+04 9.968905117543099825e-01
6.075607382626239269e+04 9.903659172794896381e-01
6.075607408632310398e+04 1.005992682641764446e+00
6.075607434638380801e+04 9.971894455832329696e-01
6.075607460644451203e+04 9.957393971117899367e-01
6.075607486650521605e+04 1.008099231008848351e+00
6.075607512656592735e+04 9.922018059524133626e-01
6.075607538662663137e+04 1.000203057029451781e+00
6.075607564668734267e+04 9.965944601025992222e-01
6.075607590674803942e+04 9.964489690575082381e-01
6.075607616680875071e+04 1.003985608504332605e+00
6.075607642686945474e+04 1.000543398208864732e+00
6.075607668693016603e+04 9.929625740534144818e-01
6.075607694699087006e+04 1.002334736386067737e+00
6.075607720705157408e+04 9.973059607016974137e-01
6.075607746711227810e+04 9.950726909486858895e-01
6.075607772717298940e+04 1.003523543832961940e+00
6.075607798723368614e+04 1.004159908006223345e+00
6.075607824729439744e+04 9.920302447472644225e-01
6.075607850735510146e+04 9.936967873587895239e-01
6.075607876741581276e+04 9.980596009699299609e-01
6.075607902747651679e+04 1.002759515291085535e+00
6.075607928753722081e+04 9.967286927598282276e-01
6.075607954759792483e+04 1.001674854192476705e+00
6.075607980765863613e+04 1.004917472207522700e+00
6.075608006771934015e+04 9.920437184142532061e-01
6.075608032778005145e+04 9.990843491585753577e-01
6.075608058784074819e+04 1.003115190048478267e+00
6.075608084790145949e+04 1.002909153459920599e+00
6.075608110796216351e+04 1.001146055019614067e+00
6.075608136802286754e+04 9.974010149662998481e-01
6.075608162808357156e+04 9.971838636947399914e-01
6.075608188814428286e+04 1.006976103726701544e+00
6.075608214820498688e+04 9.772264647417060468e-01
6.075608240826569818e+04 9.928267962215890918e-01
6.075608266832639492e+04 9.923048720299175729e-01
6.075608292838710622e+04 1.001891610364940677e+00
6.075608318844781024e+04 1.000054457317006262e+00
6.075608344850852154e+04 9.951065033832688922e-01
6.075608370856922556e+04 9.914722220780467499e-01
6.075608396862992959e+04 1.023277214420751813e+00
6.075608422869064088e+04 1.001100743633580814e+00
6.075608448875134491e+04 1.010826378149058513e+00
6.075608474881204893e+04 9.986209589665907549e-01
6.075608500887276023e+04 9.991076166970851435e-01
6.075608526893346425e+04 1.001993354754479926e+00
6.075608552899416827e+04 9.980607558261171963e-01
6.075608578905487957e+04 9.903539630143730621e-01
6.075608604911557632e+04 9.980838648784592371e-01
6.075608630917628761e+04 9.973513747103162075e-01
6.075608656923699164e+04 1.001911127683596581e+00
6.075608682929770293e+04 9.953157374569141513e-01
6.075608708935840696e+04 1.004087062480725212e+00
6.075608734941911098e+04 9.971017673355709876e-01
6.075608760947981500e+04 1.006529361979762394e+00
6.075608786954052630e+04 1.000431020369419555e+00
6.075608812960123760e+04 1.005641545979721441e+00
6.075608838966194162e+04 9.925174419252269509e-01
6.075608864972264564e+04 9.960627997077843299e-01
6.075608890978334966e+04 1.003578514113475872e+00
6.075608916984406096e+04 9.982859391597059817e-01
6.075609076569380704e+04 9.868010873103637559e-01
6.075609102575441648e+04 1.004712935216740766e+00
6.075609128581501136e+04 1.006892548935210963e+00
6.075609154587561352e+04 1.005987546642776342e+00
6.075609180593621568e+04 9.966295320427556170e-01
6.075609206599681784e+04 9.987108699116165056e-01
6.075609232605741272e+04 1.006220892195031080e+00
6.075609258611801488e+04 9.946338817338729044e-01
6.075609284617860976e+04 1.000703707758486827e+00
6.075609310623921192e+04 9.891018960670264759e-01
6.075609336629981408e+04 1.000211202712404601e+00
6.075609362636040896e+04 9.963153934983393079e-01
6.075609388642101840e+04 1.001087247428375848e+00
6.075609414648161328e+04 1.006144436305393741e+00
6.075609440654221544e+04 1.003538083960825222e+00
6.075609466660281760e+04 1.003603628941441617e+00
6.075609492666341976e+04 9.989707594322657647e-01
6.075609518672402191e+04 1.001742668655315915e+00
6.075609544678461680e+04 9.947724760213805251e-01
6.075609570684521896e+04 9.929011515248181707e-01
6.075609596690581384e+04 1.003802876332036575e+00
6.075609622696641600e+04 9.972198002764917080e-01
6.075609648702701088e+04 1.001496099372452209e+00
6.075609674708762032e+04 9.974464076688414060e-01
6.075609700714822247e+04 1.000771948838086178e+00
6.075609726720881736e+04 1.003702914665747459e+00
6.075609752726942679e+04 1.003863181029782892e+00
6.075609778733002167e+04 9.934391731033148654e-01
6.075609804739062383e+04 1.012566344199374191e+00
6.075609830745121872e+04 9.899818031966606258e-01
6.075609856751182087e+04 1.011148541745440443e+00
6.075609882757242303e+04 9.885253930737885053e-01
6.075609908763301792e+04 1.004421248884426410e+00
6.075609934769362008e+04 1.001879285213537640e+00
6.075609960775422223e+04 1.006551832472786012e+00
6.075609986781482439e+04 1.003601590801492582e+00
6.075610012787541928e+04 9.855763120681090284e-01
6.075610038793602143e+04 1.008144640780349821e+00
6.075610064799663087e+04 9.950214574814997270e-01
6.075610090805722575e+04 9.978457387383337096e-01
6.075610116811782791e+04 1.004461633069352100e+00
6.075610142817842279e+04 9.981661011018810870e-01
6.075610168823902495e+04 9.992637202183621836e-01
6.075610194829962711e+04 1.007994878445287679e+00
6.075610220836022199e+04 9.965386909919758951e-01
6.075610246842083143e+04 9.974864682076528544e-01
6.075610272848142631e+04 1.009137808052560814e+00
6.075610298854202847e+04 9.977217941903936405e-01
6.075610324860263063e+04 1.008292190220473339e+00
6.075610350866323279e+04 1.010564996261743342e+00
6.075610376872383495e+04 1.007128489750160671e+00
6.075610402878442983e+04 9.986201344320171369e-01
6.075610428884503199e+04 1.001875827022185250e+00
6.075610454890563415e+04 1.003922819157828439e+00
6.075610480896622903e+04 1.001908048321289435e+00
6.075610506902683119e+04 9.983988373739974831e-01
6.075610532908743335e+04 9.977375850868230867e-01
6.075610558914803551e+04 9.940307511727309864e-01
6.075610584920863766e+04 1.006560459297210386e+00
6.075610610926923255e+04 9.985368199845399140e-01
6.075610636932984198e+04 1.010622421435159790e+00
6.075610662939043686e+04 1.007793182325017467e+00
6.075610688945103902e+04 9.990402094637570451e-01
6.075610714951164118e+04 1.007030329546506398e+00
6.075610740957223607e+04 1.002910776112592162e+00
6.075610766963283822e+04 9.945757079965075187e-01
6.075610792969343311e+04 1.002663848789827616e+00
6.075610818975403527e+04 9.925405985471914549e-01
6.075610844981464470e+04 1.008818853708860930e+00
6.075610870987523958e+04 1.002356961926515355e+00
6.075610896993584174e+04 9.995181166056575917e-01
6.075610922999644390e+04 1.000294213811628419e+00
6.075610949005704606e+04 9.922451816802329017e-01
6.075610975011764822e+04 9.999924275727771761e-01
6.075611001017824310e+04 9.984738598657912911e-01
6.075611027023884526e+04 1.005969337814553333e+00
6.075611053029944742e+04 1.000344714847741123e+00
6.075611079036004230e+04 9.979554869407877282e-01
6.075611105042064446e+04 1.007306920724948318e+00
6.075611131048124662e+04 1.002152040603418559e+00
6.075611157054184878e+04 1.005300221299460617e+00
6.075611183060245094e+04 1.002391208387348964e+00
6.075611209066305310e+04 9.967745453381751108e-01
6.075611235072365525e+04 1.009927112043714104e+00
6.075611261078425741e+04 1.000245917065235579e+00
6.075611287084485230e+04 9.869509764435293597e-01
6.075611313090545445e+04 1.004448720460254574e+00
6.075611339096604934e+04 9.976895528895227683e-01
6.075611365102665150e+04 1.003487749779287119e+00
6.075611391108725365e+04 1.000286491661030785e+00
6.075611417114785581e+04 9.960896923679728454e-01
6.075611443120845797e+04 1.007579289548981238e+00
6.075611469126906013e+04 9.937400423406897998e-01
6.075611495132966229e+04 9.975255523791383139e-01
6.075611521139026445e+04 9.942039031154653594e-01
6.075611547145085933e+04 1.014617739585527367e+00
6.075611573151146149e+04 1.007224148777128736e+00
6.075611599157206365e+04 1.006045446357976658e+00
6.075611625163265853e+04 1.002067430761886202e+00
6.075611651169326069e+04 9.931914899382427997e-01
6.075611677175386285e+04 1.008882625194583493e+00
6.075611703181446501e+04 9.960678010281965866e-01
6.075611729187506717e+04 9.968751137491402847e-01
6.075611755193566933e+04 1.006853743592919237e+00
6.075611781199626421e+04 1.000900552455361581e+00
6.075611807205687364e+04 1.001622390670940499e+00
6.075611833211747580e+04 1.003181509230880231e+00
6.075611859217807068e+04 9.958897171209436516e-01
6.075611885223867284e+04 9.891379153186875550e-01
6.075611911229926773e+04 9.863669019708019015e-01
6.075612077117233275e+04 9.970084008019639565e-01
6.075612103123303677e+04 1.002740520165036342e+00
6.075612129129374080e+04 1.004222578621626560e+00
6.075612155135445209e+04 1.000046620022023713e+00
6.075612181141516339e+04 9.872495517495527562e-01
6.075612207147586741e+04 1.006837016032867016e+00
6.075612233153657144e+04 9.942760237441797821e-01
6.075612259159728274e+04 1.005518598183377188e+00
6.075612285165798676e+04 1.005017139986420283e+00
6.075612311171869806e+04 9.956437419564774238e-01
6.075612337177940935e+04 1.000640402730326839e+00
6.075612363184010610e+04 1.003125671435939559e+00
6.075612389190081740e+04 9.927904297941962941e-01
6.075612415196152870e+04 9.995219122668909106e-01
6.075612441202222544e+04 1.006695408547023662e+00
6.075612467208293674e+04 1.006625083800974041e+00
6.075612493214364804e+04 1.006862764596309745e+00
6.075612519220435206e+04 1.001820699768704470e+00
6.075612545226506336e+04 1.006398573587446554e+00
6.075612571232576738e+04 1.005147942361589219e+00
6.075612597238647140e+04 1.001897215812260988e+00
6.075612623244718270e+04 9.955196001056505484e-01
6.075612649250789400e+04 9.978243028383979585e-01
6.075612675256859802e+04 9.958062828457417970e-01
6.075612701262930204e+04 9.930191639659041725e-01
6.075612727269001334e+04 1.004884492118915729e+00
6.075612753275071736e+04 1.000317163966342404e+00
6.075612779281142139e+04 1.004408611654258765e+00
6.075612805287213268e+04 9.896537905099545007e-01
6.075612831293283671e+04 9.943590046484055422e-01
6.075612857299354800e+04 9.989435951330285501e-01
6.075612883305425930e+04 9.979872089159631532e-01
6.075612909311495605e+04 1.005678020289935359e+00
6.075612935317566735e+04 9.962690719321176669e-01
6.075612961323637865e+04 9.879139704112067655e-01
6.075612987329708267e+04 1.007123952490458274e+00
6.075613013335779397e+04 1.006715952571771711e+00
6.075613039341849799e+04 9.945687091002120006e-01
6.075613065347920201e+04 1.001752009971929924e+00
6.075613091353991331e+04 9.980877918251378489e-01
6.075613117360061733e+04 9.959304025653004100e-01
6.075613143366133590e+04 1.000418511041884839e+00
6.075613169372203265e+04 1.003878423518253404e+00
6.075613195378274395e+04 9.961844918364387569e-01
6.075613221384345525e+04 9.987945515321250411e-01
6.075613247390415199e+04 9.971078953590494232e-01
6.075613273396486329e+04 9.957098097019183580e-01
6.075613299402557459e+04 1.011103103079590948e+00
6.075613325408627861e+04 1.004736237966032508e+00
6.075613351414698991e+04 9.931226203894623072e-01
6.075613377420769393e+04 1.004425866517261845e+00
6.075613403426840523e+04 9.997727460064106397e-01
6.075613429432910925e+04 1.007034666717092852e+00
6.075613455438982055e+04 9.868018212146663082e-01
6.075613481445053185e+04 9.961488235908531053e-01
6.075613507451122859e+04 1.006887632233650853e+00
6.075613533457193989e+04 1.010400849780213939e+00
6.075613559463265119e+04 9.973323760348953293e-01
6.075613585469334794e+04 9.967912809437636801e-01
6.075613611475405924e+04 1.008689323117111236e+00
6.075613637481477053e+04 1.003122768180662927e+00
6.075613663487548183e+04 9.986136425249770854e-01
6.075613689493618585e+04 1.000906243899858605e+00
6.075613715499688988e+04 9.978866928864184027e-01
6.075613741505760117e+04 9.972145436334269863e-01
6.075613767511830520e+04 1.000574001656357570e+00
6.075613793517901649e+04 1.000538747263292949e+00
6.075613819523972779e+04 9.923294008598526617e-01
6.075613845530043181e+04 9.997291384969023698e-01
6.075613871536113584e+04 1.004450152508475691e+00
6.075613897542184714e+04 1.004993482175383868e+00
6.075613923548255116e+04 9.977855610282162502e-01
6.075613949554325518e+04 1.000387144867696421e+00
6.075613975560396648e+04 1.017201150283693289e+00
6.075614001566467778e+04 1.006844951835980995e+00
6.075614027572538907e+04 1.001589653286713233e+00
6.075614053578608582e+04 1.009686071487899683e+00
6.075614079584679712e+04 1.001277902099798389e+00
6.075614105590750842e+04 1.005086777300362888e+00
6.075614131596821244e+04 1.000582590855816356e+00
6.075614157602892374e+04 1.000699563058553565e+00
6.075614183608962776e+04 1.010069485274746492e+00
6.075614209615033906e+04 9.946647611100483122e-01
6.075614235621104308e+04 1.005567046766784767e+00
6.075614261627174710e+04 9.954700004992134144e-01
6.075614287633246568e+04 9.937740287956388086e-01
6.075614313639316970e+04 9.910479517684200879e-01
6.075614339645387372e+04 1.007668724823680861e+00
6.075614365651458502e+04 9.988050128245600234e-01
6.075614391657528904e+04 1.008056909445308902e+00
6.075614417663600034e+04 1.001447552773873095e+00
6.075614443669670436e+04 1.002312584624168501e+00
6.075614469675741566e+04 9.988545672206852188e-01
6.075614495681812696e+04 9.912861068283786992e-01
6.075614521687882370e+04 9.947792699152668838e-01
6.075614547693953500e+04 9.947382096863227607e-01
6.075614573700024630e+04 9.958274980347200378e-01
6.075614599706095760e+04 9.905631174030183894e-01
6.075614625712166162e+04 1.001819855185861030e+00
6.075614651718236564e+04 9.933087532606134085e-01
6.075614677724307694e+04 1.005384511209072018e+00
6.075614703730378824e+04 9.987440732871889493e-01
6.075614729736448498e+04 1.005065005116630994e+00
6.075614755742519628e+04 9.873583455219873128e-01
6.075614781748590758e+04 1.006935866031652527e+00
6.075614807754661888e+04 9.998733803256728558e-01
6.075614833760732290e+04 9.842453762818691443e-01
6.075614859766802692e+04 1.005915827068640356e+00
6.075614885772873822e+04 9.963124144342745403e-01
6.075614911778944952e+04 9.968519379224081156e-01
