6.075547523418369383e+04 9.974008799814272352e-01
6.075547549424438330e+04 9.873004717419577858e-01
6.075547575430508005e+04 9.938873645906548537e-01
6.075547601436576224e+04 9.961275529753605973e-01
6.075547627442645899e+04 9.883838935081917798e-01
6.075547653448714846e+04 9.891630577948926639e-01
6.075547679454784520e+04 9.946077067415741713e-01
6.075547705460853467e+04 1.007575226879526387e+00
6.075547731466922414e+04 1.007518225532602951e+00
6.075547757472991361e+04 1.000628749963933029e+00
6.075547783479061036e+04 1.002772717976499584e+00
6.075547809485129255e+04 9.925107152256136267e-01
6.075547835491198930e+04 9.916793454260841578e-01
6.075547861497267877e+04 9.888036995986765332e-01
6.075547887503337552e+04 1.002532457870055627e+00
6.075547913509406499e+04 9.862877360858549602e-01
6.075547939515475446e+04 9.962598108771240080e-01
6.075547965521544393e+04 1.007381584360643956e+00
6.075547991527614067e+04 1.015835871217682485e+00
6.075548017533683014e+04 1.002465967611831266e+00
6.075548043539752689e+04 1.001054146511138443e+00
6.075548069545820908e+04 9.976697497905515633e-01
6.075548095551890583e+04 1.005198961053895612e+00
6.075548121557959530e+04 1.003801611720486209e+00
6.075548147564028477e+04 9.879058401260349953e-01
6.075548173570098152e+04 1.000798807746169139e+00
6.075548199576167099e+04 1.003202021175377601e+00
6.075548225582236773e+04 9.980711876482967204e-01
6.075548251588305720e+04 1.003012407971963338e+00
6.075548277594374667e+04 9.929740279896320798e-01
6.075548303600443614e+04 1.010343023538450069e+00
6.075548329606513289e+04 9.998981962719888372e-01
6.075548355612582236e+04 1.004574181661145538e+00
6.075548381618651911e+04 1.008557167255095255e+00
6.075548407624720130e+04 9.928052789133902101e-01
6.075548433630789805e+04 1.000212598790717111e+00
6.075548459636858752e+04 9.996529606544053426e-01
6.075548485642928426e+04 9.940636118353448625e-01
6.075548511648997373e+04 9.894098675170864832e-01
6.075548537655066320e+04 1.007153904169879155e+00
6.075548563661135267e+04 9.997496559594950538e-01
6.075548589667204942e+04 9.806800506084714097e-01
6.075548615673273162e+04 9.980242754366962510e-01
6.075548641679342836e+04 9.859752380079980227e-01
6.075548667685411783e+04 9.949933237414640974e-01
6.075548693691481458e+04 9.994271747894371005e-01
6.075548719697551132e+04 1.010119106609746575e+00
6.075548745703619352e+04 9.867390408035531246e-01
6.075548771709689026e+04 1.002649813188843719e+00
6.075548797715757973e+04 1.003106505844653107e+00
6.075548823721827648e+04 1.000140393209804746e+00
6.075548849727896595e+04 9.915516290129858801e-01
6.075548875733965542e+04 1.018874707746718178e+00
6.075548901740034489e+04 1.008003489806093222e+00
6.075548927746104164e+04 9.918241955427354872e-01
6.075548953752172383e+04 9.963583799885942227e-01
6.075548979758242058e+04 9.967971225104047539e-01
6.075549005764311732e+04 9.867307335317311301e-01
6.075549031770380680e+04 1.003343635122670108e+00
6.075549057776450354e+04 9.965658330050104485e-01
6.075549083782518574e+04 9.936288184926601597e-01
6.075549109788588248e+04 9.844070398551906242e-01
6.075549135794657195e+04 9.915792226989178504e-01
6.075549161800726870e+04 1.003086635889173017e+00
6.075549187806795817e+04 9.932314380800709719e-01
6.075549213812864764e+04 9.917099522356236374e-01
6.075549239818933711e+04 1.013014930961962490e+00
6.075549265825003386e+04 1.002469416814519620e+00
6.075549291831072333e+04 9.984228858728262379e-01
6.075549317837142007e+04 9.927880934820083603e-01
6.075549343843210954e+04 9.964437052513039905e-01
6.075549369849279901e+04 1.004400594451227979e+00
6.075549395855349576e+04 1.000071435377621665e+00
6.075549421861417795e+04 1.019930743170042176e+00
6.075549447867487470e+04 1.004888382240668454e+00
6.075549473873556417e+04 1.006708536668262211e+00
6.075549499879626092e+04 1.005188420960458018e+00
6.075549525885695766e+04 9.868488058461054591e-01
6.075549551891763986e+04 1.003039661653502224e+00
6.075549577897833660e+04 1.020626348531022076e+00
6.075549603903902607e+04 1.007288438128590702e+00
6.075549629909972282e+04 1.014841803034221890e+00
6.075549655916041229e+04 9.915592647209940935e-01
6.075549681922110176e+04 9.997692414163092955e-01
6.075549707928179851e+04 1.011285459378620910e+00
6.075549733934248798e+04 9.910645753266232871e-01
6.075549759940317745e+04 1.000190704674736031e+00
6.075549785946386692e+04 9.950431846821709003e-01
6.075549811952456366e+04 1.003904671956269423e+00
6.075549837958525313e+04 9.845752709567094918e-01
6.075549863964594988e+04 9.974904725908586567e-01
6.075549889970663935e+04 1.002808068772686800e+00
6.075549915976732882e+04 9.912626808121040023e-01
6.075549941982802557e+04 9.875505864446800786e-01
6.075549967988871504e+04 9.940372706355380394e-01
6.075549993994941178e+04 9.845160498774471192e-01
6.075550020001009398e+04 9.896235063620464345e-01
6.075550046007079072e+04 9.830147529904201820e-01
6.075550072013148747e+04 1.007651395356242485e+00
6.075550098019216966e+04 9.946780742020445709e-01
6.075550124025286641e+04 9.931303886223938893e-01
6.075550150031355588e+04 9.863369303859692572e-01
6.075550176037425263e+04 1.005519766928043790e+00
6.075550202043494210e+04 1.025148673785372999e+00
6.075550228049563157e+04 9.982121737724042321e-01
6.075550254055632831e+04 9.992788424494742916e-01
6.075550280061701778e+04 1.001966713880634074e+00
6.075550306067771453e+04 9.994399148727581839e-01
6.075550332073840400e+04 1.019110839296758275e+00
6.075550358079909347e+04 1.011260334555119655e+00
6.075550513883041276e+04 9.894332494148380119e-01
6.075550539889110951e+04 1.007347887308331025e+00
6.075550565895179898e+04 9.921027452155762871e-01
6.075550591901248845e+04 1.007080391020726218e+00
6.075550617907318519e+04 1.009273582138653591e+00
6.075550643913387466e+04 9.964180050110482689e-01
6.075550669919457141e+04 9.972204499482192341e-01
6.075550695925526088e+04 9.744322311508937240e-01
6.075550721931595035e+04 1.010173196215217617e+00
6.075550747937664710e+04 9.731288108504111412e-01
6.075550773943733657e+04 1.003014767776808425e+00
6.075550799949803331e+04 9.830606340353689188e-01
6.075550825955872278e+04 9.970690007514406705e-01
6.075550851961941225e+04 9.990603889988552977e-01
6.075550877968010900e+04 1.013388248701382999e+00
6.075550903974079847e+04 9.886892709940284796e-01
6.075550929980148794e+04 9.966816130730423717e-01
6.075550955986217741e+04 1.001823842781759621e+00
6.075550981992287416e+04 9.887248144824554164e-01
6.075551007998357090e+04 1.000942084823845946e+00
6.075551034004426037e+04 1.003149009429551430e+00
6.075551060010494984e+04 9.985183176789069748e-01
6.075551086016564659e+04 9.873881709959569930e-01
6.075551112022633606e+04 1.010271888568386123e+00
6.075551138028703281e+04 1.007176875841154562e+00
6.075551164034772228e+04 9.952901351512105643e-01
6.075551190040841175e+04 1.001049066815669963e+00
6.075551216046910849e+04 9.840361333463364391e-01
6.075551242052979796e+04 9.980886652230392952e-01
6.075551268059049471e+04 1.002977493901354489e+00
6.075551294065118418e+04 9.959355143265329335e-01
6.075551320071187365e+04 9.909131847313858987e-01
6.075551346077257040e+04 9.941509604381398857e-01
6.075551372083325987e+04 1.023948365196424071e+00
6.075551398089394934e+04 9.971068002658523000e-01
6.075551424095464608e+04 9.954405905920917785e-01
6.075551450101533555e+04 9.918769506912962219e-01
6.075551476107603230e+04 9.931219287250425687e-01
6.075551502113672177e+04 9.954052901043409785e-01
6.075551528119741124e+04 9.918958891567500880e-01
6.075551554125810799e+04 1.009737110906337110e+00
6.075551580131879746e+04 9.921910418821640043e-01
6.075551606137949420e+04 9.974415287315552270e-01
6.075551632144019095e+04 9.960711670262647477e-01
6.075551658150087314e+04 9.960975655919152016e-01
6.075551684156156989e+04 9.997034618680273876e-01
6.075551710162226664e+04 1.001200095792687872e+00
6.075551736168294883e+04 1.013479059379257530e+00
6.075551762174364558e+04 9.778534029309161602e-01
6.075551788180433505e+04 9.947714480057976427e-01
6.075551814186503179e+04 1.000775002226163890e+00
6.075551840192572854e+04 9.909900226564108960e-01
6.075551866198641073e+04 9.941980006791907298e-01
6.075551892204710748e+04 1.006202129254746502e+00
6.075551918210780423e+04 1.003894643709449364e+00
6.075551944216849370e+04 1.007294410200586077e+00
6.075551970222919044e+04 9.947121474366700244e-01
6.075551996228987991e+04 1.002155634932733186e+00
6.075552022235056938e+04 9.984919598257886442e-01
6.075552048241126613e+04 9.812430739837575411e-01
6.075552074247194832e+04 9.839217104013759929e-01
6.075552100253265235e+04 9.983188485734993955e-01
6.075552126259334182e+04 1.013026507839694057e+00
6.075552152265403129e+04 9.894421552563168465e-01
6.075552178271472803e+04 9.889179566295678292e-01
6.075552204277541750e+04 1.013284074617132768e+00
6.075552230283610697e+04 1.015362587063862509e+00
6.075552256289680372e+04 9.988190415009884360e-01
6.075552282295750047e+04 9.830504690519343836e-01
6.075552308301818994e+04 9.958503604934508813e-01
6.075552334307887941e+04 9.761974016345369431e-01
6.075552360313957615e+04 9.757700185481062993e-01
6.075552386320026562e+04 9.936323902991910373e-01
6.075552412326096237e+04 9.920342396547883190e-01
6.075552438332165912e+04 1.001738363595299885e+00
6.075552464338234131e+04 1.011122690152399750e+00
6.075552490344303806e+04 9.801880680763187526e-01
6.075552516350373480e+04 1.023480354490232669e+00
6.075552542356441700e+04 1.025301815341427725e+00
6.075552568362511374e+04 9.973556950931720122e-01
6.075552594368581049e+04 9.981417314324504408e-01
6.075552620374649996e+04 1.007987500023423744e+00
6.075552646380719671e+04 9.970386781858239234e-01
6.075552672386788618e+04 1.015901052073348021e+00
6.075552698392857565e+04 9.952115061396472617e-01
6.075552724398927239e+04 9.868634520368763097e-01
6.075552750404996914e+04 1.004299075516223105e+00
6.075552776411065861e+04 9.881932930068104692e-01
6.075552802417134808e+04 9.912948729102433187e-01
6.075552828423204483e+04 9.983732110335655774e-01
6.075552854429273430e+04 9.939870121675989934e-01
6.075552880435342377e+04 9.984855679187875088e-01
6.075552906441412051e+04 9.774551780701802306e-01
6.075552932447480998e+04 9.839436175212420421e-01
6.075552958453550673e+04 1.010522958325802856e+00
6.075552984459620347e+04 9.899712460940113257e-01
6.075553010465688567e+04 9.909448398578070138e-01
6.075553036471758242e+04 9.799430057547335871e-01
6.075553062477827916e+04 9.738726456928397113e-01
6.075553088483896863e+04 9.994348126884213812e-01
6.075553114489966538e+04 9.832904478679537208e-01
6.075553140496035485e+04 9.895407501338967515e-01
6.075553166502104432e+04 9.892639565147839376e-01
6.075553192508174106e+04 1.006808911870578527e+00
6.075553218514243054e+04 1.006202694609161785e+00
6.075553244520312728e+04 9.928975440245367823e-01
6.075553270526381675e+04 9.987183321000626668e-01
6.075553296532451350e+04 1.013967601385286299e+00
6.075553322538520297e+04 9.895302033084926174e-01
6.075553348544589244e+04 9.950834309308324022e-01
6.075553503087646095e+04 9.988692413071295073e-01
6.075553529093715770e+04 1.001340901137396600e+00
6.075553555099784717e+04 1.012971939592104409e+00
6.075553581105853664e+04 1.002642229864190604e+00
6.075553607111923338e+04 1.000826540090562489e+00
6.075553633117992285e+04 9.924946485039337629e-01
6.075553659124061960e+04 9.861598595397069733e-01
6.075553685130131635e+04 9.933556376271470700e-01
6.075553711136199854e+04 9.953849973282469232e-01
6.075553737142269529e+04 1.007557041891523619e+00
6.075553763148339203e+04 1.006926999948997814e+00
6.075553789154408878e+04 1.011503441146255566e+00
6.075553815160477825e+04 9.849862570985625787e-01
6.075553841166546772e+04 9.915426862157433741e-01
6.075553867172616447e+04 1.001102208673549265e+00
6.075553893178685394e+04 9.856089497717284154e-01
6.075553919184754341e+04 9.875463680940342881e-01
6.075553945190824015e+04 9.973381093736232161e-01
6.075553971196892962e+04 1.010386012332104899e+00
6.075553997202962637e+04 9.943673073361893877e-01
6.075554023209032312e+04 1.004106684602288801e+00
6.075554049215101259e+04 9.944824602177062545e-01
6.075554075221170206e+04 9.964447961376403651e-01
6.075554101227239880e+04 9.971001682471610783e-01
6.075554127233309555e+04 9.988981887388614922e-01
6.075554153239378502e+04 1.004426623714949285e+00
6.075554179245447449e+04 1.017177409363649865e+00
6.075554205251517124e+04 1.010830118392681998e+00
6.075554231257586798e+04 1.013231546942457983e+00
6.075554257263655018e+04 9.951071481379625272e-01
6.075554283269725420e+04 1.001586578485577972e+00
6.075554309275794367e+04 9.969560925660505557e-01
6.075554335281863314e+04 9.906720431504472124e-01
6.075554361287932988e+04 1.012132123523316052e+00
6.075554387294001936e+04 9.818104959731099868e-01
6.075554413300071610e+04 1.000533728401137967e+00
6.075554439306140557e+04 9.933517027883232986e-01
6.075554465312210232e+04 9.931971296913202352e-01
6.075554491318279906e+04 1.005137991499816863e+00
6.075554517324348853e+04 1.007987812642077152e+00
6.075554543330417800e+04 1.000779270484816852e+00
6.075554569336487475e+04 1.005803604773032767e+00
6.075554595342557150e+04 9.992270436403589695e-01
6.075554621348626097e+04 9.988660805815455790e-01
6.075554647354695044e+04 9.873078195035693838e-01
6.075554673360764718e+04 1.012580798995289078e+00
6.075554699366834393e+04 1.003898750699643072e+00
6.075554725372902612e+04 1.009384771114591572e+00
6.075554751378972287e+04 9.985881560195972728e-01
6.075554777385041962e+04 1.009066980419567106e+00
6.075554803391111636e+04 1.012559562168922289e+00
6.075554829397180583e+04 9.937226924670933270e-01
6.075554855403249530e+04 1.000384524093176797e+00
6.075554881409319205e+04 1.008341363123062884e+00
6.075554907415388152e+04 1.004278988613969359e+00
6.075554933421457827e+04 9.826005301083519106e-01
6.075554959427527501e+04 1.006582989152508212e+00
6.075554985433596448e+04 1.000482592156015649e+00
6.075555011439665395e+04 1.001148544102452353e+00
6.075555037445735070e+04 1.008725194152123361e+00
6.075555063451804017e+04 9.948112271366734705e-01
6.075555089457873692e+04 1.001044103772639637e+00
6.075555115463942639e+04 1.000170829848548104e+00
6.075555141470012313e+04 9.999621907113098729e-01
6.075555167476081988e+04 9.959510044392838601e-01
6.075555193482150935e+04 1.022902463637018977e+00
6.075555219488219882e+04 9.810343369206426800e-01
6.075555245494289557e+04 1.006291316260867097e+00
6.075555271500359231e+04 9.974611875510590586e-01
6.075555297506428906e+04 9.743165974774544713e-01
6.075555323512497125e+04 9.980541022761146852e-01
6.075555349518566800e+04 9.965521995988820825e-01
6.075555375524636474e+04 9.884084306654313812e-01
6.075555401530705421e+04 9.846109195203689435e-01
6.075555427536775096e+04 9.975886233226806121e-01
6.075555453542844043e+04 9.976028945358110800e-01
6.075555479548913718e+04 9.890691876563729723e-01
6.075555505554983392e+04 1.007448546949972101e+00
6.075555531561051612e+04 9.960538638234271991e-01
6.075555557567121286e+04 1.000105536867536227e+00
6.075555583573190961e+04 9.986289727368676816e-01
6.075555609579260636e+04 9.872079572116292390e-01
6.075555635585329583e+04 1.002007251171871172e+00
6.075555661591398530e+04 1.012489346335182505e+00
6.075555687597468204e+04 1.006120609606240501e+00
6.075555713603537879e+04 1.000323202108995391e+00
6.075555739609607554e+04 1.000990931332890632e+00
6.075555765615676501e+04 1.007614335101137071e+00
6.075555791621745448e+04 9.877517009927947456e-01
6.075555817627815122e+04 9.965226755241040069e-01
6.075555843633884797e+04 1.017822562787541241e+00
6.075555869639953016e+04 9.935323633016729383e-01
6.075555895646022691e+04 1.003573571945158172e+00
6.075555921652092366e+04 1.005582682296534802e+00
6.075555947658162040e+04 1.013475669559978920e+00
6.075555973664230987e+04 9.872420281271534481e-01
6.075555999670299934e+04 9.867861147311586256e-01
6.075556025676369609e+04 1.002556509629860759e+00
6.075556051682439283e+04 9.956230355339008575e-01
6.075556077688508958e+04 1.002185306173731139e+00
6.075556103694577905e+04 1.006809524186730531e+00
6.075556129700646852e+04 1.021908394914680773e+00
6.075556155706716527e+04 1.012483665369713570e+00
6.075556181712786201e+04 9.983767558604738079e-01
6.075556207718854421e+04 9.867364511232191715e-01
6.075556233724924095e+04 1.020896109758244297e+00
6.075556259730993770e+04 1.002812939017983629e+00
6.075556285737063445e+04 9.997180846054581904e-01
6.075556311743133119e+04 9.912705206711598382e-01
6.075556337749201339e+04 1.004201204791969948e+00
6.075556504896522529e+04 9.862801236463353272e-01
6.075556530902591476e+04 1.007927999762815885e+00
6.075556556908661150e+04 9.940578571095317617e-01
6.075556582914730097e+04 1.000242585705394260e+00
6.075556608920799772e+04 1.014421021652978316e+00
6.075556634926869447e+04 9.927341837498727672e-01
6.075556660932938394e+04 1.021105709802736294e+00
6.075556686939008068e+04 1.002242727560382685e+00
6.075556712945077015e+04 9.901468683154103223e-01
6.075556738951146690e+04 1.009546662735634426e+00
6.075556764957216365e+04 9.997567772234323691e-01
6.075556790963285312e+04 1.014428752994474658e+00
6.075556816969354986e+04 9.886821073669607163e-01
6.075556842975423933e+04 1.012416433257178783e+00
6.075556868981492880e+04 9.969738637104427204e-01
6.075556894987563282e+04 9.962361612945433986e-01
6.075556920993632230e+04 9.917796507961151864e-01
6.075556946999701904e+04 1.009748221459579653e+00
6.075556973005770851e+04 9.968027196259567901e-01
6.075556999011839798e+04 9.993254873542912753e-01
6.075557025017909473e+04 1.030147363366211266e+00
6.075557051023979147e+04 9.937086989497668776e-01
6.075557077030048822e+04 9.866464031404477142e-01
6.075557103036117769e+04 9.951829707810012637e-01
6.075557129042186716e+04 1.001806718966232301e+00
6.075557155048256391e+04 1.016594491720592019e+00
6.075557181054326065e+04 9.860410598811016891e-01
6.075557207060395740e+04 1.000628124306006672e+00
6.075557233066464687e+04 1.004324275936326893e+00
6.075557259072533634e+04 9.951332968236515919e-01
6.075557285078603309e+04 9.958397183020638588e-01
6.075557311084672983e+04 1.006360510165706712e+00
6.075557337090741930e+04 9.975421369880019817e-01
6.075557363096811605e+04 9.927318723764442243e-01
6.075557389102880552e+04 1.003763893635308824e+00
6.075557415108950227e+04 9.975672081868692809e-01
6.075557441115019901e+04 9.969097105969910722e-01
6.075557467121088848e+04 9.995556786535316762e-01
6.075557493127158523e+04 1.016888611392698483e+00
6.075557519133227470e+04 1.043194857713130919e+00
6.075557545139297144e+04 1.001675686880204363e+00
6.075557571145366819e+04 1.016967924582843130e+00
6.075557597151435766e+04 1.017142080649158675e+00
6.075557623157505441e+04 1.002291067640386890e+00
6.075557649163575115e+04 1.001188686593344590e+00
6.075557675169643335e+04 1.001482697856343362e+00
6.075557701175713009e+04 9.962116294485140466e-01
6.075557727181782684e+04 9.970515051241739535e-01
6.075557753187852359e+04 1.005253453606223202e+00
6.075557779193922033e+04 9.893827997596864599e-01
6.075557805199990980e+04 1.003011992320222756e+00
6.075557831206059927e+04 9.834481119551199413e-01
6.075557857212129602e+04 1.011535182764704111e+00
6.075557883218199277e+04 1.010956079870210633e+00
6.075557909224268951e+04 9.990417433603007158e-01
6.075557935230337898e+04 1.001906902698631363e+00
6.075557961236407573e+04 9.861881805056981198e-01
6.075557987242476520e+04 1.005979336626182663e+00
6.075558013248546195e+04 1.000820028704292541e+00
6.075558039254615869e+04 1.000086706817211901e+00
6.075558065260684816e+04 1.012791967984978392e+00
6.075558091266754491e+04 9.968231315836924011e-01
6.075558117272824165e+04 9.966316170462049540e-01
6.075558143278892385e+04 9.988762351128486205e-01
6.075558169284962059e+04 1.002410624948322448e+00
6.075558195291031734e+04 1.007677876168056486e+00
6.075558221297101409e+04 9.939122455529096900e-01
6.075558247303171083e+04 9.948206070321294892e-01
6.075558273309240030e+04 1.008624851137433609e+00
6.075558299315309705e+04 9.981748280788794725e-01
6.075558325321378652e+04 9.942350807688644654e-01
6.075558351327448327e+04 1.014365656760627843e+00
6.075558377333518001e+04 9.947845028791089117e-01
6.075558403339586948e+04 1.001700632484016085e+00
6.075558429345656623e+04 1.004614720403941952e+00
6.075558455351726298e+04 9.980065589568549722e-01
6.075558481357794517e+04 1.006159253955634103e+00
6.075558507363864192e+04 9.863929627539547162e-01
6.075558533369933866e+04 9.951097988923532922e-01
6.075558559376003541e+04 1.017594764364774695e+00
6.075558585382073215e+04 9.989201120550315061e-01
6.075558611388142162e+04 1.004872304540593841e+00
6.075558637394211837e+04 1.002379130216185077e+00
6.075558663400280784e+04 1.011856710890835176e+00
6.075558689406350459e+04 1.020176662640887244e+00
6.075558715412420133e+04 1.006055742271430242e+00
6.075558741418489080e+04 1.011313615616378003e+00
6.075558767424558755e+04 9.956794077180904923e-01
6.075558793430628430e+04 1.003136257313376190e+00
6.075558819436697377e+04 1.004397352482794270e+00
6.075558845442767051e+04 9.975315157119809539e-01
6.075558871448835998e+04 9.958453238733079305e-01
6.075558897454905673e+04 1.025617781537267570e+00
6.075558923460975348e+04 1.005176210711585805e+00
6.075558949467044295e+04 1.021540758375802493e+00
6.075558975473113969e+04 9.980181184519927307e-01
6.075559001479183644e+04 1.013800382713899717e+00
6.075559027485253318e+04 9.960805945564140673e-01
6.075559053491322265e+04 1.013316008488350128e+00
6.075559079497391212e+04 9.963256560699645936e-01
6.075559105503460887e+04 9.971145984311043931e-01
6.075559131509530562e+04 9.788708498250219270e-01
6.075559157515600236e+04 9.934987865238795735e-01
6.075559183521669911e+04 1.009330682020579850e+00
6.075559209527738858e+04 1.009779412163148482e+00
6.075559235533808533e+04 1.002482559288844444e+00
6.075559261539877480e+04 1.000360002971739881e+00
6.075559287545946427e+04 9.947090168760563955e-01
6.075559313552016101e+04 9.940463637024254950e-01
6.075559339558085776e+04 1.010484334990102040e+00
6.075559494101491873e+04 9.868171305198875087e-01
6.075559520107561548e+04 1.004781414587132549e+00
6.075559546113631222e+04 1.029392746779322465e+00
6.075559572119700897e+04 9.842615084410943904e-01
6.075559598125769844e+04 9.845055878374453506e-01
6.075559624131839519e+04 9.929628703160100489e-01
6.075559650137908466e+04 1.001777173628850770e+00
6.075559676143977413e+04 9.996521052037635746e-01
6.075559702150047087e+04 1.014161898683244578e+00
6.075559728156116762e+04 1.013619984862975221e+00
6.075559754162186437e+04 9.960697739554602581e-01
6.075559780168256111e+04 9.951158386528382582e-01
6.075559806174325058e+04 9.984684795083519360e-01
6.075559832180394733e+04 9.872476260887774746e-01
6.075559858186464407e+04 9.975601081082432486e-01
6.075559884192533355e+04 1.004906349610538818e+00
6.075559910198603029e+04 9.855034931835948697e-01
6.075559936204671976e+04 9.890404272824449006e-01
6.075559962210741651e+04 1.002178696606775388e+00
6.075559988216811325e+04 1.001106618064716347e+00
6.075560014222880272e+04 1.003208931308117835e+00
6.075560040228950675e+04 9.930738974958497334e-01
6.075560066235019622e+04 9.832172835298634839e-01
6.075560092241089296e+04 1.000187492949305534e+00
6.075560118247158971e+04 1.011490178174536902e+00
6.075560144253227918e+04 9.856409899445999212e-01
6.075560170259296865e+04 9.941823198368359149e-01
6.075560196265366540e+04 1.000852818816833745e+00
6.075560222271436214e+04 1.006783094345260476e+00
6.075560248277505889e+04 9.962244603471022142e-01
6.075560274283574836e+04 1.013400274388627453e+00
6.075560300289644510e+04 9.940587339588348170e-01
6.075560326295714185e+04 9.880929514393558266e-01
6.075560352301783860e+04 1.013228729435805331e+00
6.075560378307853534e+04 9.944268868167061015e-01
6.075560404313922481e+04 9.934972849970532538e-01
6.075560430319992156e+04 1.007596994692767867e+00
6.075560456326061831e+04 1.001235767360537210e+00
6.075560482332130050e+04 9.943849770790562648e-01
6.075560508338199725e+04 9.849802149172657284e-01
6.075560534344269399e+04 1.001515852853002375e+00
6.075560560350339074e+04 1.005143065471274078e+00
6.075560586356408749e+04 9.851408846133503650e-01
6.075560612362477696e+04 9.956273606938463860e-01
6.075560638368547370e+04 9.909643543332538052e-01
6.075560664374617045e+04 9.869497455610870551e-01
6.075560690380686719e+04 9.852231461427001236e-01
6.075560716386756394e+04 9.907207087639536836e-01
6.075560742392825341e+04 9.945605127084913288e-01
6.075560768398895016e+04 9.849329657348909750e-01
6.075560794404964690e+04 1.001347873037098823e+00
6.075560820411032910e+04 9.768693006375549492e-01
6.075560846417102584e+04 1.010902503258615415e+00
6.075560872423172259e+04 1.001516287677579609e+00
6.075560898429241934e+04 1.010009575863419107e+00
6.075560924435311608e+04 9.980282762684345998e-01
6.075560950441380555e+04 9.908955780083976705e-01
6.075560976447450230e+04 1.001778245259125733e+00
6.075561002453519905e+04 1.005259366031356683e+00
6.075561028459589579e+04 9.957275186702655434e-01
6.075561054465659254e+04 9.966462306193479836e-01
6.075561080471728201e+04 9.858433019802539388e-01
6.075561106477797875e+04 1.006374254452634176e+00
6.075561132483867550e+04 9.872567559444035412e-01
6.075561158489937225e+04 1.009747503215828957e+00
6.075561184496006899e+04 1.013969997887053776e+00
6.075561210502075846e+04 9.934480916493130254e-01
6.075561236508144793e+04 9.927715729546597867e-01
6.075561262514214468e+04 1.010666344251979654e+00
6.075561288520283415e+04 9.977492283320015254e-01
6.075561314526353090e+04 1.005350571719630270e+00
6.075561340532422764e+04 9.923158542649520575e-01
6.075561366538492439e+04 9.967042634887059993e-01
6.075561392544562113e+04 9.913681900132645941e-01
6.075561418550631060e+04 1.002087567758220388e+00
6.075561444556700735e+04 9.852381938386410853e-01
6.075561470562770410e+04 1.001754097416991174e+00
6.075561496568840084e+04 1.001624248172886533e+00
6.075561522574909759e+04 9.854433322408717721e-01
6.075561548580978706e+04 9.894872069122008229e-01
6.075561574587048381e+04 9.969270909798408908e-01
6.075561600593118055e+04 1.004159821479073456e+00
6.075561626599187002e+04 9.937162490572640783e-01
6.075561652605256677e+04 1.006061487607815996e+00
6.075561678611326352e+04 9.995398417681325975e-01
6.075561704617396026e+04 9.937997895736370157e-01
6.075561730623465701e+04 1.007601781531874963e+00
6.075561756629534648e+04 9.979170003884517692e-01
6.075561782635604322e+04 1.007151892833639151e+00
6.075561808641673269e+04 1.002709199070416668e+00
6.075561834647742944e+04 1.013301175445656899e+00
6.075561860653812619e+04 9.983054464996677924e-01
6.075561886659881566e+04 1.015499708707441107e+00
6.075561912665951240e+04 9.943455623535653043e-01
6.075561938672020915e+04 1.005750711584013413e+00
6.075561964678089862e+04 1.004502348683532942e+00
6.075561990684160264e+04 1.008218673703820123e+00
6.075562016690229211e+04 1.012398393687942599e+00
6.075562042696298886e+04 9.943952316174253792e-01
6.075562068702368560e+04 9.907130972295962179e-01
6.075562094708437508e+04 1.005360443102731649e+00
6.075562120714507182e+04 9.970592271508149640e-01
6.075562146720576857e+04 9.971633828456216708e-01
6.075562172726646531e+04 9.997546744637191285e-01
6.075562198732716206e+04 9.964596056547813108e-01
6.075562224738785153e+04 1.018687825254041890e+00
6.075562250744854828e+04 1.035075830911567962e+00
6.075562276750924502e+04 1.018227184701328669e+00
6.075562302756994177e+04 9.971991199306595721e-01
6.075562328763063852e+04 9.967754861509132702e-01
6.075562490904599690e+04 1.016058366495795617e+00
6.075562516909990518e+04 1.011880387999394504e+00
6.075562542915379890e+04 9.982839082015744214e-01
6.075562568920769263e+04 9.993012564804143461e-01
6.075562594926160091e+04 1.007074147760437244e+00
6.075562620931549463e+04 9.921609132326764113e-01
6.075562646936939564e+04 9.875634106101833787e-01
6.075562672942329664e+04 9.986203773425704755e-01
6.075562698947719036e+04 9.988189780047790345e-01
6.075562724953109864e+04 9.980868179266781937e-01
6.075562750958499237e+04 1.012977013104720880e+00
6.075562776963889337e+04 1.024969828445479569e+00
6.075562802969280165e+04 9.851934189800800601e-01
6.075562828974669537e+04 1.005533203605579962e+00
6.075562854980059637e+04 1.003521673783587032e+00
6.075562880985449738e+04 1.018527391286385919e+00
6.075562906990839110e+04 9.971065911848764340e-01
6.075562932996229938e+04 1.000361812925836480e+00
6.075562959001619311e+04 1.015386704941384499e+00
6.075562985007009411e+04 1.000376534636708170e+00
6.075563011012399511e+04 1.005925805229082703e+00
6.075563037017788884e+04 9.988170645012180993e-01
6.075563063023179711e+04 9.952709719855947768e-01
6.075563089028569084e+04 1.002236875195614552e+00
6.075563115033958456e+04 9.929381842858792107e-01
6.075563141039349284e+04 1.007357616419756408e+00
6.075563167044738657e+04 1.012343808570483894e+00
6.075563193050128757e+04 1.008455631824126453e+00
6.075563219055518857e+04 9.933669251568828518e-01
6.075563245060908230e+04 9.876913728379244084e-01
6.075563271066299058e+04 1.011844109369754552e+00
6.075563297071688430e+04 9.867731516358034805e-01
6.075563323077078530e+04 9.991049718634836818e-01
6.075563349082468631e+04 1.016088380671854141e+00
6.075563375087858003e+04 1.005775985335453537e+00
6.075563401093248831e+04 9.836889846498106937e-01
6.075563427098638203e+04 1.004668122761263271e+00
6.075563453104027576e+04 1.008160597414109239e+00
6.075563479109418404e+04 1.005852674762479193e+00
6.075563505114807776e+04 1.002419956430861570e+00
6.075563531120197877e+04 1.006328298973570234e+00
6.075563557125588704e+04 1.007164267183107143e+00
6.075563583130978077e+04 1.002350481429368001e+00
6.075563609136368905e+04 9.860549394981983351e-01
6.075563635141758277e+04 9.797471692655925768e-01
6.075563661147148377e+04 1.000399488995733943e+00
6.075563687152538478e+04 9.964790868462802820e-01
6.075563713157927850e+04 9.930760925181367771e-01
6.075563739163318678e+04 9.973027911207473784e-01
6.075563765168708051e+04 1.003710017464632953e+00
6.075563791174097423e+04 1.019661992048151333e+00
6.075563817179488251e+04 9.830659099430725245e-01
6.075563843184877624e+04 9.855626546518729825e-01
6.075563869190267724e+04 1.014622753379828213e+00
6.075563895195657824e+04 9.926685762763530763e-01
6.075563921201047197e+04 1.020362356136722104e+00
6.075563947206438024e+04 9.889892176040678828e-01
6.075563973211827397e+04 1.009650277190023759e+00
6.075563999217217497e+04 9.986920578148119620e-01
6.075564025222608325e+04 9.979414284105490029e-01
6.075564051227997697e+04 1.011004797081383133e+00
6.075564077233388525e+04 9.910452725492026049e-01
6.075564103238777898e+04 1.001012784631446939e+00
6.075564129244167270e+04 1.000114052075214310e+00
6.075564155249558098e+04 1.015003189243700144e+00
6.075564181254947471e+04 1.004925118102632631e+00
6.075564207260337571e+04 1.006300665312658493e+00
6.075564233265727671e+04 1.003724034863026526e+00
6.075564259271117044e+04 1.008572023655908811e+00
6.075564285276507871e+04 9.902731105543826073e-01
6.075564311281897244e+04 9.976966437085951211e-01
6.075564337287286617e+04 1.005395700682230720e+00
6.075564363292677444e+04 9.936641047798642212e-01
6.075564389298066817e+04 1.000556006592465241e+00
6.075564415303458372e+04 9.973326831673009485e-01
6.075564441308847745e+04 1.006048597496568497e+00
6.075564467314237118e+04 1.000323341147179912e+00
6.075564493319627945e+04 1.019298081952020540e+00
6.075564519325017318e+04 9.908030227214694730e-01
6.075564545330407418e+04 1.019274478648581228e+00
6.075564571335797518e+04 1.019317795403945182e+00
6.075564597341186891e+04 1.004551800553880492e+00
6.075564623346577719e+04 9.948420297739165585e-01
6.075564649351967091e+04 9.858956507057146101e-01
6.075564675357356464e+04 1.008231641438934734e+00
6.075564701362747292e+04 1.003396497982447011e+00
6.075564727368136664e+04 9.995252893475758960e-01
6.075564753373527492e+04 9.940297619563559506e-01
6.075564779378917592e+04 9.949738524423410446e-01
6.075564805384306965e+04 1.007264343581916632e+00
6.075564831389697792e+04 9.994203695366368212e-01
6.075564857395087165e+04 1.010284394851280743e+00
6.075564883400477265e+04 1.001559516955930151e+00
6.075564909405867365e+04 9.881248682087442337e-01
6.075564935411256738e+04 9.911042807727967752e-01
6.075564961416647566e+04 1.011120458473625305e+00
6.075564987422036938e+04 1.008719377692546493e+00
6.075565013427426311e+04 1.004164242899708404e+00
6.075565039432817866e+04 9.896163072099756208e-01
6.075565065438207239e+04 1.002148808022645499e+00
6.075565091443597339e+04 1.003042790997936695e+00
6.075565117448987439e+04 9.917082756405766197e-01
6.075565143454376812e+04 1.018984916655295780e+00
6.075565169459767640e+04 9.968262445519907589e-01
6.075565195465157012e+04 1.000168953660603766e+00
6.075565221470547112e+04 1.001094685935013384e+00
6.075565247475937213e+04 9.814215868218311156e-01
6.075565273481326585e+04 1.003488147196542002e+00
6.075565299486718141e+04 1.008531673310097299e+00
6.075565325492107513e+04 1.001431043335773818e+00
6.075565492676799477e+04 9.877129809155881235e-01
6.075565518682868424e+04 1.016555460926796384e+00
6.075565544688938098e+04 9.862523878951416911e-01
6.075565570695007773e+04 1.007878342048509790e+00
6.075565596701077448e+04 9.904874243491526009e-01
6.075565622707147122e+04 1.007952475536332271e+00
6.075565648713216069e+04 1.012488863291849173e+00
6.075565674719285744e+04 1.006300518026259416e+00
6.075565700725356146e+04 9.919215351511331269e-01
6.075565726731425821e+04 9.924439931124089398e-01
6.075565752737495495e+04 9.915852848286981214e-01
6.075565778743564442e+04 1.001592269247066902e+00
6.075565804749634117e+04 1.005282303851154246e+00
6.075565830755703792e+04 9.952367545964871942e-01
6.075565856761772739e+04 1.008236582881791632e+00
6.075565882767842413e+04 1.010838562961258846e+00
6.075565908773912088e+04 9.911151375227286175e-01
6.075565934779981762e+04 9.889660669475615062e-01
6.075565960786051437e+04 1.003331409865296342e+00
6.075565986792121112e+04 1.002207599627787049e+00
6.075566012798190786e+04 1.000007204080257006e+00
6.075566038804260461e+04 1.000178920716673803e+00
6.075566064810330136e+04 1.007518836520969963e+00
6.075566090816399810e+04 9.929795180367129159e-01
6.075566116822468757e+04 9.909618458409820141e-01
6.075566142828538432e+04 1.001060295476964956e+00
6.075566168834608106e+04 9.902007229403844146e-01
6.075566194840677781e+04 1.017100233637917128e+00
6.075566220846748183e+04 1.004756855636667057e+00
6.075566246852817130e+04 9.951998961713459657e-01
6.075566272858886805e+04 1.013708876296477879e+00
6.075566298864956480e+04 1.010803369513108674e+00
6.075566324871025427e+04 9.908309913221242660e-01
6.075566350877095101e+04 1.000644266353090339e+00
6.075566376883164776e+04 1.002520540035292784e+00
6.075566402889234450e+04 1.010780853010643465e+00
6.075566428895304125e+04 1.006816129846919594e+00
6.075566454901373800e+04 1.005596427074855415e+00
6.075566480907443474e+04 1.005537191417289256e+00
6.075566506913513149e+04 1.002885175795575234e+00
6.075566532919582824e+04 1.004041866995669219e+00
6.075566558925652498e+04 1.006001465876182444e+00
6.075566584931721445e+04 9.783774026426421688e-01
6.075566610937791120e+04 9.940113446323179947e-01
6.075566636943860794e+04 9.994827294134484008e-01
6.075566662949930469e+04 1.012403158755736721e+00
6.075566688956000144e+04 9.914117332385757875e-01
6.075566714962069818e+04 9.820409282765263370e-01
6.075566740968139493e+04 9.891520297058584710e-01
6.075566766974209168e+04 1.000693434184369845e+00
6.075566792980278115e+04 9.834511817115383359e-01
6.075566818986347789e+04 9.888514211636081352e-01
6.075566844992417464e+04 9.898218417529146551e-01
6.075566870998487866e+04 1.002035899117518669e+00
6.075566897004557541e+04 9.992692216780407755e-01
6.075566923010626488e+04 9.983051926406628640e-01
6.075566949016696162e+04 1.009617047631321762e+00
6.075566975022765837e+04 9.978825420346510988e-01
6.075567001028834784e+04 9.916050417236782488e-01
6.075567027034905186e+04 9.818297205574099129e-01
6.075567053040974133e+04 1.014977167947955783e+00
6.075567079047044535e+04 1.007872049095920985e+00
6.075567105053114210e+04 1.003353767119276485e+00
6.075567131059183157e+04 9.908155909054419119e-01
6.075567157065252832e+04 1.000463775266933641e+00
6.075567183071322506e+04 9.965348776051958790e-01
6.075567209077392181e+04 1.005624159257880734e+00
6.075567235083461856e+04 9.904070547783604406e-01
6.075567261089531530e+04 9.989170381688767808e-01
6.075567287095601205e+04 1.005876318065035413e+00
6.075567313101670879e+04 1.001213458183511484e+00
6.075567339107740554e+04 1.003609164774401430e+00
6.075567365113810229e+04 9.933403382325234343e-01
6.075567391119879176e+04 1.008709556673456742e+00
6.075567417125948850e+04 9.843279804761398966e-01
6.075567443132019253e+04 9.993765004636504523e-01
6.075567469138088200e+04 9.977406090499839619e-01
6.075567495144157874e+04 1.001448280231112209e+00
6.075567521150227549e+04 1.008817005995499061e+00
6.075567547156297223e+04 1.000949488759643513e+00
6.075567573162366898e+04 1.006157533851755881e+00
6.075567599168436573e+04 9.987254377978576070e-01
6.075567625174506247e+04 1.031030068774466235e+00
6.075567651180575922e+04 1.010149293325286024e+00
6.075567677186645597e+04 1.009029271573712583e+00
6.075567703192715271e+04 9.989949752478061162e-01
6.075567729198784218e+04 1.001370088580775697e+00
6.075567755204853893e+04 1.008733228476741406e+00
6.075567781210924295e+04 9.954310574772148312e-01
6.075567807216993242e+04 1.009460445668767692e+00
6.075567833223062917e+04 9.952732597523090696e-01
6.075567859229132591e+04 1.000353383227235105e+00
6.075567885235202266e+04 1.003072985052688493e+00
6.075567911241271941e+04 1.008514514940709317e+00
6.075567937247341615e+04 1.003312097556881000e+00
6.075567963253411290e+04 9.915478193263680406e-01
6.075567989259480964e+04 9.971720359233759989e-01
6.075568015265550639e+04 1.001460373406045878e+00
6.075568041271620314e+04 9.880207493708144106e-01
6.075568067277689261e+04 9.963968388109954999e-01
6.075568093283759663e+04 1.011815052474558385e+00
6.075568119289829338e+04 1.020203535421106755e+00
6.075568145295898285e+04 9.978640038042160265e-01
6.075568171301968687e+04 1.003523704225270041e+00
6.075568197308037634e+04 1.012351073877942653e+00
6.075568223314107308e+04 9.911515685918562690e-01
6.075568249320177711e+04 1.013840029713141577e+00
6.075568275326246658e+04 1.001662847454686034e+00
6.075568301332316332e+04 1.008019848236907823e+00
6.075568327338386007e+04 1.001517035334186678e+00
6.075568483179301256e+04 9.779221968165584533e-01
6.075568509184680443e+04 1.008573357594582109e+00
6.075568535190059629e+04 1.000953948816788230e+00
6.075568561195438815e+04 1.000386682762473667e+00
6.075568587200818729e+04 9.926415651358477810e-01
6.075568613206199370e+04 9.965343146253375917e-01
6.075568639211578557e+04 9.943082248631064379e-01
6.075568665216957743e+04 1.004443419803043858e+00
6.075568691222336929e+04 9.952794333398843341e-01
6.075568717227716115e+04 9.918048376681919409e-01
6.075568743233096029e+04 1.010498003214496787e+00
6.075568769238475215e+04 9.944254200456658088e-01
6.075568795243854402e+04 9.947161940902641275e-01
6.075568821249233588e+04 1.015747228304477501e+00
6.075568847254613502e+04 9.905939972692512363e-01
6.075568873259992688e+04 9.927169682139926898e-01
6.075568899265372602e+04 9.984419055775356489e-01
6.075568925270752516e+04 9.973552683221681425e-01
6.075568951276131702e+04 9.962849055386231445e-01
6.075568977281511616e+04 9.998139884448663528e-01
6.075569003286890802e+04 9.894277801976010256e-01
6.075569029292269988e+04 1.001782916621336783e+00
6.075569055297649174e+04 1.006550014803271109e+00
6.075569081303029088e+04 1.006929728499989185e+00
6.075569107308408275e+04 1.002495398452813324e+00
6.075569133313787461e+04 1.001845187810338933e+00
6.075569159319166647e+04 1.006315541270818459e+00
6.075569185324547288e+04 1.011627182675828962e+00
6.075569211329927202e+04 9.977239290951608330e-01
6.075569237335306389e+04 1.007987054811797289e+00
6.075569263340685575e+04 9.898859864761336835e-01
6.075569289346064761e+04 1.003159629317063262e+00
6.075569315351444675e+04 1.015132572382890785e+00
6.075569341356823861e+04 1.004226474148452564e+00
6.075569367362203047e+04 9.975157461960634242e-01
6.075569393367582234e+04 9.994827716270925366e-01
6.075569419372962147e+04 9.971499643153345360e-01
6.075569445378341334e+04 1.023527042644435392e+00
6.075569471383720520e+04 1.018417809131484608e+00
6.075569497389100434e+04 1.002367165925847958e+00
6.075569523394481075e+04 9.975298773488114890e-01
6.075569549399860261e+04 1.001440789745440929e+00
6.075569575405239448e+04 9.976960308989506476e-01
6.075569601410618634e+04 1.003004822327234535e+00
6.075569627415998548e+04 1.007893519689460948e+00
6.075569653421377734e+04 1.021019134811359530e+00
6.075569679426756920e+04 1.007095813198148448e+00
6.075569705432136107e+04 1.004112797289617109e+00
6.075569731437516020e+04 1.014779876018105265e+00
6.075569757442895207e+04 1.005010991699610390e+00
6.075569783448274393e+04 9.987471336429551982e-01
6.075569809453654307e+04 9.783833171425384556e-01
6.075569835459034948e+04 1.006206354256345969e+00
6.075569861464414134e+04 1.006918544575452490e+00
6.075569887469793321e+04 1.005634367342391311e+00
6.075569913475172507e+04 1.007378197364471539e+00
6.075569939480552421e+04 1.003840085584263297e+00
6.075569965485931607e+04 1.016168166138763151e+00
6.075569991491310793e+04 9.996962426714389727e-01
6.075570017496689979e+04 1.004256326707760660e+00
6.075570043502069893e+04 1.012936282922458409e+00
6.075570069507449080e+04 1.014560469881700788e+00
6.075570095512828993e+04 1.020992166420586988e+00
6.075570121518208907e+04 9.962074616641398705e-01
6.075570147523588821e+04 1.003702889682804189e+00
6.075570173528968007e+04 1.005222408943353685e+00
6.075570199534347194e+04 1.010568520014197391e+00
6.075570225539727107e+04 1.004366559573854456e+00
6.075570251545106294e+04 9.935501788109160071e-01
6.075570277550485480e+04 9.906533541262410036e-01
6.075570303555864666e+04 9.894358918163523864e-01
6.075570329561244580e+04 1.005834028613938003e+00
6.075570355566623766e+04 1.000210635735946152e+00
6.075570381572002952e+04 1.012726736450742182e+00
6.075570407577382866e+04 1.008557774523978212e+00
6.075570433582763508e+04 9.916574794919404967e-01
6.075570459588142694e+04 1.002194399035449157e+00
6.075570485593521880e+04 9.907622789706647115e-01
6.075570511598901066e+04 1.001676982640506530e+00
6.075570537604280980e+04 9.912551855984143012e-01
6.075570563609660167e+04 9.920669211734978177e-01
6.075570589615039353e+04 1.000912450738004278e+00
6.075570615620419267e+04 9.888946523106212361e-01
6.075570641625798453e+04 1.011184987050503636e+00
6.075570667631177639e+04 9.955796981317739380e-01
6.075570693636557553e+04 1.001926034923851905e+00
6.075570719641938194e+04 1.006335385741120803e+00
6.075570745647317381e+04 9.898476673837344197e-01
6.075570771652696567e+04 9.992948799201570864e-01
6.075570797658076481e+04 9.952509035166243745e-01
6.075570823663455667e+04 1.003008374699281058e+00
6.075570849668834853e+04 9.799401229361821564e-01
6.075570875674214039e+04 9.989238936923576784e-01
6.075570901679593953e+04 1.002996531322400520e+00
6.075570927684973140e+04 1.016264400225296738e+00
6.075570953690352326e+04 9.936816096064586823e-01
6.075570979695732240e+04 1.005269506848627703e+00
6.075571005701112153e+04 9.997315751351797397e-01
6.075571031706492067e+04 1.005877722175331224e+00
6.075571057711871254e+04 1.029914547769785083e+00
6.075571083717251167e+04 9.853012076469109815e-01
6.075571109722630354e+04 1.001469414449618567e+00
6.075571135728009540e+04 1.020546271209847422e+00
6.075571161733389454e+04 1.011735088284343886e+00
6.075571187738768640e+04 1.019974690454594768e+00
6.075571213744147826e+04 1.005485137473799639e+00
6.075571239749527740e+04 1.011395486022220735e+00
6.075571265754906926e+04 1.000886139394200791e+00
6.075571291760286840e+04 1.003061253459388125e+00
6.075571317765666754e+04 1.001676556646543981e+00
6.075571474868715450e+04 9.871809436338171428e-01
6.075571500874785124e+04 1.020228656974189407e+00
6.075571526880854799e+04 9.875933587569593053e-01
6.075571552886924474e+04 9.907903258683142811e-01
6.075571578892994148e+04 1.012282797736376416e+00
6.075571604899063823e+04 9.994568985583665022e-01
6.075571630905133497e+04 9.909484521469537066e-01
6.075571656911203172e+04 1.005703171380970540e+00
6.075571682917273574e+04 1.012118921413907024e+00
6.075571708923342521e+04 9.917899038530011424e-01
6.075571734929412196e+04 1.001075083339174610e+00
6.075571760935482598e+04 1.002131392329363990e+00
6.075571786941552273e+04 9.970863853034117597e-01
6.075571812947621947e+04 1.019341530786178396e+00
6.075571838953690894e+04 1.001061132947600907e+00
6.075571864959761297e+04 1.017851952619711842e+00
6.075571890965830971e+04 9.932233932243333951e-01
6.075571916971899918e+04 1.011781975909818110e+00
6.075571942977970320e+04 1.003040481619432045e+00
6.075571968984039995e+04 9.973651971304198227e-01
6.075571994990109670e+04 9.944254829871588264e-01
6.075572020996180072e+04 9.989458242989189829e-01
6.075572047002249019e+04 9.980206913257188006e-01
6.075572073008318694e+04 1.018263028279415616e+00
6.075572099014388368e+04 1.005441256787781290e+00
6.075572125020458770e+04 1.011208320558692808e+00
6.075572151026528445e+04 1.004413972478766626e+00
6.075572177032597392e+04 1.011796770818093494e+00
6.075572203038667794e+04 9.941129914417180524e-01
6.075572229044737469e+04 9.952861382860852535e-01
6.075572255050806416e+04 9.720783141545489281e-01
6.075572281056877546e+04 1.002067455946125341e+00
6.075572307062946493e+04 1.000672865446479376e+00
6.075572333069016167e+04 1.004945481259323037e+00
6.075572359075086570e+04 9.994101870666733944e-01
6.075572385081155517e+04 9.935354628194228432e-01
6.075572411087225191e+04 9.882514799982321518e-01
6.075572437093294866e+04 9.834808687653426862e-01
6.075572463099365268e+04 9.986175885585203416e-01
6.075572489105434943e+04 9.940775858028255696e-01
6.075572515111503890e+04 9.867168992160793017e-01
6.075572541117574292e+04 1.007472253213325786e+00
6.075572567123643967e+04 9.983644783846783444e-01
6.075572593129713641e+04 9.944889803905585524e-01
6.075572619135784043e+04 9.888383365469907149e-01
6.075572645141852990e+04 9.971066320478937373e-01
6.075572671147922665e+04 9.988467629232578027e-01
6.075572697153993067e+04 9.917254472822576439e-01
6.075572723160062014e+04 9.998421936191956849e-01
6.075572749166131689e+04 1.002256174760513874e+00
6.075572775172202091e+04 1.014004187322097295e+00
6.075572801178271766e+04 1.008186548513427594e+00
6.075572827184341440e+04 1.012258488397749900e+00
6.075572853190411115e+04 9.989164319128602809e-01
6.075572879196480790e+04 1.002936671791300194e+00
6.075572905202550464e+04 1.025543207904332954e+00
6.075572931208620867e+04 1.000416112713246042e+00
6.075572957214690541e+04 9.998352893823779786e-01
6.075572983220759488e+04 1.008629051456110037e+00
6.075573009226829890e+04 9.955318977196386809e-01
6.075573035232899565e+04 9.969657628007383421e-01
6.075573061238968512e+04 1.006473951296549263e+00
6.075573087245038914e+04 9.966130636539342058e-01
6.075573113251108589e+04 9.933662677644634620e-01
6.075573139257178264e+04 9.860610110429394171e-01
6.075573165263248666e+04 1.009801422230328871e+00
6.075573191269317613e+04 1.004578767922422955e+00
6.075573217275387287e+04 1.009301499371289434e+00
6.075573243281457690e+04 9.956977664343765744e-01
6.075573269287527364e+04 9.940373930395374202e-01
6.075573295293597039e+04 9.974753210163778139e-01
6.075573321299666713e+04 9.976620168431342695e-01
6.075573347305736388e+04 9.897005659094785246e-01
6.075573373311806063e+04 1.003229600911650143e+00
6.075573399317875737e+04 9.956674286082748404e-01
6.075573425323946140e+04 9.837045112724630558e-01
6.075573451330015087e+04 9.980962087956110063e-01
6.075573477336085489e+04 9.810236719354524793e-01
6.075573503342155163e+04 9.966990902424872623e-01
6.075573529348224110e+04 1.007269804626532483e+00
6.075573555354294513e+04 9.960218532339949471e-01
6.075573581360364187e+04 9.894374821877860438e-01
6.075573607366434589e+04 1.011402878524146676e+00
6.075573633372504264e+04 9.913095094391936035e-01
6.075573659378573211e+04 1.001297987653080312e+00
6.075573685384643613e+04 1.018917107876706751e+00
6.075573711390713288e+04 9.928451384983102423e-01
6.075573737396782963e+04 9.986286543781452973e-01
6.075573763402853365e+04 9.879433819883928214e-01
6.075573789408922312e+04 1.002970056346502048e+00
6.075573815414991986e+04 1.000533521358867972e+00
6.075573841421062389e+04 9.944832573592927716e-01
6.075573867427131336e+04 1.006013099124481780e+00
6.075573893433201010e+04 9.869637857455970664e-01
6.075573919439271413e+04 9.978038917115518158e-01
6.075573945445341087e+04 1.004999441022193185e+00
6.075573971451411489e+04 9.971826595673994875e-01
6.075573997457480436e+04 1.006479668810182693e+00
6.075574023463550111e+04 9.957571623443817188e-01
6.075574049469620513e+04 9.960391913843721357e-01
6.075574075475690188e+04 1.009393661323675806e+00
6.075574101481759863e+04 9.990265530237312230e-01
6.075574127487829537e+04 1.018324748736793461e+00
6.075574153493899212e+04 9.980813056484609813e-01
6.075574179499969614e+04 9.892934159762765134e-01
6.075574205506038561e+04 9.924202736622208532e-01
6.075574231512108236e+04 9.820332330975886093e-01
6.075574257518178638e+04 9.970320225917167489e-01
6.075574283524248312e+04 1.001433365716500656e+00
6.075574309530317987e+04 9.959049653371657707e-01
6.075574483016229351e+04 1.008275913709426597e+00
6.075574509021608537e+04 1.013992982947639510e+00
6.075574535026989179e+04 1.012363594681075840e+00
6.075574561032369093e+04 9.741811816507174315e-01
6.075574587037748279e+04 1.001863166836116203e+00
6.075574613043128193e+04 1.002689035347989810e+00
6.075574639048507379e+04 9.985456131428063209e-01
6.075574665053887293e+04 9.924969231590043961e-01
6.075574691059266479e+04 1.000115533898109588e+00
6.075574717064645665e+04 1.020113252024395400e+00
6.075574743070025579e+04 9.870707488504038007e-01
6.075574769075404765e+04 1.005916371532065812e+00
6.075574795080784679e+04 9.974434692594543739e-01
6.075574821086163865e+04 9.843862360364825648e-01
6.075574847091544507e+04 9.840979371681888299e-01
6.075574873096924421e+04 9.825886749086460981e-01
6.075574899102303607e+04 9.962038837361386623e-01
6.075574925107683521e+04 9.872966399801117454e-01
6.075574951113062707e+04 9.898761157818904977e-01
6.075574977118442621e+04 1.006503816018248898e+00
6.075575003123821807e+04 9.908554747558718789e-01
6.075575029129201721e+04 9.977131835630258516e-01
6.075575055134580907e+04 1.009066209060644148e+00
6.075575081139960093e+04 1.001456546313077567e+00
6.075575107145340007e+04 1.007851349019161624e+00
6.075575133150719921e+04 1.002299807947499177e+00
6.075575159156100563e+04 1.012798131025577364e+00
6.075575185161479749e+04 1.010123481555546432e+00
6.075575211166859663e+04 9.961923719776858421e-01
6.075575237172238849e+04 1.003084991046375274e+00
6.075575263177618035e+04 9.902789683253375719e-01
6.075575289182997949e+04 1.002295791147739923e+00
6.075575315188377135e+04 9.834226196888207205e-01
6.075575341193757049e+04 1.005943231676777350e+00
6.075575367199136235e+04 1.014418160012141135e+00
6.075575393204516149e+04 1.017712486626104695e+00
6.075575419209895335e+04 9.903993178285925847e-01
6.075575445215275249e+04 1.003111980824890725e+00
6.075575471220655891e+04 9.919439192939917271e-01
6.075575497226035077e+04 1.000646525702823642e+00
6.075575523231414991e+04 1.008488709962820584e+00
6.075575549236794177e+04 9.942932462616206335e-01
6.075575575242174091e+04 9.879498320381953080e-01
6.075575601247553277e+04 1.024279072228809095e+00
6.075575627252933191e+04 1.006506881911331419e+00
6.075575653258312377e+04 1.004699533576726811e+00
6.075575679263691563e+04 1.010851436101800838e+00
6.075575705269071477e+04 1.005926913991863625e+00
6.075575731274451391e+04 9.997967784835293248e-01
6.075575757279832033e+04 1.005742704191923576e+00
6.075575783285211219e+04 1.003994384425269004e+00
6.075575809290591133e+04 9.847948124976467765e-01
6.075575835295970319e+04 1.026441796971910403e+00
6.075575861301350233e+04 1.007461995718405445e+00
6.075575887306729419e+04 1.011123190475369027e+00
6.075575913312109333e+04 1.015618755725668843e+00
6.075575939317488519e+04 1.010667413356521660e+00
6.075575965322867705e+04 1.012953720226288601e+00
6.075575991328247619e+04 9.893333194427609278e-01
6.075576017333626805e+04 9.824854779933538396e-01
6.075576043339007447e+04 1.009911343386020288e+00
6.075576069344387361e+04 9.868942546883395783e-01
6.075576095349767274e+04 1.014702640670481104e+00
6.075576121355146461e+04 9.969916766775429595e-01
6.075576147360526375e+04 9.870415091505863048e-01
6.075576173365905561e+04 1.008088035936479221e+00
6.075576199371285475e+04 9.932545868820678026e-01
6.075576225376664661e+04 1.009249376579742341e+00
6.075576251382044575e+04 1.001621070486512721e+00
6.075576277387423761e+04 9.967369064688643698e-01
6.075576303392802947e+04 9.919823181868012707e-01
6.075576329398183589e+04 1.001749720060254756e+00
6.075576355403563502e+04 1.019009295348225042e+00
6.075576381408943416e+04 1.005797805377403487e+00
6.075576407414322603e+04 9.917497594692874507e-01
6.075576433419702516e+04 1.014369961080142879e+00
6.075576459425081703e+04 1.009657285552256756e+00
6.075576485430461616e+04 9.968003511860422661e-01
6.075576511435840803e+04 9.932273345523168206e-01
6.075576537441220717e+04 9.957632678629962930e-01
6.075576563446599903e+04 9.949900630258290413e-01
6.075576589451979817e+04 1.015395528683536774e+00
6.075576615457359003e+04 9.945956945014777784e-01
6.075576641462739644e+04 9.947949549152557136e-01
6.075576667468119558e+04 1.002108158345668798e+00
6.075576693473499472e+04 9.928798752910472647e-01
6.075576719478878658e+04 9.848545114247422294e-01
6.075576745484258572e+04 9.872330054096692953e-01
6.075576771489637758e+04 1.016244203328404927e+00
6.075576797495017672e+04 9.911541459989295921e-01
6.075576823500396858e+04 1.001266669704141465e+00
6.075576849505776045e+04 9.967764822877845932e-01
6.075576875511155959e+04 9.942989897221914397e-01
6.075576901516535145e+04 9.994285471715674829e-01
6.075576927521915786e+04 9.849497280694978762e-01
6.075576953527295700e+04 1.008277857727790883e+00
6.075576979532675614e+04 1.000292255578427492e+00
6.075577005538054800e+04 1.002299519673256478e+00
6.075577031543434714e+04 9.866932723394709059e-01
6.075577057548813900e+04 1.002648554538555503e+00
6.075577083554193814e+04 1.001351546988243024e+00
6.075577109559573000e+04 1.012866344034744737e+00
6.075577135564952914e+04 1.008168205313819010e+00
6.075577161570332100e+04 1.002870259023444621e+00
6.075577187575712014e+04 1.003033862210408245e+00
6.075577213581091200e+04 9.934508017392900125e-01
6.075577239586471842e+04 9.853743664498108012e-01
6.075577265591851756e+04 1.002111468280257434e+00
6.075577291597231670e+04 9.986499004654783018e-01
6.075577317602610856e+04 1.013510205591835911e+00
