6.075585120116569306e+04 9.915782624144451329e-01
6.075585146121949219e+04 9.873133886800287140e-01
6.075585172127328406e+04 9.905247489022602769e-01
6.075585198132708319e+04 9.921515170569228381e-01
6.075585224138088233e+04 1.004841477816367235e+00
6.075585250143468147e+04 9.800098396146300628e-01
6.075585276148847333e+04 1.011959581969929189e+00
6.075585302154227247e+04 9.989092643369891222e-01
6.075585328159607161e+04 9.931344902610586001e-01
6.075585354164987803e+04 9.973069971055473770e-01
6.075585380170368444e+04 9.923485245367015262e-01
6.075585406175747630e+04 1.004327363423700659e+00
6.075585432181127544e+04 1.003693210123708379e+00
6.075585458186507458e+04 1.016768794413788424e+00
6.075585484191887372e+04 9.969162327228459075e-01
6.075585510197266558e+04 1.002517409855365527e+00
6.075585536202646472e+04 9.884047420830825992e-01
6.075585562208026386e+04 9.888444075956107637e-01
6.075585588213406299e+04 9.983493131301258705e-01
6.075585614218786213e+04 1.004620426837669278e+00
6.075585640224165400e+04 9.982586276136273806e-01
6.075585666229546041e+04 1.015057947300820773e+00
6.075585692234926682e+04 9.944141680695065544e-01
6.075585718240306596e+04 9.936161556881951684e-01
6.075585744245685783e+04 1.000487395410443403e+00
6.075585770251065696e+04 1.001451313586431802e+00
6.075585796256445610e+04 9.955142328391630713e-01
6.075585822261825524e+04 9.949928007579860179e-01
6.075585848267205438e+04 9.983378337680972603e-01
6.075585874272584624e+04 1.003961695110622943e+00
6.075585900277964538e+04 9.847682973878502111e-01
6.075585926283344452e+04 9.987583541499983619e-01
6.075585952288725093e+04 1.002021780645429017e+00
6.075585978294105735e+04 9.942243987769319169e-01
6.075586004299484921e+04 1.013449415089423100e+00
6.075586030304864835e+04 9.973684047057264079e-01
6.075586056310244749e+04 9.876863540015751175e-01
6.075586082315624662e+04 1.017590910482589539e+00
6.075586108321004576e+04 9.863161693366727656e-01
6.075586134326383763e+04 9.969582562716934326e-01
6.075586160331763676e+04 9.990124577141878959e-01
6.075586186337143590e+04 1.009991522979318601e+00
6.075586212342523504e+04 1.000687982776878648e+00
6.075586238347903418e+04 1.001071813471739791e+00
6.075586264353283332e+04 1.007818706479863158e+00
6.075586290358663973e+04 9.997398862742574721e-01
6.075586316364043887e+04 9.836259466318640898e-01
6.075586342369423801e+04 1.005660619328922811e+00
6.075586368374803715e+04 1.006258389143722454e+00
6.075586394380182901e+04 9.933344331115343540e-01
6.075586420385562815e+04 9.835523330409811082e-01
6.075586446390942729e+04 1.008118622622606209e+00
6.075586472396322642e+04 1.005475410113587653e+00
6.075586498401702556e+04 9.916266761380064798e-01
6.075586524407081743e+04 9.777737482600595831e-01
6.075586550412462384e+04 9.980445042694879865e-01
6.075586576417843025e+04 1.009560328057034884e+00
6.075586602423222939e+04 9.778010087123976124e-01
6.075586628428602853e+04 1.003752412154381490e+00
6.075586654433982039e+04 1.003591119972061740e+00
6.075586680439361953e+04 1.004091994502668284e+00
6.075586706444741867e+04 9.843130116704562615e-01
6.075586732450121781e+04 9.881313028630608342e-01
6.075586758455501695e+04 1.010371055439156063e+00
6.075586784460881609e+04 1.003175294223608738e+00
6.075586810466260795e+04 1.000488255887199918e+00
6.075586836471640709e+04 9.906204989079382406e-01
6.075586862477021350e+04 1.012114331443599635e+00
6.075586888482401991e+04 1.006531200526288083e+00
6.075586914487781905e+04 1.009374111157427700e+00
6.075586940493161092e+04 9.951187667861998154e-01
6.075586966498541005e+04 1.011285635885759815e+00
6.075586992503920919e+04 9.925217708412392703e-01
6.075587018509300833e+04 1.003317327480231835e+00
6.075587044514680747e+04 1.005497954652986081e+00
6.075587070520060661e+04 1.011419793863456595e+00
6.075587096525439847e+04 9.956119279328474736e-01
6.075587122530819761e+04 9.888475615746327163e-01
6.075587148536199675e+04 9.955397443876056185e-01
6.075587174541581044e+04 1.004264146893663723e+00
6.075587200546960958e+04 9.988089048795797398e-01
6.075587226552340871e+04 9.929339115022812745e-01
6.075587252557720058e+04 9.943657928291264048e-01
6.075587278563099972e+04 9.916037904323545815e-01
6.075587304568479885e+04 9.968037998873908734e-01
6.075587330573859799e+04 9.840383429246700731e-01
6.075587356579239713e+04 1.004812219881118462e+00
6.075587382584619627e+04 1.006821754842153194e+00
6.075587408589998813e+04 1.022566686626140919e+00
6.075587434595378727e+04 9.989699248678635124e-01
6.075587460600759368e+04 9.845590259882622819e-01
6.075587486606140010e+04 9.954909895874121117e-01
6.075587512611519924e+04 1.008288510631430990e+00
6.075587538616899838e+04 1.020939660035873775e+00
6.075587564622279751e+04 9.937852057165337261e-01
6.075587590627658938e+04 9.953193821841553879e-01
6.075587616633038851e+04 9.889629151086138936e-01
6.075587642638418765e+04 1.003926643199208213e+00
6.075587668643798679e+04 9.957655511609047050e-01
6.075587694649178593e+04 1.014415642599363787e+00
6.075587720654558507e+04 9.909558527413754314e-01
6.075587746659937693e+04 1.003228449542324929e+00
6.075587772665318334e+04 1.010223014455132073e+00
6.075587798670698976e+04 9.966849617472514078e-01
6.075587824676078890e+04 1.002231341562273226e+00
6.075587850681458804e+04 9.956802948486958016e-01
6.075587876686838717e+04 9.865261205742296147e-01
6.075587902692218631e+04 9.889848330276017618e-01
6.075587928697597818e+04 1.009790270099658605e+00
6.075587954702977731e+04 1.000618886456532630e+00
6.075588115586427011e+04 9.960278108123085117e-01
6.075588141592496686e+04 9.935016702575717451e-01
6.075588167598567088e+04 9.968696502607563570e-01
6.075588193604636763e+04 9.936553572858112249e-01
6.075588219610707165e+04 1.000183336355331409e+00
6.075588245616777567e+04 9.934696810823703261e-01
6.075588271622847242e+04 9.834552156154356961e-01
6.075588297628917644e+04 1.008579672029990659e+00
6.075588323634988046e+04 1.004803696095157628e+00
6.075588349641056993e+04 1.016329697641606744e+00
6.075588375647127395e+04 9.902894547999947505e-01
6.075588401653197798e+04 9.916786870840375023e-01
6.075588427659268200e+04 9.955041598913428880e-01
6.075588453665338602e+04 9.997434716866510085e-01
6.075588479671408277e+04 9.890254463524568163e-01
6.075588505677478679e+04 1.006019558180993423e+00
6.075588531683548354e+04 9.909726077581486603e-01
6.075588557689618756e+04 9.902607289387400646e-01
6.075588583695689158e+04 9.956362327469138185e-01
6.075588609701758833e+04 1.000135304419784488e+00
6.075588635707829235e+04 1.003686693543587971e+00
6.075588661713899637e+04 9.917460503071804379e-01
6.075588687719969312e+04 1.014402740509588119e+00
6.075588713726038986e+04 9.825788813832453394e-01
6.075588739732109389e+04 9.955964301913130532e-01
6.075588765738179791e+04 9.997011914040865310e-01
6.075588791744250193e+04 9.801772360593944411e-01
6.075588817750319868e+04 1.006493338881037092e+00
6.075588843756390270e+04 9.889851941080674003e-01
6.075588869762460672e+04 9.924296563466165066e-01
6.075588895768530347e+04 9.941357229694676167e-01
6.075588921774600749e+04 9.975185027012068995e-01
6.075588947780670424e+04 9.912266671512750538e-01
6.075588973786740826e+04 1.014009118270554621e+00
6.075588999792811228e+04 1.003464456638142765e+00
6.075589025798880903e+04 1.001234745720559260e+00
6.075589051804952032e+04 1.016798666408265994e+00
6.075589077811021707e+04 1.003852181436442947e+00
6.075589103817091382e+04 1.002521692433123279e+00
6.075589129823161784e+04 9.791316364867600486e-01
6.075589155829231458e+04 9.956404874236881586e-01
6.075589181835301861e+04 9.992260367916159236e-01
6.075589207841372263e+04 1.003284068294520992e+00
6.075589233847442665e+04 1.012304998172448345e+00
6.075589259853513067e+04 9.867514486299215903e-01
6.075589285859582742e+04 1.004189502211144447e+00
6.075589311865652417e+04 1.010391574392574432e+00
6.075589337871722819e+04 9.935439302736603917e-01
6.075589363877793221e+04 1.004685524427579857e+00
6.075589389883863623e+04 9.934900493066814997e-01
6.075589415889933298e+04 1.007337666979905011e+00
6.075589441896003700e+04 9.846568695372661661e-01
6.075589467902074102e+04 1.005982417882679059e+00
6.075589493908143777e+04 1.005797765951287781e+00
6.075589519914213452e+04 9.990839221708308626e-01
6.075589545920283854e+04 1.005914735817789785e+00
6.075589571926354256e+04 9.977865088590538445e-01
6.075589597932424658e+04 9.920869709837742967e-01
6.075589623938494333e+04 9.873555363140927854e-01
6.075589649944564735e+04 1.008566127717083649e+00
6.075589675950635137e+04 1.002420989610869562e+00
6.075589701956705539e+04 9.863731336762673330e-01
6.075589727962775942e+04 9.974928899592740983e-01
6.075589753968844889e+04 1.020486010502396068e+00
6.075589779974915291e+04 1.021030203335518749e+00
6.075589805980985693e+04 9.857813664205795634e-01
6.075589831987055368e+04 1.004047377490466131e+00
6.075589857993125770e+04 9.955780011110434424e-01
6.075589883999196172e+04 9.944897995866051055e-01
6.075589910005266574e+04 9.994656763159174284e-01
6.075589936011336977e+04 1.007829136218803212e+00
6.075589962017406651e+04 1.004961506456688580e+00
6.075589988023477054e+04 9.992980708530426748e-01
6.075590014029546728e+04 9.985565685689252735e-01
6.075590040035617130e+04 9.976863208171753428e-01
6.075590066041687533e+04 1.021154614871720545e+00
6.075590092047757207e+04 1.005977254798888110e+00
6.075590118053827609e+04 9.913220332741800034e-01
6.075590144059898012e+04 1.003585210566909192e+00
6.075590170065967686e+04 9.804992396639392593e-01
6.075590196072038816e+04 9.935059899679282713e-01
6.075590222078108491e+04 9.982237995071667758e-01
6.075590248084178893e+04 1.001626060770210991e+00
6.075590274090249295e+04 1.004216514686651518e+00
6.075590300096318242e+04 1.006082589996550647e+00
6.075590326102388644e+04 9.918021718096898809e-01
6.075590352108459047e+04 1.002820822989133331e+00
6.075590378114529449e+04 1.009436502015097714e+00
6.075590404120599851e+04 1.000910043888685097e+00
6.075590430126669526e+04 9.961474809447230516e-01
6.075590456132739928e+04 9.997197581902238506e-01
6.075590482138810330e+04 1.007068641782971063e+00
6.075590508144880732e+04 9.984583592079112613e-01
6.075590534150951135e+04 9.987420405578033566e-01
6.075590560157020809e+04 1.017022457345731157e+00
6.075590586163091211e+04 1.000885759824714061e+00
6.075590612169160886e+04 1.002811371629127368e+00
6.075590638175230561e+04 9.925175419519107756e-01
6.075590664181300963e+04 1.016498128087704123e+00
6.075590690187371365e+04 9.945749299820113576e-01
6.075590716193441767e+04 1.017327312676433948e+00
6.075590742199512169e+04 1.004394375743900003e+00
6.075590768205581844e+04 9.997685224000933957e-01
6.075590794211652246e+04 1.010509096562056897e+00
6.075590820217722649e+04 1.008163009989173409e+00
6.075590846223793051e+04 1.011970611063020664e+00
6.075590872229863453e+04 1.004132992940561797e+00
6.075590898235933128e+04 1.003054245416759471e+00
6.075590924242003530e+04 1.011163132090300065e+00
6.075590950248073932e+04 9.964400965350718176e-01
6.075591106051386305e+04 9.930822254258320214e-01
6.075591132057445793e+04 9.988081024799368990e-01
6.075591158063505281e+04 9.892284326867482047e-01
6.075591184069564770e+04 1.010537122192453285e+00
6.075591210075624258e+04 9.913488631503399873e-01
6.075591236081683746e+04 9.943561479166401762e-01
6.075591262087743235e+04 9.826801419394544101e-01
6.075591288093802723e+04 1.005025673773933370e+00
6.075591314099862211e+04 9.974981988842523961e-01
6.075591340105922427e+04 9.899007169904819881e-01
6.075591366111981915e+04 9.856103815797275791e-01
6.075591392118041404e+04 1.014841212054980346e+00
6.075591418124100892e+04 1.001600497253144484e+00
6.075591444130160380e+04 9.970705871792062691e-01
6.075591470136219868e+04 1.000327295932218030e+00
6.075591496142279357e+04 1.013200338605478423e+00
6.075591522148338845e+04 9.995230712507673365e-01
6.075591548154399061e+04 9.854625210875841423e-01
6.075591574160458549e+04 1.006327341724911895e+00
6.075591600166518037e+04 9.983065322990037904e-01
6.075591626172577526e+04 9.963596610015920119e-01
6.075591652178637742e+04 9.950035136258211788e-01
6.075591678184697230e+04 9.956029691931017611e-01
6.075591704190756718e+04 9.992569285511383459e-01
6.075591730196816206e+04 1.014400316602091845e+00
6.075591756202875695e+04 1.016265227787089387e+00
6.075591782208935183e+04 9.988204757593790450e-01
6.075591808214994671e+04 1.008769107201086479e+00
6.075591834221054160e+04 1.000874119016167851e+00
6.075591860227113648e+04 1.016315400910100308e+00
6.075591886233173136e+04 1.018403006175300884e+00
6.075591912239232624e+04 9.907960883487275661e-01
6.075591938245292840e+04 1.002705845539775487e+00
6.075591964251352329e+04 1.000958431104451263e+00
6.075591990257411817e+04 9.930764096066442281e-01
6.075592016263471305e+04 1.016424896404636957e+00
6.075592042269530793e+04 9.855232435952830938e-01
6.075592068275590282e+04 9.985153425977932873e-01
6.075592094281649770e+04 9.742108306491713554e-01
6.075592120287709986e+04 9.974858873079242017e-01
6.075592146293769474e+04 1.017212164021688459e+00
6.075592172299828962e+04 9.954819820835830724e-01
6.075592198305888451e+04 9.964389536204466546e-01
6.075592224311948667e+04 1.016799302596559818e+00
6.075592250318008155e+04 9.959464876007402268e-01
6.075592276324067643e+04 9.971778810239203539e-01
6.075592302330127131e+04 9.933461532261982363e-01
6.075592328336186620e+04 9.732755107450679066e-01
6.075592354342246108e+04 1.018295688113424413e+00
6.075592380348305596e+04 9.902725734599157059e-01
6.075592406354365812e+04 1.012085620329982172e+00
6.075592432360425300e+04 1.002123660864874921e+00
6.075592458366484789e+04 1.001387181833788276e+00
6.075592484372544277e+04 1.003342046191992187e+00
6.075592510378604493e+04 9.890516349393604356e-01
6.075592536384663981e+04 9.780197250470055170e-01
6.075592562390723469e+04 9.968086669400080257e-01
6.075592588396782958e+04 9.972300822721790192e-01
6.075592614402842446e+04 9.941324134974695026e-01
6.075592640408901934e+04 9.996485413368690898e-01
6.075592666414961423e+04 1.003867468978087096e+00
6.075592692421020911e+04 9.992586632564429694e-01
6.075592718427081127e+04 9.972709476284380425e-01
6.075592744433140615e+04 1.002223944698468650e+00
6.075592770439200103e+04 1.010194058260472039e+00
6.075592796445260319e+04 1.002319518636562545e+00
6.075592822451319807e+04 1.003646638431712868e+00
6.075592848457379296e+04 1.004388961006961400e+00
6.075592874463438784e+04 9.984886099365216650e-01
6.075592900469498272e+04 1.002724169672968291e+00
6.075592926475557761e+04 1.020215098741884985e+00
6.075592952481617249e+04 1.002520123750939129e+00
6.075592978487676737e+04 9.788703906999295379e-01
6.075593004493736953e+04 9.957764731095978261e-01
6.075593030499796441e+04 1.009148013512486175e+00
6.075593056505855930e+04 1.003818867703633932e+00
6.075593082511916145e+04 1.009348000917513088e+00
6.075593108517975634e+04 1.008728255750934721e+00
6.075593134524035122e+04 1.007379025939082240e+00
6.075593160530094610e+04 1.016658182795240339e+00
6.075593186536154099e+04 9.970874540124844421e-01
6.075593212542213587e+04 9.941611772311138573e-01
6.075593238548273075e+04 9.980435491218540012e-01
6.075593264554332563e+04 9.936932341771699262e-01
6.075593290560392779e+04 1.004406985971365573e+00
6.075593316566452268e+04 1.008872994985905436e+00
6.075593342572511756e+04 1.009767882608894274e+00
6.075593368578571244e+04 9.995094179940360313e-01
6.075593394584631460e+04 9.903249773116614696e-01
6.075593420590690948e+04 1.014192035671431347e+00
6.075593446596750437e+04 9.848134248377358180e-01
6.075593472602809925e+04 1.002712327873968023e+00
6.075593498608869413e+04 9.804939894993403016e-01
6.075593524614928901e+04 9.905783305962586605e-01
6.075593550620988390e+04 1.010285982817404671e+00
6.075593576627048606e+04 9.884034443340485865e-01
6.075593602633108094e+04 9.936631955208752309e-01
6.075593628639167582e+04 1.006398279711497423e+00
6.075593654645227070e+04 9.997840973117395613e-01
6.075593680651287286e+04 9.943644658370084377e-01
6.075593706657346775e+04 1.000707376940759064e+00
6.075593732663406263e+04 9.864368327623069810e-01
6.075593758669465751e+04 1.004812595617500026e+00
6.075593784675525239e+04 1.015122163863186211e+00
6.075593810681584728e+04 9.971008380894077483e-01
6.075593836687644216e+04 1.016089373612384161e+00
6.075593862693704432e+04 9.942970046908684578e-01
6.075593888699763920e+04 9.814576004904702611e-01
6.075593914705823408e+04 1.013405120537863136e+00
6.075593940711883624e+04 9.946853076065860222e-01
6.075594106598430517e+04 9.936574236607921273e-01
6.075594132604500919e+04 1.013283657295023010e+00
6.075594158610571321e+04 9.957387189258615212e-01
6.075594184616640996e+04 1.005051348626491148e+00
6.075594210622711398e+04 9.923308236393328929e-01
6.075594236628781800e+04 1.000951999083513178e+00
6.075594262634852203e+04 9.876659643821412704e-01
6.075594288640922605e+04 9.930361554311255556e-01
6.075594314646992279e+04 1.006224688013708235e+00
6.075594340653063409e+04 9.923194823424332789e-01
6.075594366659133811e+04 1.019130834068973090e+00
6.075594392665203486e+04 9.896141761923598068e-01
6.075594418671273888e+04 9.943679154379110319e-01
6.075594444677344291e+04 9.812401662946663716e-01
6.075594470683414693e+04 9.998183548909514995e-01
6.075594496689485095e+04 9.871597227147735909e-01
6.075594522695554770e+04 9.889661224718787613e-01
6.075594548701625172e+04 9.900491206721373505e-01
6.075594574707695574e+04 1.000541621723900709e+00
6.075594600713765976e+04 9.933096638652980648e-01
6.075594626719836378e+04 9.968141184839118818e-01
6.075594652725906053e+04 9.971596282534302969e-01
6.075594678731976455e+04 9.936981781634272037e-01
6.075594704738046858e+04 1.008221620334346369e+00
6.075594730744116532e+04 1.000911724242783629e+00
6.075594756750187662e+04 9.929923124230830567e-01
6.075594782756257337e+04 1.001397873630239577e+00
6.075594808762328466e+04 9.981403309561889259e-01
6.075594834768398869e+04 1.017476992354193088e+00
6.075594860774468543e+04 1.000284251185623141e+00
6.075594886780538945e+04 9.842150582620600163e-01
6.075594912786609348e+04 9.949371365882584417e-01
6.075594938792679750e+04 9.995144929410237911e-01
6.075594964798750152e+04 1.015112837337260210e+00
6.075594990804819827e+04 1.013929151191603761e+00
6.075595016810890229e+04 9.867714389727770818e-01
6.075595042816960631e+04 9.851754762189681713e-01
6.075595068823031033e+04 9.955219116543543301e-01
6.075595094829101436e+04 1.004762812170177266e+00
6.075595120835171110e+04 1.002025850069237389e+00
6.075595146841241512e+04 1.000576262416235096e+00
6.075595172847312642e+04 1.021577172534005706e+00
6.075595198853382317e+04 1.013343298956647542e+00
6.075595224859452719e+04 1.014613838047162542e+00
6.075595250865523121e+04 1.004927528884837606e+00
6.075595276871593524e+04 9.953645426988940725e-01
6.075595302877663926e+04 1.003471335417792432e+00
6.075595328883733600e+04 1.004484144426066816e+00
6.075595354889804003e+04 9.912802967364083839e-01
6.075595380895874405e+04 9.925390013173326365e-01
6.075595406901944807e+04 9.982192270511464072e-01
6.075595432908015209e+04 9.936908157587805990e-01
6.075595458914084884e+04 9.959351224188328633e-01
6.075595484920156014e+04 9.816104139036438969e-01
6.075595510926226416e+04 1.000886407304791170e+00
6.075595536932296091e+04 1.001895363402895311e+00
6.075595562938366493e+04 1.008242473467911848e+00
6.075595588944436895e+04 1.014326660625956222e+00
6.075595614950507297e+04 9.976569488069061409e-01
6.075595640956577699e+04 1.008994289519677068e+00
6.075595666962647374e+04 9.891167869282450065e-01
6.075595692968717776e+04 1.008736020969878577e+00
6.075595718974788178e+04 9.984762870853480798e-01
6.075595744980858581e+04 1.001017706573000821e+00
6.075595770986929710e+04 1.006497345530231735e+00
6.075595796992999385e+04 9.829608005341428090e-01
6.075595822999069787e+04 1.000109293253899079e+00
6.075595849005140190e+04 9.999448064140186165e-01
6.075595875011209864e+04 1.011884299928810238e+00
6.075595901017280994e+04 1.003171949778818961e+00
6.075595927023350669e+04 9.878481273037064136e-01
6.075595953029421071e+04 1.007808588523634530e+00
6.075595979035491473e+04 9.941261287182776574e-01
6.075596005041561148e+04 9.984495083669813198e-01
6.075596031047632277e+04 1.017411570009816524e+00
6.075596057053702680e+04 1.025947580509235291e+00
6.075596083059773082e+04 1.019168941913895177e+00
6.075596109065843484e+04 9.880234416998272540e-01
6.075596135071913159e+04 1.008758326482311896e+00
6.075596161077983561e+04 9.977665754195695902e-01
6.075596187084053963e+04 1.002311643202515645e+00
6.075596213090124365e+04 1.004069666339294065e+00
6.075596239096194768e+04 9.949709378070142884e-01
6.075596265102265170e+04 1.006374440414180338e+00
6.075596291108335572e+04 9.997956671906228499e-01
6.075596317114405974e+04 9.869330181895000775e-01
6.075596343120475649e+04 9.951193171711666396e-01
6.075596369126546051e+04 1.012344769315501214e+00
6.075596395132616453e+04 1.003226126304810562e+00
6.075596421138686856e+04 9.915418968783286102e-01
6.075596447144757258e+04 9.872191782968204876e-01
6.075596473150827660e+04 1.010076008928852298e+00
6.075596499156898062e+04 9.994259462046239939e-01
6.075596525162968464e+04 9.982177703460681784e-01
6.075596551169038867e+04 1.002172750127140688e+00
6.075596577175109269e+04 9.947338647556366320e-01
6.075596603181178943e+04 9.977537543311288948e-01
6.075596629187249346e+04 9.932009004283096631e-01
6.075596655193319748e+04 1.004025541654520515e+00
6.075596681199390150e+04 9.907404293464989742e-01
6.075596707205460552e+04 9.852583464587758577e-01
6.075596733211530955e+04 9.954780013467589006e-01
6.075596759217601357e+04 1.008170600408232698e+00
6.075596785223671759e+04 1.010837083391669111e+00
6.075596811229741434e+04 9.879228712019899605e-01
6.075596837235811836e+04 1.009907833968656243e+00
6.075596863241882238e+04 1.007469280419584612e+00
6.075596889247953368e+04 9.880197208704405432e-01
6.075596915254023770e+04 9.887084050177231687e-01
6.075596941260093445e+04 1.005948011304724776e+00
6.075597102105359954e+04 1.004839093805379280e+00
6.075597128111420170e+04 1.008000127109456301e+00
6.075597154117479658e+04 9.844866250991443080e-01
6.075597180123539147e+04 1.010229347252127763e+00
6.075597206129598635e+04 1.004515919332856555e+00
6.075597232135658123e+04 9.964124333714264869e-01
6.075597258141718339e+04 1.003885755246347378e+00
6.075597284147777827e+04 1.003558526007457763e+00
6.075597310153837316e+04 1.003701103482942392e+00
6.075597336159897532e+04 1.011458043763513670e+00
6.075597362165957020e+04 1.010640019976779325e+00
6.075597388172016508e+04 1.001840816731659922e+00
6.075597414178077452e+04 1.002669936299571907e+00
6.075597440184136940e+04 9.925675718624089594e-01
6.075597466190196428e+04 9.988037152127496876e-01
6.075597492196255916e+04 9.796327010926506595e-01
6.075597518202315405e+04 1.003605714661299109e+00
6.075597544208374893e+04 9.975379418405839749e-01
6.075597570214434381e+04 1.009516292221710021e+00
6.075597596220494597e+04 1.013950344130417847e+00
6.075597622226554813e+04 1.009018660576460169e+00
6.075597648232614301e+04 9.996125948083472990e-01
6.075597674238673790e+04 9.993653485704839801e-01
6.075597700244734006e+04 1.003166825253753558e+00
6.075597726250793494e+04 9.802354351660695908e-01
6.075597752256853710e+04 1.015089724712142871e+00
6.075597778262913198e+04 9.977707130838532334e-01
6.075597804268972686e+04 1.008600426952177109e+00
6.075597830275032175e+04 1.002045344259971715e+00
6.075597856281091663e+04 1.001004193316441970e+00
6.075597882287151151e+04 1.006557530994258043e+00
6.075597908293212095e+04 9.791742095070432583e-01
6.075597934299271583e+04 1.003377882698820667e+00
6.075597960305331071e+04 1.009614291239788297e+00
6.075597986311390559e+04 1.010428198105990827e+00
6.075598012317450775e+04 1.010642549154521008e+00
6.075598038323510264e+04 9.910518599233697490e-01
6.075598064329570479e+04 9.867214418526206732e-01
6.075598090335629968e+04 9.950973239264081505e-01
6.075598116341689456e+04 9.890556064125184399e-01
6.075598142347748944e+04 1.000050818515046958e+00
6.075598168353808433e+04 1.004994049334950512e+00
6.075598194359869376e+04 1.016092578158540594e+00
6.075598220365928864e+04 1.000685067237460979e+00
6.075598246371988353e+04 9.996141353508247729e-01
6.075598272378047841e+04 1.003454501372802454e+00
6.075598298384108057e+04 9.978958756588507395e-01
6.075598324390167545e+04 9.956774663831189365e-01
6.075598350396227761e+04 9.869540722509496655e-01
6.075598376402287249e+04 1.006714888639214545e+00
6.075598402408346738e+04 9.989733078361764385e-01
6.075598428414406226e+04 1.009700649623094026e+00
6.075598454420465714e+04 9.887734785283994743e-01
6.075598480426526658e+04 1.006918736721867935e+00
6.075598506432586146e+04 9.991122358931046055e-01
6.075598532438645634e+04 1.002377322431125872e+00
6.075598558444705122e+04 1.001369625825757392e+00
6.075598584450765338e+04 9.979893292577457498e-01
6.075598610456825554e+04 9.950040384255661730e-01
6.075598636462885042e+04 9.947585237127521962e-01
6.075598662468944531e+04 1.013621802412558282e+00
6.075598688475004019e+04 1.013905847873912247e+00
6.075598714481063507e+04 1.006924740672008767e+00
6.075598740487123723e+04 1.018619151290387936e+00
6.075598766493183211e+04 1.003741716792383443e+00
6.075598792499243427e+04 1.002087196130053925e+00
6.075598818505302916e+04 9.917523395702524391e-01
6.075598844511362404e+04 1.004078597388727179e+00
6.075598870517423347e+04 9.933149970717246591e-01
6.075598896523482836e+04 9.915957027856736605e-01
6.075598922529542324e+04 1.008329841978780728e+00
6.075598948535601812e+04 1.013843618757877429e+00
6.075598974541661300e+04 9.987314858249204397e-01
6.075599000547721516e+04 1.004056695368498398e+00
6.075599026553781005e+04 1.009941078331962228e+00
6.075599052559840493e+04 1.005487552302306353e+00
6.075599078565900709e+04 9.868018856728387744e-01
6.075599104571960197e+04 1.019632532856496576e+00
6.075599130578020413e+04 1.001265035058363839e+00
6.075599156584080629e+04 1.001333651798175683e+00
6.075599182590140117e+04 9.907367800632036481e-01
6.075599208596199605e+04 9.906262760499776610e-01
6.075599234602259094e+04 9.975743070035264504e-01
6.075599260608319310e+04 9.990180225511017253e-01
6.075599286614378798e+04 1.007072343285693616e+00
6.075599312620438286e+04 9.884853722948359067e-01
6.075599338626497774e+04 9.991823777335235857e-01
6.075599364632558718e+04 9.973406282871222217e-01
6.075599390638618206e+04 9.972564030406311231e-01
6.075599416644677694e+04 1.003001077144864972e+00
6.075599442650737910e+04 1.003988680658583377e+00
6.075599468656797399e+04 9.972903856636687880e-01
6.075599494662857614e+04 1.019216156472370294e+00
6.075599520668917103e+04 9.887687334946964057e-01
6.075599546674976591e+04 9.910453627224273809e-01
6.075599572681036079e+04 1.001968186505549196e+00
6.075599598687096295e+04 9.890919252638441517e-01
6.075599624693155783e+04 1.003905371041802663e+00
6.075599650699215999e+04 9.931764097117253831e-01
6.075599676705275488e+04 9.852836005606080416e-01
6.075599702711334976e+04 1.009914585310312640e+00
6.075599728717395192e+04 9.960822619424931634e-01
6.075599754723455408e+04 9.911068480045022167e-01
6.075599780729514896e+04 1.007223690316387588e+00
6.075599806735574384e+04 9.927818982862043340e-01
6.075599832741634600e+04 1.011277574019065817e+00
6.075599858747694088e+04 1.005331465329846630e+00
6.075599884753753577e+04 9.994480247698179776e-01
6.075599910759813065e+04 1.014952613776427093e+00
6.075599936765874008e+04 1.005893103292193169e+00
6.075600091310295102e+04 9.882195811204282920e-01
6.075600117316365504e+04 9.834096935342367951e-01
6.075600143322435179e+04 9.994266056968987844e-01
6.075600169328505581e+04 9.892677053455639635e-01
6.075600195334576711e+04 1.001891083166595475e+00
6.075600221340647113e+04 1.007923524065966081e+00
6.075600247346717515e+04 9.943013154710930168e-01
6.075600273352787190e+04 9.975484947566519711e-01
6.075600299358858319e+04 1.002878089063918399e+00
6.075600325364928722e+04 1.014806642722241747e+00
6.075600351370998396e+04 9.998386522934759046e-01
6.075600377377069526e+04 9.880743960014499727e-01
6.075600403383139928e+04 1.017597800030618282e+00
6.075600429389210331e+04 9.869242200712823321e-01
6.075600455395280733e+04 9.946818259634442327e-01
6.075600481401350407e+04 1.009306592100498001e+00
6.075600507407421537e+04 1.012777965656213475e+00
6.075600533413491939e+04 1.007407590187262114e+00
6.075600559419562342e+04 1.004991792584332133e+00
6.075600585425632744e+04 9.870604670354637955e-01
6.075600611431703146e+04 1.011602706182137767e+00
6.075600637437773548e+04 1.018312344350331022e+00
6.075600663443843951e+04 9.978782482832115885e-01
6.075600689449914353e+04 9.982649657095963303e-01
6.075600715455985483e+04 1.003100671709904912e+00
6.075600741462055157e+04 9.980648890546691687e-01
6.075600767468125559e+04 1.011762146994820588e+00
6.075600793474195962e+04 1.000645640642475298e+00
6.075600819480266364e+04 1.000486391479269876e+00
6.075600845486336766e+04 9.903570454266488188e-01
6.075600871492407168e+04 1.013923905341820975e+00
6.075600897498478298e+04 1.000512168512311728e+00
6.075600923504548700e+04 1.010899232079172982e+00
6.075600949510618375e+04 1.010141499457146708e+00
6.075600975516688777e+04 9.833518593741633618e-01
6.075601001522759907e+04 1.005760302588468491e+00
6.075601027528830309e+04 9.915943962766411435e-01
6.075601053534900711e+04 1.002069750538963522e+00
6.075601079540970386e+04 1.010501413831614848e+00
6.075601105547041516e+04 1.003286283747070629e+00
6.075601131553111918e+04 9.741209936279223713e-01
6.075601157559181593e+04 1.005866778533772710e+00
6.075601183565252722e+04 1.008324565640297266e+00
6.075601209571323125e+04 1.009117462096113860e+00
6.075601235577393527e+04 9.966196303503985776e-01
6.075601261583463929e+04 9.944394443830218977e-01
6.075601287589534331e+04 9.957695056347667384e-01
6.075601313595604734e+04 9.959534234584210832e-01
6.075601339601675136e+04 9.907685595012737378e-01
6.075601365607746266e+04 1.013136353319811889e+00
6.075601391613816668e+04 9.941362513926034206e-01
6.075601417619886342e+04 1.005378183239255208e+00
6.075601443625956745e+04 1.009831692874722853e+00
6.075601469632027874e+04 1.009560215911142533e+00
6.075601495638097549e+04 1.006430269146874723e+00
6.075601521644168679e+04 9.960800304621930668e-01
6.075601547650239081e+04 1.014279212354369575e+00
6.075601573656309483e+04 9.991344272989083342e-01
6.075601599662379886e+04 1.003145714475302874e+00
6.075601625668450288e+04 1.024992354460830146e+00
6.075601651674520690e+04 1.002814939248269921e+00
6.075601677680591092e+04 1.017847762461187466e+00
6.075601703686661494e+04 9.997869073969809506e-01
6.075601729692732624e+04 1.004308247842962798e+00
6.075601755698802299e+04 1.001764575788522738e+00
6.075601781704872701e+04 9.908672045627262559e-01
6.075601807710943831e+04 9.972849509955054037e-01
6.075601833717014233e+04 1.011947135540909537e+00
6.075601859723084635e+04 1.010837524206205540e+00
6.075601885729155038e+04 1.013948812580741210e+00
6.075601911735225440e+04 9.911872380158461837e-01
6.075601937741295842e+04 9.889758182603913816e-01
6.075601963747365517e+04 9.995787776194792196e-01
6.075601989753436646e+04 9.901921218106447542e-01
6.075602015759507049e+04 1.001953643847803388e+00
6.075602041765577451e+04 9.991615378707274786e-01
6.075602067771648581e+04 1.019949736979406163e+00
6.075602093777718255e+04 1.000246505658028973e+00
6.075602119783788658e+04 9.848922491179923355e-01
6.075602145789859787e+04 1.001487156181595006e+00
6.075602171795930190e+04 9.926556986725459941e-01
6.075602197802000592e+04 1.000143513740558987e+00
6.075602223808070994e+04 1.011347295593485685e+00
6.075602249814141396e+04 1.013620408461236577e+00
6.075602275820211798e+04 1.006603887904468086e+00
6.075602301826282201e+04 1.000146603708842674e+00
6.075602327832352603e+04 9.947150872947531086e-01
6.075602353838423005e+04 9.964763227598137929e-01
6.075602379844494135e+04 9.998839753810504494e-01
6.075602405850564537e+04 9.957753638478877845e-01
6.075602431856634212e+04 1.006860524165684723e+00
6.075602457862704614e+04 1.002189881399853322e+00
6.075602483868775744e+04 1.009312620340136357e+00
6.075602509874846146e+04 1.011962297425044843e+00
6.075602535880916548e+04 1.005276222613539217e+00
6.075602561886986950e+04 1.005047842032678274e+00
6.075602587893057353e+04 9.892089505422924089e-01
6.075602613899127755e+04 1.001786308733751962e+00
6.075602639905198885e+04 9.900788657764492129e-01
6.075602665911269287e+04 9.857171668098723138e-01
6.075602691917338962e+04 1.001388129775494296e+00
6.075602717923410091e+04 9.937182133382698179e-01
6.075602743929480494e+04 1.020588641152863296e+00
6.075602769935550168e+04 1.005188677084169369e+00
6.075602795941621298e+04 1.007211184485989230e+00
6.075602821947691700e+04 1.001982747376191973e+00
6.075602847953762102e+04 9.897072921483313079e-01
6.075602873959833232e+04 1.009434707295026712e+00
6.075602899965902907e+04 1.007497627641564364e+00
6.075602925971973309e+04 1.002168293947880429e+00
6.075603093119423283e+04 9.847174896718318138e-01
6.075603119125482772e+04 9.981196837747102757e-01
6.075603145131542988e+04 1.010437873573315049e+00
6.075603171137602476e+04 1.010746825505123958e+00
6.075603197143662692e+04 9.929541652876685554e-01
6.075603223149722908e+04 1.009452372787853935e+00
6.075603249155782396e+04 1.005960163133847951e+00
6.075603275161842612e+04 1.009032845733823347e+00
6.075603301167902100e+04 1.001481087629491507e+00
6.075603327173962316e+04 1.004337965935073740e+00
6.075603353180022532e+04 9.930107690635204820e-01
6.075603379186082020e+04 1.001536455184515617e+00
6.075603405192141508e+04 9.966692930061032962e-01
6.075603431198201724e+04 1.007425594177410400e+00
6.075603457204261213e+04 9.822838817587707938e-01
6.075603483210320701e+04 9.817289478402160263e-01
6.075603509216381644e+04 1.000636084247388258e+00
6.075603535222441133e+04 9.925622705388778000e-01
6.075603561228501349e+04 1.009797059699361510e+00
6.075603587234560837e+04 9.818322321257431096e-01
6.075603613240621053e+04 9.846296384303536708e-01
6.075603639246681269e+04 1.000672974127597481e+00
6.075603665252740757e+04 1.004633595145145941e+00
6.075603691258800245e+04 1.010077425785870453e+00
6.075603717264860461e+04 9.929223727604028493e-01
6.075603743270919949e+04 1.019078748562675552e+00
6.075603769276979438e+04 9.968386584098125613e-01
6.075603795283040381e+04 9.861253722942424638e-01
6.075603821289099869e+04 1.001846354831638752e+00
6.075603847295160085e+04 9.962068621582350625e-01
6.075603873301219573e+04 9.952944991110328488e-01
6.075603899307279789e+04 1.000775018826154827e+00
6.075603925313340005e+04 9.967394925146001450e-01
6.075603951319399494e+04 9.973076998729226705e-01
6.075603977325458982e+04 1.002224090784352484e+00
6.075604003331519198e+04 9.987074462169639455e-01
6.075604029337578686e+04 1.017403307994358741e+00
6.075604055343638902e+04 1.005643509982286909e+00
6.075604081349698390e+04 1.009186315239797738e+00
6.075604107355758606e+04 1.010948011673290736e+00
6.075604133361818822e+04 1.010933529141313514e+00
6.075604159367878310e+04 1.008386931774196249e+00
6.075604185373938526e+04 9.797184712966116038e-01
6.075604211379998742e+04 1.005670822873532932e+00
6.075604237386058230e+04 1.004073564249087669e+00
6.075604263392118446e+04 1.007823283533364034e+00
6.075604289398177934e+04 1.003256605322220496e+00
6.075604315404237423e+04 1.010450272291669505e+00
6.075604341410297639e+04 1.006028522381491319e+00
6.075604367416357127e+04 9.925126840796530958e-01
6.075604393422418070e+04 9.975973840745496757e-01
6.075604419428477559e+04 9.844359288846249445e-01
6.075604445434537047e+04 9.942169195047135810e-01
6.075604471440597990e+04 9.939412811338274034e-01
6.075604497446657479e+04 1.005263363887614947e+00
6.075604523452717694e+04 1.014897332178443357e+00
6.075604549458777183e+04 1.010216505805672682e+00
6.075604575464836671e+04 1.004919218735949471e+00
6.075604601470896887e+04 1.011660838707172161e+00
6.075604627476956375e+04 1.002460555523055241e+00
6.075604653483016591e+04 1.012765881948010982e+00
6.075604679489076807e+04 9.760735395458073338e-01
6.075604705495136295e+04 1.000933865616067342e+00
6.075604731501196511e+04 9.971958135785954358e-01
6.075604757507256727e+04 1.003792132232324441e+00
6.075604783513316943e+04 1.000768947307251189e+00
6.075604809519376431e+04 9.936151803812997008e-01
6.075604835525435919e+04 1.008149987053710284e+00
6.075604861531496135e+04 1.012584315193919782e+00
6.075604887537555624e+04 9.948134884544028722e-01
6.075604913543615839e+04 9.868961340295062667e-01
6.075604939549675328e+04 1.005971237007864616e+00
6.075604965555735544e+04 9.933741203231747363e-01
6.075604991561795759e+04 9.827034271454131442e-01
6.075605017567855248e+04 1.003574835674205801e+00
6.075605043573915464e+04 1.011502645292721603e+00
6.075605069579975680e+04 9.957794076455526167e-01
6.075605095586035168e+04 9.970159694854501264e-01
6.075605121592095384e+04 9.945024393082210201e-01
6.075605147598154872e+04 1.022413666955354961e+00
6.075605173604215088e+04 1.005875678597908607e+00
6.075605199610274576e+04 1.013896809633123786e+00
6.075605225616334792e+04 1.018495212517889881e+00
6.075605251622395008e+04 1.003742967838228139e+00
6.075605277628454496e+04 9.862179709444214293e-01
6.075605303634514712e+04 9.929273221556941253e-01
6.075605329640574200e+04 1.007433074254797223e+00
6.075605355646635144e+04 1.006581205982712390e+00
6.075605381652694632e+04 9.874117340535399912e-01
6.075605407658754848e+04 9.960857834633075614e-01
6.075605433664814336e+04 9.939329196674313582e-01
6.075605459670873825e+04 1.012484197602753433e+00
6.075605485676934040e+04 9.918018313573605527e-01
6.075605511682993529e+04 1.011395708426597206e+00
6.075605537689054472e+04 9.952613175552453839e-01
6.075605563695113960e+04 1.015166732096408397e+00
6.075605589701174176e+04 9.839293593423212858e-01
6.075605615707233665e+04 1.003542318085389962e+00
6.075605641713293880e+04 1.001843070396381652e+00
6.075605667719354096e+04 9.901534596155601164e-01
6.075605693725413585e+04 9.957077382679027089e-01
6.075605719731473800e+04 9.909108101816158642e-01
6.075605745737533289e+04 1.008323000284055304e+00
6.075605771743593505e+04 1.007858445944469716e+00
6.075605797749652993e+04 1.004343848282609919e+00
6.075605823755713209e+04 1.009922953134095192e+00
6.075605849761773425e+04 9.904202683097131921e-01
6.075605875767832913e+04 9.754002649970683336e-01
6.075605901773893129e+04 1.006240634746464746e+00
6.075605927779953345e+04 9.878940182390510971e-01
6.075606082322710427e+04 9.986748932014419822e-01
6.075606108328780829e+04 9.970944473536249575e-01
6.075606134334851231e+04 9.890047364633488547e-01
6.075606160340922361e+04 1.004637227535317923e+00
6.075606186346992035e+04 1.010593801484656717e+00
6.075606212353063165e+04 1.000090269056609138e+00
6.075606238359133567e+04 1.001343888674842919e+00
6.075606264365204697e+04 1.002120518554489470e+00
6.075606290371275099e+04 1.007289402687616242e+00
6.075606316377345502e+04 1.012294420105965820e+00
6.075606342383415904e+04 1.016050514652510506e+00
6.075606368389486306e+04 1.005456474579229376e+00
6.075606394395557436e+04 1.001412570931441204e+00
6.075606420401627838e+04 1.011828025966884370e+00
6.075606446407698240e+04 9.943875603477134728e-01
6.075606472413768643e+04 1.003029619440092279e+00
6.075606498419839772e+04 9.990754849101640689e-01
6.075606524425910175e+04 9.995561219280471033e-01
6.075606550431981304e+04 9.846293845002449530e-01
6.075606576438050979e+04 9.955903978295834733e-01
6.075606602444122109e+04 1.012274862695967670e+00
6.075606628450192511e+04 1.003551798478819812e+00
6.075606654456262913e+04 1.002180198065586447e+00
6.075606680462333316e+04 1.003251142504381965e+00
6.075606706468404445e+04 9.849392130159605463e-01
6.075606732474474848e+04 9.971042912649559220e-01
6.075606758480545250e+04 9.969306255115654158e-01
6.075606784486615652e+04 9.856440517710511884e-01
6.075606810492686054e+04 9.969019424722291856e-01
6.075606836498757184e+04 1.009767214705511451e+00
6.075606862504827586e+04 1.009205083253747137e+00
6.075606888510898716e+04 9.858457547981068769e-01
6.075606914516968391e+04 1.003484524578623027e+00
6.075606940523039520e+04 1.002553296872989996e+00
6.075606966529109923e+04 1.001483653519906980e+00
6.075606992535180325e+04 1.015761074751339921e+00
6.075607018541250727e+04 9.845576373454193453e-01
6.075607044547321857e+04 1.004031904148286358e+00
6.075607070553392259e+04 1.001695067381183302e+00
6.075607096559463389e+04 9.949644657447387353e-01
6.075607122565533064e+04 9.998587226773182346e-01
6.075607148571604193e+04 9.941678370801259046e-01
6.075607174577674596e+04 9.934365514849473611e-01
6.075607200583745725e+04 1.004169174904064876e+00
6.075607226589816128e+04 1.009773484605729799e+00
6.075607252595886530e+04 1.007282303868801687e+00
6.075607278601956932e+04 1.004347760341314455e+00
6.075607304608028062e+04 1.005663112088512001e+00
6.075607330614097737e+04 1.005586180037639998e+00
6.075607356620169594e+04 1.006585575167380675e+00
6.075607382626239269e+04 9.977029334200796518e-01
6.075607408632310398e+04 9.853514541411307892e-01
6.075607434638380801e+04 1.015427630702951500e+00
6.075607460644451203e+04 9.908556943397989203e-01
6.075607486650521605e+04 9.952530755549079400e-01
6.075607512656592735e+04 9.912223586021131627e-01
6.075607538662663137e+04 1.000171253065982535e+00
6.075607564668734267e+04 9.877932398361992661e-01
6.075607590674803942e+04 1.002457978111584103e+00
6.075607616680875071e+04 1.024632683738650352e+00
6.075607642686945474e+04 1.004670794135916756e+00
6.075607668693016603e+04 9.942697863825042948e-01
6.075607694699087006e+04 9.940356419521381159e-01
6.075607720705157408e+04 1.003206069145240020e+00
6.075607746711227810e+04 1.001214028839916281e+00
6.075607772717298940e+04 1.003573669682752634e+00
6.075607798723368614e+04 1.015463915747342183e+00
6.075607824729439744e+04 9.907611012401970063e-01
6.075607850735510146e+04 9.885666357180455943e-01
6.075607876741581276e+04 9.910893472077302313e-01
6.075607902747651679e+04 1.001584158399849489e+00
6.075607928753722081e+04 1.002324927296677881e+00
6.075607954759792483e+04 9.941701709618726568e-01
6.075607980765863613e+04 1.013426308530759767e+00
6.075608006771934015e+04 9.935495650244378085e-01
6.075608032778005145e+04 1.011417892541451646e+00
6.075608058784074819e+04 1.019753087027787553e+00
6.075608084790145949e+04 1.010370823999131806e+00
6.075608110796216351e+04 1.016085789744541223e+00
6.075608136802286754e+04 1.007917208122115715e+00
6.075608162808357156e+04 1.000055481996621420e+00
6.075608188814428286e+04 1.018729277738788186e+00
6.075608214820498688e+04 1.008285683655701481e+00
6.075608240826569818e+04 9.948818463146449353e-01
6.075608266832639492e+04 1.003920836442013131e+00
6.075608292838710622e+04 9.892718802433311254e-01
6.075608318844781024e+04 1.005323831298764903e+00
6.075608344850852154e+04 1.003981950343805662e+00
6.075608370856922556e+04 1.001245837832309693e+00
6.075608396862992959e+04 1.004580513946079723e+00
6.075608422869064088e+04 9.888613056171682292e-01
6.075608448875134491e+04 1.017586133431026774e+00
6.075608474881204893e+04 1.010098054389621636e+00
6.075608500887276023e+04 9.843734181740436684e-01
6.075608526893346425e+04 9.902127569742490421e-01
6.075608552899416827e+04 1.013136383733697521e+00
6.075608578905487957e+04 9.964855438181310365e-01
6.075608604911557632e+04 1.013576932137767672e+00
6.075608630917628761e+04 9.991217485633834272e-01
6.075608656923699164e+04 9.916466730707030885e-01
6.075608682929770293e+04 9.927868611591011971e-01
6.075608708935840696e+04 1.006742054912969531e+00
6.075608734941911098e+04 9.893120219051613207e-01
6.075608760947981500e+04 1.005183874249556464e+00
6.075608786954052630e+04 9.910480926785404376e-01
6.075608812960123760e+04 1.005528017030761445e+00
6.075608838966194162e+04 9.905583196132579094e-01
6.075608864972264564e+04 9.902400886735163166e-01
6.075608890978334966e+04 9.683171571150912538e-01
6.075608916984406096e+04 1.007614555895019137e+00
6.075609076569380704e+04 9.944447446708738481e-01
6.075609102575441648e+04 1.003573037382339272e+00
6.075609128581501136e+04 1.016873872361917952e+00
6.075609154587561352e+04 1.006806500697269069e+00
6.075609180593621568e+04 1.016099334262902998e+00
6.075609206599681784e+04 9.920903440862580691e-01
6.075609232605741272e+04 1.019631588324904525e+00
6.075609258611801488e+04 1.000470202347915727e+00
6.075609284617860976e+04 9.999461172505299533e-01
6.075609310623921192e+04 9.811314736407669157e-01
6.075609336629981408e+04 1.008050150464339767e+00
6.075609362636040896e+04 9.944029706180781414e-01
6.075609388642101840e+04 1.011874518569852777e+00
6.075609414648161328e+04 1.002982773696394547e+00
6.075609440654221544e+04 1.007590647269315687e+00
6.075609466660281760e+04 9.925498495233474605e-01
6.075609492666341976e+04 9.981424976551236394e-01
6.075609518672402191e+04 1.008462292893748780e+00
6.075609544678461680e+04 1.005527855218216526e+00
6.075609570684521896e+04 1.011026387447376829e+00
6.075609596690581384e+04 1.007366551769953711e+00
6.075609622696641600e+04 9.978667186586178683e-01
6.075609648702701088e+04 9.950227797664427110e-01
6.075609674708762032e+04 1.011518952710676933e+00
6.075609700714822247e+04 1.004708630041190265e+00
6.075609726720881736e+04 1.009343989162747368e+00
6.075609752726942679e+04 1.002341106693898753e+00
6.075609778733002167e+04 1.006478865075843609e+00
6.075609804739062383e+04 1.000522796949983917e+00
6.075609830745121872e+04 9.980405230040744202e-01
6.075609856751182087e+04 9.802358630449898858e-01
6.075609882757242303e+04 1.000499253533067678e+00
6.075609908763301792e+04 1.010797265913450760e+00
6.075609934769362008e+04 1.009153578812476582e+00
6.075609960775422223e+04 1.010687527855157475e+00
6.075609986781482439e+04 1.004177116419183946e+00
6.075610012787541928e+04 9.925448731349522102e-01
6.075610038793602143e+04 1.003851990104128511e+00
6.075610064799663087e+04 9.959195920957141235e-01
6.075610090805722575e+04 1.008477733088517514e+00
6.075610116811782791e+04 9.964277863925460332e-01
6.075610142817842279e+04 1.003763734004177621e+00
6.075610168823902495e+04 9.940612124631256208e-01
6.075610194829962711e+04 9.921341492958682950e-01
6.075610220836022199e+04 1.014808914693273723e+00
6.075610246842083143e+04 1.004052078423106842e+00
6.075610272848142631e+04 1.014885991113132269e+00
6.075610298854202847e+04 1.004804685285178634e+00
6.075610324860263063e+04 1.001166268436122442e+00
6.075610350866323279e+04 1.023190820273397250e+00
6.075610376872383495e+04 1.002653422574364184e+00
6.075610402878442983e+04 9.973780888705141567e-01
6.075610428884503199e+04 1.011696247107476410e+00
6.075610454890563415e+04 1.009677446365569775e+00
6.075610480896622903e+04 1.018656572663137361e+00
6.075610506902683119e+04 1.001600543762480644e+00
6.075610532908743335e+04 9.993666148949323924e-01
6.075610558914803551e+04 1.018135412611587798e+00
6.075610584920863766e+04 1.014347620962886554e+00
6.075610610926923255e+04 9.906501660234425799e-01
6.075610636932984198e+04 1.002437465372507663e+00
6.075610662939043686e+04 9.866269165435284094e-01
6.075610688945103902e+04 1.007894766490161187e+00
6.075610714951164118e+04 9.944120261433418984e-01
6.075610740957223607e+04 1.015097067751536741e+00
6.075610766963283822e+04 1.013118973363153819e+00
6.075610792969343311e+04 1.002999936762136945e+00
6.075610818975403527e+04 9.948736800665783919e-01
6.075610844981464470e+04 9.864006974725449961e-01
6.075610870987523958e+04 1.003084929697295902e+00
6.075610896993584174e+04 1.010468174956566045e+00
6.075610922999644390e+04 9.955656305945456142e-01
6.075610949005704606e+04 1.005944748259099519e+00
6.075610975011764822e+04 1.019029659124587761e+00
6.075611001017824310e+04 9.938787682701429871e-01
6.075611027023884526e+04 9.975447595806742340e-01
6.075611053029944742e+04 9.995331264970402918e-01
6.075611079036004230e+04 1.002265977389025009e+00
6.075611105042064446e+04 9.930171915972717533e-01
6.075611131048124662e+04 1.001901749738185465e+00
6.075611157054184878e+04 9.921910963446426424e-01
6.075611183060245094e+04 9.813223926688735554e-01
6.075611209066305310e+04 9.988074521779519710e-01
6.075611235072365525e+04 1.009775080498421795e+00
6.075611261078425741e+04 1.000607229782131569e+00
6.075611287084485230e+04 9.876684075285933062e-01
6.075611313090545445e+04 9.936597315310669032e-01
6.075611339096604934e+04 1.007188029303217602e+00
6.075611365102665150e+04 1.009696785194091451e+00
6.075611391108725365e+04 1.009978042981866775e+00
6.075611417114785581e+04 1.008872332032360042e+00
6.075611443120845797e+04 1.001049791027287750e+00
6.075611469126906013e+04 9.987287903949129131e-01
6.075611495132966229e+04 9.804218477367012685e-01
6.075611521139026445e+04 1.014365497144377848e+00
6.075611547145085933e+04 9.870725487491699424e-01
6.075611573151146149e+04 9.907143872176643606e-01
6.075611599157206365e+04 9.982763226638841081e-01
6.075611625163265853e+04 1.005439290543168163e+00
6.075611651169326069e+04 1.000849976138248776e+00
6.075611677175386285e+04 9.967494883805951833e-01
6.075611703181446501e+04 1.015608569469627076e+00
6.075611729187506717e+04 1.008008946742750211e+00
6.075611755193566933e+04 9.948414544353610944e-01
6.075611781199626421e+04 1.003509512206963494e+00
6.075611807205687364e+04 1.003463462633389591e+00
6.075611833211747580e+04 9.908795667851109101e-01
6.075611859217807068e+04 9.913548224274141285e-01
6.075611885223867284e+04 9.844192467680431546e-01
6.075611911229926773e+04 9.869363656698252329e-01
6.075612077117233275e+04 9.899678525228545745e-01
6.075612103123303677e+04 9.989687232972754849e-01
6.075612129129374080e+04 9.992974119893177631e-01
6.075612155135445209e+04 1.005537884438341578e+00
6.075612181141516339e+04 9.930816108006089715e-01
6.075612207147586741e+04 1.015515087176349196e+00
6.075612233153657144e+04 1.008418150566737337e+00
6.075612259159728274e+04 1.001121006820027803e+00
6.075612285165798676e+04 1.013933380957074748e+00
6.075612311171869806e+04 1.013691266703994343e+00
6.075612337177940935e+04 9.726102173003696727e-01
6.075612363184010610e+04 9.989947913923433731e-01
6.075612389190081740e+04 9.910278823924412173e-01
6.075612415196152870e+04 9.848522503122523197e-01
6.075612441202222544e+04 9.945307369889843097e-01
6.075612467208293674e+04 1.011088126224782391e+00
6.075612493214364804e+04 9.802292257371001405e-01
6.075612519220435206e+04 1.004952540344064893e+00
6.075612545226506336e+04 9.960090954402418539e-01
6.075612571232576738e+04 1.013706650892887584e+00
6.075612597238647140e+04 1.006928834031368236e+00
6.075612623244718270e+04 1.003576569520710837e+00
6.075612649250789400e+04 9.884762322800095813e-01
6.075612675256859802e+04 1.011913951521467459e+00
6.075612701262930204e+04 1.008763634280541943e+00
6.075612727269001334e+04 9.942875302047866626e-01
6.075612753275071736e+04 9.929580644304260018e-01
6.075612779281142139e+04 1.000130183345224966e+00
6.075612805287213268e+04 9.916728660687945673e-01
6.075612831293283671e+04 1.002131408374623112e+00
6.075612857299354800e+04 9.998312763849900309e-01
6.075612883305425930e+04 1.001035992922498563e+00
6.075612909311495605e+04 9.949835772758492958e-01
6.075612935317566735e+04 9.942973259242644524e-01
6.075612961323637865e+04 1.003600229967612112e+00
6.075612987329708267e+04 1.008719792283561123e+00
6.075613013335779397e+04 9.979864191875542634e-01
6.075613039341849799e+04 9.871497023653007519e-01
6.075613065347920201e+04 1.002862485801630621e+00
6.075613091353991331e+04 9.776507607443297720e-01
6.075613117360061733e+04 1.005974677523736149e+00
6.075613143366133590e+04 9.966668856417123523e-01
6.075613169372203265e+04 9.957759580350628026e-01
6.075613195378274395e+04 9.979711782702790357e-01
6.075613221384345525e+04 9.997901764321021068e-01
6.075613247390415199e+04 9.913925036776201072e-01
6.075613273396486329e+04 9.976309444138251603e-01
6.075613299402557459e+04 1.003219183341807152e+00
6.075613325408627861e+04 1.011082566947449024e+00
6.075613351414698991e+04 9.961361636505687844e-01
6.075613377420769393e+04 1.006362631554553300e+00
6.075613403426840523e+04 9.920982301683815008e-01
6.075613429432910925e+04 1.004702843491441122e+00
6.075613455438982055e+04 1.003119200608617589e+00
6.075613481445053185e+04 9.980846839679756721e-01
6.075613507451122859e+04 1.008312954869293510e+00
6.075613533457193989e+04 9.928491009775736176e-01
6.075613559463265119e+04 9.939116017291468319e-01
6.075613585469334794e+04 9.926253112735630157e-01
6.075613611475405924e+04 9.936611121844682870e-01
6.075613637481477053e+04 1.006556516963716064e+00
6.075613663487548183e+04 1.007145573357970614e+00
6.075613689493618585e+04 1.004076982706474830e+00
6.075613715499688988e+04 9.941868359715031467e-01
6.075613741505760117e+04 1.022881749831019427e+00
6.075613767511830520e+04 9.935834329098204298e-01
6.075613793517901649e+04 9.923277871095026459e-01
6.075613819523972779e+04 9.896202648693991355e-01
6.075613845530043181e+04 1.002281880975354644e+00
6.075613871536113584e+04 9.957541969040715202e-01
6.075613897542184714e+04 9.953665728983480676e-01
6.075613923548255116e+04 1.000426162973134359e+00
6.075613949554325518e+04 1.012354349532811115e+00
6.075613975560396648e+04 1.021915597048053570e+00
6.075614001566467778e+04 1.015891189621659363e+00
6.075614027572538907e+04 1.000895231468024615e+00
6.075614053578608582e+04 1.009371575333108284e+00
6.075614079584679712e+04 1.010415770553477310e+00
6.075614105590750842e+04 9.947230388920434985e-01
6.075614131596821244e+04 1.003936015816547567e+00
6.075614157602892374e+04 1.000008809100834339e+00
6.075614183608962776e+04 1.011931208252088599e+00
6.075614209615033906e+04 1.010630876298551195e+00
6.075614235621104308e+04 1.009025267299822559e+00
6.075614261627174710e+04 9.988046585906568131e-01
6.075614287633246568e+04 1.005618348813999141e+00
6.075614313639316970e+04 9.928204244831700942e-01
6.075614339645387372e+04 9.974616100098131488e-01
6.075614365651458502e+04 1.006006434514101544e+00
6.075614391657528904e+04 9.877627611812985764e-01
6.075614417663600034e+04 9.804981358580427964e-01
6.075614443669670436e+04 1.004823980530224592e+00
6.075614469675741566e+04 1.005836966194126880e+00
6.075614495681812696e+04 9.933690571943003533e-01
6.075614521687882370e+04 9.851732406167275080e-01
6.075614547693953500e+04 9.962941230910563606e-01
6.075614573700024630e+04 9.944660029893070963e-01
6.075614599706095760e+04 1.003973825849639789e+00
6.075614625712166162e+04 1.011269100578204405e+00
6.075614651718236564e+04 9.919508443016687993e-01
6.075614677724307694e+04 9.873885952615905071e-01
6.075614703730378824e+04 9.974069374434386681e-01
6.075614729736448498e+04 1.007052966155487672e+00
6.075614755742519628e+04 1.008066846188682808e+00
6.075614781748590758e+04 9.904531677002316181e-01
6.075614807754661888e+04 1.017532599705197605e+00
6.075614833760732290e+04 9.994878812521292843e-01
6.075614859766802692e+04 9.973024276867766824e-01
6.075614885772873822e+04 9.809482662865285363e-01
6.075614911778944952e+04 1.005846163059140208e+00
