6.075585120116569306e+04 1.001865455496333768e+00
6.075585146121949219e+04 1.013280109516324856e+00
6.075585172127328406e+04 1.008335844778764701e+00
6.075585198132708319e+04 1.007810879296074935e+00
6.075585224138088233e+04 9.955515249265033395e-01
6.075585250143468147e+04 1.003877437552362917e+00
6.075585276148847333e+04 9.938677884795171780e-01
6.075585302154227247e+04 1.006989887179839727e+00
6.075585328159607161e+04 1.005646655418216850e+00
6.075585354164987803e+04 1.002879934364409698e+00
6.075585380170368444e+04 1.005542352102910986e+00
6.075585406175747630e+04 1.004662684129272954e+00
6.075585432181127544e+04 1.003849916484550242e+00
6.075585458186507458e+04 1.006048949540448323e+00
6.075585484191887372e+04 1.009006656707835736e+00
6.075585510197266558e+04 1.005065187590406639e+00
6.075585536202646472e+04 9.874979887041085425e-01
6.075585562208026386e+04 9.976662208516868802e-01
6.075585588213406299e+04 9.871956096844159978e-01
6.075585614218786213e+04 9.965243763164512991e-01
6.075585640224165400e+04 1.003453036824759614e+00
6.075585666229546041e+04 1.006201506756734698e+00
6.075585692234926682e+04 9.975248861541629042e-01
6.075585718240306596e+04 9.991092933113323582e-01
6.075585744245685783e+04 9.910894843739136428e-01
6.075585770251065696e+04 9.928074289331912938e-01
6.075585796256445610e+04 1.010034420064259697e+00
6.075585822261825524e+04 9.973272861399854472e-01
6.075585848267205438e+04 9.990475640513357680e-01
6.075585874272584624e+04 1.000867722364648271e+00
6.075585900277964538e+04 9.977974170410446320e-01
6.075585926283344452e+04 1.007304806506820194e+00
6.075585952288725093e+04 1.005030803399261874e+00
6.075585978294105735e+04 1.001832354451495544e+00
6.075586004299484921e+04 1.001368484801185454e+00
6.075586030304864835e+04 9.892824931250771003e-01
6.075586056310244749e+04 9.970832950606104417e-01
6.075586082315624662e+04 9.955780889012938450e-01
6.075586108321004576e+04 9.873452153861026481e-01
6.075586134326383763e+04 1.006017948351384250e+00
6.075586160331763676e+04 9.902566771969940618e-01
6.075586186337143590e+04 9.968348661531780674e-01
6.075586212342523504e+04 9.877931580508367837e-01
6.075586238347903418e+04 9.927451517384535684e-01
6.075586264353283332e+04 1.001783043436646592e+00
6.075586290358663973e+04 9.940636765100159256e-01
6.075586316364043887e+04 9.962920581870503556e-01
6.075586342369423801e+04 9.976585185018188584e-01
6.075586368374803715e+04 9.865076775608857540e-01
6.075586394380182901e+04 9.972383350516597078e-01
6.075586420385562815e+04 9.837211687434319618e-01
6.075586446390942729e+04 1.000990477658489919e+00
6.075586472396322642e+04 1.001371555788071577e+00
6.075586498401702556e+04 1.000819896172379986e+00
6.075586524407081743e+04 9.904727146606462362e-01
6.075586550412462384e+04 9.942447193429292396e-01
6.075586576417843025e+04 9.928420636404905464e-01
6.075586602423222939e+04 9.923936240580996104e-01
6.075586628428602853e+04 9.950667827208927729e-01
6.075586654433982039e+04 9.967230107665541183e-01
6.075586680439361953e+04 9.931788419097510312e-01
6.075586706444741867e+04 9.890180484733093191e-01
6.075586732450121781e+04 1.000189666083859397e+00
6.075586758455501695e+04 9.954220044455865946e-01
6.075586784460881609e+04 1.001094579236387894e+00
6.075586810466260795e+04 9.905198606809381134e-01
6.075586836471640709e+04 9.907395411857193857e-01
6.075586862477021350e+04 9.849800870684095599e-01
6.075586888482401991e+04 9.936987946199151711e-01
6.075586914487781905e+04 9.986980093321032870e-01
6.075586940493161092e+04 9.824839580132318506e-01
6.075586966498541005e+04 1.000764927536139437e+00
6.075586992503920919e+04 9.870164908871993381e-01
6.075587018509300833e+04 9.978144763194582989e-01
6.075587044514680747e+04 9.941168650364810011e-01
6.075587070520060661e+04 9.931138985325774771e-01
6.075587096525439847e+04 9.915969667235310370e-01
6.075587122530819761e+04 9.874591153110636732e-01
6.075587148536199675e+04 9.814612273118727970e-01
6.075587174541581044e+04 1.004782355107699310e+00
6.075587200546960958e+04 9.957628681291917916e-01
6.075587226552340871e+04 1.004559891079042977e+00
6.075587252557720058e+04 9.900088496002186211e-01
6.075587278563099972e+04 9.973310926411099731e-01
6.075587304568479885e+04 9.881470580030993212e-01
6.075587330573859799e+04 9.886245174330795527e-01
6.075587356579239713e+04 9.921522991808296998e-01
6.075587382584619627e+04 9.927565213636772024e-01
6.075587408589998813e+04 1.003980865210093665e+00
6.075587434595378727e+04 9.884749371661482042e-01
6.075587460600759368e+04 9.808747936082844454e-01
6.075587486606140010e+04 9.899169398760258032e-01
6.075587512611519924e+04 9.888818194928036265e-01
6.075587538616899838e+04 9.972942836943636813e-01
6.075587564622279751e+04 9.869657646043284993e-01
6.075587590627658938e+04 9.955274688042852205e-01
6.075587616633038851e+04 9.887963889726069100e-01
6.075587642638418765e+04 1.004548046363215485e+00
6.075587668643798679e+04 9.879649143845583570e-01
6.075587694649178593e+04 9.871076246718438751e-01
6.075587720654558507e+04 9.979411514149855167e-01
6.075587746659937693e+04 9.900716222974242919e-01
6.075587772665318334e+04 1.002000460698203144e+00
6.075587798670698976e+04 9.948368396696466442e-01
6.075587824676078890e+04 9.949918565186677277e-01
6.075587850681458804e+04 9.866293101243048813e-01
6.075587876686838717e+04 9.900545273578600369e-01
6.075587902692218631e+04 9.982892865209561650e-01
6.075587928697597818e+04 1.006203494836258816e+00
6.075587954702977731e+04 9.920878383470647099e-01
6.075588115586427011e+04 9.932398387825710495e-01
6.075588141592496686e+04 9.888230535708190105e-01
6.075588167598567088e+04 9.893106990264119993e-01
6.075588193604636763e+04 9.947292212323594063e-01
6.075588219610707165e+04 9.922871021190747820e-01
6.075588245616777567e+04 1.002789095787959717e+00
6.075588271622847242e+04 1.004016758533418763e+00
6.075588297628917644e+04 9.969493873505659298e-01
6.075588323634988046e+04 9.978085712604388702e-01
6.075588349641056993e+04 1.004396383239192225e+00
6.075588375647127395e+04 9.952597086022628714e-01
6.075588401653197798e+04 9.995684814707872512e-01
6.075588427659268200e+04 1.003218223914286389e+00
6.075588453665338602e+04 9.935744239804090716e-01
6.075588479671408277e+04 9.958232935660968899e-01
6.075588505677478679e+04 1.004516317179035223e+00
6.075588531683548354e+04 1.004228292120137978e+00
6.075588557689618756e+04 9.930667965820146881e-01
6.075588583695689158e+04 9.901039366623054505e-01
6.075588609701758833e+04 9.944768845942129065e-01
6.075588635707829235e+04 1.011644200873390353e+00
6.075588661713899637e+04 1.002318689315791600e+00
6.075588687719969312e+04 1.005213025436363150e+00
6.075588713726038986e+04 9.972089027888003665e-01
6.075588739732109389e+04 9.948914685011187586e-01
6.075588765738179791e+04 1.009499585807252853e+00
6.075588791744250193e+04 9.985690808468502544e-01
6.075588817750319868e+04 1.002204383531730914e+00
6.075588843756390270e+04 1.005634115451223165e+00
6.075588869762460672e+04 1.008629271837512720e+00
6.075588895768530347e+04 9.904088604092542436e-01
6.075588921774600749e+04 9.941927542152946273e-01
6.075588947780670424e+04 1.009800750861483909e+00
6.075588973786740826e+04 1.009820708454389315e+00
6.075588999792811228e+04 9.931107273193159335e-01
6.075589025798880903e+04 1.003870863191559160e+00
6.075589051804952032e+04 1.007079529790932959e+00
6.075589077811021707e+04 9.985291557952482577e-01
6.075589103817091382e+04 1.004108591702733255e+00
6.075589129823161784e+04 9.982760704179993727e-01
6.075589155829231458e+04 9.969255235956306915e-01
6.075589181835301861e+04 9.922228018580209197e-01
6.075589207841372263e+04 9.957997185760798509e-01
6.075589233847442665e+04 1.003260274818205344e+00
6.075589259853513067e+04 1.002389266722199634e+00
6.075589285859582742e+04 1.001226287695583750e+00
6.075589311865652417e+04 1.005299349917209151e+00
6.075589337871722819e+04 1.002960843031357463e+00
6.075589363877793221e+04 9.964548838839697442e-01
6.075589389883863623e+04 9.990138763167275560e-01
6.075589415889933298e+04 1.017008021517490146e+00
6.075589441896003700e+04 1.000446349286215897e+00
6.075589467902074102e+04 1.009959468811687522e+00
6.075589493908143777e+04 1.010255552521145184e+00
6.075589519914213452e+04 9.994355086759462159e-01
6.075589545920283854e+04 1.007958454912914137e+00
6.075589571926354256e+04 1.007269136947318344e+00
6.075589597932424658e+04 1.002918875608347360e+00
6.075589623938494333e+04 1.013329196024068235e+00
6.075589649944564735e+04 1.006913253567630617e+00
6.075589675950635137e+04 1.013865363714234968e+00
6.075589701956705539e+04 9.997925089286857636e-01
6.075589727962775942e+04 9.987240925749184539e-01
6.075589753968844889e+04 1.011003821628430721e+00
6.075589779974915291e+04 1.005892292875357752e+00
6.075589805980985693e+04 1.011010397120131854e+00
6.075589831987055368e+04 1.003580961201642197e+00
6.075589857993125770e+04 1.015946354566731102e+00
6.075589883999196172e+04 1.012198008710999186e+00
6.075589910005266574e+04 1.014993363201337928e+00
6.075589936011336977e+04 1.010021465247398442e+00
6.075589962017406651e+04 1.012014767163650575e+00
6.075589988023477054e+04 1.013922098982798170e+00
6.075590014029546728e+04 1.002801782402553021e+00
6.075590040035617130e+04 1.018003115952482718e+00
6.075590066041687533e+04 1.007608972433532646e+00
6.075590092047757207e+04 1.007019230092137674e+00
6.075590118053827609e+04 1.009838477393179224e+00
6.075590144059898012e+04 1.016799848362229586e+00
6.075590170065967686e+04 1.010181298294631880e+00
6.075590196072038816e+04 1.013022780666814171e+00
6.075590222078108491e+04 1.018925195595240529e+00
6.075590248084178893e+04 1.009191799694052039e+00
6.075590274090249295e+04 1.005591244837427345e+00
6.075590300096318242e+04 1.018963394847655968e+00
6.075590326102388644e+04 1.010526355063493975e+00
6.075590352108459047e+04 1.013792801479413308e+00
6.075590378114529449e+04 1.005852169303184773e+00
6.075590404120599851e+04 1.012732390956464945e+00
6.075590430126669526e+04 1.010856843613892275e+00
6.075590456132739928e+04 1.023712821251436811e+00
6.075590482138810330e+04 1.011600131730470142e+00
6.075590508144880732e+04 1.018474782918715738e+00
6.075590534150951135e+04 1.008876470285847260e+00
6.075590560157020809e+04 1.007716407056195695e+00
6.075590586163091211e+04 1.012547894264955728e+00
6.075590612169160886e+04 1.016886128022966185e+00
6.075590638175230561e+04 1.012529401179565136e+00
6.075590664181300963e+04 1.013040096747223950e+00
6.075590690187371365e+04 1.015545228120437571e+00
6.075590716193441767e+04 1.007716708909992098e+00
6.075590742199512169e+04 1.011702483494445248e+00
6.075590768205581844e+04 1.013046372637550263e+00
6.075590794211652246e+04 1.011159949711919026e+00
6.075590820217722649e+04 1.009222315004050685e+00
6.075590846223793051e+04 1.011160647595516604e+00
6.075590872229863453e+04 1.020245225417675705e+00
6.075590898235933128e+04 1.020516898410762874e+00
6.075590924242003530e+04 1.003197442959840480e+00
6.075590950248073932e+04 1.020635746659411813e+00
6.075591106051386305e+04 1.018931056108945743e+00
6.075591132057445793e+04 1.022574697382244935e+00
6.075591158063505281e+04 1.019896282842448043e+00
6.075591184069564770e+04 1.013944097399998467e+00
6.075591210075624258e+04 1.012069074775791000e+00
6.075591236081683746e+04 1.018491389988094076e+00
6.075591262087743235e+04 1.025142445593686835e+00
6.075591288093802723e+04 1.021959459023017436e+00
6.075591314099862211e+04 1.013918763350498020e+00
6.075591340105922427e+04 1.001590589580352519e+00
6.075591366111981915e+04 1.015123397466469068e+00
6.075591392118041404e+04 1.012824146150905769e+00
6.075591418124100892e+04 1.012251585728582759e+00
6.075591444130160380e+04 1.010034147490483925e+00
6.075591470136219868e+04 1.019344549857491122e+00
6.075591496142279357e+04 1.010334729498905793e+00
6.075591522148338845e+04 1.016065408878203069e+00
6.075591548154399061e+04 1.002093225413535960e+00
6.075591574160458549e+04 1.015249294237915878e+00
6.075591600166518037e+04 1.016918063146135864e+00
6.075591626172577526e+04 1.022203440771223937e+00
6.075591652178637742e+04 1.014090480067888933e+00
6.075591678184697230e+04 1.017044822986343133e+00
6.075591704190756718e+04 1.016006393596190938e+00
6.075591730196816206e+04 1.022013703541589713e+00
6.075591756202875695e+04 1.023248370387417339e+00
6.075591782208935183e+04 1.011664415786623916e+00
6.075591808214994671e+04 1.008746825012372117e+00
6.075591834221054160e+04 1.016914206311012148e+00
6.075591860227113648e+04 1.009325298872328469e+00
6.075591886233173136e+04 1.013550354397228404e+00
6.075591912239232624e+04 1.019972724457584246e+00
6.075591938245292840e+04 1.011061085095184442e+00
6.075591964251352329e+04 1.007037119485129972e+00
6.075591990257411817e+04 1.007227090454968055e+00
6.075592016263471305e+04 1.008601719525648477e+00
6.075592042269530793e+04 1.007165569238489988e+00
6.075592068275590282e+04 1.006513862548922944e+00
6.075592094281649770e+04 1.000209154327007299e+00
6.075592120287709986e+04 1.004950389484157602e+00
6.075592146293769474e+04 1.007225818304405829e+00
6.075592172299828962e+04 1.018821588730116190e+00
6.075592198305888451e+04 1.008583280141615246e+00
6.075592224311948667e+04 1.014872045376158605e+00
6.075592250318008155e+04 1.007575133904596854e+00
6.075592276324067643e+04 1.003069230639718423e+00
6.075592302330127131e+04 1.002387232527363947e+00
6.075592328336186620e+04 1.005168921466978338e+00
6.075592354342246108e+04 1.012026616085371034e+00
6.075592380348305596e+04 1.006043797200506296e+00
6.075592406354365812e+04 1.009566365873807214e+00
6.075592432360425300e+04 1.013859613537102300e+00
6.075592458366484789e+04 1.004675121740716381e+00
6.075592484372544277e+04 9.995719066732455804e-01
6.075592510378604493e+04 1.014602748622531081e+00
6.075592536384663981e+04 1.014954564115937874e+00
6.075592562390723469e+04 1.006096528092047082e+00
6.075592588396782958e+04 1.011524666516856907e+00
6.075592614402842446e+04 1.011357421159305714e+00
6.075592640408901934e+04 1.005089068769500216e+00
6.075592666414961423e+04 1.009122546919574370e+00
6.075592692421020911e+04 9.990156594668118117e-01
6.075592718427081127e+04 1.009927828713711451e+00
6.075592744433140615e+04 9.964541476134884945e-01
6.075592770439200103e+04 1.001158697589599633e+00
6.075592796445260319e+04 1.014049977396469293e+00
6.075592822451319807e+04 1.010114000709399829e+00
6.075592848457379296e+04 1.013642625033642108e+00
6.075592874463438784e+04 1.006068915426352017e+00
6.075592900469498272e+04 1.005042567689937716e+00
6.075592926475557761e+04 1.008163368233629509e+00
6.075592952481617249e+04 1.014861366213991145e+00
6.075592978487676737e+04 1.002179888300759103e+00
6.075593004493736953e+04 1.005978126481115842e+00
6.075593030499796441e+04 1.000300507520727633e+00
6.075593056505855930e+04 9.922039307894773286e-01
6.075593082511916145e+04 1.010570396114464087e+00
6.075593108517975634e+04 9.996850819466539528e-01
6.075593134524035122e+04 9.994058744152419793e-01
6.075593160530094610e+04 9.992283671109081222e-01
6.075593186536154099e+04 1.002825370492944845e+00
6.075593212542213587e+04 1.001794637202674032e+00
6.075593238548273075e+04 1.001202184309967436e+00
6.075593264554332563e+04 1.012942656711524059e+00
6.075593290560392779e+04 9.943419848496484192e-01
6.075593316566452268e+04 1.000747974052650369e+00
6.075593342572511756e+04 1.007394772193637156e+00
6.075593368578571244e+04 9.988793897790708698e-01
6.075593394584631460e+04 1.011739200083295209e+00
6.075593420590690948e+04 1.004630169177006982e+00
6.075593446596750437e+04 9.904367172903385530e-01
6.075593472602809925e+04 1.000538665710374531e+00
6.075593498608869413e+04 9.989096530644893113e-01
6.075593524614928901e+04 1.005799784877191128e+00
6.075593550620988390e+04 9.945633387660340885e-01
6.075593576627048606e+04 1.004474084407102064e+00
6.075593602633108094e+04 1.000962904138177567e+00
6.075593628639167582e+04 1.001178511673169291e+00
6.075593654645227070e+04 9.950584509355996365e-01
6.075593680651287286e+04 1.020326285137346689e+00
6.075593706657346775e+04 1.003724817410973857e+00
6.075593732663406263e+04 1.014240070743307465e+00
6.075593758669465751e+04 1.007305049832609045e+00
6.075593784675525239e+04 1.005596213466526390e+00
6.075593810681584728e+04 9.913477647149777638e-01
6.075593836687644216e+04 9.896187009842307702e-01
6.075593862693704432e+04 9.924919707386554713e-01
6.075593888699763920e+04 9.934106557145654381e-01
6.075593914705823408e+04 9.937795260781178142e-01
6.075593940711883624e+04 1.001857697450206031e+00
6.075594106598430517e+04 1.012775831824900274e+00
6.075594132604500919e+04 9.935230212972416819e-01
6.075594158610571321e+04 9.996435856241263629e-01
6.075594184616640996e+04 9.904260793669376062e-01
6.075594210622711398e+04 9.899335574980929753e-01
6.075594236628781800e+04 9.916713933116456658e-01
6.075594262634852203e+04 9.927213768408398309e-01
6.075594288640922605e+04 1.003406268507197829e+00
6.075594314646992279e+04 1.001664509235431932e+00
6.075594340653063409e+04 9.879736214511610770e-01
6.075594366659133811e+04 9.918131153971813108e-01
6.075594392665203486e+04 1.000095909449301157e+00
6.075594418671273888e+04 1.001825839148652530e+00
6.075594444677344291e+04 9.950921279347108017e-01
6.075594470683414693e+04 9.898089552744895325e-01
6.075594496689485095e+04 9.956073525566427884e-01
6.075594522695554770e+04 9.944851886548524700e-01
6.075594548701625172e+04 9.995631167784143623e-01
6.075594574707695574e+04 9.982575412249212743e-01
6.075594600713765976e+04 9.990192268513435891e-01
6.075594626719836378e+04 1.000102153619187639e+00
6.075594652725906053e+04 1.008180040422316681e+00
6.075594678731976455e+04 9.944382052107674230e-01
6.075594704738046858e+04 9.921084687694193827e-01
6.075594730744116532e+04 9.845675015995176693e-01
6.075594756750187662e+04 9.972132201413422825e-01
6.075594782756257337e+04 9.910527125399499759e-01
6.075594808762328466e+04 9.944251617422211753e-01
6.075594834768398869e+04 9.979379342301393230e-01
6.075594860774468543e+04 9.965187708391897159e-01
6.075594886780538945e+04 9.995017949406356239e-01
6.075594912786609348e+04 1.001270784900428756e+00
6.075594938792679750e+04 1.000345204305026270e+00
6.075594964798750152e+04 9.860413167174628679e-01
6.075594990804819827e+04 9.916695196336190454e-01
6.075595016810890229e+04 9.868631143614076118e-01
6.075595042816960631e+04 9.941318961105422014e-01
6.075595068823031033e+04 9.769991940121827145e-01
6.075595094829101436e+04 9.984015501474868826e-01
6.075595120835171110e+04 9.956488082522283456e-01
6.075595146841241512e+04 9.982328114050439405e-01
6.075595172847312642e+04 1.004538709837255794e+00
6.075595198853382317e+04 1.004957971603088751e+00
6.075595224859452719e+04 9.791532120780919168e-01
6.075595250865523121e+04 1.003106747237439755e+00
6.075595276871593524e+04 9.991543997524825471e-01
6.075595302877663926e+04 9.893516773468875591e-01
6.075595328883733600e+04 1.000207056548004569e+00
6.075595354889804003e+04 1.000580590966785088e+00
6.075595380895874405e+04 9.893980366078368727e-01
6.075595406901944807e+04 9.974283276582508462e-01
6.075595432908015209e+04 9.926913884601640259e-01
6.075595458914084884e+04 9.917964539329648943e-01
6.075595484920156014e+04 9.953818750101205426e-01
6.075595510926226416e+04 9.798435127187956617e-01
6.075595536932296091e+04 9.901167933809509325e-01
6.075595562938366493e+04 9.866435291402646524e-01
6.075595588944436895e+04 9.860587994773907239e-01
6.075595614950507297e+04 9.881467784051144454e-01
6.075595640956577699e+04 9.951139964137643013e-01
6.075595666962647374e+04 9.931587449659760036e-01
6.075595692968717776e+04 9.888482681399112240e-01
6.075595718974788178e+04 9.869753537595816750e-01
6.075595744980858581e+04 9.913861880855732167e-01
6.075595770986929710e+04 9.940818669895077342e-01
6.075595796992999385e+04 1.003054829309119267e+00
6.075595822999069787e+04 9.990654369452177663e-01
6.075595849005140190e+04 9.880408288313186072e-01
6.075595875011209864e+04 1.000684504519659734e+00
6.075595901017280994e+04 9.918782182659828806e-01
6.075595927023350669e+04 9.845078751112678050e-01
6.075595953029421071e+04 9.942450947896835922e-01
6.075595979035491473e+04 9.927330941711934864e-01
6.075596005041561148e+04 9.994833642404223895e-01
6.075596031047632277e+04 9.913016270148327092e-01
6.075596057053702680e+04 9.933988637114267162e-01
6.075596083059773082e+04 1.001921837607202992e+00
6.075596109065843484e+04 9.821387890913759744e-01
6.075596135071913159e+04 9.895890983163460053e-01
6.075596161077983561e+04 9.906812471676743614e-01
6.075596187084053963e+04 9.879229490393891533e-01
6.075596213090124365e+04 9.949215505502584378e-01
6.075596239096194768e+04 9.998118705630358871e-01
6.075596265102265170e+04 1.001711287745895129e+00
6.075596291108335572e+04 9.968099138198664999e-01
6.075596317114405974e+04 9.965670893740903313e-01
6.075596343120475649e+04 9.999528925333558416e-01
6.075596369126546051e+04 9.980055414714670281e-01
6.075596395132616453e+04 9.935559549271898439e-01
6.075596421138686856e+04 9.897947776064287551e-01
6.075596447144757258e+04 9.966751102488374814e-01
6.075596473150827660e+04 1.001480205154033243e+00
6.075596499156898062e+04 9.921358430195301725e-01
6.075596525162968464e+04 9.935987494619187288e-01
6.075596551169038867e+04 1.003145156564071216e+00
6.075596577175109269e+04 9.877371297000880901e-01
6.075596603181178943e+04 9.984948435006110179e-01
6.075596629187249346e+04 9.960609281299138695e-01
6.075596655193319748e+04 9.979207191081871375e-01
6.075596681199390150e+04 9.977887553466465720e-01
6.075596707205460552e+04 1.000974337366575373e+00
6.075596733211530955e+04 9.962801544972063050e-01
6.075596759217601357e+04 1.004023669835568011e+00
6.075596785223671759e+04 1.001197057995297346e+00
6.075596811229741434e+04 9.907164829510485271e-01
6.075596837235811836e+04 1.005596003350961443e+00
6.075596863241882238e+04 1.007938225690743872e+00
6.075596889247953368e+04 9.955829927778104826e-01
6.075596915254023770e+04 9.984290071343536743e-01
6.075596941260093445e+04 9.893171184618989589e-01
6.075597102105359954e+04 1.014540509178300853e+00
6.075597128111420170e+04 1.005971998839786608e+00
6.075597154117479658e+04 1.001820963413943000e+00
6.075597180123539147e+04 1.001079130013983187e+00
6.075597206129598635e+04 1.007939669021539197e+00
6.075597232135658123e+04 1.002468326314841729e+00
6.075597258141718339e+04 9.974890687247857102e-01
6.075597284147777827e+04 9.929131768199367380e-01
6.075597310153837316e+04 9.982784191296392162e-01
6.075597336159897532e+04 1.001903654032350488e+00
6.075597362165957020e+04 9.958027231912234267e-01
6.075597388172016508e+04 1.002668149804482711e+00
6.075597414178077452e+04 1.007166443383092469e+00
6.075597440184136940e+04 9.911259963955375563e-01
6.075597466190196428e+04 1.009322601199023950e+00
6.075597492196255916e+04 9.983116476734648082e-01
6.075597518202315405e+04 1.014411762045036580e+00
6.075597544208374893e+04 1.004457525348699143e+00
6.075597570214434381e+04 1.005775189097950495e+00
6.075597596220494597e+04 1.003343077903556591e+00
6.075597622226554813e+04 1.014217970221352738e+00
6.075597648232614301e+04 9.945182076549912153e-01
6.075597674238673790e+04 1.003536758852792143e+00
6.075597700244734006e+04 1.002586868498680062e+00
6.075597726250793494e+04 9.999144162859689988e-01
6.075597752256853710e+04 1.006337510150946857e+00
6.075597778262913198e+04 1.000447802660017871e+00
6.075597804268972686e+04 1.003697942935198206e+00
6.075597830275032175e+04 1.006257443371920690e+00
6.075597856281091663e+04 9.991058326817149338e-01
6.075597882287151151e+04 1.017636779213913600e+00
6.075597908293212095e+04 1.009856592932226294e+00
6.075597934299271583e+04 9.974869251870890352e-01
6.075597960305331071e+04 1.011546800806958801e+00
6.075597986311390559e+04 1.000504588942613404e+00
6.075598012317450775e+04 1.009490180127402992e+00
6.075598038323510264e+04 1.006292910082318803e+00
6.075598064329570479e+04 1.005938360780737728e+00
6.075598090335629968e+04 1.009662668509727412e+00
6.075598116341689456e+04 9.997942211583943362e-01
6.075598142347748944e+04 1.008949548034288490e+00
6.075598168353808433e+04 1.006893685605456890e+00
6.075598194359869376e+04 1.005032131581552468e+00
6.075598220365928864e+04 1.005405284058349169e+00
6.075598246371988353e+04 1.005881670260876382e+00
6.075598272378047841e+04 9.976915345996791862e-01
6.075598298384108057e+04 9.949594532441723427e-01
6.075598324390167545e+04 1.009385879762818572e+00
6.075598350396227761e+04 1.008644915053604985e+00
6.075598376402287249e+04 1.011143572633985466e+00
6.075598402408346738e+04 1.009106997362129166e+00
6.075598428414406226e+04 1.012156204096121392e+00
6.075598454420465714e+04 1.003157902118108069e+00
6.075598480426526658e+04 1.020923304864338022e+00
6.075598506432586146e+04 9.989859451539194746e-01
6.075598532438645634e+04 1.013342105067980059e+00
6.075598558444705122e+04 1.020216619260434499e+00
6.075598584450765338e+04 1.006242690817683583e+00
6.075598610456825554e+04 1.017115229197977033e+00
6.075598636462885042e+04 1.008367497766132326e+00
6.075598662468944531e+04 1.021877585520141629e+00
6.075598688475004019e+04 1.015146091544373519e+00
6.075598714481063507e+04 1.002648410417893876e+00
6.075598740487123723e+04 1.007256472564222571e+00
6.075598766493183211e+04 1.013362690331384153e+00
6.075598792499243427e+04 9.963857180517059486e-01
6.075598818505302916e+04 1.009806043789672092e+00
6.075598844511362404e+04 1.007265915304359050e+00
6.075598870517423347e+04 1.008892971101327252e+00
6.075598896523482836e+04 1.012127395712195010e+00
6.075598922529542324e+04 1.003405953666520967e+00
6.075598948535601812e+04 1.012012206447959750e+00
6.075598974541661300e+04 1.011262799629149223e+00
6.075599000547721516e+04 1.010478098741814934e+00
6.075599026553781005e+04 1.020688560515778276e+00
6.075599052559840493e+04 1.021512269418576535e+00
6.075599078565900709e+04 1.005155760401150289e+00
6.075599104571960197e+04 1.015658452595800787e+00
6.075599130578020413e+04 1.013138891137443043e+00
6.075599156584080629e+04 1.013488959697324665e+00
6.075599182590140117e+04 1.008042539363215973e+00
6.075599208596199605e+04 1.017036626931952181e+00
6.075599234602259094e+04 9.993261412687086676e-01
6.075599260608319310e+04 1.009617902330430361e+00
6.075599286614378798e+04 1.009093764117822589e+00
6.075599312620438286e+04 1.012955921036712725e+00
6.075599338626497774e+04 1.019722847243788699e+00
6.075599364632558718e+04 1.010805911205147289e+00
6.075599390638618206e+04 1.008444549766586151e+00
6.075599416644677694e+04 1.010745944055379431e+00
6.075599442650737910e+04 1.019257214161303882e+00
6.075599468656797399e+04 1.015300019635721140e+00
6.075599494662857614e+04 1.012444347257353883e+00
6.075599520668917103e+04 1.009552980970998215e+00
6.075599546674976591e+04 1.013364918986517482e+00
6.075599572681036079e+04 1.007705991399960199e+00
6.075599598687096295e+04 1.011261997344733876e+00
6.075599624693155783e+04 1.010196558943054601e+00
6.075599650699215999e+04 1.008212257337973483e+00
6.075599676705275488e+04 1.013820543368648464e+00
6.075599702711334976e+04 1.010005642290597860e+00
6.075599728717395192e+04 1.007817945955885586e+00
6.075599754723455408e+04 1.016173078640386640e+00
6.075599780729514896e+04 1.009077742400999345e+00
6.075599806735574384e+04 1.001371659727696928e+00
6.075599832741634600e+04 1.009192239949168624e+00
6.075599858747694088e+04 1.014888962938685912e+00
6.075599884753753577e+04 1.020983139146641294e+00
6.075599910759813065e+04 1.009983434788232604e+00
6.075599936765874008e+04 1.015605002327497841e+00
6.075600091310295102e+04 1.019910836744533089e+00
6.075600117316365504e+04 1.009089105778510742e+00
6.075600143322435179e+04 1.006101457648559405e+00
6.075600169328505581e+04 1.009180189256544624e+00
6.075600195334576711e+04 1.016976757820053257e+00
6.075600221340647113e+04 1.016757682429309417e+00
6.075600247346717515e+04 1.012351370955039576e+00
6.075600273352787190e+04 1.016845547781219494e+00
6.075600299358858319e+04 1.011472862960381525e+00
6.075600325364928722e+04 9.984437981708029763e-01
6.075600351370998396e+04 1.017186995842264352e+00
6.075600377377069526e+04 1.011072468637098432e+00
6.075600403383139928e+04 1.014308536329705301e+00
6.075600429389210331e+04 1.024451725227439436e+00
6.075600455395280733e+04 1.021577910889623686e+00
6.075600481401350407e+04 1.007810303849931977e+00
6.075600507407421537e+04 1.025330598681875260e+00
6.075600533413491939e+04 1.006661965869511288e+00
6.075600559419562342e+04 1.009559465252614530e+00
6.075600585425632744e+04 1.019907750345176112e+00
6.075600611431703146e+04 1.000975694244882197e+00
6.075600637437773548e+04 1.008530216257567114e+00
6.075600663443843951e+04 1.008899782830859460e+00
6.075600689449914353e+04 1.009050100258192861e+00
6.075600715455985483e+04 1.009014040481462260e+00
6.075600741462055157e+04 1.006332449153165554e+00
6.075600767468125559e+04 1.004510474881176618e+00
6.075600793474195962e+04 1.008464188260461025e+00
6.075600819480266364e+04 1.001702066020509152e+00
6.075600845486336766e+04 1.007985112905549929e+00
6.075600871492407168e+04 1.016477387671433696e+00
6.075600897498478298e+04 1.013587808220340447e+00
6.075600923504548700e+04 1.005510117640283863e+00
6.075600949510618375e+04 1.009448130003935296e+00
6.075600975516688777e+04 1.006646013030674247e+00
6.075601001522759907e+04 1.000810168215195306e+00
6.075601027528830309e+04 1.011961715416050067e+00
6.075601053534900711e+04 1.001416139731248212e+00
6.075601079540970386e+04 1.009512449742655971e+00
6.075601105547041516e+04 1.004880182637248209e+00
6.075601131553111918e+04 1.004703021617719738e+00
6.075601157559181593e+04 1.011526941088410236e+00
6.075601183565252722e+04 1.006098543106130894e+00
6.075601209571323125e+04 1.008568176048727949e+00
6.075601235577393527e+04 1.001259833103706365e+00
6.075601261583463929e+04 9.889220485887497691e-01
6.075601287589534331e+04 9.998802573354942380e-01
6.075601313595604734e+04 1.000523648358164985e+00
6.075601339601675136e+04 9.974921886731575871e-01
6.075601365607746266e+04 1.003632753699123636e+00
6.075601391613816668e+04 1.006792976659463212e+00
6.075601417619886342e+04 9.985222424924508067e-01
6.075601443625956745e+04 1.013987435137214455e+00
6.075601469632027874e+04 9.949032829638816411e-01
6.075601495638097549e+04 9.906289329090940399e-01
6.075601521644168679e+04 9.936330816661433918e-01
6.075601547650239081e+04 9.997989438936634166e-01
6.075601573656309483e+04 9.996779283114241021e-01
6.075601599662379886e+04 9.991419872611529973e-01
6.075601625668450288e+04 1.012854634711287893e+00
6.075601651674520690e+04 9.969875354004139600e-01
6.075601677680591092e+04 1.002447388938218609e+00
6.075601703686661494e+04 1.001342155291534919e+00
6.075601729692732624e+04 9.969720562867671054e-01
6.075601755698802299e+04 9.853977074715889461e-01
6.075601781704872701e+04 9.921291360783324187e-01
6.075601807710943831e+04 1.000734062165186344e+00
6.075601833717014233e+04 1.000535386068978516e+00
6.075601859723084635e+04 9.969680120510320265e-01
6.075601885729155038e+04 1.010380215379315105e+00
6.075601911735225440e+04 9.900350223879823552e-01
6.075601937741295842e+04 1.005192888865376721e+00
6.075601963747365517e+04 9.987692886143304527e-01
6.075601989753436646e+04 9.915535769992804838e-01
6.075602015759507049e+04 9.979272422030509571e-01
6.075602041765577451e+04 9.981499670160834947e-01
6.075602067771648581e+04 9.989543926483178682e-01
6.075602093777718255e+04 9.970018669091076369e-01
6.075602119783788658e+04 1.003525261553899428e+00
6.075602145789859787e+04 9.953018609205991352e-01
6.075602171795930190e+04 1.008118113210204392e+00
6.075602197802000592e+04 1.006131853695673817e+00
6.075602223808070994e+04 9.934818004588364948e-01
6.075602249814141396e+04 1.001474206809078060e+00
6.075602275820211798e+04 9.898649399291239437e-01
6.075602301826282201e+04 9.955797041920336765e-01
6.075602327832352603e+04 1.010889017638211484e+00
6.075602353838423005e+04 9.916383732755110758e-01
6.075602379844494135e+04 1.008264970378345282e+00
6.075602405850564537e+04 9.936242898039966409e-01
6.075602431856634212e+04 9.962770558844775692e-01
6.075602457862704614e+04 1.004948837245367876e+00
6.075602483868775744e+04 1.003257984304608330e+00
6.075602509874846146e+04 9.904085806376607959e-01
6.075602535880916548e+04 9.918418452927860729e-01
6.075602561886986950e+04 1.003690829096369086e+00
6.075602587893057353e+04 9.878669628715176509e-01
6.075602613899127755e+04 1.000670252429717300e+00
6.075602639905198885e+04 9.894096145983396484e-01
6.075602665911269287e+04 9.953019415922841340e-01
6.075602691917338962e+04 1.000128247184847829e+00
6.075602717923410091e+04 9.858799040231935873e-01
6.075602743929480494e+04 9.956709782106656359e-01
6.075602769935550168e+04 9.974799501066856644e-01
6.075602795941621298e+04 9.961601696795094885e-01
6.075602821947691700e+04 9.958835882934020667e-01
6.075602847953762102e+04 9.938185122292140239e-01
6.075602873959833232e+04 1.000148289191827189e+00
6.075602899965902907e+04 1.007457843741222270e+00
6.075602925971973309e+04 9.978359555751502574e-01
6.075603093119423283e+04 9.899500428877173741e-01
6.075603119125482772e+04 9.951047075851436885e-01
6.075603145131542988e+04 9.947417437813526053e-01
6.075603171137602476e+04 9.885400967441936304e-01
6.075603197143662692e+04 9.963080540514538397e-01
6.075603223149722908e+04 9.927027229051075263e-01
6.075603249155782396e+04 9.891196064112302011e-01
6.075603275161842612e+04 9.897467866285982740e-01
6.075603301167902100e+04 9.878496250144407353e-01
6.075603327173962316e+04 9.907296792505274619e-01
6.075603353180022532e+04 9.929047299315975073e-01
6.075603379186082020e+04 1.001502400425264172e+00
6.075603405192141508e+04 9.955514594479443202e-01
6.075603431198201724e+04 9.934264099912938351e-01
6.075603457204261213e+04 9.856713545136296384e-01
6.075603483210320701e+04 1.003519131605899117e+00
6.075603509216381644e+04 9.890692985873411613e-01
6.075603535222441133e+04 9.891439154236513209e-01
6.075603561228501349e+04 9.912804030300391700e-01
6.075603587234560837e+04 9.929569350144324957e-01
6.075603613240621053e+04 1.004845489164926331e+00
6.075603639246681269e+04 9.916254817865667315e-01
6.075603665252740757e+04 9.779670986296057356e-01
6.075603691258800245e+04 9.958979698067899067e-01
6.075603717264860461e+04 9.930214435166538900e-01
6.075603743270919949e+04 9.980929168305990862e-01
6.075603769276979438e+04 9.931870816067306373e-01
6.075603795283040381e+04 1.002532299077614431e+00
6.075603821289099869e+04 9.963948304690870561e-01
6.075603847295160085e+04 9.948635732514311547e-01
6.075603873301219573e+04 1.000985792096052762e+00
6.075603899307279789e+04 9.924410661463228811e-01
6.075603925313340005e+04 1.000839233202918788e+00
6.075603951319399494e+04 9.975406288282868683e-01
6.075603977325458982e+04 9.961323865862273808e-01
6.075604003331519198e+04 1.000117259500567179e+00
6.075604029337578686e+04 9.956904743735972563e-01
6.075604055343638902e+04 9.882974678596668783e-01
6.075604081349698390e+04 9.835826184723507337e-01
6.075604107355758606e+04 9.898076383441422044e-01
6.075604133361818822e+04 9.849088096218429067e-01
6.075604159367878310e+04 9.903752386355679782e-01
6.075604185373938526e+04 1.000692911150656172e+00
6.075604211379998742e+04 9.893313666823015939e-01
6.075604237386058230e+04 9.892390968183405464e-01
6.075604263392118446e+04 9.863079411229599414e-01
6.075604289398177934e+04 9.926515102295211390e-01
6.075604315404237423e+04 9.958134063230881239e-01
6.075604341410297639e+04 9.868919556704972562e-01
6.075604367416357127e+04 9.939410328047073584e-01
6.075604393422418070e+04 1.007892630126980604e+00
6.075604419428477559e+04 9.971399478433827790e-01
6.075604445434537047e+04 9.872653394095934898e-01
6.075604471440597990e+04 9.975031297821638221e-01
6.075604497446657479e+04 9.928499624672934010e-01
6.075604523452717694e+04 9.968804436066700525e-01
6.075604549458777183e+04 9.941414554462868480e-01
6.075604575464836671e+04 1.002785406266854418e+00
6.075604601470896887e+04 1.002089223424928344e+00
6.075604627476956375e+04 9.974467132654148971e-01
6.075604653483016591e+04 1.005633785372341382e+00
6.075604679489076807e+04 9.974792359229892602e-01
6.075604705495136295e+04 1.009036681670521851e+00
6.075604731501196511e+04 9.968008462059082531e-01
6.075604757507256727e+04 1.005775511668521416e+00
6.075604783513316943e+04 9.920553117351667005e-01
6.075604809519376431e+04 9.938298129778224688e-01
6.075604835525435919e+04 1.008351767991232162e+00
6.075604861531496135e+04 1.002957458126745527e+00
6.075604887537555624e+04 9.918993497536054971e-01
6.075604913543615839e+04 9.860887457673095380e-01
6.075604939549675328e+04 1.004670934746882738e+00
6.075604965555735544e+04 9.929653281486857663e-01
6.075604991561795759e+04 9.930929227026610295e-01
6.075605017567855248e+04 9.979590832509909193e-01
6.075605043573915464e+04 9.939681461299628706e-01
6.075605069579975680e+04 9.935167488998545293e-01
6.075605095586035168e+04 9.922174643575082387e-01
6.075605121592095384e+04 1.004252972223013796e+00
6.075605147598154872e+04 1.005779391649974652e+00
6.075605173604215088e+04 9.967207589497445452e-01
6.075605199610274576e+04 9.974642561109274830e-01
6.075605225616334792e+04 9.988035648584889792e-01
6.075605251622395008e+04 9.947631581647913279e-01
6.075605277628454496e+04 9.985098780627652548e-01
6.075605303634514712e+04 9.937272718998704235e-01
6.075605329640574200e+04 9.912146032173764221e-01
6.075605355646635144e+04 1.010401315221410634e+00
6.075605381652694632e+04 1.002961065312924394e+00
6.075605407658754848e+04 1.004613097642284458e+00
6.075605433664814336e+04 9.997623428998536621e-01
6.075605459670873825e+04 1.011088111810670265e+00
6.075605485676934040e+04 1.008351806583169363e+00
6.075605511682993529e+04 9.961015398190972148e-01
6.075605537689054472e+04 9.987449198692128771e-01
6.075605563695113960e+04 1.002125179877278782e+00
6.075605589701174176e+04 1.001220852655563265e+00
6.075605615707233665e+04 1.001383481497816863e+00
6.075605641713293880e+04 1.012602516585912049e+00
6.075605667719354096e+04 1.006969467664258211e+00
6.075605693725413585e+04 1.003751316105581548e+00
6.075605719731473800e+04 1.000504313557327718e+00
6.075605745737533289e+04 1.006725616537234247e+00
6.075605771743593505e+04 1.005154099878782903e+00
6.075605797749652993e+04 1.015152832851042408e+00
6.075605823755713209e+04 1.004232781866739588e+00
6.075605849761773425e+04 1.005016252470309901e+00
6.075605875767832913e+04 1.009473480957921110e+00
6.075605901773893129e+04 1.013239037509680918e+00
6.075605927779953345e+04 1.006086797949486522e+00
6.075606082322710427e+04 9.957636025842043770e-01
6.075606108328780829e+04 1.006726926283193491e+00
6.075606134334851231e+04 1.007686828874641227e+00
6.075606160340922361e+04 1.009756794357162812e+00
6.075606186346992035e+04 1.010487481947112798e+00
6.075606212353063165e+04 1.007037428150314495e+00
6.075606238359133567e+04 1.002695484047015917e+00
6.075606264365204697e+04 9.977062761138510982e-01
6.075606290371275099e+04 1.004822427812155361e+00
6.075606316377345502e+04 1.008839067034036585e+00
6.075606342383415904e+04 9.959509359239029358e-01
6.075606368389486306e+04 1.004827904859545651e+00
6.075606394395557436e+04 1.013499934032321637e+00
6.075606420401627838e+04 1.012929967500529438e+00
6.075606446407698240e+04 1.001320663392668786e+00
6.075606472413768643e+04 1.009235683681415141e+00
6.075606498419839772e+04 1.004956522565772392e+00
6.075606524425910175e+04 1.005843523744622381e+00
6.075606550431981304e+04 9.930161638718627559e-01
6.075606576438050979e+04 1.001916964648937425e+00
6.075606602444122109e+04 1.012007636009521372e+00
6.075606628450192511e+04 1.004264701428543294e+00
6.075606654456262913e+04 1.008264075651655656e+00
6.075606680462333316e+04 1.004686458872595001e+00
6.075606706468404445e+04 1.014747471869785311e+00
6.075606732474474848e+04 1.005358871739352233e+00
6.075606758480545250e+04 1.012508320803340300e+00
6.075606784486615652e+04 1.008446478154889192e+00
6.075606810492686054e+04 1.012002479320604387e+00
6.075606836498757184e+04 1.013378632117454048e+00
6.075606862504827586e+04 1.012112614344026440e+00
6.075606888510898716e+04 1.010404029629333067e+00
6.075606914516968391e+04 1.011062148691738383e+00
6.075606940523039520e+04 1.004418355103908533e+00
6.075606966529109923e+04 1.014985914112634724e+00
6.075606992535180325e+04 1.012362256912089364e+00
6.075607018541250727e+04 1.015474952991811231e+00
6.075607044547321857e+04 1.018729188944019981e+00
6.075607070553392259e+04 1.018655911578697726e+00
6.075607096559463389e+04 1.018870650264492639e+00
6.075607122565533064e+04 1.011786469919732534e+00
6.075607148571604193e+04 1.001935145790531667e+00
6.075607174577674596e+04 1.010480772265427873e+00
6.075607200583745725e+04 1.019770212119344155e+00
6.075607226589816128e+04 1.010771257342273355e+00
6.075607252595886530e+04 1.009743489694395091e+00
6.075607278601956932e+04 1.011503952983809240e+00
6.075607304608028062e+04 1.005679527925228411e+00
6.075607330614097737e+04 1.011030538514088750e+00
6.075607356620169594e+04 1.008956087563185555e+00
6.075607382626239269e+04 1.002622273459224056e+00
6.075607408632310398e+04 1.018735929104147342e+00
6.075607434638380801e+04 1.010244618045167631e+00
6.075607460644451203e+04 1.009226646433494912e+00
6.075607486650521605e+04 1.021844361178281479e+00
6.075607512656592735e+04 1.005580448631098855e+00
6.075607538662663137e+04 1.013113243181650525e+00
6.075607564668734267e+04 1.009624380147614131e+00
6.075607590674803942e+04 1.009780719690382744e+00
6.075607616680875071e+04 1.017628067608277842e+00
6.075607642686945474e+04 1.014427972465699934e+00
6.075607668693016603e+04 1.006974019894636418e+00
6.075607694699087006e+04 1.016408012572926234e+00
6.075607720705157408e+04 1.011321831457246523e+00
6.075607746711227810e+04 1.009339367114275854e+00
6.075607772717298940e+04 1.018058793151982888e+00
6.075607798723368614e+04 1.018126254873335634e+00
6.075607824729439744e+04 1.005142246041747178e+00
6.075607850735510146e+04 1.007014002526714025e+00
6.075607876741581276e+04 1.012083244140962845e+00
6.075607902747651679e+04 1.016703571844808307e+00
6.075607928753722081e+04 1.009693234306736409e+00
6.075607954759792483e+04 1.013920741565854433e+00
6.075607980765863613e+04 1.017192633162444793e+00
6.075608006771934015e+04 1.004316028874856714e+00
6.075608032778005145e+04 1.011431377284032429e+00
6.075608058784074819e+04 1.015655709137554874e+00
6.075608084790145949e+04 1.015617543433678049e+00
6.075608110796216351e+04 1.014157539232121152e+00
6.075608136802286754e+04 1.010415007800161025e+00
6.075608162808357156e+04 1.010016919765582610e+00
6.075608188814428286e+04 1.019997406334367529e+00
6.075608214820498688e+04 9.905243465638586819e-01
6.075608240826569818e+04 1.006342570699000127e+00
6.075608266832639492e+04 1.005803589916176799e+00
6.075608292838710622e+04 1.015306143480634526e+00
6.075608318844781024e+04 1.012937631889781143e+00
6.075608344850852154e+04 1.007192122976426241e+00
6.075608370856922556e+04 1.003437582770321024e+00
6.075608396862992959e+04 1.035689041737667848e+00
6.075608422869064088e+04 1.013714391984723351e+00
6.075608448875134491e+04 1.023299059760133023e+00
6.075608474881204893e+04 1.010840807489237436e+00
6.075608500887276023e+04 1.010997598796071761e+00
6.075608526893346425e+04 1.013833151064645222e+00
6.075608552899416827e+04 1.009942653058256257e+00
6.075608578905487957e+04 1.002001906507387297e+00
6.075608604911557632e+04 1.009716443377077333e+00
6.075608630917628761e+04 1.009308914909746502e+00
6.075608656923699164e+04 1.014197563271895808e+00
6.075608682929770293e+04 1.007629541502937709e+00
6.075608708935840696e+04 1.016384816586321405e+00
6.075608734941911098e+04 1.009209616521063557e+00
6.075608760947981500e+04 1.018113934912111551e+00
6.075608786954052630e+04 1.011636419246313867e+00
6.075608812960123760e+04 1.016686272978787997e+00
6.075608838966194162e+04 1.002897999584632549e+00
6.075608864972264564e+04 1.005738706038855401e+00
6.075608890978334966e+04 1.013114147642717011e+00
6.075608916984406096e+04 1.008080324097444969e+00
6.075609076569380704e+04 9.963499122574435152e-01
6.075609102575441648e+04 1.014591414929550295e+00
6.075609128581501136e+04 1.016681572022891444e+00
6.075609154587561352e+04 1.015708393576311375e+00
6.075609180593621568e+04 1.005986924616674827e+00
6.075609206599681784e+04 1.007805896459173178e+00
6.075609232605741272e+04 1.016006485885344146e+00
6.075609258611801488e+04 1.004488009312781260e+00
6.075609284617860976e+04 1.009923220836082880e+00
6.075609310623921192e+04 9.981673783756617180e-01
6.075609336629981408e+04 1.008885505266460036e+00
6.075609362636040896e+04 1.004060872375776681e+00
6.075609388642101840e+04 1.008455220786713680e+00
6.075609414648161328e+04 1.013571087243054780e+00
6.075609440654221544e+04 1.011343614359362375e+00
6.075609466660281760e+04 1.011714719430907072e+00
6.075609492666341976e+04 1.006922213726926030e+00
6.075609518672402191e+04 1.009216106793126233e+00
6.075609544678461680e+04 1.001595817302535885e+00
6.075609570684521896e+04 9.988483071019557125e-01
6.075609596690581384e+04 1.009180213550975536e+00
6.075609622696641600e+04 1.002727648662567139e+00
6.075609648702701088e+04 1.007024503976686747e+00
6.075609674708762032e+04 1.002430758366043673e+00
6.075609700714822247e+04 1.005546008309316397e+00
6.075609726720881736e+04 1.008959509760432471e+00
6.075609752726942679e+04 1.009450190905603284e+00
6.075609778733002167e+04 9.987715841175653919e-01
6.075609804739062383e+04 1.017118829030733140e+00
6.075609830745121872e+04 9.937543700377665656e-01
6.075609856751182087e+04 1.015060789520702000e+00
6.075609882757242303e+04 9.929834629527402035e-01
6.075609908763301792e+04 1.009304767625586186e+00
6.075609934769362008e+04 1.006522661125094587e+00
6.075609960775422223e+04 1.010502139223397267e+00
6.075609986781482439e+04 1.006649007011968022e+00
6.075610012787541928e+04 9.882050818002978687e-01
6.075610038793602143e+04 1.010850652824925255e+00
6.075610064799663087e+04 9.973664428560706785e-01
6.075610090805722575e+04 9.998046996743323866e-01
6.075610116811782791e+04 1.006102157851874734e+00
6.075610142817842279e+04 9.993539604879222438e-01
6.075610168823902495e+04 1.000365494667283528e+00
6.075610194829962711e+04 1.009233507528350504e+00
6.075610220836022199e+04 9.976158064565814332e-01
6.075610246842083143e+04 9.983417817170815445e-01
6.075610272848142631e+04 1.009500942859345773e+00
6.075610298854202847e+04 9.973504218873836535e-01
6.075610324860263063e+04 1.007801052668158226e+00
6.075610350866323279e+04 1.010891883261844093e+00
6.075610376872383495e+04 1.007579863559199262e+00
6.075610402878442983e+04 9.983720936456655926e-01
6.075610428884503199e+04 1.002035096028500938e+00
6.075610454890563415e+04 1.004645492751320424e+00
6.075610480896622903e+04 1.002347986090096121e+00
6.075610506902683119e+04 9.984529682413312290e-01
6.075610532908743335e+04 9.975428115906403992e-01
6.075610558914803551e+04 9.935674810714032468e-01
6.075610584920863766e+04 1.005940360639194564e+00
6.075610610926923255e+04 9.976365776612230452e-01
6.075610636932984198e+04 1.009456716521753172e+00
6.075610662939043686e+04 1.006536229409376260e+00
6.075610688945103902e+04 9.977307093875693589e-01
6.075610714951164118e+04 1.005687966809097889e+00
6.075610740957223607e+04 1.001229643373072076e+00
6.075610766963283822e+04 9.921007758617461647e-01
6.075610792969343311e+04 9.999104149474172809e-01
6.075610818975403527e+04 9.898951519208601946e-01
6.075610844981464470e+04 1.006174822684896775e+00
6.075610870987523958e+04 9.993893235184094781e-01
6.075610896993584174e+04 9.966520517503222321e-01
6.075610922999644390e+04 9.976764413038446966e-01
6.075610949005704606e+04 9.896431107238624625e-01
6.075610975011764822e+04 9.974015229823685047e-01
6.075611001017824310e+04 9.955920339770986116e-01
6.075611027023884526e+04 1.002690645784835910e+00
6.075611053029944742e+04 9.966035845536651561e-01
6.075611079036004230e+04 9.935953539984010430e-01
6.075611105042064446e+04 1.002290628334776112e+00
6.075611131048124662e+04 9.969574165147698785e-01
6.075611157054184878e+04 1.000542891727674188e+00
6.075611183060245094e+04 9.980166937517086501e-01
6.075611209066305310e+04 9.922145361577674461e-01
6.075611235072365525e+04 1.005089148379317843e+00
6.075611261078425741e+04 9.955683137900639412e-01
6.075611287084485230e+04 9.824596838996533243e-01
6.075611313090545445e+04 9.998834634892742601e-01
6.075611339096604934e+04 9.926649475327503636e-01
6.075611365102665150e+04 9.980913438845551156e-01
6.075611391108725365e+04 9.950192595961868669e-01
6.075611417114785581e+04 9.913869563209094515e-01
6.075611443120845797e+04 1.003131512114965096e+00
6.075611469126906013e+04 9.889677927106929056e-01
6.075611495132966229e+04 9.924325133356508566e-01
6.075611521139026445e+04 9.890225255336930754e-01
6.075611547145085933e+04 1.009445712953642715e+00
6.075611573151146149e+04 1.001858675909835572e+00
6.075611599157206365e+04 1.000113798342128213e+00
6.075611625163265853e+04 9.956171714352329838e-01
6.075611651169326069e+04 9.865846958608118777e-01
6.075611677175386285e+04 1.002314112555913184e+00
6.075611703181446501e+04 9.893574242797202878e-01
6.075611729187506717e+04 9.898159120563585489e-01
6.075611755193566933e+04 9.997273643830153489e-01
6.075611781199626421e+04 9.938671787557306070e-01
6.075611807205687364e+04 9.947653496869065526e-01
6.075611833211747580e+04 9.966781817681433786e-01
6.075611859217807068e+04 9.898976275335832353e-01
6.075611885223867284e+04 9.833301695727395542e-01
6.075611911229926773e+04 9.803641695244835752e-01
6.075612077117233275e+04 9.904607177317693578e-01
6.075612103123303677e+04 9.953544903890217954e-01
6.075612129129374080e+04 9.970176385255956619e-01
6.075612155135445209e+04 9.935505934815023199e-01
6.075612181141516339e+04 9.804674157098649534e-01
6.075612207147586741e+04 9.993853727947602517e-01
6.075612233153657144e+04 9.871709445731418064e-01
6.075612259159728274e+04 9.992157444543905420e-01
6.075612285165798676e+04 9.989313342639916105e-01
6.075612311171869806e+04 9.891602808745294517e-01
6.075612337177940935e+04 9.938240163988932840e-01
6.075612363184010610e+04 9.959624849392108015e-01
6.075612389190081740e+04 9.856553961270324571e-01
6.075612415196152870e+04 9.931512926085991344e-01
6.075612441202222544e+04 1.001206191884161933e+00
6.075612467208293674e+04 1.001516229465499341e+00
6.075612493214364804e+04 1.001513356377748076e+00
6.075612519220435206e+04 9.958335310069573731e-01
6.075612545226506336e+04 1.000368225008412937e+00
6.075612571232576738e+04 9.992726838588215088e-01
6.075612597238647140e+04 9.958045400376552836e-01
6.075612623244718270e+04 9.891975912125036130e-01
6.075612649250789400e+04 9.914348576405541680e-01
6.075612675256859802e+04 9.892585833269476048e-01
6.075612701262930204e+04 9.867183448630517661e-01
6.075612727269001334e+04 9.988199289451697993e-01
6.075612753275071736e+04 9.938046846382367905e-01
6.075612779281142139e+04 9.974965819802091849e-01
6.075612805287213268e+04 9.832312053027970622e-01
6.075612831293283671e+04 9.888745193024904845e-01
6.075612857299354800e+04 9.945063373800973050e-01
6.075612883305425930e+04 9.942806858224700894e-01
6.075612909311495605e+04 1.002312307661039181e+00
6.075612935317566735e+04 9.929336594630281398e-01
6.075612961323637865e+04 9.840359938953936458e-01
6.075612987329708267e+04 1.002432461197166003e+00
6.075613013335779397e+04 1.001663304768965590e+00
6.075613039341849799e+04 9.895405241287497100e-01
6.075613065347920201e+04 9.970253788130614137e-01
6.075613091353991331e+04 9.935629234984628688e-01
6.075613117360061733e+04 9.913941347957141437e-01
6.075613143366133590e+04 9.963627031576354209e-01
6.075613169372203265e+04 1.000949585343261283e+00
6.075613195378274395e+04 9.939464282570065201e-01
6.075613221384345525e+04 9.964376146105635712e-01
6.075613247390415199e+04 9.946312940559963733e-01
6.075613273396486329e+04 9.931074420625587429e-01
6.075613299402557459e+04 1.008647196384002909e+00
6.075613325408627861e+04 1.002585045957412158e+00
6.075613351414698991e+04 9.912924728767548155e-01
6.075613377420769393e+04 1.002811017282841499e+00
6.075613403426840523e+04 9.977582143960959105e-01
6.075613429432910925e+04 1.004550046094922378e+00
6.075613455438982055e+04 9.848533207656168242e-01
6.075613481445053185e+04 9.952325256008566212e-01
6.075613507451122859e+04 1.006311438318567175e+00
6.075613533457193989e+04 1.009748509226106705e+00
6.075613559463265119e+04 9.967008608427141425e-01
6.075613585469334794e+04 9.960817009196479832e-01
6.075613611475405924e+04 1.008094273252091666e+00
6.075613637481477053e+04 1.003043550037165055e+00
6.075613663487548183e+04 9.985593051810824905e-01
6.075613689493618585e+04 1.000613873521089880e+00
6.075613715499688988e+04 9.980440633340413870e-01
6.075613741505760117e+04 9.978014144703488686e-01
6.075613767511830520e+04 1.001422992559366509e+00
6.075613793517901649e+04 1.002169528369245333e+00
6.075613819523972779e+04 9.946015395113518842e-01
6.075613845530043181e+04 1.001633482431251609e+00
6.075613871536113584e+04 1.005468367047978706e+00
6.075613897542184714e+04 1.005935412630252879e+00
6.075613923548255116e+04 9.996288108580605458e-01
6.075613949554325518e+04 1.002959558724134670e+00
6.075613975560396648e+04 1.020156291517070324e+00
6.075614001566467778e+04 1.010130412369349528e+00
6.075614027572538907e+04 1.004950084453837489e+00
6.075614053578608582e+04 1.012817764268391096e+00
6.075614079584679712e+04 1.004129232065051891e+00
6.075614105590750842e+04 1.007750679119148174e+00
6.075614131596821244e+04 1.003117888880450170e+00
6.075614157602892374e+04 1.003047168380928778e+00
6.075614183608962776e+04 1.012945548336885881e+00
6.075614209615033906e+04 9.985816921975393390e-01
6.075614235621104308e+04 1.010163018057700590e+00
6.075614261627174710e+04 1.000074966018322353e+00
6.075614287633246568e+04 9.984599927982847900e-01
6.075614313639316970e+04 9.961913720962549679e-01
6.075614339645387372e+04 1.013089924022229527e+00
6.075614365651458502e+04 1.004342838545262184e+00
6.075614391657528904e+04 1.013748529662779729e+00
6.075614417663600034e+04 1.006908262397236298e+00
6.075614443669670436e+04 1.007623208148328287e+00
6.075614469675741566e+04 1.004616672690262558e+00
6.075614495681812696e+04 9.977836909072756999e-01
6.075614521687882370e+04 1.001863176664478994e+00
6.075614547693953500e+04 1.001674207782107473e+00
6.075614573700024630e+04 1.002357727138078580e+00
6.075614599706095760e+04 9.968954730736916403e-01
6.075614625712166162e+04 1.008441300668113216e+00
6.075614651718236564e+04 1.000086517287436916e+00
6.075614677724307694e+04 1.012487419917034170e+00
6.075614703730378824e+04 1.006257929994564426e+00
6.075614729736448498e+04 1.012968906617409681e+00
6.075614755742519628e+04 9.954639120719523948e-01
6.075614781748590758e+04 1.014761543604472571e+00
6.075614807754661888e+04 1.007457389116674484e+00
6.075614833760732290e+04 9.921502535093290609e-01
6.075614859766802692e+04 1.014443767882549974e+00
6.075614885772873822e+04 1.004886882136893256e+00
6.075614911778944952e+04 1.005419002324017042e+00
