6.075547523418369383e+04 9.962727026236113392e-01
6.075547549424438330e+04 9.952592080539390818e-01
6.075547575430508005e+04 1.007716904085812049e+00
6.075547601436576224e+04 1.001981442050217996e+00
6.075547627442645899e+04 1.004193744288182533e+00
6.075547653448714846e+04 9.845290139418843012e-01
6.075547679454784520e+04 9.973895462441894066e-01
6.075547705460853467e+04 9.948578951205744314e-01
6.075547731466922414e+04 1.006426781595441966e+00
6.075547757472991361e+04 1.001681127940929672e+00
6.075547783479061036e+04 9.966053378466981361e-01
6.075547809485129255e+04 1.004139981564530659e+00
6.075547835491198930e+04 9.944320859098579879e-01
6.075547861497267877e+04 9.959268502799515366e-01
6.075547887503337552e+04 9.934668740603559423e-01
6.075547913509406499e+04 9.963203285765881434e-01
6.075547939515475446e+04 1.009283502045718262e+00
6.075547965521544393e+04 1.003208028155654352e+00
6.075547991527614067e+04 1.001132578209306789e+00
6.075548017533683014e+04 1.002558803546640842e+00
6.075548043539752689e+04 9.966967961719971347e-01
6.075548069545820908e+04 1.005292823508975752e+00
6.075548095551890583e+04 9.923647345792422358e-01
6.075548121557959530e+04 9.993576336277423255e-01
6.075548147564028477e+04 1.003208612308445158e+00
6.075548173570098152e+04 1.006556092390962220e+00
6.075548199576167099e+04 1.015227826524665922e+00
6.075548225582236773e+04 9.992861329321840458e-01
6.075548251588305720e+04 9.986582759806756915e-01
6.075548277594374667e+04 1.009368062199203386e+00
6.075548303600443614e+04 1.007169673831870726e+00
6.075548329606513289e+04 1.008592629503241023e+00
6.075548355612582236e+04 1.004342697851895450e+00
6.075548381618651911e+04 9.936503339255694511e-01
6.075548407624720130e+04 1.005172717925284953e+00
6.075548433630789805e+04 9.996541100529932056e-01
6.075548459636858752e+04 1.000632888594881198e+00
6.075548485642928426e+04 1.008918991569508705e+00
6.075548511648997373e+04 1.005830898704122012e+00
6.075548537655066320e+04 1.007444693565662908e+00
6.075548563661135267e+04 1.019454851615428703e+00
6.075548589667204942e+04 1.006547736511701707e+00
6.075548615673273162e+04 9.980151747219305758e-01
6.075548641679342836e+04 1.014196034658821910e+00
6.075548667685411783e+04 1.007354528714817565e+00
6.075548693691481458e+04 9.997110020490448390e-01
6.075548719697551132e+04 1.008722270653578335e+00
6.075548745703619352e+04 1.015460064129464657e+00
6.075548771709689026e+04 1.010850188695145757e+00
6.075548797715757973e+04 1.008524305979386027e+00
6.075548823721827648e+04 1.006116654971315860e+00
6.075548849727896595e+04 1.015968606090092541e+00
6.075548875733965542e+04 9.921251028544767481e-01
6.075548901740034489e+04 9.982568543280191387e-01
6.075548927746104164e+04 1.000787401501217255e+00
6.075548953752172383e+04 1.020056413515684213e+00
6.075548979758242058e+04 1.006850406173912305e+00
6.075549005764311732e+04 9.907380771029357103e-01
6.075549031770380680e+04 1.009027215447490189e+00
6.075549057776450354e+04 9.892197874886443643e-01
6.075549083782518574e+04 1.010854279149938861e+00
6.075549109788588248e+04 1.004632585221332475e+00
6.075549135794657195e+04 1.009072112520058351e+00
6.075549161800726870e+04 9.983576129238850294e-01
6.075549187806795817e+04 1.010914127592800194e+00
6.075549213812864764e+04 1.009520516334594165e+00
6.075549239818933711e+04 1.009014819921385531e+00
6.075549265825003386e+04 1.008138387814118131e+00
6.075549291831072333e+04 1.016216666514913713e+00
6.075549317837142007e+04 1.001368793205329899e+00
6.075549343843210954e+04 1.014144990954521042e+00
6.075549369849279901e+04 1.019368158162386573e+00
6.075549395855349576e+04 1.004491989509488814e+00
6.075549421861417795e+04 1.013150907291660463e+00
6.075549447867487470e+04 1.010378963958421750e+00
6.075549473873556417e+04 1.018259894902488583e+00
6.075549499879626092e+04 1.006493230068317146e+00
6.075549525885695766e+04 1.003310798722045316e+00
6.075549551891763986e+04 9.994995077525028471e-01
6.075549577897833660e+04 9.963313894630732026e-01
6.075549603903902607e+04 1.007942174002318225e+00
6.075549629909972282e+04 1.005152039165856603e+00
6.075549655916041229e+04 1.000199626234540284e+00
6.075549681922110176e+04 1.000879697126973777e+00
6.075549707928179851e+04 1.007219446925494033e+00
6.075549733934248798e+04 1.014153394083125104e+00
6.075549759940317745e+04 1.001857927172147056e+00
6.075549785946386692e+04 1.004944999520397397e+00
6.075549811952456366e+04 1.012502671843815039e+00
6.075549837958525313e+04 1.012241869947746009e+00
6.075549863964594988e+04 9.966543238845143593e-01
6.075549889970663935e+04 1.014229007106332237e+00
6.075549915976732882e+04 1.004693350848831601e+00
6.075549941982802557e+04 1.011031268517702753e+00
6.075549967988871504e+04 1.005842688811197982e+00
6.075549993994941178e+04 1.019266825801546483e+00
6.075550020001009398e+04 1.010250871201215261e+00
6.075550046007079072e+04 1.016660436315198757e+00
6.075550072013148747e+04 9.991385048991425766e-01
6.075550098019216966e+04 1.007271782158985385e+00
6.075550124025286641e+04 1.005542212165103644e+00
6.075550150031355588e+04 1.015818889561024285e+00
6.075550176037425263e+04 1.002022529668963990e+00
6.075550202043494210e+04 1.002003177752595064e+00
6.075550228049563157e+04 1.006413009593977614e+00
6.075550254055632831e+04 1.013809696533392257e+00
6.075550280061701778e+04 9.933641341474195308e-01
6.075550306067771453e+04 1.003816236895403557e+00
6.075550332073840400e+04 9.980308674820121961e-01
6.075550358079909347e+04 1.000387608973281939e+00
6.075550513883041276e+04 9.984855368785465757e-01
6.075550539889110951e+04 9.920264681399784124e-01
6.075550565895179898e+04 9.843382227884401869e-01
6.075550591901248845e+04 1.006655042475868012e+00
6.075550617907318519e+04 9.957285076697192094e-01
6.075550643913387466e+04 1.003017435471184049e+00
6.075550669919457141e+04 1.011066580357238287e+00
6.075550695925526088e+04 9.989093259122795443e-01
6.075550721931595035e+04 1.010177974129830902e+00
6.075550747937664710e+04 9.959443032112508254e-01
6.075550773943733657e+04 1.006430367590451125e+00
6.075550799949803331e+04 1.001134296929463652e+00
6.075550825955872278e+04 9.913419597597793453e-01
6.075550851961941225e+04 9.948867969339239004e-01
6.075550877968010900e+04 1.000239282871244528e+00
6.075550903974079847e+04 9.953649457617007590e-01
6.075550929980148794e+04 9.993566568752814128e-01
6.075550955986217741e+04 9.937037630355520790e-01
6.075550981992287416e+04 9.857172872845196832e-01
6.075551007998357090e+04 1.018204604688663917e+00
6.075551034004426037e+04 9.923610813923391394e-01
6.075551060010494984e+04 1.001059437621199200e+00
6.075551086016564659e+04 1.001523671249835434e+00
6.075551112022633606e+04 1.002579025682137859e+00
6.075551138028703281e+04 1.002673704486222173e+00
6.075551164034772228e+04 1.008848524915689771e+00
6.075551190040841175e+04 1.005425346648906482e+00
6.075551216046910849e+04 9.928774180447070830e-01
6.075551242052979796e+04 9.980153419156023720e-01
6.075551268059049471e+04 9.998381932978421816e-01
6.075551294065118418e+04 9.938382469168511868e-01
6.075551320071187365e+04 9.956120021482123272e-01
6.075551346077257040e+04 9.951769660876303991e-01
6.075551372083325987e+04 1.000036296913727973e+00
6.075551398089394934e+04 9.926945376502885887e-01
6.075551424095464608e+04 9.918126765215670160e-01
6.075551450101533555e+04 1.006574733971430602e+00
6.075551476107603230e+04 9.970231794309390994e-01
6.075551502113672177e+04 9.999345687349991962e-01
6.075551528119741124e+04 9.939215894727627676e-01
6.075551554125810799e+04 9.965975024448272546e-01
6.075551580131879746e+04 9.980444794281558840e-01
6.075551606137949420e+04 1.000098078824336101e+00
6.075551632144019095e+04 9.911896949511286303e-01
6.075551658150087314e+04 9.854834617778944761e-01
6.075551684156156989e+04 1.000969890910535787e+00
6.075551710162226664e+04 9.855877538260866544e-01
6.075551736168294883e+04 1.011310624545502135e+00
6.075551762174364558e+04 9.932339690226552609e-01
6.075551788180433505e+04 9.903261355664420007e-01
6.075551814186503179e+04 9.972956438420093050e-01
6.075551840192572854e+04 1.003479234078087146e+00
6.075551866198641073e+04 1.005265074229491518e+00
6.075551892204710748e+04 9.913279719331513640e-01
6.075551918210780423e+04 9.835229451982382409e-01
6.075551944216849370e+04 9.895039511614510674e-01
6.075551970222919044e+04 9.896709606843527851e-01
6.075551996228987991e+04 9.941012369576357477e-01
6.075552022235056938e+04 9.968516747794361477e-01
6.075552048241126613e+04 1.001680762039840022e+00
6.075552074247194832e+04 1.002753327518082216e+00
6.075552100253265235e+04 9.826178516282619846e-01
6.075552126259334182e+04 9.973078962630688160e-01
6.075552152265403129e+04 9.951183990879887142e-01
6.075552178271472803e+04 9.825742194179259981e-01
6.075552204277541750e+04 9.906761458518174024e-01
6.075552230283610697e+04 9.938080738546656301e-01
6.075552256289680372e+04 9.944693289787391866e-01
6.075552282295750047e+04 9.718136021235400657e-01
6.075552308301818994e+04 9.998991593929557053e-01
6.075552334307887941e+04 9.875671066193050240e-01
6.075552360313957615e+04 9.802889170456222656e-01
6.075552386320026562e+04 1.002127059949546428e+00
6.075552412326096237e+04 9.839047650028116543e-01
6.075552438332165912e+04 9.874272397183677663e-01
6.075552464338234131e+04 9.977910001164185250e-01
6.075552490344303806e+04 9.819882742820186250e-01
6.075552516350373480e+04 9.862766369537465660e-01
6.075552542356441700e+04 9.943163215625662188e-01
6.075552568362511374e+04 9.914590137313097351e-01
6.075552594368581049e+04 9.760108451115437900e-01
6.075552620374649996e+04 9.904158844282300311e-01
6.075552646380719671e+04 1.004238005693971925e+00
6.075552672386788618e+04 9.843500379360736741e-01
6.075552698392857565e+04 9.820964211601861393e-01
6.075552724398927239e+04 9.923910305769856333e-01
6.075552750404996914e+04 9.951194966675920295e-01
6.075552776411065861e+04 9.974776139069282399e-01
6.075552802417134808e+04 9.890611866849321476e-01
6.075552828423204483e+04 9.946289304336456416e-01
6.075552854429273430e+04 9.935819064567504855e-01
6.075552880435342377e+04 9.898520329097948434e-01
6.075552906441412051e+04 9.761659901349794000e-01
6.075552932447480998e+04 9.836908850865769827e-01
6.075552958453550673e+04 9.997759926600549019e-01
6.075552984459620347e+04 9.787065049915844028e-01
6.075553010465688567e+04 9.874733415066953013e-01
6.075553036471758242e+04 9.878848462490448235e-01
6.075553062477827916e+04 9.822649498849200800e-01
6.075553088483896863e+04 9.805850124072614804e-01
6.075553114489966538e+04 9.768229740670710814e-01
6.075553140496035485e+04 9.778340171496022748e-01
6.075553166502104432e+04 9.913622898134346606e-01
6.075553192508174106e+04 1.000412962489497515e+00
6.075553218514243054e+04 9.860596752591236358e-01
6.075553244520312728e+04 9.788086731606532309e-01
6.075553270526381675e+04 9.894479954745165617e-01
6.075553296532451350e+04 9.843888693559285086e-01
6.075553322538520297e+04 9.902404772868167449e-01
6.075553348544589244e+04 9.891612717590978487e-01
6.075553503087646095e+04 9.913009846681649639e-01
6.075553529093715770e+04 9.940643713222599986e-01
6.075553555099784717e+04 9.946409060182732631e-01
6.075553581105853664e+04 9.818227725059605060e-01
6.075553607111923338e+04 9.949152678789847659e-01
6.075553633117992285e+04 9.829326197796968145e-01
6.075553659124061960e+04 1.005668555368555150e+00
6.075553685130131635e+04 9.802913387418358271e-01
6.075553711136199854e+04 9.664832157305536242e-01
6.075553737142269529e+04 9.812825119263659523e-01
6.075553763148339203e+04 9.814956132109260434e-01
6.075553789154408878e+04 9.992345151963542005e-01
6.075553815160477825e+04 9.960806847030072575e-01
6.075553841166546772e+04 9.877869445057239073e-01
6.075553867172616447e+04 9.830211760589615544e-01
6.075553893178685394e+04 9.917430168954953773e-01
6.075553919184754341e+04 1.017301475581505299e+00
6.075553945190824015e+04 9.838457166754035477e-01
6.075553971196892962e+04 9.767839829137562324e-01
6.075553997202962637e+04 9.919860707599272853e-01
6.075554023209032312e+04 9.586591207915148294e-01
6.075554049215101259e+04 9.637258634361757226e-01
6.075554075221170206e+04 9.817626963113962324e-01
6.075554101227239880e+04 9.761945623107939340e-01
6.075554127233309555e+04 9.845305027001466369e-01
6.075554153239378502e+04 9.808504850533370512e-01
6.075554179245447449e+04 9.839050545146413862e-01
6.075554205251517124e+04 9.717245426192621105e-01
6.075554231257586798e+04 9.775666674046572524e-01
6.075554257263655018e+04 9.868817469789796792e-01
6.075554283269725420e+04 9.896802393828713074e-01
6.075554309275794367e+04 9.848472853573755348e-01
6.075554335281863314e+04 9.818681162760607428e-01
6.075554361287932988e+04 9.766149232809115954e-01
6.075554387294001936e+04 9.734259094622056407e-01
6.075554413300071610e+04 9.670347292474789080e-01
6.075554439306140557e+04 9.979436530218939172e-01
6.075554465312210232e+04 9.827498705310899751e-01
6.075554491318279906e+04 9.687536416545045048e-01
6.075554517324348853e+04 9.909954135462214486e-01
6.075554543330417800e+04 9.892933927500711100e-01
6.075554569336487475e+04 9.800517858897035417e-01
6.075554595342557150e+04 9.900959334129625367e-01
6.075554621348626097e+04 9.908496327327367403e-01
6.075554647354695044e+04 9.767358905978681394e-01
6.075554673360764718e+04 9.749012258371563266e-01
6.075554699366834393e+04 9.760961713565730058e-01
6.075554725372902612e+04 9.811549288862712048e-01
6.075554751378972287e+04 9.841864322183446756e-01
6.075554777385041962e+04 9.750777793934124471e-01
6.075554803391111636e+04 9.824605874871401578e-01
6.075554829397180583e+04 9.880511023248799152e-01
6.075554855403249530e+04 9.739915387625160959e-01
6.075554881409319205e+04 9.824765985785443023e-01
6.075554907415388152e+04 9.923434123061025680e-01
6.075554933421457827e+04 9.847961925465542610e-01
6.075554959427527501e+04 9.817622351199428721e-01
6.075554985433596448e+04 9.844204473813505940e-01
6.075555011439665395e+04 9.824957780167788979e-01
6.075555037445735070e+04 9.756263177106315743e-01
6.075555063451804017e+04 9.849395899764394890e-01
6.075555089457873692e+04 9.977391578740633094e-01
6.075555115463942639e+04 9.809720256292780993e-01
6.075555141470012313e+04 9.657625700587622042e-01
6.075555167476081988e+04 9.823181791823517583e-01
6.075555193482150935e+04 9.868754437181993522e-01
6.075555219488219882e+04 9.893832590753498524e-01
6.075555245494289557e+04 9.914668155520836024e-01
6.075555271500359231e+04 9.840527989521085095e-01
6.075555297506428906e+04 1.000293129838141226e+00
6.075555323512497125e+04 9.860147952107291003e-01
6.075555349518566800e+04 9.903971828671249700e-01
6.075555375524636474e+04 9.824841681691321993e-01
6.075555401530705421e+04 9.939539546512979884e-01
6.075555427536775096e+04 9.766396270645628652e-01
6.075555453542844043e+04 9.954997967612749799e-01
6.075555479548913718e+04 9.902083470537426102e-01
6.075555505554983392e+04 9.972165754733541831e-01
6.075555531561051612e+04 9.680500767370738835e-01
6.075555557567121286e+04 9.837221757682046430e-01
6.075555583573190961e+04 9.889157706704005957e-01
6.075555609579260636e+04 9.826651428449371117e-01
6.075555635585329583e+04 9.921130663099519964e-01
6.075555661591398530e+04 9.958698848960771954e-01
6.075555687597468204e+04 9.859013324051517646e-01
6.075555713603537879e+04 9.860182542603029843e-01
6.075555739609607554e+04 9.788793187022717390e-01
6.075555765615676501e+04 9.987420244166287375e-01
6.075555791621745448e+04 9.900844490565078315e-01
6.075555817627815122e+04 9.894497556056974785e-01
6.075555843633884797e+04 9.842219073440678923e-01
6.075555869639953016e+04 1.002345669499535852e+00
6.075555895646022691e+04 9.799062923301266048e-01
6.075555921652092366e+04 9.848012542081143739e-01
6.075555947658162040e+04 9.846275733788653062e-01
6.075555973664230987e+04 9.931527278821646876e-01
6.075555999670299934e+04 9.912026553300588017e-01
6.075556025676369609e+04 1.001253673367171082e+00
6.075556051682439283e+04 1.001117382844532999e+00
6.075556077688508958e+04 9.988740189594960128e-01
6.075556103694577905e+04 9.773516471299702468e-01
6.075556129700646852e+04 9.905394270726646244e-01
6.075556155706716527e+04 9.934649393161381070e-01
6.075556181712786201e+04 1.004405664624001826e+00
6.075556207718854421e+04 9.884077158765858240e-01
6.075556233724924095e+04 9.882088129532602405e-01
6.075556259730993770e+04 9.885350899571145877e-01
6.075556285737063445e+04 1.000366674909321185e+00
6.075556311743133119e+04 1.001465254021572493e+00
6.075556337749201339e+04 9.863140756260089237e-01
6.075556504896522529e+04 9.827031836602686532e-01
6.075556530902591476e+04 9.963074351338708778e-01
6.075556556908661150e+04 9.838563535695480367e-01
6.075556582914730097e+04 9.948478489259720003e-01
6.075556608920799772e+04 9.942931942070900586e-01
6.075556634926869447e+04 1.004330068995690883e+00
6.075556660932938394e+04 9.953365542949952349e-01
6.075556686939008068e+04 1.004223956207673130e+00
6.075556712945077015e+04 1.001963667947237902e+00
6.075556738951146690e+04 9.881084753737744419e-01
6.075556764957216365e+04 1.007668973447447769e+00
6.075556790963285312e+04 1.008904440548685111e+00
6.075556816969354986e+04 9.826449216845577483e-01
6.075556842975423933e+04 1.005303406412836997e+00
6.075556868981492880e+04 1.001780699042145839e+00
6.075556894987563282e+04 1.008270580690854734e+00
6.075556920993632230e+04 1.001200426961468049e+00
6.075556946999701904e+04 1.006564709785488843e+00
6.075556973005770851e+04 9.935288809524385201e-01
6.075556999011839798e+04 9.870581715787499766e-01
6.075557025017909473e+04 9.968095187635275245e-01
6.075557051023979147e+04 9.880158420317405321e-01
6.075557077030048822e+04 9.936089616007549585e-01
6.075557103036117769e+04 9.969313022875934127e-01
6.075557129042186716e+04 9.917007959318598909e-01
6.075557155048256391e+04 9.846602545545393159e-01
6.075557181054326065e+04 1.005073797909135092e+00
6.075557207060395740e+04 1.001351780903713351e+00
6.075557233066464687e+04 9.913495363079253275e-01
6.075557259072533634e+04 1.006904419824973917e+00
6.075557285078603309e+04 9.986209009955687721e-01
6.075557311084672983e+04 9.901246699931783857e-01
6.075557337090741930e+04 1.002150347145429610e+00
6.075557363096811605e+04 1.001214638525491862e+00
6.075557389102880552e+04 1.001523716303786227e+00
6.075557415108950227e+04 1.002887823839321513e+00
6.075557441115019901e+04 1.001673857075366492e+00
6.075557467121088848e+04 1.004955317535837667e+00
6.075557493127158523e+04 1.002723078028978421e+00
6.075557519133227470e+04 1.014978009567056416e+00
6.075557545139297144e+04 9.999007347577588689e-01
6.075557571145366819e+04 1.005604057436140231e+00
6.075557597151435766e+04 9.963504299017235111e-01
6.075557623157505441e+04 9.971751090738785184e-01
6.075557649163575115e+04 9.946462664090330863e-01
6.075557675169643335e+04 1.005152896638190851e+00
6.075557701175713009e+04 9.997135331925229851e-01
6.075557727181782684e+04 1.003428841799420379e+00
6.075557753187852359e+04 1.012567429010374553e+00
6.075557779193922033e+04 1.001162279059446991e+00
6.075557805199990980e+04 9.937615330137995473e-01
6.075557831206059927e+04 9.962792555213774159e-01
6.075557857212129602e+04 9.871756317320853347e-01
6.075557883218199277e+04 9.919858418222099461e-01
6.075557909224268951e+04 1.002829102854381871e+00
6.075557935230337898e+04 1.009905366612982025e+00
6.075557961236407573e+04 1.004241943993860575e+00
6.075557987242476520e+04 1.000090482820504167e+00
6.075558013248546195e+04 9.926356846396806599e-01
6.075558039254615869e+04 1.005467417727067048e+00
6.075558065260684816e+04 9.954043301591724013e-01
6.075558091266754491e+04 9.988663002441455774e-01
6.075558117272824165e+04 9.999273017408367714e-01
6.075558143278892385e+04 9.999785894629527050e-01
6.075558169284962059e+04 9.995126512514155293e-01
6.075558195291031734e+04 1.003610782086371112e+00
6.075558221297101409e+04 9.867850629537879836e-01
6.075558247303171083e+04 9.994614741451306461e-01
6.075558273309240030e+04 1.008289120173160747e+00
6.075558299315309705e+04 1.004157764586990131e+00
6.075558325321378652e+04 9.997155042623505627e-01
6.075558351327448327e+04 1.004038113608431315e+00
6.075558377333518001e+04 1.004565101781877745e+00
6.075558403339586948e+04 9.933092615891727650e-01
6.075558429345656623e+04 1.003491606727240137e+00
6.075558455351726298e+04 1.015368863522795539e+00
6.075558481357794517e+04 1.005710093429478036e+00
6.075558507363864192e+04 9.892832288505968297e-01
6.075558533369933866e+04 9.880839867731372461e-01
6.075558559376003541e+04 9.937567909025313284e-01
6.075558585382073215e+04 9.998718103789144829e-01
6.075558611388142162e+04 1.005459649131495325e+00
6.075558637394211837e+04 9.961384787501271765e-01
6.075558663400280784e+04 1.000212954925587816e+00
6.075558689406350459e+04 9.898284489503977879e-01
6.075558715412420133e+04 1.004385160920585607e+00
6.075558741418489080e+04 1.000900966966800754e+00
6.075558767424558755e+04 9.953061208778826163e-01
6.075558793430628430e+04 9.929191715706366939e-01
6.075558819436697377e+04 9.958993459351114241e-01
6.075558845442767051e+04 9.755902061459414965e-01
6.075558871448835998e+04 1.004370807971366908e+00
6.075558897454905673e+04 9.964335129622887699e-01
6.075558923460975348e+04 1.010124278139038045e+00
6.075558949467044295e+04 9.862653389764131084e-01
6.075558975473113969e+04 9.933621923070230508e-01
6.075559001479183644e+04 1.001931904825668296e+00
6.075559027485253318e+04 9.979604932280512486e-01
6.075559053491322265e+04 9.873439025985497608e-01
6.075559079497391212e+04 1.003681865353713842e+00
6.075559105503460887e+04 9.968018539276277679e-01
6.075559131509530562e+04 9.912556157107972332e-01
6.075559157515600236e+04 1.000295159687922375e+00
6.075559183521669911e+04 1.002472878097057540e+00
6.075559209527738858e+04 1.002132205878779603e+00
6.075559235533808533e+04 9.967781045668229201e-01
6.075559261539877480e+04 9.883133273788173856e-01
6.075559287545946427e+04 9.873335992911315140e-01
6.075559313552016101e+04 9.918244188666626160e-01
6.075559339558085776e+04 9.957572760168571513e-01
6.075559494101491873e+04 9.904419500555292633e-01
6.075559520107561548e+04 9.903627155788781167e-01
6.075559546113631222e+04 9.896384544623449964e-01
6.075559572119700897e+04 9.997432743184402337e-01
6.075559598125769844e+04 1.001240781268071478e+00
6.075559624131839519e+04 9.840890173825307397e-01
6.075559650137908466e+04 9.855429641036659305e-01
6.075559676143977413e+04 9.903294402931734908e-01
6.075559702150047087e+04 9.923632396520932764e-01
6.075559728156116762e+04 9.890824109578580936e-01
6.075559754162186437e+04 9.974088096716146046e-01
6.075559780168256111e+04 9.906746580358354315e-01
6.075559806174325058e+04 9.880415086047967810e-01
6.075559832180394733e+04 9.896409049346354125e-01
6.075559858186464407e+04 9.986460984444035516e-01
6.075559884192533355e+04 9.832847816393194273e-01
6.075559910198603029e+04 9.965032334536366720e-01
6.075559936204671976e+04 9.836749951069017062e-01
6.075559962210741651e+04 9.802797232775487535e-01
6.075559988216811325e+04 9.718696157089735665e-01
6.075560014222880272e+04 9.851604700515808055e-01
6.075560040228950675e+04 9.889111525658039747e-01
6.075560066235019622e+04 9.938645398791530194e-01
6.075560092241089296e+04 9.956116376221557651e-01
6.075560118247158971e+04 9.881330742937483036e-01
6.075560144253227918e+04 9.873337024736384970e-01
6.075560170259296865e+04 9.942397911098778129e-01
6.075560196265366540e+04 9.875789292390511065e-01
6.075560222271436214e+04 9.921357090007157931e-01
6.075560248277505889e+04 9.892145853929502630e-01
6.075560274283574836e+04 9.770314318796955444e-01
6.075560300289644510e+04 9.768795945431265615e-01
6.075560326295714185e+04 9.823747534969082817e-01
6.075560352301783860e+04 9.913719262982541025e-01
6.075560378307853534e+04 9.857041911157694569e-01
6.075560404313922481e+04 9.846283879679003093e-01
6.075560430319992156e+04 9.881284864029719062e-01
6.075560456326061831e+04 9.794873030041196804e-01
6.075560482332130050e+04 9.767142772893298019e-01
6.075560508338199725e+04 9.791249200545244502e-01
6.075560534344269399e+04 9.984359691438572382e-01
6.075560560350339074e+04 9.867506533761122300e-01
6.075560586356408749e+04 9.879723489481621046e-01
6.075560612362477696e+04 9.910786025974964719e-01
6.075560638368547370e+04 9.865511695437828577e-01
6.075560664374617045e+04 9.881191194337033412e-01
6.075560690380686719e+04 9.812955476461511228e-01
6.075560716386756394e+04 9.880399594461826140e-01
6.075560742392825341e+04 9.834458757611130864e-01
6.075560768398895016e+04 9.832788451568709176e-01
6.075560794404964690e+04 9.817162897482034634e-01
6.075560820411032910e+04 9.842290099130688308e-01
6.075560846417102584e+04 9.773891467440380953e-01
6.075560872423172259e+04 9.989433594548732254e-01
6.075560898429241934e+04 9.863147368378248903e-01
6.075560924435311608e+04 9.902910482123934433e-01
6.075560950441380555e+04 9.677274057762336179e-01
6.075560976447450230e+04 9.826384528510386795e-01
6.075561002453519905e+04 9.858678791058699264e-01
6.075561028459589579e+04 9.696240756814168416e-01
6.075561054465659254e+04 9.869946397412788786e-01
6.075561080471728201e+04 9.729556453355641121e-01
6.075561106477797875e+04 9.795959361885828720e-01
6.075561132483867550e+04 9.866188915848926877e-01
6.075561158489937225e+04 9.866362252823526191e-01
6.075561184496006899e+04 9.905012981345201473e-01
6.075561210502075846e+04 9.666547147085373659e-01
6.075561236508144793e+04 9.891773661937413031e-01
6.075561262514214468e+04 9.648335652292178155e-01
6.075561288520283415e+04 9.753322414337544100e-01
6.075561314526353090e+04 9.803133487821660275e-01
6.075561340532422764e+04 9.830613509635671710e-01
6.075561366538492439e+04 9.870118754453667265e-01
6.075561392544562113e+04 9.798441520798643056e-01
6.075561418550631060e+04 9.841531510487850909e-01
6.075561444556700735e+04 9.811115775406137329e-01
6.075561470562770410e+04 9.780963654117140749e-01
6.075561496568840084e+04 9.842283659564881049e-01
6.075561522574909759e+04 9.807638450325502077e-01
6.075561548580978706e+04 9.853009510772138269e-01
6.075561574587048381e+04 9.778296336048621917e-01
6.075561600593118055e+04 9.799655894553948032e-01
6.075561626599187002e+04 9.770252916457831116e-01
6.075561652605256677e+04 9.692604253822149074e-01
6.075561678611326352e+04 9.849285341722332499e-01
6.075561704617396026e+04 9.767659924515486036e-01
6.075561730623465701e+04 9.986777116832706858e-01
6.075561756629534648e+04 9.784984088742305630e-01
6.075561782635604322e+04 9.818814018564362422e-01
6.075561808641673269e+04 9.953085243310878516e-01
6.075561834647742944e+04 9.838547592245876494e-01
6.075561860653812619e+04 9.778659445678883344e-01
6.075561886659881566e+04 9.874433428620953412e-01
6.075561912665951240e+04 9.789910751851799153e-01
6.075561938672020915e+04 9.899752731473526746e-01
6.075561964678089862e+04 9.751548276038961571e-01
6.075561990684160264e+04 9.748355475857672925e-01
6.075562016690229211e+04 9.727503274108032505e-01
6.075562042696298886e+04 9.824857210924382578e-01
6.075562068702368560e+04 9.825954135578482962e-01
6.075562094708437508e+04 9.761372604698876909e-01
6.075562120714507182e+04 9.713922598204630665e-01
6.075562146720576857e+04 9.894407384466001876e-01
6.075562172726646531e+04 9.860591495825474784e-01
6.075562198732716206e+04 9.835384485764099294e-01
6.075562224738785153e+04 9.754249419625516948e-01
6.075562250744854828e+04 9.698384154143347979e-01
6.075562276750924502e+04 9.869353242564344875e-01
6.075562302756994177e+04 9.824507920682014062e-01
6.075562328763063852e+04 9.893179005935591741e-01
6.075562490904599690e+04 9.756255677378757873e-01
6.075562516909990518e+04 9.946027620950387282e-01
6.075562542915379890e+04 9.882394439992064905e-01
6.075562568920769263e+04 9.767285773671058324e-01
6.075562594926160091e+04 9.757516702393430608e-01
6.075562620931549463e+04 9.866408364452700086e-01
6.075562646936939564e+04 9.901302298555608727e-01
6.075562672942329664e+04 9.876499068840213225e-01
6.075562698947719036e+04 9.662114805017827379e-01
6.075562724953109864e+04 9.887330137384184869e-01
6.075562750958499237e+04 9.746420284430949987e-01
6.075562776963889337e+04 9.824103843742445497e-01
6.075562802969280165e+04 9.841162574526628459e-01
6.075562828974669537e+04 9.870958444748434424e-01
6.075562854980059637e+04 9.878308666210519062e-01
6.075562880985449738e+04 9.776553733146313707e-01
6.075562906990839110e+04 9.687853288299073107e-01
6.075562932996229938e+04 9.921700777023179096e-01
6.075562959001619311e+04 9.732039993987128268e-01
6.075562985007009411e+04 9.892026207589605935e-01
6.075563011012399511e+04 9.762230402309904909e-01
6.075563037017788884e+04 9.859768692594550465e-01
6.075563063023179711e+04 9.899035822967666709e-01
6.075563089028569084e+04 9.905485220758817322e-01
6.075563115033958456e+04 9.889321620680431302e-01
6.075563141039349284e+04 9.975960666389301901e-01
6.075563167044738657e+04 9.910476864857353796e-01
6.075563193050128757e+04 9.771156232601322378e-01
6.075563219055518857e+04 9.917685075159198282e-01
6.075563245060908230e+04 9.969683706351830654e-01
6.075563271066299058e+04 9.854950262395408833e-01
6.075563297071688430e+04 9.881926488442531742e-01
6.075563323077078530e+04 9.887366358879605688e-01
6.075563349082468631e+04 9.778943149283735314e-01
6.075563375087858003e+04 9.965611120878973272e-01
6.075563401093248831e+04 9.794050229602507818e-01
6.075563427098638203e+04 9.844482188381665777e-01
6.075563453104027576e+04 9.861649236221734505e-01
6.075563479109418404e+04 9.796572313376394892e-01
6.075563505114807776e+04 9.717642811784934498e-01
6.075563531120197877e+04 9.822672782618475651e-01
6.075563557125588704e+04 9.797192057629523498e-01
6.075563583130978077e+04 9.874907611347732983e-01
6.075563609136368905e+04 9.819134466102278358e-01
6.075563635141758277e+04 9.777053743063827129e-01
6.075563661147148377e+04 9.947656083031979346e-01
6.075563687152538478e+04 9.827087183200829967e-01
6.075563713157927850e+04 9.885974043535171729e-01
6.075563739163318678e+04 9.921635152957842818e-01
6.075563765168708051e+04 9.861795828974865286e-01
6.075563791174097423e+04 9.931370501849950960e-01
6.075563817179488251e+04 9.912895909566900032e-01
6.075563843184877624e+04 9.862335077349277945e-01
6.075563869190267724e+04 9.901185221899866384e-01
6.075563895195657824e+04 9.881388948379963288e-01
6.075563921201047197e+04 9.914520667838593315e-01
6.075563947206438024e+04 9.847934359861724163e-01
6.075563973211827397e+04 9.991366079089593066e-01
6.075563999217217497e+04 9.814825469794488111e-01
6.075564025222608325e+04 9.997758866309868209e-01
6.075564051227997697e+04 9.951066440017036774e-01
6.075564077233388525e+04 9.865731171588147941e-01
6.075564103238777898e+04 9.998694459950621116e-01
6.075564129244167270e+04 9.837587130310461170e-01
6.075564155249558098e+04 9.829974082132442170e-01
6.075564181254947471e+04 9.950903928591283698e-01
6.075564207260337571e+04 9.848514367466166819e-01
6.075564233265727671e+04 9.875605035768122431e-01
6.075564259271117044e+04 9.917676453393615699e-01
6.075564285276507871e+04 9.980866035348510135e-01
6.075564311281897244e+04 9.841587336743981007e-01
6.075564337287286617e+04 1.000181748356246514e+00
6.075564363292677444e+04 9.985976295825554905e-01
6.075564389298066817e+04 9.917929605576109031e-01
6.075564415303458372e+04 9.967956459550010306e-01
6.075564441308847745e+04 1.000638367468226431e+00
6.075564467314237118e+04 9.973433978965172697e-01
6.075564493319627945e+04 9.991823675158307827e-01
6.075564519325017318e+04 1.007054573196681568e+00
6.075564545330407418e+04 1.006241299393669353e+00
6.075564571335797518e+04 9.991466439217192574e-01
6.075564597341186891e+04 1.001745925486404731e+00
6.075564623346577719e+04 1.000596603587840194e+00
6.075564649351967091e+04 9.791544773875120455e-01
6.075564675357356464e+04 1.001906768881166032e+00
6.075564701362747292e+04 9.915023384770071946e-01
6.075564727368136664e+04 9.965772672820175648e-01
6.075564753373527492e+04 9.850536395387837763e-01
6.075564779378917592e+04 9.915435934495301362e-01
6.075564805384306965e+04 1.003364025884418531e+00
6.075564831389697792e+04 9.896033792327278977e-01
6.075564857395087165e+04 1.004847351214707141e+00
6.075564883400477265e+04 9.888870316499638324e-01
6.075564909405867365e+04 9.930807262223748655e-01
6.075564935411256738e+04 9.809366630823781463e-01
6.075564961416647566e+04 9.967165076562015669e-01
6.075564987422036938e+04 1.010266839362576441e+00
6.075565013427426311e+04 9.885615311420520301e-01
6.075565039432817866e+04 1.000980485533250031e+00
6.075565065438207239e+04 9.940204617225556483e-01
6.075565091443597339e+04 9.961170827137841854e-01
6.075565117448987439e+04 9.851737205998517544e-01
6.075565143454376812e+04 9.908435367165636665e-01
6.075565169459767640e+04 9.979014479108352376e-01
6.075565195465157012e+04 1.000277972573525798e+00
6.075565221470547112e+04 1.006009171432920901e+00
6.075565247475937213e+04 1.005365874614630117e+00
6.075565273481326585e+04 9.979336185313645302e-01
6.075565299486718141e+04 1.005184002712684821e+00
6.075565325492107513e+04 9.946563515419339918e-01
6.075565492676799477e+04 9.969971900870935322e-01
6.075565518682868424e+04 9.954198189179377376e-01
6.075565544688938098e+04 1.008040259724979570e+00
6.075565570695007773e+04 9.933163120199586249e-01
6.075565596701077448e+04 1.007534093508815065e+00
6.075565622707147122e+04 9.848327109479011465e-01
6.075565648713216069e+04 9.912161903604406188e-01
6.075565674719285744e+04 1.004019143827588056e+00
6.075565700725356146e+04 1.002472698199367906e+00
6.075565726731425821e+04 9.990804988266134279e-01
6.075565752737495495e+04 9.992815509084876924e-01
6.075565778743564442e+04 1.007127635747721239e+00
6.075565804749634117e+04 1.001932904785085121e+00
6.075565830755703792e+04 9.905656113148453290e-01
6.075565856761772739e+04 9.934932947665232605e-01
6.075565882767842413e+04 1.004385253623475416e+00
6.075565908773912088e+04 1.010504482804166715e+00
6.075565934779981762e+04 9.861207640837357236e-01
6.075565960786051437e+04 9.935515598828549289e-01
6.075565986792121112e+04 1.003374094880469247e+00
6.075566012798190786e+04 1.001713908527440688e+00
6.075566038804260461e+04 9.948514468821268997e-01
6.075566064810330136e+04 1.002950259690430279e+00
6.075566090816399810e+04 9.954906743137190706e-01
6.075566116822468757e+04 1.000368814551386043e+00
6.075566142828538432e+04 1.000562677937738787e+00
6.075566168834608106e+04 1.007211504287496728e+00
6.075566194840677781e+04 1.003510964060443822e+00
6.075566220846748183e+04 9.897942656873272016e-01
6.075566246852817130e+04 1.002509729554430074e+00
6.075566272858886805e+04 9.965609170051425991e-01
6.075566298864956480e+04 1.004115709143173385e+00
6.075566324871025427e+04 9.992305009657198589e-01
6.075566350877095101e+04 9.939130742899098259e-01
6.075566376883164776e+04 9.965004372585871684e-01
6.075566402889234450e+04 9.972561500883027064e-01
6.075566428895304125e+04 1.004143182838771908e+00
6.075566454901373800e+04 1.002747269566036437e+00
6.075566480907443474e+04 1.000130985325967226e+00
6.075566506913513149e+04 1.011851964019236716e+00
6.075566532919582824e+04 1.005665000773164230e+00
6.075566558925652498e+04 1.004021078855417359e+00
6.075566584931721445e+04 1.009515627332728149e+00
6.075566610937791120e+04 1.007635074007218856e+00
6.075566636943860794e+04 9.868788249297310022e-01
6.075566662949930469e+04 1.010288274461257352e+00
6.075566688956000144e+04 1.006598970015327943e+00
6.075566714962069818e+04 1.003377683383485541e+00
6.075566740968139493e+04 1.002736685765898805e+00
6.075566766974209168e+04 1.005591749206413477e+00
6.075566792980278115e+04 9.900934376903335332e-01
6.075566818986347789e+04 9.952972860020766754e-01
6.075566844992417464e+04 1.001678176315909718e+00
6.075566870998487866e+04 1.020812382135224849e+00
6.075566897004557541e+04 9.909095459631203084e-01
6.075566923010626488e+04 9.966228215659426182e-01
6.075566949016696162e+04 1.011341934814388832e+00
6.075566975022765837e+04 1.002505072249555207e+00
6.075567001028834784e+04 9.905591973292837693e-01
6.075567027034905186e+04 1.002404754485800575e+00
6.075567053040974133e+04 9.919219864394082098e-01
6.075567079047044535e+04 9.892384509550207206e-01
6.075567105053114210e+04 9.984819679798109249e-01
6.075567131059183157e+04 1.006071685740675958e+00
6.075567157065252832e+04 1.003670575382827224e+00
6.075567183071322506e+04 9.938474830174620633e-01
6.075567209077392181e+04 9.790147347854754045e-01
6.075567235083461856e+04 1.007452382660607659e+00
6.075567261089531530e+04 9.951364696079627592e-01
6.075567287095601205e+04 9.982886715649514908e-01
6.075567313101670879e+04 1.000041766167520940e+00
6.075567339107740554e+04 9.937266387934374778e-01
6.075567365113810229e+04 9.984061343635616259e-01
6.075567391119879176e+04 9.945800238350108735e-01
6.075567417125948850e+04 9.975806480495448270e-01
6.075567443132019253e+04 9.804395252288121698e-01
6.075567469138088200e+04 9.988773552595593408e-01
6.075567495144157874e+04 9.835063190530709543e-01
6.075567521150227549e+04 9.979655860835437986e-01
6.075567547156297223e+04 9.741874622066464262e-01
6.075567573162366898e+04 9.936555200336586458e-01
6.075567599168436573e+04 9.901718184780642362e-01
6.075567625174506247e+04 1.000502138097651095e+00
6.075567651180575922e+04 9.940519329315029573e-01
6.075567677186645597e+04 9.904460741924909772e-01
6.075567703192715271e+04 9.912357801051606687e-01
6.075567729198784218e+04 9.903680198369394505e-01
6.075567755204853893e+04 9.993619365146705347e-01
6.075567781210924295e+04 1.000622881094863637e+00
6.075567807216993242e+04 9.882448138132711168e-01
6.075567833223062917e+04 9.907853648173599037e-01
6.075567859229132591e+04 9.823794139754901122e-01
6.075567885235202266e+04 9.854354574620285412e-01
6.075567911241271941e+04 1.002017022704692062e+00
6.075567937247341615e+04 9.950343235150546084e-01
6.075567963253411290e+04 9.953095743320408140e-01
6.075567989259480964e+04 9.833354457108559599e-01
6.075568015265550639e+04 9.859683133680456901e-01
6.075568041271620314e+04 9.991975758009271624e-01
6.075568067277689261e+04 9.844805252499332360e-01
6.075568093283759663e+04 9.888720766300685971e-01
6.075568119289829338e+04 9.852326988749653403e-01
6.075568145295898285e+04 9.974043620227849294e-01
6.075568171301968687e+04 9.831894187873736479e-01
6.075568197308037634e+04 1.001239961760999497e+00
6.075568223314107308e+04 9.923002550469303129e-01
6.075568249320177711e+04 9.983597061107817305e-01
6.075568275326246658e+04 9.976198833744938099e-01
6.075568301332316332e+04 9.924096634921606430e-01
6.075568327338386007e+04 9.926605676311670567e-01
6.075568483179301256e+04 9.840110139816429236e-01
6.075568509184680443e+04 9.918788074836641933e-01
6.075568535190059629e+04 9.967149646137944963e-01
6.075568561195438815e+04 9.786055513563072239e-01
6.075568587200818729e+04 9.867474041493591308e-01
6.075568613206199370e+04 9.777782696665107132e-01
6.075568639211578557e+04 9.929474061680308994e-01
6.075568665216957743e+04 9.752358099454738749e-01
6.075568691222336929e+04 9.770736264938002513e-01
6.075568717227716115e+04 9.903409522018934430e-01
6.075568743233096029e+04 9.921843984007501227e-01
6.075568769238475215e+04 9.829901068647106666e-01
6.075568795243854402e+04 9.845162002809902946e-01
6.075568821249233588e+04 9.818705324227376963e-01
6.075568847254613502e+04 9.821401213409436393e-01
6.075568873259992688e+04 9.855010047738285150e-01
6.075568899265372602e+04 9.888977390412599933e-01
6.075568925270752516e+04 9.805035035382838604e-01
6.075568951276131702e+04 9.866741324366206101e-01
6.075568977281511616e+04 9.700099376045624444e-01
6.075569003286890802e+04 9.790597750374546715e-01
6.075569029292269988e+04 9.875682265120919734e-01
6.075569055297649174e+04 9.880717158931724420e-01
6.075569081303029088e+04 9.901043366144756108e-01
6.075569107308408275e+04 9.908790972600572955e-01
6.075569133313787461e+04 9.909696729723524999e-01
6.075569159319166647e+04 9.994331593758329912e-01
6.075569185324547288e+04 9.768343566680262047e-01
6.075569211329927202e+04 9.859382672069156861e-01
6.075569237335306389e+04 9.915532486664573320e-01
6.075569263340685575e+04 9.919055965507003192e-01
6.075569289346064761e+04 9.847592714987961626e-01
6.075569315351444675e+04 9.918945952062216964e-01
6.075569341356823861e+04 9.782522416354227923e-01
6.075569367362203047e+04 9.845134810145014237e-01
6.075569393367582234e+04 9.827442266135004711e-01
6.075569419372962147e+04 9.879051766988976579e-01
6.075569445378341334e+04 9.898693373455652589e-01
6.075569471383720520e+04 9.769487466221121741e-01
6.075569497389100434e+04 9.896290811240587848e-01
6.075569523394481075e+04 9.748295366800597828e-01
6.075569549399860261e+04 9.842380459776083335e-01
6.075569575405239448e+04 9.673365662732135162e-01
6.075569601410618634e+04 9.777642391675789302e-01
6.075569627415998548e+04 9.773343089550134977e-01
6.075569653421377734e+04 9.827630341144829584e-01
6.075569679426756920e+04 9.797635771261197224e-01
6.075569705432136107e+04 9.867862452924460737e-01
6.075569731437516020e+04 9.839353843931305521e-01
6.075569757442895207e+04 9.724646311019840006e-01
6.075569783448274393e+04 9.924568665363241449e-01
6.075569809453654307e+04 9.860056805854474637e-01
6.075569835459034948e+04 9.799664195017451229e-01
6.075569861464414134e+04 9.762281626332370843e-01
6.075569887469793321e+04 9.882564798861057653e-01
6.075569913475172507e+04 9.733625381411077360e-01
6.075569939480552421e+04 9.882947760836815476e-01
6.075569965485931607e+04 9.912991067268139833e-01
6.075569991491310793e+04 9.856186417172304592e-01
6.075570017496689979e+04 9.782286213022249877e-01
6.075570043502069893e+04 9.852650215974193548e-01
6.075570069507449080e+04 9.751583265643263276e-01
6.075570095512828993e+04 9.846273897902655392e-01
6.075570121518208907e+04 9.833619599822983615e-01
6.075570147523588821e+04 9.778019630277454688e-01
6.075570173528968007e+04 9.810316697397793995e-01
6.075570199534347194e+04 9.844701399465441982e-01
6.075570225539727107e+04 9.713293899389798813e-01
6.075570251545106294e+04 9.814497829453786570e-01
6.075570277550485480e+04 9.738336583161723015e-01
6.075570303555864666e+04 9.876392131192304191e-01
6.075570329561244580e+04 9.824041726592582791e-01
6.075570355566623766e+04 9.755197376419003641e-01
6.075570381572002952e+04 9.936639209062233524e-01
6.075570407577382866e+04 9.804736440415253718e-01
6.075570433582763508e+04 9.784452303800578177e-01
6.075570459588142694e+04 9.786733666733156145e-01
6.075570485593521880e+04 9.793509410792422543e-01
6.075570511598901066e+04 9.751171907021325413e-01
6.075570537604280980e+04 9.896886306123472421e-01
6.075570563609660167e+04 9.861556412702213725e-01
6.075570589615039353e+04 9.908125723141667507e-01
6.075570615620419267e+04 9.659320362566723439e-01
6.075570641625798453e+04 9.814788731789112486e-01
6.075570667631177639e+04 9.825994248310131463e-01
6.075570693636557553e+04 9.773736755540538557e-01
6.075570719641938194e+04 9.821749408005212567e-01
6.075570745647317381e+04 9.851379380357710991e-01
6.075570771652696567e+04 9.767920137015964066e-01
6.075570797658076481e+04 9.876615399755863667e-01
6.075570823663455667e+04 9.890604537376385119e-01
6.075570849668834853e+04 9.765435864752435302e-01
6.075570875674214039e+04 9.827351452791408537e-01
6.075570901679593953e+04 9.966163465976305424e-01
6.075570927684973140e+04 9.777016080593096126e-01
6.075570953690352326e+04 9.832380787117127596e-01
6.075570979695732240e+04 9.866690599009539930e-01
6.075571005701112153e+04 9.761986772143911306e-01
6.075571031706492067e+04 9.833174549621753746e-01
6.075571057711871254e+04 9.753177875528353802e-01
6.075571083717251167e+04 9.853336065052014092e-01
6.075571109722630354e+04 9.860159138062464246e-01
6.075571135728009540e+04 9.922335899220170452e-01
6.075571161733389454e+04 9.975058763442147258e-01
6.075571187738768640e+04 9.872926978282485777e-01
6.075571213744147826e+04 9.888302576145800993e-01
6.075571239749527740e+04 9.963524893935503668e-01
6.075571265754906926e+04 9.671490159530438113e-01
6.075571291760286840e+04 9.910491227471728282e-01
6.075571317765666754e+04 9.784311166885856226e-01
6.075571474868715450e+04 9.874713970872799340e-01
6.075571500874785124e+04 9.965659064941088108e-01
6.075571526880854799e+04 9.856185058938750077e-01
6.075571552886924474e+04 9.772306499887152276e-01
6.075571578892994148e+04 9.935456879080815096e-01
6.075571604899063823e+04 9.866401459799424289e-01
6.075571630905133497e+04 9.942219933180660441e-01
6.075571656911203172e+04 9.849833917447338161e-01
6.075571682917273574e+04 9.886133765504457882e-01
6.075571708923342521e+04 9.799380887331425871e-01
6.075571734929412196e+04 9.822109090785188235e-01
6.075571760935482598e+04 9.834607815624146765e-01
6.075571786941552273e+04 9.791845054713642638e-01
6.075571812947621947e+04 9.750457862290479172e-01
6.075571838953690894e+04 9.827676163995329173e-01
6.075571864959761297e+04 9.908941333384809758e-01
6.075571890965830971e+04 9.830553183201478085e-01
6.075571916971899918e+04 9.767327112954787838e-01
6.075571942977970320e+04 9.937368839747711124e-01
6.075571968984039995e+04 9.899656524432328686e-01
6.075571994990109670e+04 9.798800549531767601e-01
6.075572020996180072e+04 9.854375450853086749e-01
6.075572047002249019e+04 9.818229273685410430e-01
6.075572073008318694e+04 1.002039253537306163e+00
6.075572099014388368e+04 9.836037621186835000e-01
6.075572125020458770e+04 9.953014351982170105e-01
6.075572151026528445e+04 9.862103263719199653e-01
6.075572177032597392e+04 9.902541687926251779e-01
6.075572203038667794e+04 9.946337973939642918e-01
6.075572229044737469e+04 9.828310966468716270e-01
6.075572255050806416e+04 9.866314269763245548e-01
6.075572281056877546e+04 9.852339069047959530e-01
6.075572307062946493e+04 9.865513547005076989e-01
6.075572333069016167e+04 9.958385965205139856e-01
6.075572359075086570e+04 9.959377407191321030e-01
6.075572385081155517e+04 9.915799906111962825e-01
6.075572411087225191e+04 9.869667200173838362e-01
6.075572437093294866e+04 1.000643717817752520e+00
6.075572463099365268e+04 9.895386077465911923e-01
6.075572489105434943e+04 9.876680128751901266e-01
6.075572515111503890e+04 9.910342743622013728e-01
6.075572541117574292e+04 9.994864982303337531e-01
6.075572567123643967e+04 9.813787695551738910e-01
6.075572593129713641e+04 9.839086630212708906e-01
6.075572619135784043e+04 1.001114465192057823e+00
6.075572645141852990e+04 9.885992408686664623e-01
6.075572671147922665e+04 9.984646345859744532e-01
6.075572697153993067e+04 9.964060565130279379e-01
6.075572723160062014e+04 9.935744190258464226e-01
6.075572749166131689e+04 1.005954132637623566e+00
6.075572775172202091e+04 9.930033679926244528e-01
6.075572801178271766e+04 9.950616552213001897e-01
6.075572827184341440e+04 1.012166934363202264e+00
6.075572853190411115e+04 9.954413705781802735e-01
6.075572879196480790e+04 9.945257683076100808e-01
6.075572905202550464e+04 1.000839248221482070e+00
6.075572931208620867e+04 9.946519624179135377e-01
6.075572957214690541e+04 9.959006957253377923e-01
6.075572983220759488e+04 9.927342041774831483e-01
6.075573009226829890e+04 9.953196529504887424e-01
6.075573035232899565e+04 9.849196124368775340e-01
6.075573061238968512e+04 9.993799971461961862e-01
6.075573087245038914e+04 9.849029585390989272e-01
6.075573113251108589e+04 9.991995135486747559e-01
6.075573139257178264e+04 9.964200832487063453e-01
6.075573165263248666e+04 9.978402318408780003e-01
6.075573191269317613e+04 9.967947686657184780e-01
6.075573217275387287e+04 9.877025429919621402e-01
6.075573243281457690e+04 9.918909229743737566e-01
6.075573269287527364e+04 9.935848415911877618e-01
6.075573295293597039e+04 9.901881494041337994e-01
6.075573321299666713e+04 9.988765296362110968e-01
6.075573347305736388e+04 1.002006941954569852e+00
6.075573373311806063e+04 1.002385107333576109e+00
6.075573399317875737e+04 1.004245059656987626e+00
6.075573425323946140e+04 9.939671163094769835e-01
6.075573451330015087e+04 1.001684697242241517e+00
6.075573477336085489e+04 1.014383005619572842e+00
6.075573503342155163e+04 9.882370055176333823e-01
6.075573529348224110e+04 9.917082427780118392e-01
6.075573555354294513e+04 9.895424944314099580e-01
6.075573581360364187e+04 1.002230856759329214e+00
6.075573607366434589e+04 1.008992788529433193e+00
6.075573633372504264e+04 1.005733745508326171e+00
6.075573659378573211e+04 1.004295771170814255e+00
6.075573685384643613e+04 1.009478927036615792e+00
6.075573711390713288e+04 1.008031218407070551e+00
6.075573737396782963e+04 1.005387774023827729e+00
6.075573763402853365e+04 9.969545172362832552e-01
6.075573789408922312e+04 9.934680331520814311e-01
6.075573815414991986e+04 1.009613127742716943e+00
6.075573841421062389e+04 9.990600786068146721e-01
6.075573867427131336e+04 1.004874355602495939e+00
6.075573893433201010e+04 9.885049604262372558e-01
6.075573919439271413e+04 1.010894820895753332e+00
6.075573945445341087e+04 9.904868754849632806e-01
6.075573971451411489e+04 9.945291568639076374e-01
6.075573997457480436e+04 9.980745355633778848e-01
6.075574023463550111e+04 1.001853504310892040e+00
6.075574049469620513e+04 9.887261987494323501e-01
6.075574075475690188e+04 1.004021933163060876e+00
6.075574101481759863e+04 1.000013460793508280e+00
6.075574127487829537e+04 9.989761902118486914e-01
6.075574153493899212e+04 9.954097330429790835e-01
6.075574179499969614e+04 1.013763902301704656e+00
6.075574205506038561e+04 1.011616395454324246e+00
6.075574231512108236e+04 1.005373918557168400e+00
6.075574257518178638e+04 1.005134493393063488e+00
6.075574283524248312e+04 1.005357647706312640e+00
6.075574309530317987e+04 9.996327157471652791e-01
6.075574483016229351e+04 1.010441175834652316e+00
6.075574509021608537e+04 1.014362928017938481e+00
6.075574535026989179e+04 9.970308481436981340e-01
6.075574561032369093e+04 9.936576443141489356e-01
6.075574587037748279e+04 9.934470127241147308e-01
6.075574613043128193e+04 9.924148769418160709e-01
6.075574639048507379e+04 9.950329038197809339e-01
6.075574665053887293e+04 1.004787688260555756e+00
6.075574691059266479e+04 1.005245800272753787e+00
6.075574717064645665e+04 9.995142538281821531e-01
6.075574743070025579e+04 9.994995712811111099e-01
6.075574769075404765e+04 1.006562253196094714e+00
6.075574795080784679e+04 9.927191697886960098e-01
6.075574821086163865e+04 1.009744903058486853e+00
6.075574847091544507e+04 1.007382919842631175e+00
6.075574873096924421e+04 9.984228869574622856e-01
6.075574899102303607e+04 9.973271828336423006e-01
6.075574925107683521e+04 1.001304572031140872e+00
6.075574951113062707e+04 1.001264069155405778e+00
6.075574977118442621e+04 1.002785874428343549e+00
6.075575003123821807e+04 1.001579860479243189e+00
6.075575029129201721e+04 1.011461798924725652e+00
6.075575055134580907e+04 9.987730300064198152e-01
6.075575081139960093e+04 1.009110574985371489e+00
6.075575107145340007e+04 1.003314371755413159e+00
6.075575133150719921e+04 1.001928730720421878e+00
6.075575159156100563e+04 1.002176572207674310e+00
6.075575185161479749e+04 9.910836158307566590e-01
6.075575211166859663e+04 9.968409676413934051e-01
6.075575237172238849e+04 9.930886985035327630e-01
6.075575263177618035e+04 1.013464185851263410e+00
6.075575289182997949e+04 9.948090844204143801e-01
6.075575315188377135e+04 1.009555145275294219e+00
6.075575341193757049e+04 1.002286525099872705e+00
6.075575367199136235e+04 1.000392807800434047e+00
6.075575393204516149e+04 1.014913187026729391e+00
6.075575419209895335e+04 9.847130973321539527e-01
6.075575445215275249e+04 9.962903998347883983e-01
6.075575471220655891e+04 9.961470642424081756e-01
6.075575497226035077e+04 9.863416818501072880e-01
6.075575523231414991e+04 1.008734171214427988e+00
6.075575549236794177e+04 9.945178180177377536e-01
6.075575575242174091e+04 1.015438041229742350e+00
6.075575601247553277e+04 9.986489458803079478e-01
6.075575627252933191e+04 9.981582049776265286e-01
6.075575653258312377e+04 9.994419529021024706e-01
6.075575679263691563e+04 9.911348277090814562e-01
6.075575705269071477e+04 9.916494041130202719e-01
6.075575731274451391e+04 9.993928973671074578e-01
6.075575757279832033e+04 9.914641947030673474e-01
6.075575783285211219e+04 9.967085938394187883e-01
6.075575809290591133e+04 9.915262346046889164e-01
6.075575835295970319e+04 1.000238234259148928e+00
6.075575861301350233e+04 9.963133952155577289e-01
6.075575887306729419e+04 1.003502425166700629e+00
6.075575913312109333e+04 9.884589260845257908e-01
6.075575939317488519e+04 9.959267356611238853e-01
6.075575965322867705e+04 9.790469939990524839e-01
6.075575991328247619e+04 9.893769455829857229e-01
6.075576017333626805e+04 9.781087329973492395e-01
6.075576043339007447e+04 9.789474736820462653e-01
6.075576069344387361e+04 1.002494288376184706e+00
6.075576095349767274e+04 9.910462437846718764e-01
6.075576121355146461e+04 9.973695432888332046e-01
6.075576147360526375e+04 9.970539664949148451e-01
6.075576173365905561e+04 9.966302802563424823e-01
6.075576199371285475e+04 9.876536323722128197e-01
6.075576225376664661e+04 9.932581547238782393e-01
6.075576251382044575e+04 9.877980665875109034e-01
6.075576277387423761e+04 9.892514371807020757e-01
6.075576303392802947e+04 9.969022219014608277e-01
6.075576329398183589e+04 1.003240767919567178e+00
6.075576355403563502e+04 9.888495200069183921e-01
6.075576381408943416e+04 1.000823120804687383e+00
6.075576407414322603e+04 9.872227846095792403e-01
6.075576433419702516e+04 9.906955610983916305e-01
6.075576459425081703e+04 9.905791027982866481e-01
6.075576485430461616e+04 9.826743067361971562e-01
6.075576511435840803e+04 9.965961723323193411e-01
6.075576537441220717e+04 9.871369735102005771e-01
6.075576563446599903e+04 9.954591599355649967e-01
6.075576589451979817e+04 1.005821886444710600e+00
6.075576615457359003e+04 9.945386042156463269e-01
6.075576641462739644e+04 9.823841965930596443e-01
6.075576667468119558e+04 9.859533096713822831e-01
6.075576693473499472e+04 9.974499471056283983e-01
6.075576719478878658e+04 9.815075930162032725e-01
6.075576745484258572e+04 9.894220168305742913e-01
6.075576771489637758e+04 9.871002476105013024e-01
6.075576797495017672e+04 9.794555911824953665e-01
6.075576823500396858e+04 9.980868783506918751e-01
6.075576849505776045e+04 9.904651522768673777e-01
6.075576875511155959e+04 9.819480200754987509e-01
6.075576901516535145e+04 9.791113318549502509e-01
6.075576927521915786e+04 9.931612681366767115e-01
6.075576953527295700e+04 9.847225851631685734e-01
6.075576979532675614e+04 1.000437569783451996e+00
6.075577005538054800e+04 9.728560616591156451e-01
6.075577031543434714e+04 9.930843055870894887e-01
6.075577057548813900e+04 9.843992527078095911e-01
6.075577083554193814e+04 9.884003319080940653e-01
6.075577109559573000e+04 9.922305677942385715e-01
6.075577135564952914e+04 9.929026801844968997e-01
6.075577161570332100e+04 9.860548561421772495e-01
6.075577187575712014e+04 9.870944789395131869e-01
6.075577213581091200e+04 9.994418427992399767e-01
6.075577239586471842e+04 9.861630871202893278e-01
6.075577265591851756e+04 9.839763200574453972e-01
6.075577291597231670e+04 9.748066857681859654e-01
6.075577317602610856e+04 9.888106675360057718e-01
