6.075585120116569306e+04 9.993137943875288753e-01
6.075585146121949219e+04 9.978848983925765470e-01
6.075585172127328406e+04 1.000252964026260516e+00
6.075585198132708319e+04 1.010199371718951022e+00
6.075585224138088233e+04 1.008585709917964701e+00
6.075585250143468147e+04 9.936484666119698161e-01
6.075585276148847333e+04 1.005528399253914795e+00
6.075585302154227247e+04 9.961432431579388957e-01
6.075585328159607161e+04 1.002276236744175097e+00
6.075585354164987803e+04 1.007374415987912331e+00
6.075585380170368444e+04 1.012688276539633003e+00
6.075585406175747630e+04 1.004501871936126278e+00
6.075585432181127544e+04 1.008646878536684444e+00
6.075585458186507458e+04 9.923498660420113637e-01
6.075585484191887372e+04 1.000904984456432834e+00
6.075585510197266558e+04 1.007461893962533939e+00
6.075585536202646472e+04 1.002846740664278480e+00
6.075585562208026386e+04 1.008301141167436965e+00
6.075585588213406299e+04 1.006504751954840460e+00
6.075585614218786213e+04 1.009216687576612870e+00
6.075585640224165400e+04 1.005604113128209409e+00
6.075585666229546041e+04 1.003606971442637219e+00
6.075585692234926682e+04 1.005004554529097094e+00
6.075585718240306596e+04 1.004954033080343923e+00
6.075585744245685783e+04 1.007975449345219321e+00
6.075585770251065696e+04 1.007542890494835364e+00
6.075585796256445610e+04 1.003251741218815773e+00
6.075585822261825524e+04 1.004504715206418375e+00
6.075585848267205438e+04 1.008105702713955054e+00
6.075585874272584624e+04 9.976065628795746099e-01
6.075585900277964538e+04 9.952996044079612803e-01
6.075585926283344452e+04 1.006160795710951072e+00
6.075585952288725093e+04 1.001534326044119627e+00
6.075585978294105735e+04 1.002223201118065621e+00
6.075586004299484921e+04 1.010299332796446459e+00
6.075586030304864835e+04 1.007362666277472840e+00
6.075586056310244749e+04 1.008704462028271687e+00
6.075586082315624662e+04 1.001954836166688345e+00
6.075586108321004576e+04 1.001200496349495372e+00
6.075586134326383763e+04 1.008516643821214087e+00
6.075586160331763676e+04 1.004880536683261161e+00
6.075586186337143590e+04 1.001430743959464742e+00
6.075586212342523504e+04 1.004096049534268120e+00
6.075586238347903418e+04 9.978855899202553337e-01
6.075586264353283332e+04 1.007121369379772924e+00
6.075586290358663973e+04 9.959210517560089793e-01
6.075586316364043887e+04 9.992714879335546918e-01
6.075586342369423801e+04 1.006014124058768999e+00
6.075586368374803715e+04 9.970842835359328138e-01
6.075586394380182901e+04 1.008220473690895513e+00
6.075586420385562815e+04 1.002458254511171987e+00
6.075586446390942729e+04 1.004468924819080566e+00
6.075586472396322642e+04 1.004258169941656842e+00
6.075586498401702556e+04 1.007431273973680819e+00
6.075586524407081743e+04 9.939546089924441441e-01
6.075586550412462384e+04 1.005376956287495460e+00
6.075586576417843025e+04 1.004378593330556457e+00
6.075586602423222939e+04 9.983062565292561974e-01
6.075586628428602853e+04 9.882347654575347473e-01
6.075586654433982039e+04 1.001031596144109415e+00
6.075586680439361953e+04 1.004262022493574991e+00
6.075586706444741867e+04 1.010312056538757997e+00
6.075586732450121781e+04 1.002523490475183632e+00
6.075586758455501695e+04 1.000717813221194019e+00
6.075586784460881609e+04 1.013993602499301483e+00
6.075586810466260795e+04 9.867237540837453524e-01
6.075586836471640709e+04 1.003479777234934867e+00
6.075586862477021350e+04 9.956052495037682748e-01
6.075586888482401991e+04 1.003606107721689122e+00
6.075586914487781905e+04 1.007372680264485787e+00
6.075586940493161092e+04 9.884379136068845995e-01
6.075586966498541005e+04 1.002092058465724911e+00
6.075586992503920919e+04 9.960023814480707394e-01
6.075587018509300833e+04 1.005126227773378123e+00
6.075587044514680747e+04 9.968674741042971021e-01
6.075587070520060661e+04 9.972480970532013878e-01
6.075587096525439847e+04 9.973301481219977171e-01
6.075587122530819761e+04 9.856903007785982052e-01
6.075587148536199675e+04 9.983443398944610303e-01
6.075587174541581044e+04 1.007572682554579213e+00
6.075587200546960958e+04 1.003025140649191904e+00
6.075587226552340871e+04 9.992350671358496417e-01
6.075587252557720058e+04 9.956581432916802310e-01
6.075587278563099972e+04 1.003647167929834438e+00
6.075587304568479885e+04 9.984212038698028202e-01
6.075587330573859799e+04 1.003223741270012459e+00
6.075587356579239713e+04 9.895690542369487419e-01
6.075587382584619627e+04 1.001898576021986953e+00
6.075587408589998813e+04 9.940140515557424061e-01
6.075587434595378727e+04 9.996431225580965085e-01
6.075587460600759368e+04 9.992078651967593039e-01
6.075587486606140010e+04 1.002429811401728710e+00
6.075587512611519924e+04 1.002624105073315564e+00
6.075587538616899838e+04 9.956307510133914906e-01
6.075587564622279751e+04 1.000336310981893684e+00
6.075587590627658938e+04 1.005842005823318397e+00
6.075587616633038851e+04 1.000113272738425207e+00
6.075587642638418765e+04 9.921114034619811228e-01
6.075587668643798679e+04 9.958470800150139857e-01
6.075587694649178593e+04 1.002259761572190877e+00
6.075587720654558507e+04 9.997872353274970258e-01
6.075587746659937693e+04 1.001865277640602514e+00
6.075587772665318334e+04 1.008871977338375192e+00
6.075587798670698976e+04 9.995321552572502544e-01
6.075587824676078890e+04 9.925197902122830929e-01
6.075587850681458804e+04 1.001041310596006317e+00
6.075587876686838717e+04 1.009636352630963962e+00
6.075587902692218631e+04 1.007771840769063898e+00
6.075587928697597818e+04 9.917581144585231323e-01
6.075587954702977731e+04 9.855202409641151684e-01
6.075588115586427011e+04 1.009218704912890008e+00
6.075588141592496686e+04 9.955821670834129611e-01
6.075588167598567088e+04 9.937529792168221521e-01
6.075588193604636763e+04 9.948780343542422688e-01
6.075588219610707165e+04 1.012481024712585054e+00
6.075588245616777567e+04 1.004251433217242084e+00
6.075588271622847242e+04 1.003565145812661097e+00
6.075588297628917644e+04 9.970188897737433109e-01
6.075588323634988046e+04 9.924639014905137779e-01
6.075588349641056993e+04 9.928583504264172355e-01
6.075588375647127395e+04 9.999134208732347595e-01
6.075588401653197798e+04 9.950190910332069594e-01
6.075588427659268200e+04 9.983225623779067304e-01
6.075588453665338602e+04 9.957159279141040154e-01
6.075588479671408277e+04 9.883077440747121134e-01
6.075588505677478679e+04 1.001101744074529343e+00
6.075588531683548354e+04 1.002953139738593125e+00
6.075588557689618756e+04 9.915466371099396214e-01
6.075588583695689158e+04 9.970837390330959948e-01
6.075588609701758833e+04 9.912564476274732250e-01
6.075588635707829235e+04 1.000896720369492510e+00
6.075588661713899637e+04 1.003664959309194415e+00
6.075588687719969312e+04 9.945933518167322518e-01
6.075588713726038986e+04 9.979125441996361534e-01
6.075588739732109389e+04 9.970953969506808345e-01
6.075588765738179791e+04 1.015540349089502525e+00
6.075588791744250193e+04 9.931322371054054354e-01
6.075588817750319868e+04 9.931902295036613149e-01
6.075588843756390270e+04 1.008785931241779066e+00
6.075588869762460672e+04 9.983661820262258457e-01
6.075588895768530347e+04 1.004247401713822541e+00
6.075588921774600749e+04 1.012287464291592221e+00
6.075588947780670424e+04 9.918052513740742704e-01
6.075588973786740826e+04 1.001682895387446148e+00
6.075588999792811228e+04 9.977178452699192457e-01
6.075589025798880903e+04 1.001183250106423950e+00
6.075589051804952032e+04 9.933729369517771968e-01
6.075589077811021707e+04 9.930402802727640310e-01
6.075589103817091382e+04 1.000966564890515498e+00
6.075589129823161784e+04 9.878332525742106185e-01
6.075589155829231458e+04 9.923316131161908915e-01
6.075589181835301861e+04 9.895179645332446983e-01
6.075589207841372263e+04 9.956897319246450495e-01
6.075589233847442665e+04 1.000620508167249678e+00
6.075589259853513067e+04 9.952533991152897608e-01
6.075589285859582742e+04 9.922643272174983542e-01
6.075589311865652417e+04 9.886916555963842779e-01
6.075589337871722819e+04 9.868526134479109757e-01
6.075589363877793221e+04 9.962745459175648133e-01
6.075589389883863623e+04 9.917240569320823207e-01
6.075589415889933298e+04 9.975634387910221612e-01
6.075589441896003700e+04 9.951508175928767130e-01
6.075589467902074102e+04 9.978888011241099365e-01
6.075589493908143777e+04 1.001806456777420529e+00
6.075589519914213452e+04 9.996358669760365689e-01
6.075589545920283854e+04 9.831265502012638269e-01
6.075589571926354256e+04 1.009383491459477478e+00
6.075589597932424658e+04 9.886301916979707283e-01
6.075589623938494333e+04 9.960250301013159335e-01
6.075589649944564735e+04 9.850175397004848898e-01
6.075589675950635137e+04 9.936159962749150365e-01
6.075589701956705539e+04 9.933727560378723398e-01
6.075589727962775942e+04 9.968171140789364726e-01
6.075589753968844889e+04 9.911521082065326560e-01
6.075589779974915291e+04 1.001405309060253934e+00
6.075589805980985693e+04 9.880945949505515191e-01
6.075589831987055368e+04 9.998065920415591945e-01
6.075589857993125770e+04 9.932020614004664072e-01
6.075589883999196172e+04 1.003032990405215319e+00
6.075589910005266574e+04 9.965067683752740768e-01
6.075589936011336977e+04 9.990128097828139264e-01
6.075589962017406651e+04 9.942499407309521864e-01
6.075589988023477054e+04 9.955869946745466992e-01
6.075590014029546728e+04 9.933566732548255729e-01
6.075590040035617130e+04 1.000096994895034230e+00
6.075590066041687533e+04 1.005964158023841426e+00
6.075590092047757207e+04 9.854366432600907277e-01
6.075590118053827609e+04 1.002411607003759642e+00
6.075590144059898012e+04 9.870516873300954064e-01
6.075590170065967686e+04 1.008009449739916796e+00
6.075590196072038816e+04 9.982324637703512415e-01
6.075590222078108491e+04 9.987076963826150289e-01
6.075590248084178893e+04 1.005193351223262921e+00
6.075590274090249295e+04 1.004983606348601732e+00
6.075590300096318242e+04 9.879672920263202762e-01
6.075590326102388644e+04 1.009411062962280115e+00
6.075590352108459047e+04 1.003581902020716621e+00
6.075590378114529449e+04 9.944637566604930257e-01
6.075590404120599851e+04 9.997060813752267627e-01
6.075590430126669526e+04 1.010564902322746983e+00
6.075590456132739928e+04 1.004245062237945296e+00
6.075590482138810330e+04 1.003032178294840371e+00
6.075590508144880732e+04 9.883529454532318237e-01
6.075590534150951135e+04 9.923940142252324348e-01
6.075590560157020809e+04 1.005016886172473756e+00
6.075590586163091211e+04 1.000880911306212040e+00
6.075590612169160886e+04 1.002430045562480609e+00
6.075590638175230561e+04 9.961187017040740166e-01
6.075590664181300963e+04 1.002789191360627497e+00
6.075590690187371365e+04 1.002122631902701899e+00
6.075590716193441767e+04 1.008406358130806701e+00
6.075590742199512169e+04 1.001353800843282515e+00
6.075590768205581844e+04 9.976870085199217586e-01
6.075590794211652246e+04 1.008474927831493728e+00
6.075590820217722649e+04 1.003906066637982208e+00
6.075590846223793051e+04 9.918971687182853714e-01
6.075590872229863453e+04 1.007724032248367374e+00
6.075590898235933128e+04 1.003866281018532147e+00
6.075590924242003530e+04 1.011843658996978368e+00
6.075590950248073932e+04 9.913797345670043448e-01
6.075591106051386305e+04 9.949515675590595576e-01
6.075591132057445793e+04 9.985637655459184137e-01
6.075591158063505281e+04 1.001810260068617842e+00
6.075591184069564770e+04 9.975715251162908803e-01
6.075591210075624258e+04 9.977483248158284246e-01
6.075591236081683746e+04 9.922553857879261585e-01
6.075591262087743235e+04 1.007748272289972435e+00
6.075591288093802723e+04 9.950131757560710666e-01
6.075591314099862211e+04 1.004404422191351731e+00
6.075591340105922427e+04 1.000013363793061050e+00
6.075591366111981915e+04 1.006144541138006776e+00
6.075591392118041404e+04 9.926683065969295061e-01
6.075591418124100892e+04 1.002627337236380978e+00
6.075591444130160380e+04 1.005872264460610399e+00
6.075591470136219868e+04 1.004184568194424365e+00
6.075591496142279357e+04 9.932173393457620625e-01
6.075591522148338845e+04 9.996396765314784494e-01
6.075591548154399061e+04 9.972229597936619339e-01
6.075591574160458549e+04 9.926170623146116645e-01
6.075591600166518037e+04 1.002582241910408234e+00
6.075591626172577526e+04 1.000951917418799963e+00
6.075591652178637742e+04 9.972778325529557675e-01
6.075591678184697230e+04 1.006835586643131109e+00
6.075591704190756718e+04 1.002755138389523015e+00
6.075591730196816206e+04 1.004429967909849619e+00
6.075591756202875695e+04 1.006071419061288497e+00
6.075591782208935183e+04 9.980339331970078387e-01
6.075591808214994671e+04 1.001615828626268856e+00
6.075591834221054160e+04 9.989671274765293818e-01
6.075591860227113648e+04 9.955160633200124121e-01
6.075591886233173136e+04 1.005262950247222564e+00
6.075591912239232624e+04 1.007851615806320877e+00
6.075591938245292840e+04 1.007557698732046925e+00
6.075591964251352329e+04 1.004267609300513175e+00
6.075591990257411817e+04 9.989176295052268895e-01
6.075592016263471305e+04 1.003294339462604379e+00
6.075592042269530793e+04 9.952800641406286397e-01
6.075592068275590282e+04 1.000788586580357853e+00
6.075592094281649770e+04 9.897476118687529301e-01
6.075592120287709986e+04 9.988002529751069947e-01
6.075592146293769474e+04 1.005411113682160407e+00
6.075592172299828962e+04 9.995393362885807154e-01
6.075592198305888451e+04 1.005099186230600461e+00
6.075592224311948667e+04 1.003575118950153611e+00
6.075592250318008155e+04 1.000591041095304945e+00
6.075592276324067643e+04 9.990673373583688344e-01
6.075592302330127131e+04 1.001942384600138514e+00
6.075592328336186620e+04 9.924746841359026739e-01
6.075592354342246108e+04 1.001051367664567815e+00
6.075592380348305596e+04 9.877223694989107905e-01
6.075592406354365812e+04 1.000706112953599902e+00
6.075592432360425300e+04 1.000291764332845057e+00
6.075592458366484789e+04 1.006114814132899271e+00
6.075592484372544277e+04 9.984951843379066272e-01
6.075592510378604493e+04 9.995472245025042168e-01
6.075592536384663981e+04 9.937267144884393000e-01
6.075592562390723469e+04 1.011101487889738637e+00
6.075592588396782958e+04 1.005714017144747396e+00
6.075592614402842446e+04 1.010410782916086436e+00
6.075592640408901934e+04 1.011182924655253723e+00
6.075592666414961423e+04 1.003327788591795056e+00
6.075592692421020911e+04 1.001066907440074649e+00
6.075592718427081127e+04 1.001692554029835369e+00
6.075592744433140615e+04 9.980805631407668743e-01
6.075592770439200103e+04 1.004674903829798627e+00
6.075592796445260319e+04 1.000957292928578379e+00
6.075592822451319807e+04 1.005374619235620992e+00
6.075592848457379296e+04 9.970939536568045325e-01
6.075592874463438784e+04 9.942423411094676311e-01
6.075592900469498272e+04 9.966807663145429430e-01
6.075592926475557761e+04 1.001404191222031281e+00
6.075592952481617249e+04 1.001748900713201884e+00
6.075592978487676737e+04 1.009891133022428722e+00
6.075593004493736953e+04 1.001843320660017911e+00
6.075593030499796441e+04 1.009553754193308839e+00
6.075593056505855930e+04 1.002140053698799882e+00
6.075593082511916145e+04 1.005688420279877260e+00
6.075593108517975634e+04 9.965306827052460292e-01
6.075593134524035122e+04 9.985655884149048367e-01
6.075593160530094610e+04 1.009550289914289189e+00
6.075593186536154099e+04 1.009170591583155252e+00
6.075593212542213587e+04 1.000557262670424441e+00
6.075593238548273075e+04 1.002210237038301255e+00
6.075593264554332563e+04 1.001657168490039718e+00
6.075593290560392779e+04 1.000843381679896282e+00
6.075593316566452268e+04 1.000635248602642635e+00
6.075593342572511756e+04 1.004577072053176812e+00
6.075593368578571244e+04 1.005531576068534605e+00
6.075593394584631460e+04 1.013214690544078200e+00
6.075593420590690948e+04 1.004624035193688592e+00
6.075593446596750437e+04 1.002319570855747521e+00
6.075593472602809925e+04 9.978529600328105431e-01
6.075593498608869413e+04 1.003763409180296939e+00
6.075593524614928901e+04 1.004605496284824762e+00
6.075593550620988390e+04 1.012807321275299044e+00
6.075593576627048606e+04 1.011155133412060980e+00
6.075593602633108094e+04 1.003889729534396480e+00
6.075593628639167582e+04 9.968773683896398063e-01
6.075593654645227070e+04 9.944581568463183308e-01
6.075593680651287286e+04 1.004910587588544679e+00
6.075593706657346775e+04 1.003742140822705187e+00
6.075593732663406263e+04 9.990666202031475152e-01
6.075593758669465751e+04 9.997710871401804811e-01
6.075593784675525239e+04 1.000262496553102842e+00
6.075593810681584728e+04 1.009500996847849885e+00
6.075593836687644216e+04 1.012932688622186106e+00
6.075593862693704432e+04 1.003354447152793760e+00
6.075593888699763920e+04 9.977999124300476197e-01
6.075593914705823408e+04 1.008030024147674730e+00
6.075593940711883624e+04 9.923791990328114654e-01
6.075594106598430517e+04 1.000350421121264377e+00
6.075594132604500919e+04 9.982512778029614120e-01
6.075594158610571321e+04 1.007135898932620677e+00
6.075594184616640996e+04 9.927262815652543315e-01
6.075594210622711398e+04 1.000761586604824505e+00
6.075594236628781800e+04 1.009427837492298474e+00
6.075594262634852203e+04 1.011381853697886246e+00
6.075594288640922605e+04 9.913325311100824599e-01
6.075594314646992279e+04 1.002872436005515899e+00
6.075594340653063409e+04 1.015485118950035792e+00
6.075594366659133811e+04 1.008327201081889557e+00
6.075594392665203486e+04 9.963271820200608753e-01
6.075594418671273888e+04 9.910483628765215380e-01
6.075594444677344291e+04 9.988509670424556841e-01
6.075594470683414693e+04 1.004168836033833001e+00
6.075594496689485095e+04 1.007464761923733354e+00
6.075594522695554770e+04 1.002010435438368319e+00
6.075594548701625172e+04 9.967093157681471416e-01
6.075594574707695574e+04 1.002152549587808528e+00
6.075594600713765976e+04 9.925034594175928815e-01
6.075594626719836378e+04 1.009076778701523347e+00
6.075594652725906053e+04 1.001976870240448347e+00
6.075594678731976455e+04 1.002124721439145993e+00
6.075594704738046858e+04 1.005075929794948086e+00
6.075594730744116532e+04 1.001336919269384174e+00
6.075594756750187662e+04 1.004022970421063921e+00
6.075594782756257337e+04 1.005774786103333485e+00
6.075594808762328466e+04 9.996337706811763146e-01
6.075594834768398869e+04 1.009948236659574450e+00
6.075594860774468543e+04 1.005798028041857251e+00
6.075594886780538945e+04 1.003346505022943980e+00
6.075594912786609348e+04 9.969980976161320063e-01
6.075594938792679750e+04 1.005055839207310120e+00
6.075594964798750152e+04 1.001790769090710631e+00
6.075594990804819827e+04 9.994750464580317573e-01
6.075595016810890229e+04 1.004918403215117495e+00
6.075595042816960631e+04 9.940209374064149506e-01
6.075595068823031033e+04 9.924553492281786848e-01
6.075595094829101436e+04 1.002719514894972130e+00
6.075595120835171110e+04 9.927551346706077195e-01
6.075595146841241512e+04 9.983436856459924069e-01
6.075595172847312642e+04 1.001718896777373802e+00
6.075595198853382317e+04 1.000895483465712443e+00
6.075595224859452719e+04 9.978190497325678532e-01
6.075595250865523121e+04 9.996483116724377282e-01
6.075595276871593524e+04 1.003763571054097747e+00
6.075595302877663926e+04 1.012456867421609230e+00
6.075595328883733600e+04 1.002980340579416429e+00
6.075595354889804003e+04 1.009167415271158497e+00
6.075595380895874405e+04 9.939504861225274546e-01
6.075595406901944807e+04 1.000653784841534888e+00
6.075595432908015209e+04 1.000474341380729770e+00
6.075595458914084884e+04 9.948555643129449733e-01
6.075595484920156014e+04 9.979769906724186290e-01
6.075595510926226416e+04 9.864628863760810384e-01
6.075595536932296091e+04 1.014926554031353234e+00
6.075595562938366493e+04 1.007308923090098896e+00
6.075595588944436895e+04 9.899792585091882202e-01
6.075595614950507297e+04 9.984012577178450476e-01
6.075595640956577699e+04 1.009395239354326845e+00
6.075595666962647374e+04 1.007206408217654170e+00
6.075595692968717776e+04 1.003849467957151242e+00
6.075595718974788178e+04 9.941380456333333004e-01
6.075595744980858581e+04 9.983539226022319912e-01
6.075595770986929710e+04 9.979903662919868967e-01
6.075595796992999385e+04 9.928597035721615782e-01
6.075595822999069787e+04 9.965286378635839215e-01
6.075595849005140190e+04 1.000535082145986854e+00
6.075595875011209864e+04 1.005906783691816520e+00
6.075595901017280994e+04 1.000360181220981470e+00
6.075595927023350669e+04 9.914000663875949249e-01
6.075595953029421071e+04 9.896049447862216297e-01
6.075595979035491473e+04 9.989392634040258345e-01
6.075596005041561148e+04 9.957198914487672692e-01
6.075596031047632277e+04 9.930037956603016136e-01
6.075596057053702680e+04 1.007611950143042723e+00
6.075596083059773082e+04 9.941530513759161414e-01
6.075596109065843484e+04 9.893757081702645451e-01
6.075596135071913159e+04 1.002631328059856664e+00
6.075596161077983561e+04 9.991045206628181852e-01
6.075596187084053963e+04 9.950728858400990084e-01
6.075596213090124365e+04 9.984978662051458009e-01
6.075596239096194768e+04 9.974006285625374169e-01
6.075596265102265170e+04 1.002507938965625955e+00
6.075596291108335572e+04 1.004624870673698878e+00
6.075596317114405974e+04 9.945789855181722539e-01
6.075596343120475649e+04 9.996311229873094950e-01
6.075596369126546051e+04 1.006999637341537746e+00
6.075596395132616453e+04 9.960760277360528603e-01
6.075596421138686856e+04 9.863676540788560709e-01
6.075596447144757258e+04 9.914902919353388855e-01
6.075596473150827660e+04 9.900948608234321213e-01
6.075596499156898062e+04 9.984873287125372032e-01
6.075596525162968464e+04 9.918214979565045386e-01
6.075596551169038867e+04 1.004827264280265142e+00
6.075596577175109269e+04 9.943843725560688185e-01
6.075596603181178943e+04 9.905440327582397675e-01
6.075596629187249346e+04 1.001171061126248540e+00
6.075596655193319748e+04 1.002309558325608085e+00
6.075596681199390150e+04 9.933145290187160859e-01
6.075596707205460552e+04 9.999038223807312775e-01
6.075596733211530955e+04 9.954646086968594876e-01
6.075596759217601357e+04 1.000479795348776957e+00
6.075596785223671759e+04 1.001551720896900255e+00
6.075596811229741434e+04 9.991034336997691723e-01
6.075596837235811836e+04 9.986291426615983013e-01
6.075596863241882238e+04 1.004497065059100303e+00
6.075596889247953368e+04 1.008450360586353955e+00
6.075596915254023770e+04 9.935283352998139916e-01
6.075596941260093445e+04 9.840616100305445979e-01
6.075597102105359954e+04 9.947120485794775924e-01
6.075597128111420170e+04 1.006589789174278549e+00
6.075597154117479658e+04 9.994241933495678909e-01
6.075597180123539147e+04 9.948136048356058803e-01
6.075597206129598635e+04 9.930364614143770696e-01
6.075597232135658123e+04 9.958832726016177972e-01
6.075597258141718339e+04 9.969408019521548425e-01
6.075597284147777827e+04 1.005034033567810292e+00
6.075597310153837316e+04 9.907576543715083117e-01
6.075597336159897532e+04 9.920529136686212501e-01
6.075597362165957020e+04 9.933538783419919582e-01
6.075597388172016508e+04 9.889392340761945510e-01
6.075597414178077452e+04 1.003142037199191261e+00
6.075597440184136940e+04 1.003689082034201929e+00
6.075597466190196428e+04 1.006873661364965589e+00
6.075597492196255916e+04 9.877045267016425489e-01
6.075597518202315405e+04 9.966784078059707230e-01
6.075597544208374893e+04 1.000499023409636257e+00
6.075597570214434381e+04 9.991214568160917686e-01
6.075597596220494597e+04 1.000461691714424450e+00
6.075597622226554813e+04 9.957836750717896646e-01
6.075597648232614301e+04 1.002053439102412069e+00
6.075597674238673790e+04 9.871070878646216462e-01
6.075597700244734006e+04 9.923579981548731332e-01
6.075597726250793494e+04 9.991311317899976840e-01
6.075597752256853710e+04 9.948830087903038910e-01
6.075597778262913198e+04 1.001650403313632864e+00
6.075597804268972686e+04 9.895917130391075345e-01
6.075597830275032175e+04 1.003901491055406492e+00
6.075597856281091663e+04 1.003571873169694539e+00
6.075597882287151151e+04 9.943372177430221948e-01
6.075597908293212095e+04 9.952325667614935201e-01
6.075597934299271583e+04 1.000086085579793505e+00
6.075597960305331071e+04 9.980848438713822990e-01
6.075597986311390559e+04 9.982918575885678658e-01
6.075598012317450775e+04 9.994538886328908633e-01
6.075598038323510264e+04 1.002894230022927768e+00
6.075598064329570479e+04 1.000561802172936776e+00
6.075598090335629968e+04 1.002148284905003184e+00
6.075598116341689456e+04 9.972179363431408206e-01
6.075598142347748944e+04 9.897546322180522660e-01
6.075598168353808433e+04 1.004444949574951229e+00
6.075598194359869376e+04 9.913681958998780130e-01
6.075598220365928864e+04 9.984212132267046291e-01
6.075598246371988353e+04 9.943663311745374322e-01
6.075598272378047841e+04 9.874981182594241291e-01
6.075598298384108057e+04 9.975968032165781763e-01
6.075598324390167545e+04 1.000632633242797720e+00
6.075598350396227761e+04 9.971251219000105692e-01
6.075598376402287249e+04 9.884688783812703994e-01
6.075598402408346738e+04 1.003930293189710721e+00
6.075598428414406226e+04 9.998266170420450072e-01
6.075598454420465714e+04 9.959377897435683913e-01
6.075598480426526658e+04 1.011809354852466480e+00
6.075598506432586146e+04 1.002644708801587736e+00
6.075598532438645634e+04 1.004599981723651281e+00
6.075598558444705122e+04 1.008568974453698086e+00
6.075598584450765338e+04 9.945196879544203616e-01
6.075598610456825554e+04 9.999877940966055423e-01
6.075598636462885042e+04 9.959860816180756693e-01
6.075598662468944531e+04 9.998676429378445807e-01
6.075598688475004019e+04 9.973224927192115841e-01
6.075598714481063507e+04 9.874915670348629604e-01
6.075598740487123723e+04 1.001509205905943833e+00
6.075598766493183211e+04 1.008324106008336329e+00
6.075598792499243427e+04 9.937911900038584045e-01
6.075598818505302916e+04 1.000786642921972280e+00
6.075598844511362404e+04 9.977577053480753966e-01
6.075598870517423347e+04 1.001291210383246755e+00
6.075598896523482836e+04 1.001156926483976806e+00
6.075598922529542324e+04 9.944479084489510345e-01
6.075598948535601812e+04 9.936727192826616539e-01
6.075598974541661300e+04 9.917237442856836616e-01
6.075599000547721516e+04 9.887352077539808271e-01
6.075599026553781005e+04 9.997232150024143449e-01
6.075599052559840493e+04 1.008494802083483410e+00
6.075599078565900709e+04 9.874755377922262989e-01
6.075599104571960197e+04 1.009472715034149148e+00
6.075599130578020413e+04 9.956500812746443829e-01
6.075599156584080629e+04 1.000453769980929275e+00
6.075599182590140117e+04 1.000238348523853293e+00
6.075599208596199605e+04 9.903518742319220580e-01
6.075599234602259094e+04 1.001082204815129773e+00
6.075599260608319310e+04 9.992794633738666388e-01
6.075599286614378798e+04 9.972782392259228468e-01
6.075599312620438286e+04 9.989608726770493607e-01
6.075599338626497774e+04 1.003033669231181646e+00
6.075599364632558718e+04 1.005259465176707057e+00
6.075599390638618206e+04 1.006159950608312537e+00
6.075599416644677694e+04 1.001762117479090941e+00
6.075599442650737910e+04 1.000195209611519420e+00
6.075599468656797399e+04 1.005885589914832012e+00
6.075599494662857614e+04 1.007835299805502238e+00
6.075599520668917103e+04 9.952099278509267677e-01
6.075599546674976591e+04 1.002655250289782529e+00
6.075599572681036079e+04 9.940948173927747211e-01
6.075599598687096295e+04 9.895161711297143503e-01
6.075599624693155783e+04 9.913716444326150512e-01
6.075599650699215999e+04 1.003451946244673376e+00
6.075599676705275488e+04 9.960968363675848369e-01
6.075599702711334976e+04 9.930866543413026104e-01
6.075599728717395192e+04 9.943591897936515656e-01
6.075599754723455408e+04 1.000461731257162423e+00
6.075599780729514896e+04 1.002067061387004854e+00
6.075599806735574384e+04 1.003967374718669259e+00
6.075599832741634600e+04 1.002273647852284455e+00
6.075599858747694088e+04 1.007484737854220880e+00
6.075599884753753577e+04 9.973148677601214596e-01
6.075599910759813065e+04 1.005261360003521176e+00
6.075599936765874008e+04 9.966132193290414554e-01
6.075600091310295102e+04 1.040528873527608145e+00
6.075600117316365504e+04 1.004087490546606842e+00
6.075600143322435179e+04 9.911807198858759715e-01
6.075600169328505581e+04 1.004703260811383281e+00
6.075600195334576711e+04 9.972426633281433750e-01
6.075600221340647113e+04 1.003416360744613378e+00
6.075600247346717515e+04 1.004988547776888286e+00
6.075600273352787190e+04 9.960043229960268141e-01
6.075600299358858319e+04 1.000496867917276322e+00
6.075600325364928722e+04 1.007881198237014386e+00
6.075600351370998396e+04 9.976888137869838191e-01
6.075600377377069526e+04 1.004201894741044043e+00
6.075600403383139928e+04 9.952858397749305697e-01
6.075600429389210331e+04 1.013761505395282869e+00
6.075600455395280733e+04 1.003299331722265375e+00
6.075600481401350407e+04 1.001802769070212262e+00
6.075600507407421537e+04 1.004431350160728043e+00
6.075600533413491939e+04 9.952156802157939852e-01
6.075600559419562342e+04 1.013767673973603234e+00
6.075600585425632744e+04 1.006507966059372761e+00
6.075600611431703146e+04 1.006333527949266449e+00
6.075600637437773548e+04 1.007125609083553641e+00
6.075600663443843951e+04 1.007559106703702856e+00
6.075600689449914353e+04 9.939756138932793750e-01
6.075600715455985483e+04 9.913548842435742081e-01
6.075600741462055157e+04 1.004629371170704832e+00
6.075600767468125559e+04 9.958264430447105742e-01
6.075600793474195962e+04 1.013022415342639926e+00
6.075600819480266364e+04 9.988609094029835545e-01
6.075600845486336766e+04 1.006066980608917749e+00
6.075600871492407168e+04 9.978463699987586422e-01
6.075600897498478298e+04 9.965372962618068708e-01
6.075600923504548700e+04 1.008630678335832531e+00
6.075600949510618375e+04 1.004301060796177314e+00
6.075600975516688777e+04 1.009996825044182422e+00
6.075601001522759907e+04 1.012140182809031064e+00
6.075601027528830309e+04 1.005587464114426677e+00
6.075601053534900711e+04 9.976701540083016129e-01
6.075601079540970386e+04 9.983904976193630487e-01
6.075601105547041516e+04 1.005047008751933646e+00
6.075601131553111918e+04 1.003133334053089021e+00
6.075601157559181593e+04 1.010732158765654143e+00
6.075601183565252722e+04 1.008592933646066392e+00
6.075601209571323125e+04 1.006028770286349516e+00
6.075601235577393527e+04 1.002066469882384014e+00
6.075601261583463929e+04 9.986273697692175100e-01
6.075601287589534331e+04 1.007160419202874246e+00
6.075601313595604734e+04 1.000560892169029215e+00
6.075601339601675136e+04 9.967649932395528101e-01
6.075601365607746266e+04 1.001473030474092196e+00
6.075601391613816668e+04 1.006900662184291084e+00
6.075601417619886342e+04 1.002820884752045227e+00
6.075601443625956745e+04 1.008743687001267375e+00
6.075601469632027874e+04 1.006098034710261047e+00
6.075601495638097549e+04 1.016434342497202659e+00
6.075601521644168679e+04 1.007674922005832974e+00
6.075601547650239081e+04 1.005643853518276565e+00
6.075601573656309483e+04 1.004684027326954165e+00
6.075601599662379886e+04 1.012242533978098935e+00
6.075601625668450288e+04 1.013622194590382497e+00
6.075601651674520690e+04 1.006393010709281777e+00
6.075601677680591092e+04 1.005169390252095951e+00
6.075601703686661494e+04 9.993870571599009489e-01
6.075601729692732624e+04 1.014739558367264483e+00
6.075601755698802299e+04 1.006842542473033841e+00
6.075601781704872701e+04 1.011238109262321494e+00
6.075601807710943831e+04 1.008775612978517922e+00
6.075601833717014233e+04 1.001703116841227814e+00
6.075601859723084635e+04 9.896860676925870459e-01
6.075601885729155038e+04 1.010236003445143194e+00
6.075601911735225440e+04 1.007149612615626300e+00
6.075601937741295842e+04 1.011857034173935466e+00
6.075601963747365517e+04 1.001869550874237680e+00
6.075601989753436646e+04 1.014864998792746942e+00
6.075602015759507049e+04 1.001984038458016757e+00
6.075602041765577451e+04 1.003177951905008802e+00
6.075602067771648581e+04 1.003096663336747962e+00
6.075602093777718255e+04 1.018748731501930571e+00
6.075602119783788658e+04 9.898301463785359466e-01
6.075602145789859787e+04 1.005157985840265944e+00
6.075602171795930190e+04 1.004917109649280604e+00
6.075602197802000592e+04 1.011635292912169026e+00
6.075602223808070994e+04 1.003536525348731612e+00
6.075602249814141396e+04 1.013600754394644810e+00
6.075602275820211798e+04 9.987635535875807324e-01
6.075602301826282201e+04 1.014245297963132009e+00
6.075602327832352603e+04 1.007045497246330301e+00
6.075602353838423005e+04 1.004478290365266480e+00
6.075602379844494135e+04 1.008429322717049992e+00
6.075602405850564537e+04 9.989861451542590975e-01
6.075602431856634212e+04 1.018039028453712636e+00
6.075602457862704614e+04 1.003974861774180161e+00
6.075602483868775744e+04 1.002836400231197800e+00
6.075602509874846146e+04 1.008631182978299679e+00
6.075602535880916548e+04 9.981721572127838504e-01
6.075602561886986950e+04 1.015825097652947262e+00
6.075602587893057353e+04 9.994113571417431174e-01
6.075602613899127755e+04 9.989411582131217937e-01
6.075602639905198885e+04 1.009499627669659505e+00
6.075602665911269287e+04 1.005670218203695176e+00
6.075602691917338962e+04 9.938539832374012617e-01
6.075602717923410091e+04 1.008928747992386521e+00
6.075602743929480494e+04 9.966213436496298428e-01
6.075602769935550168e+04 1.003907703910189575e+00
6.075602795941621298e+04 1.004322875728349773e+00
6.075602821947691700e+04 1.007906667321796901e+00
6.075602847953762102e+04 1.001339520650613490e+00
6.075602873959833232e+04 1.012453177716176711e+00
6.075602899965902907e+04 9.895741591222687594e-01
6.075602925971973309e+04 9.922987452540709130e-01
6.075603093119423283e+04 9.965755840030381396e-01
6.075603119125482772e+04 9.934871004248441162e-01
6.075603145131542988e+04 1.015314748661855448e+00
6.075603171137602476e+04 1.006202699186182103e+00
6.075603197143662692e+04 1.005093749295757233e+00
6.075603223149722908e+04 1.002524489754483161e+00
6.075603249155782396e+04 1.005568286052153981e+00
6.075603275161842612e+04 1.004277620409352201e+00
6.075603301167902100e+04 1.003697266458528414e+00
6.075603327173962316e+04 1.003644587719417558e+00
6.075603353180022532e+04 9.983936000151264478e-01
6.075603379186082020e+04 1.000872853851542565e+00
6.075603405192141508e+04 1.011866048816493002e+00
6.075603431198201724e+04 9.923310196051898791e-01
6.075603457204261213e+04 9.946848408412997111e-01
6.075603483210320701e+04 1.001869549657776970e+00
6.075603509216381644e+04 1.000495971224236724e+00
6.075603535222441133e+04 1.000463246822529628e+00
6.075603561228501349e+04 1.004594097935214370e+00
6.075603587234560837e+04 1.000715124192976369e+00
6.075603613240621053e+04 1.004188501207041950e+00
6.075603639246681269e+04 9.919128484857941963e-01
6.075603665252740757e+04 1.000905859968250544e+00
6.075603691258800245e+04 9.934591525005086465e-01
6.075603717264860461e+04 1.008631789987328276e+00
6.075603743270919949e+04 9.956283354602042390e-01
6.075603769276979438e+04 1.001210987985352352e+00
6.075603795283040381e+04 1.005039758626310453e+00
6.075603821289099869e+04 1.000301511911235064e+00
6.075603847295160085e+04 1.010523463694729784e+00
6.075603873301219573e+04 1.010259814978631265e+00
6.075603899307279789e+04 1.006168541744493439e+00
6.075603925313340005e+04 1.000835390407937675e+00
6.075603951319399494e+04 9.994079537424286341e-01
6.075603977325458982e+04 9.977514203640520662e-01
6.075604003331519198e+04 9.980510900910012362e-01
6.075604029337578686e+04 1.001658237811157148e+00
6.075604055343638902e+04 9.980100987623216069e-01
6.075604081349698390e+04 9.986584005319911750e-01
6.075604107355758606e+04 1.002911801340846676e+00
6.075604133361818822e+04 9.974198846997437418e-01
6.075604159367878310e+04 9.992199301646611520e-01
6.075604185373938526e+04 9.939291254712888657e-01
6.075604211379998742e+04 9.933517048075348743e-01
6.075604237386058230e+04 1.009084814924261719e+00
6.075604263392118446e+04 9.929071420190137554e-01
6.075604289398177934e+04 9.976649859740042148e-01
6.075604315404237423e+04 1.005932493087633883e+00
6.075604341410297639e+04 9.966387772799153444e-01
6.075604367416357127e+04 9.985921844237429790e-01
6.075604393422418070e+04 1.004418197910639909e+00
6.075604419428477559e+04 9.939093902753090015e-01
6.075604445434537047e+04 9.945900895647867834e-01
6.075604471440597990e+04 9.963970224107824292e-01
6.075604497446657479e+04 1.007319011110105134e+00
6.075604523452717694e+04 1.001816137422157471e+00
6.075604549458777183e+04 1.004212471348699065e+00
6.075604575464836671e+04 1.005292385333357075e+00
6.075604601470896887e+04 1.003788110282678003e+00
6.075604627476956375e+04 1.000017659073356713e+00
6.075604653483016591e+04 9.964042391837172330e-01
6.075604679489076807e+04 9.906636366117775871e-01
6.075604705495136295e+04 9.911719652856489926e-01
6.075604731501196511e+04 9.954454187103377594e-01
6.075604757507256727e+04 9.893613492595138004e-01
6.075604783513316943e+04 1.001436515857352383e+00
6.075604809519376431e+04 9.952246638183199767e-01
6.075604835525435919e+04 1.005913984953316520e+00
6.075604861531496135e+04 9.990681462933336254e-01
6.075604887537555624e+04 1.007459123076063445e+00
6.075604913543615839e+04 1.000482900622569726e+00
6.075604939549675328e+04 9.943024600680889780e-01
6.075604965555735544e+04 9.932388505778362298e-01
6.075604991561795759e+04 9.932217411041357469e-01
6.075605017567855248e+04 9.980870602017586357e-01
6.075605043573915464e+04 9.983569372398880537e-01
6.075605069579975680e+04 1.002873366653020293e+00
6.075605095586035168e+04 1.003044539046808348e+00
6.075605121592095384e+04 1.000566433030994240e+00
6.075605147598154872e+04 9.991229978946855050e-01
6.075605173604215088e+04 9.975251606962665107e-01
6.075605199610274576e+04 9.898603392693855474e-01
6.075605225616334792e+04 1.000296235075534224e+00
6.075605251622395008e+04 1.003783660970896996e+00
6.075605277628454496e+04 1.005230561662441957e+00
6.075605303634514712e+04 9.994274304914692042e-01
6.075605329640574200e+04 9.912136382863068196e-01
6.075605355646635144e+04 1.000637595758350651e+00
6.075605381652694632e+04 1.006123491866500741e+00
6.075605407658754848e+04 9.906267438179267026e-01
6.075605433664814336e+04 1.010352356845134913e+00
6.075605459670873825e+04 1.002376033895464591e+00
6.075605485676934040e+04 9.961315306391402835e-01
6.075605511682993529e+04 9.886937730790703593e-01
6.075605537689054472e+04 9.982938759357059544e-01
6.075605563695113960e+04 9.949651159189281113e-01
6.075605589701174176e+04 9.947294289942885115e-01
6.075605615707233665e+04 9.965360776723369840e-01
6.075605641713293880e+04 9.902883955533926530e-01
6.075605667719354096e+04 1.000754491602860119e+00
6.075605693725413585e+04 9.916744673446968861e-01
6.075605719731473800e+04 9.967469400263172519e-01
6.075605745737533289e+04 1.000021056993001922e+00
6.075605771743593505e+04 9.891509981291597420e-01
6.075605797749652993e+04 9.922969632391513972e-01
6.075605823755713209e+04 9.960792757584934209e-01
6.075605849761773425e+04 9.936763243433615056e-01
6.075605875767832913e+04 9.965382460508585005e-01
6.075605901773893129e+04 9.945445900321348009e-01
6.075605927779953345e+04 9.895925066576446438e-01
6.075606082322710427e+04 9.912366491803507040e-01
6.075606108328780829e+04 9.970570601965211832e-01
6.075606134334851231e+04 9.829878889212336768e-01
6.075606160340922361e+04 9.876148272981478682e-01
6.075606186346992035e+04 1.000798306769868473e+00
6.075606212353063165e+04 9.946542527325497041e-01
6.075606238359133567e+04 9.888183149663500870e-01
6.075606264365204697e+04 9.938305682590953261e-01
6.075606290371275099e+04 1.000112226930864434e+00
6.075606316377345502e+04 9.832094245136400179e-01
6.075606342383415904e+04 9.913249975365987510e-01
6.075606368389486306e+04 9.903428314799520571e-01
6.075606394395557436e+04 1.001179725378547491e+00
6.075606420401627838e+04 9.934789454818631071e-01
6.075606446407698240e+04 1.002001364196651423e+00
6.075606472413768643e+04 9.943624498722375415e-01
6.075606498419839772e+04 9.938407716529934488e-01
6.075606524425910175e+04 9.935617889551275894e-01
6.075606550431981304e+04 9.925434116574800569e-01
6.075606576438050979e+04 9.900070563592318074e-01
6.075606602444122109e+04 9.956538876468723487e-01
6.075606628450192511e+04 9.973622274788568332e-01
6.075606654456262913e+04 9.943755404091345618e-01
6.075606680462333316e+04 9.987970314796630333e-01
6.075606706468404445e+04 9.984056313664092519e-01
6.075606732474474848e+04 9.958663111082172170e-01
6.075606758480545250e+04 9.941756184694392484e-01
6.075606784486615652e+04 9.988930926860669635e-01
6.075606810492686054e+04 9.938628910802028704e-01
6.075606836498757184e+04 1.004206103991504451e+00
6.075606862504827586e+04 9.960566874472641663e-01
6.075606888510898716e+04 9.834135801733943083e-01
6.075606914516968391e+04 9.991318101105872707e-01
6.075606940523039520e+04 1.001486318496007222e+00
6.075606966529109923e+04 9.954190047072601910e-01
6.075606992535180325e+04 9.985962313485714503e-01
6.075607018541250727e+04 9.958603397650865885e-01
6.075607044547321857e+04 1.011315084674099030e+00
6.075607070553392259e+04 9.842391214506160946e-01
6.075607096559463389e+04 9.872431442589970629e-01
6.075607122565533064e+04 9.918550991959634855e-01
6.075607148571604193e+04 9.948997842549329729e-01
6.075607174577674596e+04 1.008624308545405635e+00
6.075607200583745725e+04 1.004399392083667131e+00
6.075607226589816128e+04 9.970941904904803144e-01
6.075607252595886530e+04 9.902730729626950668e-01
6.075607278601956932e+04 9.935398173446604586e-01
6.075607304608028062e+04 9.962790645422049396e-01
6.075607330614097737e+04 9.896813311615426656e-01
6.075607356620169594e+04 1.005934408911593136e+00
6.075607382626239269e+04 9.900239350454896892e-01
6.075607408632310398e+04 1.004296708755860967e+00
6.075607434638380801e+04 9.910394752643457705e-01
6.075607460644451203e+04 9.974536197549754846e-01
6.075607486650521605e+04 9.925434567745613501e-01
6.075607512656592735e+04 1.003470889730865734e+00
6.075607538662663137e+04 9.875504932871235209e-01
6.075607564668734267e+04 1.003489403665683399e+00
6.075607590674803942e+04 1.001544856758513014e+00
6.075607616680875071e+04 1.000272407727238910e+00
6.075607642686945474e+04 9.994948972548011179e-01
6.075607668693016603e+04 9.951348343773597227e-01
6.075607694699087006e+04 9.984860465128090334e-01
6.075607720705157408e+04 9.926545915315643231e-01
6.075607746711227810e+04 9.936382742451971284e-01
6.075607772717298940e+04 9.975744457884805350e-01
6.075607798723368614e+04 9.955998167400532672e-01
6.075607824729439744e+04 9.965914316104470538e-01
6.075607850735510146e+04 9.995884173598694744e-01
6.075607876741581276e+04 1.003545241827672463e+00
6.075607902747651679e+04 9.951697919568016637e-01
6.075607928753722081e+04 9.973262563384397428e-01
6.075607954759792483e+04 1.006782919304568757e+00
6.075607980765863613e+04 9.957249583935074977e-01
6.075608006771934015e+04 1.003944781406125308e+00
6.075608032778005145e+04 9.906140185729828129e-01
6.075608058784074819e+04 1.004464095038447136e+00
6.075608084790145949e+04 9.929538590122981567e-01
6.075608110796216351e+04 1.004320337338192592e+00
6.075608136802286754e+04 9.921757789119798332e-01
6.075608162808357156e+04 1.000474137886775861e+00
6.075608188814428286e+04 1.004472809342113582e+00
6.075608214820498688e+04 9.977386176996930756e-01
6.075608240826569818e+04 9.943248198420585604e-01
6.075608266832639492e+04 9.992757916006773655e-01
6.075608292838710622e+04 9.951068217653706860e-01
6.075608318844781024e+04 1.001168274828739602e+00
6.075608344850852154e+04 1.000987300783049205e+00
6.075608370856922556e+04 9.964254850913045747e-01
6.075608396862992959e+04 9.951334781993969036e-01
6.075608422869064088e+04 1.004583097863079644e+00
6.075608448875134491e+04 9.994950286414718832e-01
6.075608474881204893e+04 9.997700529198974007e-01
6.075608500887276023e+04 9.913931004966439753e-01
6.075608526893346425e+04 1.007849163426028483e+00
6.075608552899416827e+04 9.973247095221628999e-01
6.075608578905487957e+04 1.013184538920417266e+00
6.075608604911557632e+04 1.004171152871237815e+00
6.075608630917628761e+04 1.002545777368714086e+00
6.075608656923699164e+04 9.998152125790613631e-01
6.075608682929770293e+04 9.983272490553830592e-01
6.075608708935840696e+04 1.000720895129686205e+00
6.075608734941911098e+04 1.002035957334255434e+00
6.075608760947981500e+04 1.002121112343786757e+00
6.075608786954052630e+04 9.940400496650088069e-01
6.075608812960123760e+04 1.002638691537531379e+00
6.075608838966194162e+04 1.008366478305102509e+00
6.075608864972264564e+04 9.980674656090779973e-01
6.075608890978334966e+04 9.978517899505380262e-01
6.075608916984406096e+04 1.011310215169946902e+00
6.075609076569380704e+04 1.006946876406942026e+00
6.075609102575441648e+04 1.001315724251338413e+00
6.075609128581501136e+04 9.969915398855272448e-01
6.075609154587561352e+04 9.972774968131139506e-01
6.075609180593621568e+04 1.005710785788331840e+00
6.075609206599681784e+04 1.006238043532675208e+00
6.075609232605741272e+04 9.990633845928479362e-01
6.075609258611801488e+04 9.872261480921694643e-01
6.075609284617860976e+04 9.985149708689169401e-01
6.075609310623921192e+04 9.990929540355015792e-01
6.075609336629981408e+04 1.004752187875737057e+00
6.075609362636040896e+04 9.929895594049992225e-01
6.075609388642101840e+04 1.000401570287948738e+00
6.075609414648161328e+04 1.006768493501119188e+00
6.075609440654221544e+04 9.931097675014095572e-01
6.075609466660281760e+04 9.900887099333217645e-01
6.075609492666341976e+04 9.974636740286676462e-01
6.075609518672402191e+04 9.969650673305049393e-01
6.075609544678461680e+04 1.006093991221654438e+00
6.075609570684521896e+04 1.004141857538379146e+00
6.075609596690581384e+04 1.009627331362192848e+00
6.075609622696641600e+04 9.980118265097703834e-01
6.075609648702701088e+04 1.012241057019276136e+00
6.075609674708762032e+04 1.008226846674871613e+00
6.075609700714822247e+04 1.002016270119248986e+00
6.075609726720881736e+04 9.980331418286519929e-01
6.075609752726942679e+04 9.987852289201837319e-01
6.075609778733002167e+04 1.000555436845361079e+00
6.075609804739062383e+04 1.006379157085071974e+00
6.075609830745121872e+04 1.001550522950556132e+00
6.075609856751182087e+04 9.939282947177030536e-01
6.075609882757242303e+04 9.965336160654687525e-01
6.075609908763301792e+04 1.001736146175818076e+00
6.075609934769362008e+04 1.000389251370600530e+00
6.075609960775422223e+04 1.005423565299491173e+00
6.075609986781482439e+04 1.004175563274267047e+00
6.075610012787541928e+04 1.007134576589861608e+00
6.075610038793602143e+04 1.001846412626544947e+00
6.075610064799663087e+04 9.977462900336482310e-01
6.075610090805722575e+04 1.000110032414635031e+00
6.075610116811782791e+04 9.964517505576369061e-01
6.075610142817842279e+04 9.986735241223627657e-01
6.075610168823902495e+04 1.007252921463383188e+00
6.075610194829962711e+04 9.987356378868630369e-01
6.075610220836022199e+04 9.997235905886022733e-01
6.075610246842083143e+04 1.000839655245045812e+00
6.075610272848142631e+04 1.006237237155561681e+00
6.075610298854202847e+04 1.010637864428796329e+00
6.075610324860263063e+04 1.007762352254885307e+00
6.075610350866323279e+04 9.992637848158106850e-01
6.075610376872383495e+04 1.006529750646157906e+00
6.075610402878442983e+04 1.005104581038390954e+00
6.075610428884503199e+04 9.993361541936754966e-01
6.075610454890563415e+04 1.000795831143342918e+00
6.075610480896622903e+04 9.971218310763930726e-01
6.075610506902683119e+04 1.009864000965403630e+00
6.075610532908743335e+04 9.908736036015962645e-01
6.075610558914803551e+04 9.871844631871655729e-01
6.075610584920863766e+04 1.013751498682114560e+00
6.075610610926923255e+04 9.960826684095962502e-01
6.075610636932984198e+04 9.975383901937783238e-01
6.075610662939043686e+04 1.007181778424979468e+00
6.075610688945103902e+04 1.009827138936596258e+00
6.075610714951164118e+04 9.940226445506916697e-01
6.075610740957223607e+04 1.003709406345800526e+00
6.075610766963283822e+04 1.007036369015788857e+00
6.075610792969343311e+04 1.002904733117796710e+00
6.075610818975403527e+04 9.983289263651553558e-01
6.075610844981464470e+04 1.003515805349741052e+00
6.075610870987523958e+04 1.007152843645814810e+00
6.075610896993584174e+04 9.893266410732372007e-01
6.075610922999644390e+04 1.003990346995637939e+00
6.075610949005704606e+04 9.974809707754199728e-01
6.075610975011764822e+04 9.998943586144313223e-01
6.075611001017824310e+04 9.936892365439580210e-01
6.075611027023884526e+04 1.001389382196260947e+00
6.075611053029944742e+04 9.933685202199168396e-01
6.075611079036004230e+04 9.947519588433304527e-01
6.075611105042064446e+04 9.981816892458043045e-01
6.075611131048124662e+04 1.002123260993333709e+00
6.075611157054184878e+04 1.000599625431264350e+00
6.075611183060245094e+04 9.919816586672959291e-01
6.075611209066305310e+04 1.002286790719246756e+00
6.075611235072365525e+04 1.008440213358379411e+00
6.075611261078425741e+04 1.007012062982174605e+00
6.075611287084485230e+04 9.978440154828198683e-01
6.075611313090545445e+04 1.008439503566997297e+00
6.075611339096604934e+04 9.994205281360896143e-01
6.075611365102665150e+04 9.975656760029718573e-01
6.075611391108725365e+04 1.009099832235952787e+00
6.075611417114785581e+04 1.008222787490707928e+00
6.075611443120845797e+04 1.011640892761858979e+00
6.075611469126906013e+04 9.933364929244504760e-01
6.075611495132966229e+04 9.993959821563315193e-01
6.075611521139026445e+04 9.954601326771094216e-01
6.075611547145085933e+04 9.989321568566247311e-01
6.075611573151146149e+04 1.006808170687681026e+00
6.075611599157206365e+04 9.994475967353471102e-01
6.075611625163265853e+04 9.947639559214632721e-01
6.075611651169326069e+04 1.007030320139793211e+00
6.075611677175386285e+04 9.993027833470460308e-01
6.075611703181446501e+04 1.007134513438012302e+00
6.075611729187506717e+04 1.001512673448048174e+00
6.075611755193566933e+04 9.917059356532488268e-01
6.075611781199626421e+04 9.893020387643787217e-01
6.075611807205687364e+04 1.005640783290207452e+00
6.075611833211747580e+04 1.010042934874310960e+00
6.075611859217807068e+04 1.002987155883364956e+00
6.075611885223867284e+04 9.904790643616931956e-01
6.075611911229926773e+04 9.894579638295566415e-01
6.075612077117233275e+04 9.943376172700955085e-01
6.075612103123303677e+04 1.006812790035413574e+00
6.075612129129374080e+04 1.000114465067369229e+00
6.075612155135445209e+04 1.015368097785199319e+00
6.075612181141516339e+04 9.974320349955998477e-01
6.075612207147586741e+04 9.993849018748242052e-01
6.075612233153657144e+04 9.941524893940671959e-01
6.075612259159728274e+04 9.985826460934271731e-01
6.075612285165798676e+04 1.001610472554042008e+00
6.075612311171869806e+04 1.006072156811655072e+00
6.075612337177940935e+04 1.002696870641116789e+00
6.075612363184010610e+04 1.004945345793380129e+00
6.075612389190081740e+04 1.002797772383415609e+00
6.075612415196152870e+04 9.993886075420089776e-01
6.075612441202222544e+04 1.008290356590944681e+00
6.075612467208293674e+04 1.010180250733765162e+00
6.075612493214364804e+04 9.967470500499219233e-01
6.075612519220435206e+04 9.977049355723175417e-01
6.075612545226506336e+04 1.008498234316011599e+00
6.075612571232576738e+04 1.008518848564361470e+00
6.075612597238647140e+04 9.968702537793745488e-01
6.075612623244718270e+04 1.007163828306115727e+00
6.075612649250789400e+04 9.962772004349005339e-01
6.075612675256859802e+04 1.007599413515175346e+00
6.075612701262930204e+04 9.977519620962379543e-01
6.075612727269001334e+04 1.002525890622919302e+00
6.075612753275071736e+04 9.997406953945254804e-01
6.075612779281142139e+04 9.938995076333322354e-01
6.075612805287213268e+04 1.003011066797065309e+00
6.075612831293283671e+04 9.967584470031073396e-01
6.075612857299354800e+04 1.001336744203164875e+00
6.075612883305425930e+04 1.005314242908437627e+00
6.075612909311495605e+04 9.985795401369134128e-01
6.075612935317566735e+04 1.001028440966504229e+00
6.075612961323637865e+04 1.007963909374931077e+00
6.075612987329708267e+04 1.008069807383794592e+00
6.075613013335779397e+04 1.003724244390344911e+00
6.075613039341849799e+04 1.008722676246166294e+00
6.075613065347920201e+04 9.947505062353231287e-01
6.075613091353991331e+04 9.888415822913664277e-01
6.075613117360061733e+04 9.987914969549052113e-01
6.075613143366133590e+04 9.933913829714418053e-01
6.075613169372203265e+04 1.005504903677140849e+00
6.075613195378274395e+04 9.888184757540624537e-01
6.075613221384345525e+04 1.003555255147773773e+00
6.075613247390415199e+04 9.988070120279841646e-01
6.075613273396486329e+04 9.930984121950600096e-01
6.075613299402557459e+04 1.000805343228942546e+00
6.075613325408627861e+04 9.903760163899250069e-01
6.075613351414698991e+04 1.001202424950351499e+00
6.075613377420769393e+04 9.973534818226410525e-01
6.075613403426840523e+04 1.001277915679518404e+00
6.075613429432910925e+04 9.966744602261654595e-01
6.075613455438982055e+04 9.907416832241444649e-01
6.075613481445053185e+04 1.004265730933449730e+00
6.075613507451122859e+04 1.001685469329193223e+00
6.075613533457193989e+04 9.984593975200952709e-01
6.075613559463265119e+04 9.833107814894644916e-01
6.075613585469334794e+04 1.003113104133325439e+00
6.075613611475405924e+04 1.009005163650020576e+00
6.075613637481477053e+04 1.000473947187726420e+00
6.075613663487548183e+04 9.956392273955073646e-01
6.075613689493618585e+04 9.970335348308388967e-01
6.075613715499688988e+04 9.978590203007073889e-01
6.075613741505760117e+04 1.004489277175095507e+00
6.075613767511830520e+04 1.007518293055924330e+00
6.075613793517901649e+04 9.930266886849518082e-01
6.075613819523972779e+04 9.897540443821697398e-01
6.075613845530043181e+04 1.001239993861080535e+00
6.075613871536113584e+04 9.929157269005117747e-01
6.075613897542184714e+04 1.003958554868881858e+00
6.075613923548255116e+04 1.000275074190841496e+00
6.075613949554325518e+04 1.003814991309209370e+00
6.075613975560396648e+04 9.988881839650701755e-01
6.075614001566467778e+04 1.002039310484932111e+00
6.075614027572538907e+04 1.001418211479603304e+00
6.075614053578608582e+04 9.989580376322133581e-01
6.075614079584679712e+04 1.001890072355522854e+00
6.075614105590750842e+04 9.983067146501076738e-01
6.075614131596821244e+04 1.000412990278402914e+00
6.075614157602892374e+04 9.926731514909457044e-01
6.075614183608962776e+04 9.996464826292807970e-01
6.075614209615033906e+04 9.967549328716742707e-01
6.075614235621104308e+04 9.839910120363535295e-01
6.075614261627174710e+04 9.982824104765208872e-01
6.075614287633246568e+04 9.953490915761192825e-01
6.075614313639316970e+04 1.009845055378312706e+00
6.075614339645387372e+04 1.000574909254779987e+00
6.075614365651458502e+04 1.003371809193170483e+00
6.075614391657528904e+04 9.957013176754168082e-01
6.075614417663600034e+04 9.904004141861337818e-01
6.075614443669670436e+04 1.001609568437429321e+00
6.075614469675741566e+04 9.986501126794421479e-01
6.075614495681812696e+04 9.913230146695086731e-01
6.075614521687882370e+04 9.930004936893181977e-01
6.075614547693953500e+04 1.004273632162955954e+00
6.075614573700024630e+04 9.930916174494502924e-01
6.075614599706095760e+04 1.004844209046710457e+00
6.075614625712166162e+04 9.961059843153539095e-01
6.075614651718236564e+04 9.977604577769888516e-01
6.075614677724307694e+04 9.984668215815212244e-01
6.075614703730378824e+04 9.971755266578099519e-01
6.075614729736448498e+04 9.943821157352189521e-01
6.075614755742519628e+04 9.950474065784425948e-01
6.075614781748590758e+04 1.006209926807142718e+00
6.075614807754661888e+04 9.994681153671897134e-01
6.075614833760732290e+04 9.909475868236764518e-01
6.075614859766802692e+04 1.002001911871188922e+00
6.075614885772873822e+04 9.877997421271459411e-01
6.075614911778944952e+04 9.999984859174699814e-01
