6.075547523418369383e+04 9.911163078302624996e-01
6.075547549424438330e+04 9.922200984352332886e-01
6.075547575430508005e+04 9.988521381397967858e-01
6.075547601436576224e+04 9.815631777909719080e-01
6.075547627442645899e+04 9.950588664784264514e-01
6.075547653448714846e+04 9.881371433103804947e-01
6.075547679454784520e+04 9.946177226977566121e-01
6.075547705460853467e+04 9.858291449416557439e-01
6.075547731466922414e+04 9.981829102190979963e-01
6.075547757472991361e+04 9.970252346781826036e-01
6.075547783479061036e+04 9.971981413817253559e-01
6.075547809485129255e+04 9.932443967750094194e-01
6.075547835491198930e+04 9.988248461236909348e-01
6.075547861497267877e+04 9.883254085872994477e-01
6.075547887503337552e+04 9.870585024039566502e-01
6.075547913509406499e+04 9.957595408909393209e-01
6.075547939515475446e+04 9.813570807251200678e-01
6.075547965521544393e+04 9.951917220190841240e-01
6.075547991527614067e+04 9.872550995027895571e-01
6.075548017533683014e+04 1.000730124045727587e+00
6.075548043539752689e+04 9.953586760977071179e-01
6.075548069545820908e+04 1.001728998635143864e+00
6.075548095551890583e+04 1.008044875921082495e+00
6.075548121557959530e+04 9.955708862342489418e-01
6.075548147564028477e+04 9.965456113699590057e-01
6.075548173570098152e+04 9.922765144129332970e-01
6.075548199576167099e+04 9.968418326764032500e-01
6.075548225582236773e+04 9.886299336444978048e-01
6.075548251588305720e+04 9.938873338969649307e-01
6.075548277594374667e+04 9.941950807563108006e-01
6.075548303600443614e+04 9.899304091012214313e-01
6.075548329606513289e+04 1.005888462475026390e+00
6.075548355612582236e+04 9.949784373963100892e-01
6.075548381618651911e+04 9.942250846541584863e-01
6.075548407624720130e+04 9.920019428874843337e-01
6.075548433630789805e+04 9.937820519742772696e-01
6.075548459636858752e+04 9.900825273466767884e-01
6.075548485642928426e+04 9.963718884158470068e-01
6.075548511648997373e+04 9.941170531949441447e-01
6.075548537655066320e+04 9.971190302285370954e-01
6.075548563661135267e+04 1.000312291191330250e+00
6.075548589667204942e+04 9.939010330170493512e-01
6.075548615673273162e+04 9.966541749434673081e-01
6.075548641679342836e+04 9.963287408902314901e-01
6.075548667685411783e+04 1.007030868112720912e+00
6.075548693691481458e+04 9.863385726642653895e-01
6.075548719697551132e+04 9.939838420242905759e-01
6.075548745703619352e+04 9.942848248932701916e-01
6.075548771709689026e+04 1.004557008345293490e+00
6.075548797715757973e+04 9.921599741548977613e-01
6.075548823721827648e+04 1.002955351272595053e+00
6.075548849727896595e+04 9.951405672129562952e-01
6.075548875733965542e+04 9.891630244006557326e-01
6.075548901740034489e+04 1.002119023123751562e+00
6.075548927746104164e+04 9.935378810017191364e-01
6.075548953752172383e+04 9.914240275235910449e-01
6.075548979758242058e+04 1.001103782287774857e+00
6.075549005764311732e+04 9.918524184977020042e-01
6.075549031770380680e+04 1.003297504748015490e+00
6.075549057776450354e+04 9.945704604928146120e-01
6.075549083782518574e+04 9.945333581235363818e-01
6.075549109788588248e+04 9.892280129185971882e-01
6.075549135794657195e+04 9.998319192178974912e-01
6.075549161800726870e+04 9.981359442241060087e-01
6.075549187806795817e+04 9.933217228626696205e-01
6.075549213812864764e+04 1.009897199373520627e+00
6.075549239818933711e+04 9.985389147424112988e-01
6.075549265825003386e+04 9.977408865838850449e-01
6.075549291831072333e+04 9.926612885904133599e-01
6.075549317837142007e+04 9.849519436259357441e-01
6.075549343843210954e+04 9.941293741755853342e-01
6.075549369849279901e+04 1.013305602592655674e+00
6.075549395855349576e+04 9.945141147581656460e-01
6.075549421861417795e+04 9.894571482481305802e-01
6.075549447867487470e+04 9.926131690423685150e-01
6.075549473873556417e+04 9.940585180532458542e-01
6.075549499879626092e+04 9.958045378407820447e-01
6.075549525885695766e+04 9.914321003103105934e-01
6.075549551891763986e+04 1.002132440321458207e+00
6.075549577897833660e+04 1.000983319343776934e+00
6.075549603903902607e+04 1.008283673657045965e+00
6.075549629909972282e+04 9.968895829680687326e-01
6.075549655916041229e+04 1.005960050350428459e+00
6.075549681922110176e+04 9.943411842478814266e-01
6.075549707928179851e+04 9.947259875855430922e-01
6.075549733934248798e+04 9.936341341972739771e-01
6.075549759940317745e+04 1.007491170464359875e+00
6.075549785946386692e+04 1.001919535331627475e+00
6.075549811952456366e+04 1.004099752952136493e+00
6.075549837958525313e+04 1.000549509980735108e+00
6.075549863964594988e+04 1.002547431311402670e+00
6.075549889970663935e+04 1.003096310237270528e+00
6.075549915976732882e+04 1.004964833430373350e+00
6.075549941982802557e+04 1.010200308450501350e+00
6.075549967988871504e+04 1.004412943149729065e+00
6.075549993994941178e+04 1.006623367459481111e+00
6.075550020001009398e+04 1.006346891709905655e+00
6.075550046007079072e+04 1.005668046791514891e+00
6.075550072013148747e+04 1.009026227629188588e+00
6.075550098019216966e+04 1.001079637884718210e+00
6.075550124025286641e+04 9.936749478386225354e-01
6.075550150031355588e+04 1.001499587832621385e+00
6.075550176037425263e+04 9.827781333440461786e-01
6.075550202043494210e+04 9.962697589200008030e-01
6.075550228049563157e+04 9.916581338387023825e-01
6.075550254055632831e+04 1.002330631718251652e+00
6.075550280061701778e+04 1.006986010357163952e+00
6.075550306067771453e+04 1.000912437089699125e+00
6.075550332073840400e+04 1.000761391612348117e+00
6.075550358079909347e+04 9.985326095264581703e-01
6.075550513883041276e+04 9.909907498588116370e-01
6.075550539889110951e+04 1.014570667027695050e+00
6.075550565895179898e+04 9.978141053641799152e-01
6.075550591901248845e+04 1.012110580069796262e+00
6.075550617907318519e+04 1.000583175110092427e+00
6.075550643913387466e+04 1.003687252801882979e+00
6.075550669919457141e+04 9.994190300064510479e-01
6.075550695925526088e+04 1.007578151715967651e+00
6.075550721931595035e+04 1.001043315780661525e+00
6.075550747937664710e+04 1.005281823798064966e+00
6.075550773943733657e+04 1.003668233194752846e+00
6.075550799949803331e+04 1.004215382934385392e+00
6.075550825955872278e+04 1.007705648720548242e+00
6.075550851961941225e+04 1.001404246379670626e+00
6.075550877968010900e+04 1.007710322273091874e+00
6.075550903974079847e+04 9.943398951321469337e-01
6.075550929980148794e+04 9.981102468539471140e-01
6.075550955986217741e+04 1.007661566118475127e+00
6.075550981992287416e+04 9.921609769574118998e-01
6.075551007998357090e+04 9.934559147933262890e-01
6.075551034004426037e+04 9.888744739874878453e-01
6.075551060010494984e+04 1.011328017314233385e+00
6.075551086016564659e+04 9.959537582060953298e-01
6.075551112022633606e+04 1.004889904313833959e+00
6.075551138028703281e+04 1.005436710279418389e+00
6.075551164034772228e+04 1.006350938304960030e+00
6.075551190040841175e+04 1.001244209964317733e+00
6.075551216046910849e+04 9.942509942766100117e-01
6.075551242052979796e+04 1.011354368972788187e+00
6.075551268059049471e+04 1.017475294408255460e+00
6.075551294065118418e+04 1.007690806641698300e+00
6.075551320071187365e+04 1.008997740655241948e+00
6.075551346077257040e+04 9.964237097209739380e-01
6.075551372083325987e+04 1.009894202108114980e+00
6.075551398089394934e+04 9.919172778968561310e-01
6.075551424095464608e+04 1.002298459241221629e+00
6.075551450101533555e+04 1.000940567024581895e+00
6.075551476107603230e+04 1.003948150418582763e+00
6.075551502113672177e+04 1.004412616607041731e+00
6.075551528119741124e+04 9.987188925179382171e-01
6.075551554125810799e+04 1.000300079150218568e+00
6.075551580131879746e+04 9.953220331279745148e-01
6.075551606137949420e+04 9.961152845692676783e-01
6.075551632144019095e+04 1.008769274841961883e+00
6.075551658150087314e+04 1.005832236139430291e+00
6.075551684156156989e+04 9.973035044076838940e-01
6.075551710162226664e+04 9.984802751311107061e-01
6.075551736168294883e+04 1.003625414819212081e+00
6.075551762174364558e+04 1.000120428641152026e+00
6.075551788180433505e+04 1.001266134104249250e+00
6.075551814186503179e+04 1.004860675517031732e+00
6.075551840192572854e+04 9.988846168482343746e-01
6.075551866198641073e+04 1.004112638523870560e+00
6.075551892204710748e+04 1.002494899926942074e+00
6.075551918210780423e+04 9.994758836191455220e-01
6.075551944216849370e+04 9.986777856761525074e-01
6.075551970222919044e+04 1.004737250569706308e+00
6.075551996228987991e+04 9.932280264475332743e-01
6.075552022235056938e+04 1.003966720348847597e+00
6.075552048241126613e+04 1.010168429784358057e+00
6.075552074247194832e+04 9.933752407226064118e-01
6.075552100253265235e+04 9.967010016751606249e-01
6.075552126259334182e+04 1.001056250841892759e+00
6.075552152265403129e+04 9.890706929693396932e-01
6.075552178271472803e+04 1.005488846136070258e+00
6.075552204277541750e+04 1.003544483900134621e+00
6.075552230283610697e+04 9.982494045170590136e-01
6.075552256289680372e+04 1.008965175683269377e+00
6.075552282295750047e+04 9.965039148916736700e-01
6.075552308301818994e+04 1.005954096619850135e+00
6.075552334307887941e+04 1.001889385147526568e+00
6.075552360313957615e+04 1.007905751125925287e+00
6.075552386320026562e+04 1.004678057546882108e+00
6.075552412326096237e+04 9.977571326439742538e-01
6.075552438332165912e+04 1.004079682924754913e+00
6.075552464338234131e+04 1.009326154770016082e+00
6.075552490344303806e+04 1.010278447393773371e+00
6.075552516350373480e+04 1.008089573347312085e+00
6.075552542356441700e+04 9.973525885450646999e-01
6.075552568362511374e+04 9.997859650849668656e-01
6.075552594368581049e+04 1.010381280541209348e+00
6.075552620374649996e+04 1.004558555031936251e+00
6.075552646380719671e+04 1.005199540568538996e+00
6.075552672386788618e+04 1.005844810968258729e+00
6.075552698392857565e+04 1.004324402892698309e+00
6.075552724398927239e+04 1.003638617986626125e+00
6.075552750404996914e+04 1.000328466915782366e+00
6.075552776411065861e+04 1.004865309038149634e+00
6.075552802417134808e+04 1.009426524609300158e+00
6.075552828423204483e+04 1.003919304557034042e+00
6.075552854429273430e+04 1.003782637119303267e+00
6.075552880435342377e+04 1.008646539891141281e+00
6.075552906441412051e+04 9.963796699824457592e-01
6.075552932447480998e+04 1.000881799925698035e+00
6.075552958453550673e+04 9.926754046050814129e-01
6.075552984459620347e+04 1.005973485658913757e+00
6.075553010465688567e+04 1.004073473044572173e+00
6.075553036471758242e+04 1.000956427082361433e+00
6.075553062477827916e+04 9.910082358172243033e-01
6.075553088483896863e+04 9.979728083942486228e-01
6.075553114489966538e+04 9.975503317150744564e-01
6.075553140496035485e+04 1.005942306877095849e+00
6.075553166502104432e+04 9.889543739278614520e-01
6.075553192508174106e+04 1.004644902405182005e+00
6.075553218514243054e+04 1.013246605252176025e+00
6.075553244520312728e+04 1.008566858030009117e+00
6.075553270526381675e+04 1.003990101809550284e+00
6.075553296532451350e+04 9.945967682250369535e-01
6.075553322538520297e+04 1.002261267563265390e+00
6.075553348544589244e+04 9.921467306144132747e-01
6.075553503087646095e+04 9.938438049937867724e-01
6.075553529093715770e+04 9.881739295189191363e-01
6.075553555099784717e+04 1.006475442458078629e+00
6.075553581105853664e+04 1.012888347471995631e+00
6.075553607111923338e+04 1.000444585309669066e+00
6.075553633117992285e+04 9.912340505908477928e-01
6.075553659124061960e+04 9.972620162695975399e-01
6.075553685130131635e+04 9.950158688122211492e-01
6.075553711136199854e+04 1.008157942458559608e+00
6.075553737142269529e+04 9.993914050405414695e-01
6.075553763148339203e+04 9.866440673195071565e-01
6.075553789154408878e+04 9.992669271230049111e-01
6.075553815160477825e+04 1.007024721630604747e+00
6.075553841166546772e+04 9.961098585305229181e-01
6.075553867172616447e+04 9.989634353011814794e-01
6.075553893178685394e+04 9.964736114945931256e-01
6.075553919184754341e+04 9.959241473626816443e-01
6.075553945190824015e+04 1.002182157232432758e+00
6.075553971196892962e+04 1.009432827658188758e+00
6.075553997202962637e+04 1.018737597701553366e+00
6.075554023209032312e+04 9.967398047579839604e-01
6.075554049215101259e+04 9.891250713704143882e-01
6.075554075221170206e+04 9.969566017678552772e-01
6.075554101227239880e+04 1.007733363251459346e+00
6.075554127233309555e+04 1.001858056505924521e+00
6.075554153239378502e+04 9.919878625546479922e-01
6.075554179245447449e+04 9.961549844371746509e-01
6.075554205251517124e+04 1.006120620419974632e+00
6.075554231257586798e+04 9.958941279264041935e-01
6.075554257263655018e+04 1.007738935051235352e+00
6.075554283269725420e+04 9.993344858342059212e-01
6.075554309275794367e+04 1.015483660356348183e+00
6.075554335281863314e+04 1.010822645563371314e+00
6.075554361287932988e+04 1.002430110183092804e+00
6.075554387294001936e+04 9.963804511029833444e-01
6.075554413300071610e+04 1.005919577658994646e+00
6.075554439306140557e+04 9.997755480176085952e-01
6.075554465312210232e+04 1.006582850627803172e+00
6.075554491318279906e+04 1.002068420955935624e+00
6.075554517324348853e+04 9.904730257304072971e-01
6.075554543330417800e+04 9.922773437275715924e-01
6.075554569336487475e+04 9.952564425133648696e-01
6.075554595342557150e+04 9.980434935320233736e-01
6.075554621348626097e+04 9.963292375197942974e-01
6.075554647354695044e+04 1.004491376747833620e+00
6.075554673360764718e+04 1.016998942766020431e+00
6.075554699366834393e+04 9.889218178158726280e-01
6.075554725372902612e+04 1.006387346948746764e+00
6.075554751378972287e+04 1.006805186192248680e+00
6.075554777385041962e+04 1.002644638440953528e+00
6.075554803391111636e+04 1.006189395539838660e+00
6.075554829397180583e+04 1.000261338355234564e+00
6.075554855403249530e+04 1.006908289132618650e+00
6.075554881409319205e+04 1.013031185929877731e+00
6.075554907415388152e+04 1.000289466365751334e+00
6.075554933421457827e+04 9.990604563014399142e-01
6.075554959427527501e+04 1.000385445217532254e+00
6.075554985433596448e+04 1.003534907447702240e+00
6.075555011439665395e+04 1.004820509968443520e+00
6.075555037445735070e+04 9.898918733867009268e-01
6.075555063451804017e+04 1.006596137955582781e+00
6.075555089457873692e+04 1.006505949439765457e+00
6.075555115463942639e+04 1.000263860915891367e+00
6.075555141470012313e+04 1.004941660424692351e+00
6.075555167476081988e+04 1.004746241545194207e+00
6.075555193482150935e+04 9.995405188661868889e-01
6.075555219488219882e+04 1.007003774284891406e+00
6.075555245494289557e+04 9.997040745459278011e-01
6.075555271500359231e+04 1.000572758413897034e+00
6.075555297506428906e+04 1.003430410569877029e+00
6.075555323512497125e+04 1.001168729505821364e+00
6.075555349518566800e+04 9.995920762695988948e-01
6.075555375524636474e+04 9.912396523807772697e-01
6.075555401530705421e+04 1.003970351155757834e+00
6.075555427536775096e+04 1.000590506768195942e+00
6.075555453542844043e+04 9.993589494115358018e-01
6.075555479548913718e+04 9.903525169826933316e-01
6.075555505554983392e+04 1.000247691645410830e+00
6.075555531561051612e+04 9.901187428857347594e-01
6.075555557567121286e+04 9.985257067098529671e-01
6.075555583573190961e+04 1.000906385040117197e+00
6.075555609579260636e+04 9.999675321383596494e-01
6.075555635585329583e+04 9.908116984261410298e-01
6.075555661591398530e+04 1.001322622089589220e+00
6.075555687597468204e+04 9.991621583074167257e-01
6.075555713603537879e+04 1.007499616198814785e+00
6.075555739609607554e+04 9.890140796044677440e-01
6.075555765615676501e+04 9.898282977816651451e-01
6.075555791621745448e+04 9.857530006788179922e-01
6.075555817627815122e+04 1.003437968368733557e+00
6.075555843633884797e+04 1.003558912102508138e+00
6.075555869639953016e+04 1.004565913142226208e+00
6.075555895646022691e+04 1.000485300906275077e+00
6.075555921652092366e+04 1.001869255882921639e+00
6.075555947658162040e+04 1.001249938067251932e+00
6.075555973664230987e+04 1.014837182094454615e+00
6.075555999670299934e+04 9.981609375487271452e-01
6.075556025676369609e+04 1.000888085938046457e+00
6.075556051682439283e+04 1.009904959227403642e+00
6.075556077688508958e+04 9.878136056577743185e-01
6.075556103694577905e+04 9.954004570344748837e-01
6.075556129700646852e+04 1.004687583515924576e+00
6.075556155706716527e+04 1.010361081458801991e+00
6.075556181712786201e+04 9.957669026739358609e-01
6.075556207718854421e+04 1.001673286507198002e+00
6.075556233724924095e+04 9.938215308918939561e-01
6.075556259730993770e+04 1.003899928777356454e+00
6.075556285737063445e+04 1.001597825868044467e+00
6.075556311743133119e+04 1.004155947898811574e+00
6.075556337749201339e+04 9.858700196090403045e-01
6.075556504896522529e+04 9.949968944236959878e-01
6.075556530902591476e+04 1.010590677095660750e+00
6.075556556908661150e+04 9.968822168990419952e-01
6.075556582914730097e+04 1.002411858342354689e+00
6.075556608920799772e+04 1.009301728382444585e+00
6.075556634926869447e+04 9.932240555510025715e-01
6.075556660932938394e+04 1.000554125382771442e+00
6.075556686939008068e+04 1.006724046592216038e+00
6.075556712945077015e+04 1.006821304569868847e+00
6.075556738951146690e+04 9.824294206020377507e-01
6.075556764957216365e+04 1.001708622220534695e+00
6.075556790963285312e+04 9.986949976952910202e-01
6.075556816969354986e+04 9.849528400210947332e-01
6.075556842975423933e+04 1.006262103607736602e+00
6.075556868981492880e+04 9.893907132164432294e-01
6.075556894987563282e+04 1.006039646105599372e+00
6.075556920993632230e+04 9.921884914381935427e-01
6.075556946999701904e+04 9.938894504626265558e-01
6.075556973005770851e+04 9.968798294882641464e-01
6.075556999011839798e+04 1.003207871673984064e+00
6.075557025017909473e+04 1.004723590884617712e+00
6.075557051023979147e+04 1.004590618632269949e+00
6.075557077030048822e+04 9.970216882616235177e-01
6.075557103036117769e+04 1.006602932199984979e+00
6.075557129042186716e+04 9.971532975969292778e-01
6.075557155048256391e+04 1.002920711175238733e+00
6.075557181054326065e+04 9.968524514802207248e-01
6.075557207060395740e+04 1.000943519679605265e+00
6.075557233066464687e+04 9.959908116098060704e-01
6.075557259072533634e+04 9.986478835513099561e-01
6.075557285078603309e+04 9.915718415219846316e-01
6.075557311084672983e+04 9.909455683205511400e-01
6.075557337090741930e+04 9.992835845011585061e-01
6.075557363096811605e+04 1.011925125062841824e+00
6.075557389102880552e+04 9.943028799338728962e-01
6.075557415108950227e+04 9.996204660943721620e-01
6.075557441115019901e+04 1.000982675191547600e+00
6.075557467121088848e+04 1.001702630852700837e+00
6.075557493127158523e+04 1.013884226626969864e+00
6.075557519133227470e+04 1.003763131943391951e+00
6.075557545139297144e+04 1.000581248411768875e+00
6.075557571145366819e+04 1.002244472056466940e+00
6.075557597151435766e+04 9.837500018349775166e-01
6.075557623157505441e+04 1.000229932332294069e+00
6.075557649163575115e+04 9.999191997373799712e-01
6.075557675169643335e+04 1.005530535728242247e+00
6.075557701175713009e+04 9.994796462640758161e-01
6.075557727181782684e+04 9.987326912611277363e-01
6.075557753187852359e+04 9.971951584795762935e-01
6.075557779193922033e+04 1.003436282673772828e+00
6.075557805199990980e+04 1.005505313922999910e+00
6.075557831206059927e+04 9.989662140709097971e-01
6.075557857212129602e+04 9.906864083759535644e-01
6.075557883218199277e+04 9.929530030507545124e-01
6.075557909224268951e+04 1.003095052639586315e+00
6.075557935230337898e+04 1.004262621673177147e+00
6.075557961236407573e+04 1.007940908323257112e+00
6.075557987242476520e+04 1.005240172787712938e+00
6.075558013248546195e+04 1.003860691560809038e+00
6.075558039254615869e+04 9.910161729104892681e-01
6.075558065260684816e+04 1.001994325054090140e+00
6.075558091266754491e+04 9.996771417516268077e-01
6.075558117272824165e+04 9.914526821477445129e-01
6.075558143278892385e+04 9.991869000846561599e-01
6.075558169284962059e+04 9.964722663730903873e-01
6.075558195291031734e+04 1.002990734499144665e+00
6.075558221297101409e+04 9.987561737065938638e-01
6.075558247303171083e+04 9.987165297764560856e-01
6.075558273309240030e+04 1.007313435161679926e+00
6.075558299315309705e+04 1.008108013252823287e+00
6.075558325321378652e+04 9.993670552619653424e-01
6.075558351327448327e+04 9.971891031335609057e-01
6.075558377333518001e+04 1.002104418305263200e+00
6.075558403339586948e+04 9.975062063932876866e-01
6.075558429345656623e+04 9.980086918103738824e-01
6.075558455351726298e+04 1.001535901362003989e+00
6.075558481357794517e+04 1.005627796083591541e+00
6.075558507363864192e+04 1.013585429688559358e+00
6.075558533369933866e+04 1.003830950675640876e+00
6.075558559376003541e+04 1.007898585865355745e+00
6.075558585382073215e+04 9.997175231558600439e-01
6.075558611388142162e+04 1.007548861210970648e+00
6.075558637394211837e+04 1.001697867003927378e+00
6.075558663400280784e+04 1.011241071450603268e+00
6.075558689406350459e+04 9.955222526206205513e-01
6.075558715412420133e+04 1.007054841185289984e+00
6.075558741418489080e+04 1.003547589405534346e+00
6.075558767424558755e+04 1.004320383663817484e+00
6.075558793430628430e+04 1.003971569013177412e+00
6.075558819436697377e+04 1.011953850501572383e+00
6.075558845442767051e+04 1.010467837867888630e+00
6.075558871448835998e+04 9.945205104853197531e-01
6.075558897454905673e+04 1.008944993256960743e+00
6.075558923460975348e+04 9.992458037761096090e-01
6.075558949467044295e+04 1.000162052624794740e+00
6.075558975473113969e+04 9.883115619438169741e-01
6.075559001479183644e+04 9.993896357218826632e-01
6.075559027485253318e+04 9.973326257023773511e-01
6.075559053491322265e+04 1.010653694687379645e+00
6.075559079497391212e+04 1.011903526344419157e+00
6.075559105503460887e+04 1.014314080818940367e+00
6.075559131509530562e+04 9.956786308140735953e-01
6.075559157515600236e+04 1.013111468008669691e+00
6.075559183521669911e+04 1.000795616724880377e+00
6.075559209527738858e+04 1.005151908070253564e+00
6.075559235533808533e+04 1.007576329500647683e+00
6.075559261539877480e+04 1.001089614028983998e+00
6.075559287545946427e+04 1.005478832469812733e+00
6.075559313552016101e+04 1.002947292995308937e+00
6.075559339558085776e+04 1.008662099854456207e+00
6.075559494101491873e+04 1.011493425459005779e+00
6.075559520107561548e+04 1.017500738842910257e+00
6.075559546113631222e+04 1.006860357390093164e+00
6.075559572119700897e+04 1.015424650528560457e+00
6.075559598125769844e+04 1.002032166249065659e+00
6.075559624131839519e+04 1.003751040426243968e+00
6.075559650137908466e+04 1.018695503812755643e+00
6.075559676143977413e+04 1.003708899881604388e+00
6.075559702150047087e+04 1.010626580759811821e+00
6.075559728156116762e+04 9.998780660373992601e-01
6.075559754162186437e+04 1.009711008710810543e+00
6.075559780168256111e+04 1.002694730002650969e+00
6.075559806174325058e+04 1.002603052250546467e+00
6.075559832180394733e+04 1.002340825631755417e+00
6.075559858186464407e+04 1.022049504822670984e+00
6.075559884192533355e+04 1.003408985375575213e+00
6.075559910198603029e+04 1.016043124822728849e+00
6.075559936204671976e+04 1.000254236277946074e+00
6.075559962210741651e+04 1.005411070673573937e+00
6.075559988216811325e+04 1.001961292429747630e+00
6.075560014222880272e+04 1.004409514827739436e+00
6.075560040228950675e+04 1.001466132765884920e+00
6.075560066235019622e+04 1.009388491972025070e+00
6.075560092241089296e+04 1.006173678081868417e+00
6.075560118247158971e+04 1.010498288074459072e+00
6.075560144253227918e+04 1.009061833571431643e+00
6.075560170259296865e+04 1.002090632016192862e+00
6.075560196265366540e+04 1.015295794805638252e+00
6.075560222271436214e+04 1.000769576551084450e+00
6.075560248277505889e+04 1.001211852510462519e+00
6.075560274283574836e+04 1.014230653331506637e+00
6.075560300289644510e+04 1.005466226112721406e+00
6.075560326295714185e+04 1.007812846425482523e+00
6.075560352301783860e+04 1.010372007979202902e+00
6.075560378307853534e+04 9.974410400769375684e-01
6.075560404313922481e+04 9.955271131346997704e-01
6.075560430319992156e+04 1.012349427968764148e+00
6.075560456326061831e+04 1.005300934424568027e+00
6.075560482332130050e+04 1.002539249574199820e+00
6.075560508338199725e+04 1.007794314033028993e+00
6.075560534344269399e+04 1.011244021164899420e+00
6.075560560350339074e+04 1.009307118238275347e+00
6.075560586356408749e+04 1.006543936231041991e+00
6.075560612362477696e+04 1.008872820761603117e+00
6.075560638368547370e+04 1.009294702031339863e+00
6.075560664374617045e+04 1.007490674517634410e+00
6.075560690380686719e+04 1.007589036805177640e+00
6.075560716386756394e+04 1.007274606576224585e+00
6.075560742392825341e+04 1.009389844405963244e+00
6.075560768398895016e+04 1.011314906208984343e+00
6.075560794404964690e+04 1.005924590243397754e+00
6.075560820411032910e+04 1.010788755547588735e+00
6.075560846417102584e+04 1.013302612375338141e+00
6.075560872423172259e+04 1.005681382298243554e+00
6.075560898429241934e+04 9.948668856299777152e-01
6.075560924435311608e+04 1.008893095349194802e+00
6.075560950441380555e+04 1.001777213072722272e+00
6.075560976447450230e+04 1.009407655285067928e+00
6.075561002453519905e+04 1.003782701869047500e+00
6.075561028459589579e+04 1.015076309785926778e+00
6.075561054465659254e+04 1.020140083910359374e+00
6.075561080471728201e+04 1.000736676338440878e+00
6.075561106477797875e+04 1.003743062268020125e+00
6.075561132483867550e+04 1.027661170937539170e+00
6.075561158489937225e+04 9.900598985744618608e-01
6.075561184496006899e+04 1.004233784574771526e+00
6.075561210502075846e+04 1.003865765473709759e+00
6.075561236508144793e+04 1.006404482371487941e+00
6.075561262514214468e+04 1.012765125722330461e+00
6.075561288520283415e+04 1.011739186182464501e+00
6.075561314526353090e+04 1.000736756710201902e+00
6.075561340532422764e+04 1.005611681916061206e+00
6.075561366538492439e+04 9.964072803137659085e-01
6.075561392544562113e+04 1.001723023989944839e+00
6.075561418550631060e+04 1.003327488171410931e+00
6.075561444556700735e+04 9.991508915428543025e-01
6.075561470562770410e+04 1.012054991318908082e+00
6.075561496568840084e+04 1.004879096745092237e+00
6.075561522574909759e+04 1.005135805927941828e+00
6.075561548580978706e+04 1.005693452708811053e+00
6.075561574587048381e+04 1.002777419716839979e+00
6.075561600593118055e+04 9.989267535872994319e-01
6.075561626599187002e+04 1.008646619820405155e+00
6.075561652605256677e+04 1.004579808607466429e+00
6.075561678611326352e+04 1.001978239368453538e+00
6.075561704617396026e+04 1.001381199461436999e+00
6.075561730623465701e+04 1.003418338063195581e+00
6.075561756629534648e+04 1.002707482251691040e+00
6.075561782635604322e+04 1.007782138435750818e+00
6.075561808641673269e+04 1.012144813589445080e+00
6.075561834647742944e+04 1.001875850388737277e+00
6.075561860653812619e+04 1.008751708683643056e+00
6.075561886659881566e+04 1.010564191127047984e+00
6.075561912665951240e+04 1.001289047066418636e+00
6.075561938672020915e+04 1.007920975775628891e+00
6.075561964678089862e+04 1.009956808861876887e+00
6.075561990684160264e+04 1.000623619614261051e+00
6.075562016690229211e+04 9.980226281910949959e-01
6.075562042696298886e+04 1.006435125037419276e+00
6.075562068702368560e+04 9.989126179677996209e-01
6.075562094708437508e+04 9.993636041230155032e-01
6.075562120714507182e+04 9.927503488988620450e-01
6.075562146720576857e+04 1.008610376004813292e+00
6.075562172726646531e+04 1.022228154333465255e+00
6.075562198732716206e+04 1.011311606266971141e+00
6.075562224738785153e+04 9.947936904282735915e-01
6.075562250744854828e+04 1.036862632555001884e+00
6.075562276750924502e+04 1.011529618953425080e+00
6.075562302756994177e+04 1.006545041397883589e+00
6.075562328763063852e+04 1.001360841833994764e+00
6.075562490904599690e+04 1.001480057215409003e+00
6.075562516909990518e+04 9.974623732764131834e-01
6.075562542915379890e+04 1.001936411025365903e+00
6.075562568920769263e+04 9.999582662367622055e-01
6.075562594926160091e+04 1.010445406532741952e+00
6.075562620931549463e+04 9.974588156967025832e-01
6.075562646936939564e+04 9.941488743969374431e-01
6.075562672942329664e+04 9.982520501301141991e-01
6.075562698947719036e+04 1.002873265969279171e+00
6.075562724953109864e+04 1.002751405959761088e+00
6.075562750958499237e+04 9.979084865982779107e-01
6.075562776963889337e+04 1.003558539689878959e+00
6.075562802969280165e+04 9.942186320442546466e-01
6.075562828974669537e+04 1.005616391340081517e+00
6.075562854980059637e+04 1.000742107209517950e+00
6.075562880985449738e+04 9.915172147941530012e-01
6.075562906990839110e+04 1.003625446788109388e+00
6.075562932996229938e+04 1.001370237539654040e+00
6.075562959001619311e+04 9.965544486528217227e-01
6.075562985007009411e+04 9.969735930962272397e-01
6.075563011012399511e+04 1.001650593923181232e+00
6.075563037017788884e+04 9.985569862229944915e-01
6.075563063023179711e+04 1.000732477392127784e+00
6.075563089028569084e+04 9.979855490855500388e-01
6.075563115033958456e+04 1.008040588752087574e+00
6.075563141039349284e+04 1.010617689014170706e+00
6.075563167044738657e+04 9.993412576046082352e-01
6.075563193050128757e+04 9.999719428077011862e-01
6.075563219055518857e+04 9.923185608210676190e-01
6.075563245060908230e+04 9.949018511358186379e-01
6.075563271066299058e+04 9.905257325956220438e-01
6.075563297071688430e+04 1.001219085752787619e+00
6.075563323077078530e+04 9.981420199572448304e-01
6.075563349082468631e+04 9.881185246742337780e-01
6.075563375087858003e+04 1.002880940009183819e+00
6.075563401093248831e+04 1.003249617439993857e+00
6.075563427098638203e+04 9.910974267673108296e-01
6.075563453104027576e+04 9.960314022200804640e-01
6.075563479109418404e+04 1.005300934341913921e+00
6.075563505114807776e+04 9.906191210638269906e-01
6.075563531120197877e+04 9.992444183342057418e-01
6.075563557125588704e+04 1.002064405563151794e+00
6.075563583130978077e+04 9.971440759064429393e-01
6.075563609136368905e+04 9.937570700183869787e-01
6.075563635141758277e+04 9.971217230185411839e-01
6.075563661147148377e+04 9.959873561290663035e-01
6.075563687152538478e+04 9.924007828425436273e-01
6.075563713157927850e+04 9.967494615950828196e-01
6.075563739163318678e+04 9.877836099237279344e-01
6.075563765168708051e+04 9.981245133898615229e-01
6.075563791174097423e+04 1.003704039512495871e+00
6.075563817179488251e+04 1.007757974768986209e+00
6.075563843184877624e+04 9.941792283397002938e-01
6.075563869190267724e+04 1.008548825269237392e+00
6.075563895195657824e+04 9.945312028736961185e-01
6.075563921201047197e+04 1.004599156912383995e+00
6.075563947206438024e+04 9.979949384526355383e-01
6.075563973211827397e+04 1.005604766474027301e+00
6.075563999217217497e+04 1.003574704232559789e+00
6.075564025222608325e+04 9.909504919849870808e-01
6.075564051227997697e+04 9.937018739182781335e-01
6.075564077233388525e+04 9.958606336363723388e-01
6.075564103238777898e+04 1.004467936585166532e+00
6.075564129244167270e+04 1.003812188355662105e+00
6.075564155249558098e+04 9.989938063756858000e-01
6.075564181254947471e+04 1.002789687489290538e+00
6.075564207260337571e+04 1.000395360284882296e+00
6.075564233265727671e+04 9.923361115060069793e-01
6.075564259271117044e+04 9.893775693328357157e-01
6.075564285276507871e+04 9.976046786069785455e-01
6.075564311281897244e+04 9.890002505810501221e-01
6.075564337287286617e+04 1.006637670976602505e+00
6.075564363292677444e+04 1.015296933133601920e+00
6.075564389298066817e+04 1.002857400735080784e+00
6.075564415303458372e+04 1.001426358844307085e+00
6.075564441308847745e+04 9.970333319304540698e-01
6.075564467314237118e+04 9.963378206259434489e-01
6.075564493319627945e+04 1.016131305870669577e+00
6.075564519325017318e+04 9.943262807741316545e-01
6.075564545330407418e+04 9.927780003330198833e-01
6.075564571335797518e+04 9.831974570710597661e-01
6.075564597341186891e+04 9.937779400566832955e-01
6.075564623346577719e+04 9.832357469767857294e-01
6.075564649351967091e+04 1.003158429747133873e+00
6.075564675357356464e+04 9.988838631316420136e-01
6.075564701362747292e+04 9.923127362872812274e-01
6.075564727368136664e+04 9.926337149479551591e-01
6.075564753373527492e+04 1.004892017369276580e+00
6.075564779378917592e+04 9.895090582156604864e-01
6.075564805384306965e+04 1.005462360886236084e+00
6.075564831389697792e+04 1.006111421416418183e+00
6.075564857395087165e+04 1.007262916302443356e+00
6.075564883400477265e+04 9.873742591167745664e-01
6.075564909405867365e+04 9.988631996195983520e-01
6.075564935411256738e+04 1.006521877415266886e+00
6.075564961416647566e+04 1.002969391426691281e+00
6.075564987422036938e+04 9.965556202335930092e-01
6.075565013427426311e+04 1.012698377264815264e+00
6.075565039432817866e+04 1.001360741959264278e+00
6.075565065438207239e+04 9.963301710989740378e-01
6.075565091443597339e+04 9.959581338278099549e-01
6.075565117448987439e+04 1.000481210696975820e+00
6.075565143454376812e+04 1.000513363485583840e+00
6.075565169459767640e+04 9.895049702284796078e-01
6.075565195465157012e+04 9.970855601537730317e-01
6.075565221470547112e+04 1.000262707765664505e+00
6.075565247475937213e+04 1.003100852047883684e+00
6.075565273481326585e+04 9.974314289111575471e-01
6.075565299486718141e+04 1.008485724946756035e+00
6.075565325492107513e+04 1.005078651808976486e+00
6.075565492676799477e+04 9.925822971444799858e-01
6.075565518682868424e+04 9.977458048757793518e-01
6.075565544688938098e+04 9.931994407140468661e-01
6.075565570695007773e+04 9.984569793669341164e-01
6.075565596701077448e+04 1.000280144704586593e+00
6.075565622707147122e+04 1.005993190214348632e+00
6.075565648713216069e+04 9.975047955958725732e-01
6.075565674719285744e+04 9.917938550377191076e-01
6.075565700725356146e+04 9.901379021672225278e-01
6.075565726731425821e+04 1.012094165905777388e+00
6.075565752737495495e+04 9.978262677779833334e-01
6.075565778743564442e+04 1.002987771920572424e+00
6.075565804749634117e+04 9.943066174395643886e-01
6.075565830755703792e+04 1.006671431181641596e+00
6.075565856761772739e+04 1.010245020430051710e+00
6.075565882767842413e+04 1.005334603589405518e+00
6.075565908773912088e+04 9.951967978147401306e-01
6.075565934779981762e+04 1.008836698756407246e+00
6.075565960786051437e+04 1.002355877355513902e+00
6.075565986792121112e+04 1.003536805980076885e+00
6.075566012798190786e+04 1.009711112454902526e+00
6.075566038804260461e+04 9.911180570684094970e-01
6.075566064810330136e+04 9.937607052776550320e-01
6.075566090816399810e+04 9.971762557134276062e-01
6.075566116822468757e+04 1.027892939065867317e+00
6.075566142828538432e+04 9.963226594430896199e-01
6.075566168834608106e+04 9.932621820666843737e-01
6.075566194840677781e+04 9.994529425546403445e-01
6.075566220846748183e+04 9.913365589608562622e-01
6.075566246852817130e+04 9.995346131101723319e-01
6.075566272858886805e+04 1.004767124797364186e+00
6.075566298864956480e+04 1.003891772078685740e+00
6.075566324871025427e+04 9.791235975952854442e-01
6.075566350877095101e+04 9.907382045363652967e-01
6.075566376883164776e+04 9.926951669238848197e-01
6.075566402889234450e+04 1.002958724005206026e+00
6.075566428895304125e+04 1.004381506053875661e+00
6.075566454901373800e+04 1.000351232122404621e+00
6.075566480907443474e+04 1.005967142046800600e+00
6.075566506913513149e+04 9.931111315966232311e-01
6.075566532919582824e+04 1.001318292256711429e+00
6.075566558925652498e+04 1.013031631115378639e+00
6.075566584931721445e+04 1.009127347846947798e+00
6.075566610937791120e+04 1.001822429879535736e+00
6.075566636943860794e+04 9.964767035599600975e-01
6.075566662949930469e+04 1.008860834435088449e+00
6.075566688956000144e+04 1.012429367302571270e+00
6.075566714962069818e+04 1.009253095163431091e+00
6.075566740968139493e+04 9.984443778495500910e-01
6.075566766974209168e+04 1.001222043497973280e+00
6.075566792980278115e+04 1.000186666695163096e+00
6.075566818986347789e+04 9.952724446190058805e-01
6.075566844992417464e+04 9.993629952593222621e-01
6.075566870998487866e+04 1.012446693031357592e+00
6.075566897004557541e+04 1.010166623856042944e+00
6.075566923010626488e+04 1.006569598245557362e+00
6.075566949016696162e+04 1.001615185302279443e+00
6.075566975022765837e+04 9.970544118315037840e-01
6.075567001028834784e+04 1.001461603493905450e+00
6.075567027034905186e+04 1.008692709587222680e+00
6.075567053040974133e+04 1.000833093247650574e+00
6.075567079047044535e+04 9.924633123913657595e-01
6.075567105053114210e+04 1.008886059761714860e+00
6.075567131059183157e+04 1.009411524165974683e+00
6.075567157065252832e+04 1.004985102548735965e+00
6.075567183071322506e+04 1.010010395408466932e+00
6.075567209077392181e+04 9.980995384313502417e-01
6.075567235083461856e+04 1.007440136923108964e+00
6.075567261089531530e+04 1.005127267176992856e+00
6.075567287095601205e+04 1.005808387260704873e+00
6.075567313101670879e+04 1.010488153943180700e+00
6.075567339107740554e+04 1.002734039576582914e+00
6.075567365113810229e+04 1.006697142717927207e+00
6.075567391119879176e+04 1.006609993315271678e+00
6.075567417125948850e+04 9.992600820651796889e-01
6.075567443132019253e+04 9.936321726358858797e-01
6.075567469138088200e+04 9.911924163992184011e-01
6.075567495144157874e+04 1.005242783697400943e+00
6.075567521150227549e+04 1.004806902063785978e+00
6.075567547156297223e+04 9.992521474908960810e-01
6.075567573162366898e+04 9.933470316287142943e-01
6.075567599168436573e+04 1.011008800172565669e+00
6.075567625174506247e+04 1.004885983373593472e+00
6.075567651180575922e+04 1.001136498798078867e+00
6.075567677186645597e+04 1.007390306217469389e+00
6.075567703192715271e+04 1.012555717812410272e+00
6.075567729198784218e+04 1.003908047018287508e+00
6.075567755204853893e+04 1.011419584565507179e+00
6.075567781210924295e+04 9.995563685838261270e-01
6.075567807216993242e+04 1.008704395460772840e+00
6.075567833223062917e+04 1.005102024947264638e+00
6.075567859229132591e+04 1.009115077532782845e+00
6.075567885235202266e+04 1.016388551515500227e+00
6.075567911241271941e+04 1.013472804692160389e+00
6.075567937247341615e+04 1.000880748164466594e+00
6.075567963253411290e+04 1.013979605412395513e+00
6.075567989259480964e+04 1.007003751312815165e+00
6.075568015265550639e+04 1.013535452077247712e+00
6.075568041271620314e+04 9.918845795404850341e-01
6.075568067277689261e+04 1.016879135239302956e+00
6.075568093283759663e+04 1.005126893590255532e+00
6.075568119289829338e+04 9.964954520855288100e-01
6.075568145295898285e+04 1.001828375941299143e+00
6.075568171301968687e+04 9.879601173225358579e-01
6.075568197308037634e+04 1.012599497392952630e+00
6.075568223314107308e+04 1.014632731951912614e+00
6.075568249320177711e+04 1.008600383621151453e+00
6.075568275326246658e+04 1.013482667297742834e+00
6.075568301332316332e+04 1.003651237971367793e+00
6.075568327338386007e+04 1.014660001376956666e+00
6.075568483179301256e+04 1.002112266955933029e+00
6.075568509184680443e+04 1.009950807766835101e+00
6.075568535190059629e+04 1.012944980173646092e+00
6.075568561195438815e+04 9.959527166152672972e-01
6.075568587200818729e+04 9.999659238051348265e-01
6.075568613206199370e+04 1.005597028860606201e+00
6.075568639211578557e+04 1.018288010921604814e+00
6.075568665216957743e+04 9.965188913671264581e-01
6.075568691222336929e+04 9.987225798725382075e-01
6.075568717227716115e+04 9.966218871533751855e-01
6.075568743233096029e+04 1.007707954998665612e+00
6.075568769238475215e+04 1.005594751513483986e+00
6.075568795243854402e+04 1.003802337769068354e+00
6.075568821249233588e+04 1.032820887607654115e+00
6.075568847254613502e+04 9.997345328680760090e-01
6.075568873259992688e+04 1.013259516134361382e+00
6.075568899265372602e+04 1.011504360907097722e+00
6.075568925270752516e+04 1.001390485585431422e+00
6.075568951276131702e+04 1.013309575964976839e+00
6.075568977281511616e+04 9.972237506629550996e-01
6.075569003286890802e+04 1.006275800402256060e+00
6.075569029292269988e+04 1.010431318832782921e+00
6.075569055297649174e+04 1.000900184527464098e+00
6.075569081303029088e+04 9.997990614526327535e-01
6.075569107308408275e+04 1.010406239227849223e+00
6.075569133313787461e+04 1.016366933879006895e+00
6.075569159319166647e+04 1.001016332286322141e+00
6.075569185324547288e+04 1.006491158043886669e+00
6.075569211329927202e+04 1.009497143199486580e+00
6.075569237335306389e+04 1.006445254755719665e+00
6.075569263340685575e+04 1.018162981150248170e+00
6.075569289346064761e+04 1.004000641054277887e+00
6.075569315351444675e+04 1.010668612768030883e+00
6.075569341356823861e+04 1.006163738636248084e+00
6.075569367362203047e+04 9.916784160933801440e-01
6.075569393367582234e+04 1.006481917411545135e+00
6.075569419372962147e+04 1.011901455705728425e+00
6.075569445378341334e+04 1.011995591938444905e+00
6.075569471383720520e+04 9.965781578933059492e-01
6.075569497389100434e+04 1.011781318043455169e+00
6.075569523394481075e+04 9.995454590753246604e-01
6.075569549399860261e+04 9.941337820058269159e-01
6.075569575405239448e+04 1.012325990857254832e+00
6.075569601410618634e+04 1.009258914621373293e+00
6.075569627415998548e+04 9.953037503609083458e-01
6.075569653421377734e+04 1.016961926176477071e+00
6.075569679426756920e+04 1.001267247891925782e+00
6.075569705432136107e+04 9.989856320554284519e-01
6.075569731437516020e+04 1.004791257446441044e+00
6.075569757442895207e+04 1.006687324956920593e+00
6.075569783448274393e+04 1.010433000723183650e+00
6.075569809453654307e+04 1.002687678096098267e+00
6.075569835459034948e+04 1.008512989961372508e+00
6.075569861464414134e+04 1.012177799503731990e+00
6.075569887469793321e+04 9.927655782346388458e-01
6.075569913475172507e+04 9.961711883594157602e-01
6.075569939480552421e+04 9.914516908856173538e-01
6.075569965485931607e+04 1.004588240844421554e+00
6.075569991491310793e+04 1.009144882032924295e+00
6.075570017496689979e+04 1.005692921169328402e+00
6.075570043502069893e+04 1.014985347632478163e+00
6.075570069507449080e+04 9.956695158391799527e-01
6.075570095512828993e+04 1.003394327483065229e+00
6.075570121518208907e+04 1.016331497377263915e+00
6.075570147523588821e+04 9.997576688150763280e-01
6.075570173528968007e+04 1.002608335301987452e+00
6.075570199534347194e+04 1.019017125694600345e+00
6.075570225539727107e+04 1.002842125322747524e+00
6.075570251545106294e+04 1.000121089302749455e+00
6.075570277550485480e+04 1.004767907525672799e+00
6.075570303555864666e+04 1.008853109614355370e+00
6.075570329561244580e+04 9.951256242506736349e-01
6.075570355566623766e+04 1.005169479914353348e+00
6.075570381572002952e+04 1.004252599169908278e+00
6.075570407577382866e+04 1.005042729287183079e+00
6.075570433582763508e+04 1.005532446979326089e+00
6.075570459588142694e+04 1.001868545839629920e+00
6.075570485593521880e+04 9.941363195501734529e-01
6.075570511598901066e+04 9.966232377563586375e-01
6.075570537604280980e+04 9.938626393440407325e-01
6.075570563609660167e+04 9.940023229654464387e-01
6.075570589615039353e+04 1.005282532871921042e+00
6.075570615620419267e+04 1.007809587158790876e+00
6.075570641625798453e+04 1.000778122755974886e+00
6.075570667631177639e+04 9.886132488346464076e-01
6.075570693636557553e+04 1.002647486337001626e+00
6.075570719641938194e+04 1.007285495705562139e+00
6.075570745647317381e+04 1.003594741992396733e+00
6.075570771652696567e+04 1.016950763186330375e+00
6.075570797658076481e+04 1.001135376007308508e+00
6.075570823663455667e+04 1.005853322582337617e+00
6.075570849668834853e+04 9.938454483159313568e-01
6.075570875674214039e+04 1.004142409319241258e+00
6.075570901679593953e+04 1.000878847665049864e+00
6.075570927684973140e+04 1.004240911843788719e+00
6.075570953690352326e+04 9.975243804626844346e-01
6.075570979695732240e+04 9.965417848839251969e-01
6.075571005701112153e+04 9.907449079327861341e-01
6.075571031706492067e+04 1.007326711310712497e+00
6.075571057711871254e+04 1.004802967262056645e+00
6.075571083717251167e+04 1.004663630716985612e+00
6.075571109722630354e+04 1.005352355936495412e+00
6.075571135728009540e+04 9.920279595803361827e-01
6.075571161733389454e+04 1.002543371439484465e+00
6.075571187738768640e+04 1.000370026974537474e+00
6.075571213744147826e+04 9.992436600884457842e-01
6.075571239749527740e+04 1.010879823791416499e+00
6.075571265754906926e+04 9.900913566193726423e-01
6.075571291760286840e+04 9.988898099059029256e-01
6.075571317765666754e+04 1.017074504969541549e+00
6.075571474868715450e+04 1.005872954009423337e+00
6.075571500874785124e+04 1.014785920088909554e+00
6.075571526880854799e+04 9.902235667708534361e-01
6.075571552886924474e+04 9.972379842964227414e-01
6.075571578892994148e+04 9.927847743878340792e-01
6.075571604899063823e+04 9.963130639783538411e-01
6.075571630905133497e+04 9.956994388123228124e-01
6.075571656911203172e+04 9.982484856020675812e-01
6.075571682917273574e+04 9.952352886055405579e-01
6.075571708923342521e+04 1.005784175306327022e+00
6.075571734929412196e+04 9.948026779477826542e-01
6.075571760935482598e+04 9.879948785591637916e-01
6.075571786941552273e+04 1.000393164700607240e+00
6.075571812947621947e+04 9.973882457527565304e-01
6.075571838953690894e+04 9.968999591434644092e-01
6.075571864959761297e+04 1.013870885603174399e+00
6.075571890965830971e+04 1.007827770033291603e+00
6.075571916971899918e+04 9.940235904470197115e-01
6.075571942977970320e+04 9.888529201373830180e-01
6.075571968984039995e+04 1.000395037475351190e+00
6.075571994990109670e+04 9.966686375453283064e-01
6.075572020996180072e+04 1.003831208312014667e+00
6.075572047002249019e+04 1.002972584522480171e+00
6.075572073008318694e+04 9.937318642468679908e-01
6.075572099014388368e+04 1.007496181891527121e+00
6.075572125020458770e+04 9.919017534724758889e-01
6.075572151026528445e+04 1.001955416077571881e+00
6.075572177032597392e+04 9.824456832464125711e-01
6.075572203038667794e+04 1.009040676931520331e+00
6.075572229044737469e+04 9.918797168562624167e-01
6.075572255050806416e+04 9.981582138682764116e-01
6.075572281056877546e+04 1.000243338218182121e+00
6.075572307062946493e+04 1.005663036758928985e+00
6.075572333069016167e+04 9.934382888912915988e-01
6.075572359075086570e+04 1.006311477553232026e+00
6.075572385081155517e+04 9.974524905452575307e-01
6.075572411087225191e+04 9.986352965532656611e-01
6.075572437093294866e+04 9.997947600797998380e-01
6.075572463099365268e+04 9.979894250350479501e-01
6.075572489105434943e+04 9.951388520623863920e-01
6.075572515111503890e+04 1.001504199983022536e+00
6.075572541117574292e+04 9.956963667575610133e-01
6.075572567123643967e+04 1.002296313405883765e+00
6.075572593129713641e+04 9.958346544750570351e-01
6.075572619135784043e+04 1.011747725449896107e+00
6.075572645141852990e+04 9.964009408120695355e-01
6.075572671147922665e+04 9.909838758278023407e-01
6.075572697153993067e+04 9.990411494231918876e-01
6.075572723160062014e+04 9.979620211724343770e-01
6.075572749166131689e+04 1.007315020326498667e+00
6.075572775172202091e+04 9.955132917119456915e-01
6.075572801178271766e+04 9.966490460862726941e-01
6.075572827184341440e+04 1.007215900838321909e+00
6.075572853190411115e+04 1.006773105254057166e+00
6.075572879196480790e+04 1.003045338170544865e+00
6.075572905202550464e+04 9.912771495546590650e-01
6.075572931208620867e+04 9.996327222231728982e-01
6.075572957214690541e+04 9.969291054797098095e-01
6.075572983220759488e+04 1.001287820747174040e+00
6.075573009226829890e+04 1.008842613660274834e+00
6.075573035232899565e+04 1.005000934337675123e+00
6.075573061238968512e+04 1.003915799983655432e+00
6.075573087245038914e+04 1.001457460233476926e+00
6.075573113251108589e+04 9.873189755617526320e-01
6.075573139257178264e+04 1.001934569471951031e+00
6.075573165263248666e+04 9.892613991673102625e-01
6.075573191269317613e+04 9.973902823460225608e-01
6.075573217275387287e+04 9.997932650710102953e-01
6.075573243281457690e+04 9.933145617734443489e-01
6.075573269287527364e+04 9.936178164197821960e-01
6.075573295293597039e+04 9.927372745359994699e-01
6.075573321299666713e+04 9.983311337284019871e-01
6.075573347305736388e+04 1.000822693142452868e+00
6.075573373311806063e+04 9.928779732582325712e-01
6.075573399317875737e+04 9.963732979502245568e-01
6.075573425323946140e+04 9.998764049871445847e-01
6.075573451330015087e+04 9.850521793980340224e-01
6.075573477336085489e+04 1.000371408231166326e+00
6.075573503342155163e+04 9.978838945143777561e-01
6.075573529348224110e+04 9.942288897108939594e-01
6.075573555354294513e+04 1.000681189192407006e+00
6.075573581360364187e+04 9.936269799072053877e-01
6.075573607366434589e+04 1.008989783420519926e+00
6.075573633372504264e+04 1.014063304552913269e+00
6.075573659378573211e+04 1.007780135580691017e+00
6.075573685384643613e+04 1.013952567596638543e+00
6.075573711390713288e+04 9.957526559446452374e-01
6.075573737396782963e+04 1.003361151757455660e+00
6.075573763402853365e+04 1.000549334032349247e+00
6.075573789408922312e+04 1.015431584583877056e+00
6.075573815414991986e+04 1.002216026351509415e+00
6.075573841421062389e+04 1.002487735511509381e+00
6.075573867427131336e+04 9.962701951018336777e-01
6.075573893433201010e+04 9.926255198024573900e-01
6.075573919439271413e+04 9.998834557941509438e-01
6.075573945445341087e+04 9.938941998330180772e-01
6.075573971451411489e+04 1.004471834537724817e+00
6.075573997457480436e+04 1.006546740844107557e+00
6.075574023463550111e+04 1.003475363600198511e+00
6.075574049469620513e+04 9.996221263518489941e-01
6.075574075475690188e+04 9.993266989709082004e-01
6.075574101481759863e+04 1.006484627567436840e+00
6.075574127487829537e+04 1.004175345728776314e+00
6.075574153493899212e+04 9.930114068523333559e-01
6.075574179499969614e+04 1.003212520062385371e+00
6.075574205506038561e+04 9.962940554353877376e-01
6.075574231512108236e+04 9.921692180241952208e-01
6.075574257518178638e+04 9.946229691709935761e-01
6.075574283524248312e+04 1.000647638449001064e+00
6.075574309530317987e+04 1.002987823889937902e+00
6.075574483016229351e+04 1.000002520827003138e+00
6.075574509021608537e+04 9.985489783101283434e-01
6.075574535026989179e+04 9.989801756724799864e-01
6.075574561032369093e+04 9.992103236839334768e-01
6.075574587037748279e+04 1.006563100735893279e+00
6.075574613043128193e+04 9.975893669501885164e-01
6.075574639048507379e+04 1.000462933016585287e+00
6.075574665053887293e+04 1.003575438102300321e+00
6.075574691059266479e+04 1.001630713020761565e+00
6.075574717064645665e+04 1.015875574930999337e+00
6.075574743070025579e+04 1.006928673110492944e+00
6.075574769075404765e+04 1.008056784891991020e+00
6.075574795080784679e+04 9.979502531949613342e-01
6.075574821086163865e+04 9.917132406978733661e-01
6.075574847091544507e+04 1.005734708075947337e+00
6.075574873096924421e+04 9.945396807193828126e-01
6.075574899102303607e+04 1.011627517598140402e+00
6.075574925107683521e+04 1.013603041328374310e+00
6.075574951113062707e+04 1.010891841776523137e+00
6.075574977118442621e+04 1.001888738699956427e+00
6.075575003123821807e+04 1.001882593000752442e+00
6.075575029129201721e+04 9.962675368059695780e-01
6.075575055134580907e+04 9.951655933721312852e-01
6.075575081139960093e+04 9.997804746920935237e-01
6.075575107145340007e+04 1.013380561840416139e+00
6.075575133150719921e+04 1.006081659213106105e+00
6.075575159156100563e+04 9.979239586422787855e-01
6.075575185161479749e+04 9.955142646229945269e-01
6.075575211166859663e+04 1.007037898745677618e+00
6.075575237172238849e+04 1.000407697513515659e+00
6.075575263177618035e+04 1.003034821348644856e+00
6.075575289182997949e+04 1.006873921852669662e+00
6.075575315188377135e+04 9.974852728690994930e-01
6.075575341193757049e+04 9.996904408653720653e-01
6.075575367199136235e+04 1.014596625820546771e+00
6.075575393204516149e+04 1.009441430048842570e+00
6.075575419209895335e+04 1.006115691826475089e+00
6.075575445215275249e+04 1.001680093103733737e+00
6.075575471220655891e+04 1.002683148350141495e+00
6.075575497226035077e+04 9.958513628727974076e-01
6.075575523231414991e+04 1.002121808899039568e+00
6.075575549236794177e+04 9.913231550012955307e-01
6.075575575242174091e+04 1.009889825897183790e+00
6.075575601247553277e+04 1.004155159926055862e+00
6.075575627252933191e+04 1.004568645809029492e+00
6.075575653258312377e+04 1.012504387742771295e+00
6.075575679263691563e+04 1.015142350600620080e+00
6.075575705269071477e+04 1.010007982002201876e+00
6.075575731274451391e+04 1.003007986724793188e+00
6.075575757279832033e+04 1.001336800363932689e+00
6.075575783285211219e+04 1.010141615240789825e+00
6.075575809290591133e+04 1.011278867564168404e+00
6.075575835295970319e+04 1.011886444329237467e+00
6.075575861301350233e+04 1.006886691405220136e+00
6.075575887306729419e+04 9.927267812632839528e-01
6.075575913312109333e+04 1.009188163191939713e+00
6.075575939317488519e+04 1.012783147560192498e+00
6.075575965322867705e+04 1.004141490432648220e+00
6.075575991328247619e+04 9.958198197467161839e-01
6.075576017333626805e+04 1.001249219808674207e+00
6.075576043339007447e+04 9.985770142721617226e-01
6.075576069344387361e+04 1.009758040726826511e+00
6.075576095349767274e+04 1.005238925979609510e+00
6.075576121355146461e+04 1.005488446270255798e+00
6.075576147360526375e+04 1.009291818967150922e+00
6.075576173365905561e+04 1.016432140386783312e+00
6.075576199371285475e+04 1.002854282597162694e+00
6.075576225376664661e+04 1.005158591630736842e+00
6.075576251382044575e+04 1.000837266538149972e+00
6.075576277387423761e+04 1.005860552782811945e+00
6.075576303392802947e+04 9.990393422520856825e-01
6.075576329398183589e+04 1.004696716291881842e+00
6.075576355403563502e+04 9.956671830791963274e-01
6.075576381408943416e+04 1.012687424770485123e+00
6.075576407414322603e+04 1.010666190066643821e+00
6.075576433419702516e+04 1.017677083746554301e+00
6.075576459425081703e+04 1.011339944272587887e+00
6.075576485430461616e+04 1.005264400743916431e+00
6.075576511435840803e+04 1.019597546109667574e+00
6.075576537441220717e+04 1.006480817511566483e+00
6.075576563446599903e+04 1.011060453506121615e+00
6.075576589451979817e+04 1.003558491943525643e+00
6.075576615457359003e+04 1.018694282921444261e+00
6.075576641462739644e+04 1.001554065310244823e+00
6.075576667468119558e+04 1.001373863882802029e+00
6.075576693473499472e+04 1.006743644571773011e+00
6.075576719478878658e+04 1.006782390698846452e+00
6.075576745484258572e+04 1.006330828148402023e+00
6.075576771489637758e+04 1.006078105249368138e+00
6.075576797495017672e+04 1.010659508161009024e+00
6.075576823500396858e+04 9.999210318962604704e-01
6.075576849505776045e+04 1.003696602680856254e+00
6.075576875511155959e+04 1.005483549062884396e+00
6.075576901516535145e+04 1.000653157439369778e+00
6.075576927521915786e+04 1.008473274761644056e+00
6.075576953527295700e+04 1.003225925388371964e+00
6.075576979532675614e+04 9.990125434950698491e-01
6.075577005538054800e+04 1.007091053232205269e+00
6.075577031543434714e+04 1.007929291492959623e+00
6.075577057548813900e+04 1.004647138001840467e+00
6.075577083554193814e+04 1.011656736367548159e+00
6.075577109559573000e+04 1.000194031762734914e+00
6.075577135564952914e+04 1.018107931593632998e+00
6.075577161570332100e+04 9.962521631737695227e-01
6.075577187575712014e+04 1.010556114634601821e+00
6.075577213581091200e+04 1.006186224677007468e+00
6.075577239586471842e+04 1.006609347018689871e+00
6.075577265591851756e+04 1.003352743128066216e+00
6.075577291597231670e+04 9.919541532293572050e-01
6.075577317602610856e+04 1.002175001369660201e+00
