6.075547523418369383e+04 9.980703620560354983e-01
6.075547549424438330e+04 1.001570073998414134e+00
6.075547575430508005e+04 9.965929651218032870e-01
6.075547601436576224e+04 1.001678369526767254e+00
6.075547627442645899e+04 1.003065507303052106e+00
6.075547653448714846e+04 1.003633996629320846e+00
6.075547679454784520e+04 9.964992324477655039e-01
6.075547705460853467e+04 9.886974484537447427e-01
6.075547731466922414e+04 9.989290035050494287e-01
6.075547757472991361e+04 1.003927318948869551e+00
6.075547783479061036e+04 9.911430953502705643e-01
6.075547809485129255e+04 9.935808552295428697e-01
6.075547835491198930e+04 9.982546640319573950e-01
6.075547861497267877e+04 9.966263558192857142e-01
6.075547887503337552e+04 9.954045869790983936e-01
6.075547913509406499e+04 9.975886091903398700e-01
6.075547939515475446e+04 9.808488885525594725e-01
6.075547965521544393e+04 1.014530285783568964e+00
6.075547991527614067e+04 1.001126974657487789e+00
6.075548017533683014e+04 9.944096082179839646e-01
6.075548043539752689e+04 9.983152064647188295e-01
6.075548069545820908e+04 9.802878927605714887e-01
6.075548095551890583e+04 1.003427150427367742e+00
6.075548121557959530e+04 9.976674882345381024e-01
6.075548147564028477e+04 9.993034532632173450e-01
6.075548173570098152e+04 9.945789460521442527e-01
6.075548199576167099e+04 1.000846459292546120e+00
6.075548225582236773e+04 1.017593371832222093e+00
6.075548251588305720e+04 9.887809290091635894e-01
6.075548277594374667e+04 9.948895417023967402e-01
6.075548303600443614e+04 1.012283683509650034e+00
6.075548329606513289e+04 1.011037042846681500e+00
6.075548355612582236e+04 9.885568872354454362e-01
6.075548381618651911e+04 9.841383820078214439e-01
6.075548407624720130e+04 9.891692193129976163e-01
6.075548433630789805e+04 9.897812332674227331e-01
6.075548459636858752e+04 1.002030713525472017e+00
6.075548485642928426e+04 1.011658315781680528e+00
6.075548511648997373e+04 1.006599095997297022e+00
6.075548537655066320e+04 9.948179830644071631e-01
6.075548563661135267e+04 9.845048391984440039e-01
6.075548589667204942e+04 9.947774451968883769e-01
6.075548615673273162e+04 1.012672509660529796e+00
6.075548641679342836e+04 1.012541849719990505e+00
6.075548667685411783e+04 9.865929635826820032e-01
6.075548693691481458e+04 9.810178621320322367e-01
6.075548719697551132e+04 1.010770668140597905e+00
6.075548745703619352e+04 9.897094966205048916e-01
6.075548771709689026e+04 1.021816375796112508e+00
6.075548797715757973e+04 1.011716077735150154e+00
6.075548823721827648e+04 1.031224391899827841e+00
6.075548849727896595e+04 1.001677949775432452e+00
6.075548875733965542e+04 9.930966661333937573e-01
6.075548901740034489e+04 9.998484019640760945e-01
6.075548927746104164e+04 9.917116572164880184e-01
6.075548953752172383e+04 1.005296535535767033e+00
6.075548979758242058e+04 1.006474127008055719e+00
6.075549005764311732e+04 9.939234977805607718e-01
6.075549031770380680e+04 9.997328170090378219e-01
6.075549057776450354e+04 9.903776701813626904e-01
6.075549083782518574e+04 1.001239778288183890e+00
6.075549109788588248e+04 9.872097168535840517e-01
6.075549135794657195e+04 1.010416610877928445e+00
6.075549161800726870e+04 1.004537797740260530e+00
6.075549187806795817e+04 1.008149320315127939e+00
6.075549213812864764e+04 1.003911399633391044e+00
6.075549239818933711e+04 9.965427956270319632e-01
6.075549265825003386e+04 9.893416206250169598e-01
6.075549291831072333e+04 1.002510196266439335e+00
6.075549317837142007e+04 9.737061340963760747e-01
6.075549343843210954e+04 1.013577907570860637e+00
6.075549369849279901e+04 9.872154874095527832e-01
6.075549395855349576e+04 1.007909579666214084e+00
6.075549421861417795e+04 9.878724468394758373e-01
6.075549447867487470e+04 9.919259363687195075e-01
6.075549473873556417e+04 9.980559368663738384e-01
6.075549499879626092e+04 9.870347545446946924e-01
6.075549525885695766e+04 1.015656692580478193e+00
6.075549551891763986e+04 9.977983894047657287e-01
6.075549577897833660e+04 1.002508370231250723e+00
6.075549603903902607e+04 9.996375297687751793e-01
6.075549629909972282e+04 9.943326650251577137e-01
6.075549655916041229e+04 1.020923001835275068e+00
6.075549681922110176e+04 9.915872591470512587e-01
6.075549707928179851e+04 1.002302042729406928e+00
6.075549733934248798e+04 9.783673332675274503e-01
6.075549759940317745e+04 1.015155053231793003e+00
6.075549785946386692e+04 1.001000901180624458e+00
6.075549811952456366e+04 1.013652993456467977e+00
6.075549837958525313e+04 1.003363429986234845e+00
6.075549863964594988e+04 1.011365913361023550e+00
6.075549889970663935e+04 9.884764055084374057e-01
6.075549915976732882e+04 9.983322431599994662e-01
6.075549941982802557e+04 9.819100661538937569e-01
6.075549967988871504e+04 1.012889562964075729e+00
6.075549993994941178e+04 9.945028280130205900e-01
6.075550020001009398e+04 9.659247511670312480e-01
6.075550046007079072e+04 9.827402660882772478e-01
6.075550072013148747e+04 9.934345083869101645e-01
6.075550098019216966e+04 1.003633730058623774e+00
6.075550124025286641e+04 9.880916824565748602e-01
6.075550150031355588e+04 9.939083635834271568e-01
6.075550176037425263e+04 1.012750344557273197e+00
6.075550202043494210e+04 1.004645182922916158e+00
6.075550228049563157e+04 9.981961245049172371e-01
6.075550254055632831e+04 9.953732120653046023e-01
6.075550280061701778e+04 9.814582284468046369e-01
6.075550306067771453e+04 9.973731715935481024e-01
6.075550332073840400e+04 1.016449689294780523e+00
6.075550358079909347e+04 9.993133561642554286e-01
6.075550513883041276e+04 9.965345712110965648e-01
6.075550539889110951e+04 9.954845176322368872e-01
6.075550565895179898e+04 1.000000832336108036e+00
6.075550591901248845e+04 1.010581770918624889e+00
6.075550617907318519e+04 9.853347616262312370e-01
6.075550643913387466e+04 1.008102952090387916e+00
6.075550669919457141e+04 1.011569011766466186e+00
6.075550695925526088e+04 9.871770081129821461e-01
6.075550721931595035e+04 9.847419570152307067e-01
6.075550747937664710e+04 1.009830218990520390e+00
6.075550773943733657e+04 9.962916272944341012e-01
6.075550799949803331e+04 9.926480332749344493e-01
6.075550825955872278e+04 1.001125317272910209e+00
6.075550851961941225e+04 9.872001610633737156e-01
6.075550877968010900e+04 1.000876952887438831e+00
6.075550903974079847e+04 9.878617700734777518e-01
6.075550929980148794e+04 1.005495184188950342e+00
6.075550955986217741e+04 9.942863680027912432e-01
6.075550981992287416e+04 1.001201076552889813e+00
6.075551007998357090e+04 9.976396776491619489e-01
6.075551034004426037e+04 9.836655555217294067e-01
6.075551060010494984e+04 1.009847256420416617e+00
6.075551086016564659e+04 1.015832421614371039e+00
6.075551112022633606e+04 1.003886091315835172e+00
6.075551138028703281e+04 1.006523107458672239e+00
6.075551164034772228e+04 1.002637493566659765e+00
6.075551190040841175e+04 1.012829716904602106e+00
6.075551216046910849e+04 9.956957344941339549e-01
6.075551242052979796e+04 1.001449674590372929e+00
6.075551268059049471e+04 1.005520521472818896e+00
6.075551294065118418e+04 9.999693681322260330e-01
6.075551320071187365e+04 9.891213798321590867e-01
6.075551346077257040e+04 1.006982355090323633e+00
6.075551372083325987e+04 9.915336955417487497e-01
6.075551398089394934e+04 9.960017657672927127e-01
6.075551424095464608e+04 9.841409582769575781e-01
6.075551450101533555e+04 1.010882826182765148e+00
6.075551476107603230e+04 1.005524454592004790e+00
6.075551502113672177e+04 1.001699846889235967e+00
6.075551528119741124e+04 9.929871045133281671e-01
6.075551554125810799e+04 9.880324721463339399e-01
6.075551580131879746e+04 1.002212272834836604e+00
6.075551606137949420e+04 1.010706996884007225e+00
6.075551632144019095e+04 1.021040442692990435e+00
6.075551658150087314e+04 9.908697271197702827e-01
6.075551684156156989e+04 9.917069863958942744e-01
6.075551710162226664e+04 9.962749437240723260e-01
6.075551736168294883e+04 1.000094603088854228e+00
6.075551762174364558e+04 9.890452988006612767e-01
6.075551788180433505e+04 1.005986777359671125e+00
6.075551814186503179e+04 9.942955424672168530e-01
6.075551840192572854e+04 9.910175280308922696e-01
6.075551866198641073e+04 1.005182009491206729e+00
6.075551892204710748e+04 9.865043851370234318e-01
6.075551918210780423e+04 9.914119097024006733e-01
6.075551944216849370e+04 9.932654509399818643e-01
6.075551970222919044e+04 9.972132579297093846e-01
6.075551996228987991e+04 9.920433221519099343e-01
6.075552022235056938e+04 9.938634696755365150e-01
6.075552048241126613e+04 1.004584774634345701e+00
6.075552074247194832e+04 1.002046608284618001e+00
6.075552100253265235e+04 9.909554395519097891e-01
6.075552126259334182e+04 9.999755536441505832e-01
6.075552152265403129e+04 9.824875673926179998e-01
6.075552178271472803e+04 9.895057272485980882e-01
6.075552204277541750e+04 1.012860520083818106e+00
6.075552230283610697e+04 9.972415100702369806e-01
6.075552256289680372e+04 9.996204921303019075e-01
6.075552282295750047e+04 1.004216770715221418e+00
6.075552308301818994e+04 9.910359620247823909e-01
6.075552334307887941e+04 9.704931890179434584e-01
6.075552360313957615e+04 1.001306134002871051e+00
6.075552386320026562e+04 1.003701789609577233e+00
6.075552412326096237e+04 9.997225388730021090e-01
6.075552438332165912e+04 1.003615687442440230e+00
6.075552464338234131e+04 1.013103223526238272e+00
6.075552490344303806e+04 9.885263668011569083e-01
6.075552516350373480e+04 1.012600344340673697e+00
6.075552542356441700e+04 9.903615921249152576e-01
6.075552568362511374e+04 1.001207093236385459e+00
6.075552594368581049e+04 9.936701945769050859e-01
6.075552620374649996e+04 9.977185247181316052e-01
6.075552646380719671e+04 9.888984883362132994e-01
6.075552672386788618e+04 1.002585201472364851e+00
6.075552698392857565e+04 1.003883275007220632e+00
6.075552724398927239e+04 1.007024017472462063e+00
6.075552750404996914e+04 1.004324218915298550e+00
6.075552776411065861e+04 1.015802148780315495e+00
6.075552802417134808e+04 9.979755432613497401e-01
6.075552828423204483e+04 1.003920027734771514e+00
6.075552854429273430e+04 1.007687659879579645e+00
6.075552880435342377e+04 1.009794038175123587e+00
6.075552906441412051e+04 1.001047158401109138e+00
6.075552932447480998e+04 9.862252276957945707e-01
6.075552958453550673e+04 1.012578956401693153e+00
6.075552984459620347e+04 9.862828480157223021e-01
6.075553010465688567e+04 1.002771042861079875e+00
6.075553036471758242e+04 9.959890264837154561e-01
6.075553062477827916e+04 1.008870868741586158e+00
6.075553088483896863e+04 1.005232977661731031e+00
6.075553114489966538e+04 1.000892153756863356e+00
6.075553140496035485e+04 9.950340067974535740e-01
6.075553166502104432e+04 1.019815923788949252e+00
6.075553192508174106e+04 9.975886617936605694e-01
6.075553218514243054e+04 1.001227141965434830e+00
6.075553244520312728e+04 1.027727048473054516e+00
6.075553270526381675e+04 1.005206312694515658e+00
6.075553296532451350e+04 1.004556195840056176e+00
6.075553322538520297e+04 9.892386129777334114e-01
6.075553348544589244e+04 9.948659088296115671e-01
6.075553503087646095e+04 1.010391633683606960e+00
6.075553529093715770e+04 1.013586437184583744e+00
6.075553555099784717e+04 1.004360395466153522e+00
6.075553581105853664e+04 1.013645758402329955e+00
6.075553607111923338e+04 1.001594956197209285e+00
6.075553633117992285e+04 1.001035998592341381e+00
6.075553659124061960e+04 1.003348996231195001e+00
6.075553685130131635e+04 9.938118550908384696e-01
6.075553711136199854e+04 9.801152008870576138e-01
6.075553737142269529e+04 1.001743486170818542e+00
6.075553763148339203e+04 9.959623024873593966e-01
6.075553789154408878e+04 9.994074634937074597e-01
6.075553815160477825e+04 1.009206741510984440e+00
6.075553841166546772e+04 9.945261380638805715e-01
6.075553867172616447e+04 9.837577794601980452e-01
6.075553893178685394e+04 9.962057396803410958e-01
6.075553919184754341e+04 1.009123630950061079e+00
6.075553945190824015e+04 9.989143782756109147e-01
6.075553971196892962e+04 1.009300629457686505e+00
6.075553997202962637e+04 1.006970318437874434e+00
6.075554023209032312e+04 1.017624222129332789e+00
6.075554049215101259e+04 9.973375987452772762e-01
6.075554075221170206e+04 1.007266907563512115e+00
6.075554101227239880e+04 9.967059753970817226e-01
6.075554127233309555e+04 1.008779056828774223e+00
6.075554153239378502e+04 9.926072180780345366e-01
6.075554179245447449e+04 1.011800957559326974e+00
6.075554205251517124e+04 9.902147729325512238e-01
6.075554231257586798e+04 1.010542222349218866e+00
6.075554257263655018e+04 9.839583030121062945e-01
6.075554283269725420e+04 1.000772327479193313e+00
6.075554309275794367e+04 1.008214062976563463e+00
6.075554335281863314e+04 1.018646357625957899e+00
6.075554361287932988e+04 9.847257882276668761e-01
6.075554387294001936e+04 9.930006222819686146e-01
6.075554413300071610e+04 1.004960615042030714e+00
6.075554439306140557e+04 1.009822867462493612e+00
6.075554465312210232e+04 1.011542371890299608e+00
6.075554491318279906e+04 1.000008493859798175e+00
6.075554517324348853e+04 1.007940542819494079e+00
6.075554543330417800e+04 1.018497695801309000e+00
6.075554569336487475e+04 1.003592886879321133e+00
6.075554595342557150e+04 1.013995146541444292e+00
6.075554621348626097e+04 1.004923920953563421e+00
6.075554647354695044e+04 9.889226930224908063e-01
6.075554673360764718e+04 1.008505189789954404e+00
6.075554699366834393e+04 9.869877198213671265e-01
6.075554725372902612e+04 9.909251498041717898e-01
6.075554751378972287e+04 1.005923824413023082e+00
6.075554777385041962e+04 1.010270422196497542e+00
6.075554803391111636e+04 1.004677157164548529e+00
6.075554829397180583e+04 1.025339301313014095e+00
6.075554855403249530e+04 1.011954999329524041e+00
6.075554881409319205e+04 1.011282558019708899e+00
6.075554907415388152e+04 1.013611567358394527e+00
6.075554933421457827e+04 9.920929254759894844e-01
6.075554959427527501e+04 1.015056557165328943e+00
6.075554985433596448e+04 1.001973586498748903e+00
6.075555011439665395e+04 1.023891268668539301e+00
6.075555037445735070e+04 1.005162407083972198e+00
6.075555063451804017e+04 9.851698260498737980e-01
6.075555089457873692e+04 9.925734036333335730e-01
6.075555115463942639e+04 9.975420261311975789e-01
6.075555141470012313e+04 1.019665121791456741e+00
6.075555167476081988e+04 1.014419494018981682e+00
6.075555193482150935e+04 1.005834843541562051e+00
6.075555219488219882e+04 1.023881257485836249e+00
6.075555245494289557e+04 9.960454688030180304e-01
6.075555271500359231e+04 1.007170172157514143e+00
6.075555297506428906e+04 1.008369225081450882e+00
6.075555323512497125e+04 1.009857968176146814e+00
6.075555349518566800e+04 9.980411105062372279e-01
6.075555375524636474e+04 9.983616090905819140e-01
6.075555401530705421e+04 1.018435104694674465e+00
6.075555427536775096e+04 9.946195057961576547e-01
6.075555453542844043e+04 9.967515468750398622e-01
6.075555479548913718e+04 1.002824583158106853e+00
6.075555505554983392e+04 1.008814545216865310e+00
6.075555531561051612e+04 1.005808999158174899e+00
6.075555557567121286e+04 1.003450774517494537e+00
6.075555583573190961e+04 9.974054348002924231e-01
6.075555609579260636e+04 9.912515456258934599e-01
6.075555635585329583e+04 9.943532887971727741e-01
6.075555661591398530e+04 1.002283170431528259e+00
6.075555687597468204e+04 1.007035880783049286e+00
6.075555713603537879e+04 1.007075156620583778e+00
6.075555739609607554e+04 9.858993604048038595e-01
6.075555765615676501e+04 9.746047786787959133e-01
6.075555791621745448e+04 1.013464639011937285e+00
6.075555817627815122e+04 1.000234717603032175e+00
6.075555843633884797e+04 1.000050176165323990e+00
6.075555869639953016e+04 1.008839221866602021e+00
6.075555895646022691e+04 1.004447256670734090e+00
6.075555921652092366e+04 1.014182198018202197e+00
6.075555947658162040e+04 1.011511098484691562e+00
6.075555973664230987e+04 9.984245442165675666e-01
6.075555999670299934e+04 9.861255658429595172e-01
6.075556025676369609e+04 1.008019262179391307e+00
6.075556051682439283e+04 1.009830632724080024e+00
6.075556077688508958e+04 1.015341718505855528e+00
6.075556103694577905e+04 9.832029190889739478e-01
6.075556129700646852e+04 9.796811405089560498e-01
6.075556155706716527e+04 9.908155354547230065e-01
6.075556181712786201e+04 1.006524750281306835e+00
6.075556207718854421e+04 9.943974194797515764e-01
6.075556233724924095e+04 9.972458607901466543e-01
6.075556259730993770e+04 1.006928633945508578e+00
6.075556285737063445e+04 9.908584883771200946e-01
6.075556311743133119e+04 9.945522431107460815e-01
6.075556337749201339e+04 1.000343342223829701e+00
6.075556504896522529e+04 9.837196161596490906e-01
6.075556530902591476e+04 9.861426260864528670e-01
6.075556556908661150e+04 1.021345440479764832e+00
6.075556582914730097e+04 9.921161155312573365e-01
6.075556608920799772e+04 9.953422917104221002e-01
6.075556634926869447e+04 1.012144581693750212e+00
6.075556660932938394e+04 1.012734027723450447e+00
6.075556686939008068e+04 1.001418609141345506e+00
6.075556712945077015e+04 1.009151269463221867e+00
6.075556738951146690e+04 1.006398562315710565e+00
6.075556764957216365e+04 9.979298801375341421e-01
6.075556790963285312e+04 1.002358442204627442e+00
6.075556816969354986e+04 9.948752485038332427e-01
6.075556842975423933e+04 9.949560594714335071e-01
6.075556868981492880e+04 1.000415908744153315e+00
6.075556894987563282e+04 1.004155935082219564e+00
6.075556920993632230e+04 1.010466296016420129e+00
6.075556946999701904e+04 1.004473701034724664e+00
6.075556973005770851e+04 1.010416438146918949e+00
6.075556999011839798e+04 9.954727499433716487e-01
6.075557025017909473e+04 1.010008790650354538e+00
6.075557051023979147e+04 9.842139813127067649e-01
6.075557077030048822e+04 9.933178696280553499e-01
6.075557103036117769e+04 1.011824865812084973e+00
6.075557129042186716e+04 1.015854882992858643e+00
6.075557155048256391e+04 9.898873573607103182e-01
6.075557181054326065e+04 1.022455078638996762e+00
6.075557207060395740e+04 1.006014975772882014e+00
6.075557233066464687e+04 9.916275444830960906e-01
6.075557259072533634e+04 1.000140809664989527e+00
6.075557285078603309e+04 1.013250156126160650e+00
6.075557311084672983e+04 1.002579417416805896e+00
6.075557337090741930e+04 9.911523644261459598e-01
6.075557363096811605e+04 1.001047801645370106e+00
6.075557389102880552e+04 1.004826640174385499e+00
6.075557415108950227e+04 9.887491223154585285e-01
6.075557441115019901e+04 9.794671189731208871e-01
6.075557467121088848e+04 9.963586143423107666e-01
6.075557493127158523e+04 1.011778416385993307e+00
6.075557519133227470e+04 9.924923214663187165e-01
6.075557545139297144e+04 9.875808640033676422e-01
6.075557571145366819e+04 1.009859850290432570e+00
6.075557597151435766e+04 9.974652528490260961e-01
6.075557623157505441e+04 1.004336977919430662e+00
6.075557649163575115e+04 9.978598121964037393e-01
6.075557675169643335e+04 1.024384793664456117e+00
6.075557701175713009e+04 9.922174512246091371e-01
6.075557727181782684e+04 1.016013974425332478e+00
6.075557753187852359e+04 1.007849891619361005e+00
6.075557779193922033e+04 1.002679809276309841e+00
6.075557805199990980e+04 1.009285522172926886e+00
6.075557831206059927e+04 9.963576230408149881e-01
6.075557857212129602e+04 9.922665563859903726e-01
6.075557883218199277e+04 1.003102303149520091e+00
6.075557909224268951e+04 9.935032498302472925e-01
6.075557935230337898e+04 1.008591828853518280e+00
6.075557961236407573e+04 1.002248738783824367e+00
6.075557987242476520e+04 9.884299988282727600e-01
6.075558013248546195e+04 9.913692082615892520e-01
6.075558039254615869e+04 9.885436690418601957e-01
6.075558065260684816e+04 9.823066727182635516e-01
6.075558091266754491e+04 9.860505179948931831e-01
6.075558117272824165e+04 1.010728473335151811e+00
6.075558143278892385e+04 1.013542373219503467e+00
6.075558169284962059e+04 1.002299222664616130e+00
6.075558195291031734e+04 1.016380212152850238e+00
6.075558221297101409e+04 9.973571270453696069e-01
6.075558247303171083e+04 9.910705205842966770e-01
6.075558273309240030e+04 1.003597904557941511e+00
6.075558299315309705e+04 9.960852870635330536e-01
6.075558325321378652e+04 9.904087381651077715e-01
6.075558351327448327e+04 9.866484052188846388e-01
6.075558377333518001e+04 1.007050478269906790e+00
6.075558403339586948e+04 9.957495949598249574e-01
6.075558429345656623e+04 1.001221393646946733e+00
6.075558455351726298e+04 1.009968070363027826e+00
6.075558481357794517e+04 9.925011078625700645e-01
6.075558507363864192e+04 1.002180415739899466e+00
6.075558533369933866e+04 9.994478629365297628e-01
6.075558559376003541e+04 1.005505515329196964e+00
6.075558585382073215e+04 9.919421901048925960e-01
6.075558611388142162e+04 1.015049719915041226e+00
6.075558637394211837e+04 9.990123725482763506e-01
6.075558663400280784e+04 1.007359971622475481e+00
6.075558689406350459e+04 1.013638768317620453e+00
6.075558715412420133e+04 9.968690785014805433e-01
6.075558741418489080e+04 1.018307920891563301e+00
6.075558767424558755e+04 1.009984851229860370e+00
6.075558793430628430e+04 9.984119722291558974e-01
6.075558819436697377e+04 1.005451793914441394e+00
6.075558845442767051e+04 9.965323473414079425e-01
6.075558871448835998e+04 1.005596319235605662e+00
6.075558897454905673e+04 9.982690378903770201e-01
6.075558923460975348e+04 9.904900495400363880e-01
6.075558949467044295e+04 1.005812555195261471e+00
6.075558975473113969e+04 1.016885322445559181e+00
6.075559001479183644e+04 1.016038545805371562e+00
6.075559027485253318e+04 1.006703905819852363e+00
6.075559053491322265e+04 9.853270936551776771e-01
6.075559079497391212e+04 1.003179688881767007e+00
6.075559105503460887e+04 9.893258316309880840e-01
6.075559131509530562e+04 1.007378196891680844e+00
6.075559157515600236e+04 9.963073332332705867e-01
6.075559183521669911e+04 1.001950420341245485e+00
6.075559209527738858e+04 1.014508320261956031e+00
6.075559235533808533e+04 9.929764991359323334e-01
6.075559261539877480e+04 1.004510454894901761e+00
6.075559287545946427e+04 1.001093116441405639e+00
6.075559313552016101e+04 1.003170955825695598e+00
6.075559339558085776e+04 9.903798550958603508e-01
6.075559494101491873e+04 9.976078175438216622e-01
6.075559520107561548e+04 1.000159945504188519e+00
6.075559546113631222e+04 9.956186720802040480e-01
6.075559572119700897e+04 9.936845266907737839e-01
6.075559598125769844e+04 1.005014397896448308e+00
6.075559624131839519e+04 1.023909215332486244e+00
6.075559650137908466e+04 1.002028769913367201e+00
6.075559676143977413e+04 1.002476606705244855e+00
6.075559702150047087e+04 1.012870331017523995e+00
6.075559728156116762e+04 1.004663971754554019e+00
6.075559754162186437e+04 9.975618958923718749e-01
6.075559780168256111e+04 1.002248724807586422e+00
6.075559806174325058e+04 1.010339319693638105e+00
6.075559832180394733e+04 1.011489338866449428e+00
6.075559858186464407e+04 1.011496737289007575e+00
6.075559884192533355e+04 1.001263765676501993e+00
6.075559910198603029e+04 1.008351070363105784e+00
6.075559936204671976e+04 9.984013201805816973e-01
6.075559962210741651e+04 1.003428459321182631e+00
6.075559988216811325e+04 1.000276599132163602e+00
6.075560014222880272e+04 9.921079756312405351e-01
6.075560040228950675e+04 1.006051130701689722e+00
6.075560066235019622e+04 1.002165634584051501e+00
6.075560092241089296e+04 9.984866332625870200e-01
6.075560118247158971e+04 9.891884047799571755e-01
6.075560144253227918e+04 1.000109509124894158e+00
6.075560170259296865e+04 1.010310233314617001e+00
6.075560196265366540e+04 1.010789777823923430e+00
6.075560222271436214e+04 1.021722957010505306e+00
6.075560248277505889e+04 1.005376644721622803e+00
6.075560274283574836e+04 1.000804759135230260e+00
6.075560300289644510e+04 9.998533644252497465e-01
6.075560326295714185e+04 1.004124874590957450e+00
6.075560352301783860e+04 9.988600381587336985e-01
6.075560378307853534e+04 9.943107998072424625e-01
6.075560404313922481e+04 1.001678603120989219e+00
6.075560430319992156e+04 1.004840211172566278e+00
6.075560456326061831e+04 1.003855316080795479e+00
6.075560482332130050e+04 1.009286299117974517e+00
6.075560508338199725e+04 1.006066672371146442e+00
6.075560534344269399e+04 1.006807423383297539e+00
6.075560560350339074e+04 1.008589300878580897e+00
6.075560586356408749e+04 1.007528358570545679e+00
6.075560612362477696e+04 1.000227390198042077e+00
6.075560638368547370e+04 1.015269214357100935e+00
6.075560664374617045e+04 9.988239482704114325e-01
6.075560690380686719e+04 9.986034182376661850e-01
6.075560716386756394e+04 1.015884112868400857e+00
6.075560742392825341e+04 1.005036012831596492e+00
6.075560768398895016e+04 1.007517320617636880e+00
6.075560794404964690e+04 1.005393775201709694e+00
6.075560820411032910e+04 9.879735564716296548e-01
6.075560846417102584e+04 9.850234685679774005e-01
6.075560872423172259e+04 1.005039568386090210e+00
6.075560898429241934e+04 1.006237382486996124e+00
6.075560924435311608e+04 1.009463731846995893e+00
6.075560950441380555e+04 9.991462988823096580e-01
6.075560976447450230e+04 1.002422237343492561e+00
6.075561002453519905e+04 1.010102199766879316e+00
6.075561028459589579e+04 9.884842570216658686e-01
6.075561054465659254e+04 1.000110805947562742e+00
6.075561080471728201e+04 9.947991318459272758e-01
6.075561106477797875e+04 1.006649836050814928e+00
6.075561132483867550e+04 1.006954619392780081e+00
6.075561158489937225e+04 1.016760288710887972e+00
6.075561184496006899e+04 1.019628264140703511e+00
6.075561210502075846e+04 9.968805348657127086e-01
6.075561236508144793e+04 9.990718326799229443e-01
6.075561262514214468e+04 9.882101364082929162e-01
6.075561288520283415e+04 9.926218592481300673e-01
6.075561314526353090e+04 1.000341331809860179e+00
6.075561340532422764e+04 1.010990671911764061e+00
6.075561366538492439e+04 9.956226018074908479e-01
6.075561392544562113e+04 9.993843379547456829e-01
6.075561418550631060e+04 1.011579457992140219e+00
6.075561444556700735e+04 1.023044486862434876e+00
6.075561470562770410e+04 1.018143004974023658e+00
6.075561496568840084e+04 1.007640157993466179e+00
6.075561522574909759e+04 1.009082081985837487e+00
6.075561548580978706e+04 1.006018156922227069e+00
6.075561574587048381e+04 1.007621179650752374e+00
6.075561600593118055e+04 1.010143742456510729e+00
6.075561626599187002e+04 1.002672234474245805e+00
6.075561652605256677e+04 1.008301265317046447e+00
6.075561678611326352e+04 1.006348371286610588e+00
6.075561704617396026e+04 9.977773419080151474e-01
6.075561730623465701e+04 1.007794376267328706e+00
6.075561756629534648e+04 1.024149095677728827e+00
6.075561782635604322e+04 9.994736053275414811e-01
6.075561808641673269e+04 1.007255134738570979e+00
6.075561834647742944e+04 1.001836706909914776e+00
6.075561860653812619e+04 1.003626207411018934e+00
6.075561886659881566e+04 9.912554816776968369e-01
6.075561912665951240e+04 1.026362465131394064e+00
6.075561938672020915e+04 1.005565926502635099e+00
6.075561964678089862e+04 1.020809500483466525e+00
6.075561990684160264e+04 1.006661968793834516e+00
6.075562016690229211e+04 1.011543613463615543e+00
6.075562042696298886e+04 9.954120329189565242e-01
6.075562068702368560e+04 1.006844016838709610e+00
6.075562094708437508e+04 9.883739020974627865e-01
6.075562120714507182e+04 9.976849872864194113e-01
6.075562146720576857e+04 1.010283911256324885e+00
6.075562172726646531e+04 1.027040444293227939e+00
6.075562198732716206e+04 9.971851208684838763e-01
6.075562224738785153e+04 1.010646468000137244e+00
6.075562250744854828e+04 1.014641009867967014e+00
6.075562276750924502e+04 9.965550932907151216e-01
6.075562302756994177e+04 1.017976363778950510e+00
6.075562328763063852e+04 9.993840187016312937e-01
6.075562490904599690e+04 1.017108009836923177e+00
6.075562516909990518e+04 9.950761111971417883e-01
6.075562542915379890e+04 9.977392032201456429e-01
6.075562568920769263e+04 1.004729330926077413e+00
6.075562594926160091e+04 1.007478250178662105e+00
6.075562620931549463e+04 1.001079946218081718e+00
6.075562646936939564e+04 9.951455656556719154e-01
6.075562672942329664e+04 9.997134669034166699e-01
6.075562698947719036e+04 1.008733956990379710e+00
6.075562724953109864e+04 9.901315216993683554e-01
6.075562750958499237e+04 1.001155259521101959e+00
6.075562776963889337e+04 1.004868164543981202e+00
6.075562802969280165e+04 1.007406695788677364e+00
6.075562828974669537e+04 1.008273645879543379e+00
6.075562854980059637e+04 1.012234132100585438e+00
6.075562880985449738e+04 9.922833778852926390e-01
6.075562906990839110e+04 9.889165508033752605e-01
6.075562932996229938e+04 9.976431472936599931e-01
6.075562959001619311e+04 1.007788271940781799e+00
6.075562985007009411e+04 1.005183164247885674e+00
6.075563011012399511e+04 9.867936358016680121e-01
6.075563037017788884e+04 9.988772872962916605e-01
6.075563063023179711e+04 1.013402615152503072e+00
6.075563089028569084e+04 1.020004540943680427e+00
6.075563115033958456e+04 9.936993572026279198e-01
6.075563141039349284e+04 1.013259132207460667e+00
6.075563167044738657e+04 1.011326450160373147e+00
6.075563193050128757e+04 1.005413617973107021e+00
6.075563219055518857e+04 1.006182256924212481e+00
6.075563245060908230e+04 1.014647831441881198e+00
6.075563271066299058e+04 1.014349761762027624e+00
6.075563297071688430e+04 9.956061221358624147e-01
6.075563323077078530e+04 1.003893208701130524e+00
6.075563349082468631e+04 9.940046002003419812e-01
6.075563375087858003e+04 1.009032933277110633e+00
6.075563401093248831e+04 1.019596399385431784e+00
6.075563427098638203e+04 9.824724101863956394e-01
6.075563453104027576e+04 9.997444640379337111e-01
6.075563479109418404e+04 9.979436059514050772e-01
6.075563505114807776e+04 1.011321672812696582e+00
6.075563531120197877e+04 1.000223570055006617e+00
6.075563557125588704e+04 1.009887663079452214e+00
6.075563583130978077e+04 9.945062596247399300e-01
6.075563609136368905e+04 1.002150883435153572e+00
6.075563635141758277e+04 1.013219499408762880e+00
6.075563661147148377e+04 9.979532938631832106e-01
6.075563687152538478e+04 1.019950334798634506e+00
6.075563713157927850e+04 9.954106692134561118e-01
6.075563739163318678e+04 1.002496210832476642e+00
6.075563765168708051e+04 1.006113689524074095e+00
6.075563791174097423e+04 9.916151739345622218e-01
6.075563817179488251e+04 1.000003229451399633e+00
6.075563843184877624e+04 1.009883596857607202e+00
6.075563869190267724e+04 9.851110797278765929e-01
6.075563895195657824e+04 9.914813746396696770e-01
6.075563921201047197e+04 9.870146425578241178e-01
6.075563947206438024e+04 1.022360484658456636e+00
6.075563973211827397e+04 1.006761386301703531e+00
6.075563999217217497e+04 1.009302776341818975e+00
6.075564025222608325e+04 1.011857772934374511e+00
6.075564051227997697e+04 9.950592552400543411e-01
6.075564077233388525e+04 1.019266442603670164e+00
6.075564103238777898e+04 9.918926795197758883e-01
6.075564129244167270e+04 1.009665382945307943e+00
6.075564155249558098e+04 1.003554340032001946e+00
6.075564181254947471e+04 9.894802224628594933e-01
6.075564207260337571e+04 1.015058268612962999e+00
6.075564233265727671e+04 1.004586257439123331e+00
6.075564259271117044e+04 9.957571101552321613e-01
6.075564285276507871e+04 9.977775609904521170e-01
6.075564311281897244e+04 1.007758770698820916e+00
6.075564337287286617e+04 9.993419619226665551e-01
6.075564363292677444e+04 9.899149435082191806e-01
6.075564389298066817e+04 1.025950470532549508e+00
6.075564415303458372e+04 1.005447946470186427e+00
6.075564441308847745e+04 9.921496073757627432e-01
6.075564467314237118e+04 9.959840542083840953e-01
6.075564493319627945e+04 1.005161357778757925e+00
6.075564519325017318e+04 9.900921230405395068e-01
6.075564545330407418e+04 1.016785140474782967e+00
6.075564571335797518e+04 9.951838330970375068e-01
6.075564597341186891e+04 1.014271464621258723e+00
6.075564623346577719e+04 1.006827203236900781e+00
6.075564649351967091e+04 9.995536096670978310e-01
6.075564675357356464e+04 9.971725799401506274e-01
6.075564701362747292e+04 1.009198994559250329e+00
6.075564727368136664e+04 9.933072447271470429e-01
6.075564753373527492e+04 1.000175599409312444e+00
6.075564779378917592e+04 9.985219589869244183e-01
6.075564805384306965e+04 1.004430987237256323e+00
6.075564831389697792e+04 9.888089077079323941e-01
6.075564857395087165e+04 1.008017584283127377e+00
6.075564883400477265e+04 1.014960179459068579e+00
6.075564909405867365e+04 9.959821431321780327e-01
6.075564935411256738e+04 9.869311259542106196e-01
6.075564961416647566e+04 1.012770372653585049e+00
6.075564987422036938e+04 9.883018315525805564e-01
6.075565013427426311e+04 9.845605605675722405e-01
6.075565039432817866e+04 9.773511102560203945e-01
6.075565065438207239e+04 9.968508393330378636e-01
6.075565091443597339e+04 9.863003909035914507e-01
6.075565117448987439e+04 1.009680084146744594e+00
6.075565143454376812e+04 1.024673223111613796e+00
6.075565169459767640e+04 9.972093392987616545e-01
6.075565195465157012e+04 9.906432288706215061e-01
6.075565221470547112e+04 9.969056408495767796e-01
6.075565247475937213e+04 9.916726395990778098e-01
6.075565273481326585e+04 9.981698389559531259e-01
6.075565299486718141e+04 9.989304580004075840e-01
6.075565325492107513e+04 9.913124481778381458e-01
6.075565492676799477e+04 1.000163062069888920e+00
6.075565518682868424e+04 1.012921414671498210e+00
6.075565544688938098e+04 1.024708861279407968e+00
6.075565570695007773e+04 1.002832441426380949e+00
6.075565596701077448e+04 1.014260109872368476e+00
6.075565622707147122e+04 9.902712718761843558e-01
6.075565648713216069e+04 1.001296424671233032e+00
6.075565674719285744e+04 9.974741150256721811e-01
6.075565700725356146e+04 1.002808147918610837e+00
6.075565726731425821e+04 1.012087780449104635e+00
6.075565752737495495e+04 9.889236746125095179e-01
6.075565778743564442e+04 1.000631994091391475e+00
6.075565804749634117e+04 1.007483834353421592e+00
6.075565830755703792e+04 9.919817904836667477e-01
6.075565856761772739e+04 1.007817622607170005e+00
6.075565882767842413e+04 9.967311310724209505e-01
6.075565908773912088e+04 9.905228032031746510e-01
6.075565934779981762e+04 9.928844658128838097e-01
6.075565960786051437e+04 1.003139316974774653e+00
6.075565986792121112e+04 1.005991915004431414e+00
6.075566012798190786e+04 9.987025474759482213e-01
6.075566038804260461e+04 1.013535712976983527e+00
6.075566064810330136e+04 9.797314319687207007e-01
6.075566090816399810e+04 9.889709646034849921e-01
6.075566116822468757e+04 9.941159011360093389e-01
6.075566142828538432e+04 1.001077829700558031e+00
6.075566168834608106e+04 9.989071150739760041e-01
6.075566194840677781e+04 9.931458870713338882e-01
6.075566220846748183e+04 9.855049574293006653e-01
6.075566246852817130e+04 1.004201879770676431e+00
6.075566272858886805e+04 1.021530765804751661e+00
6.075566298864956480e+04 9.981752998100055230e-01
6.075566324871025427e+04 1.017723076897181000e+00
6.075566350877095101e+04 9.988668963966428338e-01
6.075566376883164776e+04 9.923349661244338371e-01
6.075566402889234450e+04 1.009481449700108557e+00
6.075566428895304125e+04 9.921823208862912136e-01
6.075566454901373800e+04 9.968541205311004516e-01
6.075566480907443474e+04 9.950137614121464802e-01
6.075566506913513149e+04 9.938667514520025392e-01
6.075566532919582824e+04 9.817025814464604982e-01
6.075566558925652498e+04 9.999753580973854694e-01
6.075566584931721445e+04 1.001307398086843437e+00
6.075566610937791120e+04 9.884144119393182271e-01
6.075566636943860794e+04 9.844044113479371028e-01
6.075566662949930469e+04 9.971654084395387141e-01
6.075566688956000144e+04 9.909882989785144813e-01
6.075566714962069818e+04 9.942325428320529790e-01
6.075566740968139493e+04 1.001760731058761511e+00
6.075566766974209168e+04 1.001443079293280247e+00
6.075566792980278115e+04 9.810535752660589637e-01
6.075566818986347789e+04 1.009959626037128633e+00
6.075566844992417464e+04 9.981594111467345654e-01
6.075566870998487866e+04 1.016852413151107637e+00
6.075566897004557541e+04 9.923898980781826751e-01
6.075566923010626488e+04 1.008282964719376062e+00
6.075566949016696162e+04 1.010453277662581195e+00
6.075566975022765837e+04 9.945271542262303921e-01
6.075567001028834784e+04 1.003873238199309625e+00
6.075567027034905186e+04 9.953617263867565734e-01
6.075567053040974133e+04 9.974668562303906638e-01
6.075567079047044535e+04 9.990559346341383318e-01
6.075567105053114210e+04 9.944389919385856480e-01
6.075567131059183157e+04 1.005746252658430651e+00
6.075567157065252832e+04 1.010857972026734997e+00
6.075567183071322506e+04 9.962261653720683174e-01
6.075567209077392181e+04 9.834339707008427078e-01
6.075567235083461856e+04 1.004870849014922296e+00
6.075567261089531530e+04 1.018053129026291970e+00
6.075567287095601205e+04 9.997852674130687234e-01
6.075567313101670879e+04 1.004128757784352954e+00
6.075567339107740554e+04 1.004077650005221090e+00
6.075567365113810229e+04 9.861269158523544576e-01
6.075567391119879176e+04 1.005561439668924972e+00
6.075567417125948850e+04 1.005863487953913005e+00
6.075567443132019253e+04 1.009176034211226813e+00
6.075567469138088200e+04 9.871997209723006872e-01
6.075567495144157874e+04 1.010693027588243975e+00
6.075567521150227549e+04 1.007944488606006495e+00
6.075567547156297223e+04 9.994929871271410748e-01
6.075567573162366898e+04 9.805352452225755133e-01
6.075567599168436573e+04 9.928886345482703657e-01
6.075567625174506247e+04 9.897957781045979564e-01
6.075567651180575922e+04 1.001052864210102644e+00
6.075567677186645597e+04 1.006875811177276425e+00
6.075567703192715271e+04 1.020518652292318862e+00
6.075567729198784218e+04 1.005205211576243540e+00
6.075567755204853893e+04 9.888102130224285524e-01
6.075567781210924295e+04 1.012178030727739486e+00
6.075567807216993242e+04 9.877958162665900765e-01
6.075567833223062917e+04 1.003292923618882782e+00
6.075567859229132591e+04 9.881866443179874171e-01
6.075567885235202266e+04 1.002818589726703236e+00
6.075567911241271941e+04 1.008617732674144118e+00
6.075567937247341615e+04 9.894191871455768617e-01
6.075567963253411290e+04 1.005821588099051533e+00
6.075567989259480964e+04 1.000820309193658053e+00
6.075568015265550639e+04 9.932913285831586059e-01
6.075568041271620314e+04 9.949742575305766668e-01
6.075568067277689261e+04 9.925481697478000243e-01
6.075568093283759663e+04 9.942622965563224779e-01
6.075568119289829338e+04 1.006372234071160054e+00
6.075568145295898285e+04 1.037992015985829797e+00
6.075568171301968687e+04 1.008059720022222550e+00
6.075568197308037634e+04 9.771235791736684329e-01
6.075568223314107308e+04 1.015942853870236862e+00
6.075568249320177711e+04 1.006086288911487880e+00
6.075568275326246658e+04 1.006591133245766878e+00
6.075568301332316332e+04 9.993587151056768647e-01
6.075568327338386007e+04 9.962866641530436773e-01
6.075568483179301256e+04 1.011183108138706599e+00
6.075568509184680443e+04 1.020215716063501921e+00
6.075568535190059629e+04 9.972463878553674554e-01
6.075568561195438815e+04 1.007427552088466127e+00
6.075568587200818729e+04 1.000457836174704962e+00
6.075568613206199370e+04 9.955296131462748610e-01
6.075568639211578557e+04 1.002128335368048129e+00
6.075568665216957743e+04 9.876663019908995533e-01
6.075568691222336929e+04 9.933806517812310277e-01
6.075568717227716115e+04 1.003638768860088515e+00
6.075568743233096029e+04 1.001600739304324250e+00
6.075568769238475215e+04 9.937180637698522778e-01
6.075568795243854402e+04 1.002985138948974342e+00
6.075568821249233588e+04 1.015949997221672119e+00
6.075568847254613502e+04 1.010748985159108493e+00
6.075568873259992688e+04 1.007974300665059220e+00
6.075568899265372602e+04 1.002725703646474065e+00
6.075568925270752516e+04 9.892903884080611610e-01
6.075568951276131702e+04 9.867127855117613366e-01
6.075568977281511616e+04 1.019203331549481284e+00
6.075569003286890802e+04 9.860904167622561722e-01
6.075569029292269988e+04 9.997178549786022161e-01
6.075569055297649174e+04 1.010192209848882250e+00
6.075569081303029088e+04 1.001959845034059438e+00
6.075569107308408275e+04 1.006773036053114856e+00
6.075569133313787461e+04 1.005746155270943465e+00
6.075569159319166647e+04 9.922859964599572979e-01
6.075569185324547288e+04 9.984782701126841964e-01
6.075569211329927202e+04 9.803402908485103762e-01
6.075569237335306389e+04 1.004962398091940878e+00
6.075569263340685575e+04 1.004195881598781481e+00
6.075569289346064761e+04 9.958974675301848212e-01
6.075569315351444675e+04 9.902822529141057650e-01
6.075569341356823861e+04 1.006811514968010135e+00
6.075569367362203047e+04 1.011360148194234254e+00
6.075569393367582234e+04 1.004482375032088370e+00
6.075569419372962147e+04 1.011507583495114826e+00
6.075569445378341334e+04 1.018413715788409002e+00
6.075569471383720520e+04 9.886335942328255966e-01
6.075569497389100434e+04 1.016056854505894336e+00
6.075569523394481075e+04 9.970799755479743398e-01
6.075569549399860261e+04 1.004462406115801398e+00
6.075569575405239448e+04 9.910616247647012766e-01
6.075569601410618634e+04 9.939681429839604121e-01
6.075569627415998548e+04 9.967294811374254326e-01
6.075569653421377734e+04 1.011903108683680497e+00
6.075569679426756920e+04 1.010933025094935767e+00
6.075569705432136107e+04 1.008227861557892346e+00
6.075569731437516020e+04 1.021271768668093216e+00
6.075569757442895207e+04 9.937120743669990430e-01
6.075569783448274393e+04 1.004443129702681681e+00
6.075569809453654307e+04 1.009879665544020755e+00
6.075569835459034948e+04 9.960010467997633121e-01
6.075569861464414134e+04 1.025375230974020280e+00
6.075569887469793321e+04 1.003025690796514269e+00
6.075569913475172507e+04 9.899620950188614543e-01
6.075569939480552421e+04 9.852274668577364336e-01
6.075569965485931607e+04 1.016634773078544107e+00
6.075569991491310793e+04 1.002157857096585891e+00
6.075570017496689979e+04 1.007822415033474250e+00
6.075570043502069893e+04 1.008312982585702233e+00
6.075570069507449080e+04 1.005977394885254839e+00
6.075570095512828993e+04 9.903483169060637303e-01
6.075570121518208907e+04 1.006355463114212423e+00
6.075570147523588821e+04 9.944097836040908245e-01
6.075570173528968007e+04 1.004696095499054254e+00
6.075570199534347194e+04 1.024352750265245193e+00
6.075570225539727107e+04 9.953766054376337324e-01
6.075570251545106294e+04 1.010236351994910908e+00
6.075570277550485480e+04 1.006912321775976560e+00
6.075570303555864666e+04 9.983386180499982387e-01
6.075570329561244580e+04 9.951618316077264215e-01
6.075570355566623766e+04 1.005194895317519599e+00
6.075570381572002952e+04 1.016986136414905539e+00
6.075570407577382866e+04 1.007739664714705219e+00
6.075570433582763508e+04 1.006662331716363434e+00
6.075570459588142694e+04 1.023103730585003257e+00
6.075570485593521880e+04 9.917247856727217092e-01
6.075570511598901066e+04 1.010125014180880409e+00
6.075570537604280980e+04 1.004028665870186021e+00
6.075570563609660167e+04 9.984821471117557579e-01
6.075570589615039353e+04 9.941692394185405179e-01
6.075570615620419267e+04 9.980414471742342641e-01
6.075570641625798453e+04 1.004598630852552743e+00
6.075570667631177639e+04 9.996583698846988053e-01
6.075570693636557553e+04 1.001274859904476955e+00
6.075570719641938194e+04 1.011055655740475290e+00
6.075570745647317381e+04 1.023297089659807035e+00
6.075570771652696567e+04 1.001450241283193154e+00
6.075570797658076481e+04 1.014248115364563052e+00
6.075570823663455667e+04 1.018285659826836609e+00
6.075570849668834853e+04 1.016614844548169971e+00
6.075570875674214039e+04 1.000722284007849572e+00
6.075570901679593953e+04 1.005771931288843346e+00
6.075570927684973140e+04 1.012781082237768082e+00
6.075570953690352326e+04 1.009964131450259650e+00
6.075570979695732240e+04 1.006096540280713159e+00
6.075571005701112153e+04 9.939743207440361328e-01
6.075571031706492067e+04 1.014460136342600682e+00
6.075571057711871254e+04 1.004647370023228348e+00
6.075571083717251167e+04 1.018159626947263918e+00
6.075571109722630354e+04 9.993648099680584318e-01
6.075571135728009540e+04 9.913149606575921702e-01
6.075571161733389454e+04 9.902923990780720942e-01
6.075571187738768640e+04 1.011239478470374209e+00
6.075571213744147826e+04 1.002151475345202547e+00
6.075571239749527740e+04 1.014332518073854938e+00
6.075571265754906926e+04 9.980476690490148739e-01
6.075571291760286840e+04 1.022334586846352922e+00
6.075571317765666754e+04 1.010952032323353178e+00
6.075571474868715450e+04 1.000369939471484892e+00
6.075571500874785124e+04 1.012376635566863303e+00
6.075571526880854799e+04 1.004952102285486149e+00
6.075571552886924474e+04 9.841455840499131469e-01
6.075571578892994148e+04 1.003947888062945104e+00
6.075571604899063823e+04 1.004386861987474955e+00
6.075571630905133497e+04 1.015121968562009869e+00
6.075571656911203172e+04 9.975742921991207490e-01
6.075571682917273574e+04 1.003027345278288074e+00
6.075571708923342521e+04 9.952350158515542722e-01
6.075571734929412196e+04 9.961086581777874871e-01
6.075571760935482598e+04 1.002519659071046121e+00
6.075571786941552273e+04 1.011137105622133658e+00
6.075571812947621947e+04 1.010850773991720963e+00
6.075571838953690894e+04 9.893426155387599064e-01
6.075571864959761297e+04 1.007364142576461230e+00
6.075571890965830971e+04 1.007339425287550050e+00
6.075571916971899918e+04 1.012832319873426146e+00
6.075571942977970320e+04 9.940455392122766742e-01
6.075571968984039995e+04 1.002270492471651231e+00
6.075571994990109670e+04 1.006949259017084541e+00
6.075572020996180072e+04 1.018177823236265489e+00
6.075572047002249019e+04 9.945716708701289877e-01
6.075572073008318694e+04 9.878428984156580883e-01
6.075572099014388368e+04 1.006343017863556843e+00
6.075572125020458770e+04 1.002935705507181918e+00
6.075572151026528445e+04 1.006727279329349134e+00
6.075572177032597392e+04 9.888382943751330423e-01
6.075572203038667794e+04 1.016411972901245298e+00
6.075572229044737469e+04 1.002063762976325823e+00
6.075572255050806416e+04 1.009763763838569695e+00
6.075572281056877546e+04 9.933864975055318736e-01
6.075572307062946493e+04 1.011675378363101618e+00
6.075572333069016167e+04 9.911607598505121075e-01
6.075572359075086570e+04 1.017522930845294660e+00
6.075572385081155517e+04 9.762617754083057209e-01
6.075572411087225191e+04 1.007698592506288016e+00
6.075572437093294866e+04 1.000643317575987901e+00
6.075572463099365268e+04 1.018634912254628322e+00
6.075572489105434943e+04 1.019152256819974678e+00
6.075572515111503890e+04 9.964300081020013300e-01
6.075572541117574292e+04 1.001620834400007487e+00
6.075572567123643967e+04 1.014586847710376105e+00
6.075572593129713641e+04 9.943067597807345726e-01
6.075572619135784043e+04 9.788278825770376779e-01
6.075572645141852990e+04 1.011373836697784911e+00
6.075572671147922665e+04 9.924180786532661447e-01
6.075572697153993067e+04 1.015613729743635396e+00
6.075572723160062014e+04 1.003277121166780805e+00
6.075572749166131689e+04 1.002316894960277871e+00
6.075572775172202091e+04 9.988224859817318446e-01
6.075572801178271766e+04 9.943471191858472835e-01
6.075572827184341440e+04 1.025674315157789396e+00
6.075572853190411115e+04 9.898097091488757826e-01
6.075572879196480790e+04 1.009537234397704264e+00
6.075572905202550464e+04 1.007182099853999091e+00
6.075572931208620867e+04 1.006339242674600953e+00
6.075572957214690541e+04 9.953089079056522959e-01
6.075572983220759488e+04 1.008935953673417041e+00
6.075573009226829890e+04 9.824851833924012068e-01
6.075573035232899565e+04 1.009705807189992255e+00
6.075573061238968512e+04 1.009703188724076162e+00
6.075573087245038914e+04 1.000278870979722345e+00
6.075573113251108589e+04 1.006499717446883269e+00
6.075573139257178264e+04 9.755247492057098624e-01
6.075573165263248666e+04 1.007106142054355225e+00
6.075573191269317613e+04 1.008056592651994876e+00
6.075573217275387287e+04 1.005574214465291938e+00
6.075573243281457690e+04 9.850049303370379539e-01
6.075573269287527364e+04 1.012245677611334882e+00
6.075573295293597039e+04 1.003469945292092769e+00
6.075573321299666713e+04 1.022863806457272373e+00
6.075573347305736388e+04 9.969985747375692542e-01
6.075573373311806063e+04 1.005686120227615499e+00
6.075573399317875737e+04 9.960841940924470839e-01
6.075573425323946140e+04 9.879851048596640650e-01
6.075573451330015087e+04 9.768940655485855995e-01
6.075573477336085489e+04 1.002241913194835465e+00
6.075573503342155163e+04 1.014035839688962826e+00
6.075573529348224110e+04 9.932953872868006684e-01
6.075573555354294513e+04 9.822089609527450138e-01
6.075573581360364187e+04 1.002641745094210668e+00
6.075573607366434589e+04 9.982374599305979812e-01
6.075573633372504264e+04 1.003334063003643140e+00
6.075573659378573211e+04 9.922321378015118709e-01
6.075573685384643613e+04 9.918022124767739145e-01
6.075573711390713288e+04 1.013505066980819214e+00
6.075573737396782963e+04 1.009904078076491185e+00
6.075573763402853365e+04 1.002892836539404753e+00
6.075573789408922312e+04 1.000104569010535016e+00
6.075573815414991986e+04 1.010806269455619244e+00
6.075573841421062389e+04 1.010726185603212368e+00
6.075573867427131336e+04 1.013115118712249796e+00
6.075573893433201010e+04 1.019953155607577822e+00
6.075573919439271413e+04 9.887475941318968342e-01
6.075573945445341087e+04 9.909142831084239988e-01
6.075573971451411489e+04 9.844920031091464185e-01
6.075573997457480436e+04 1.005354230849449415e+00
6.075574023463550111e+04 9.864535756594366989e-01
6.075574049469620513e+04 9.914213791707047196e-01
6.075574075475690188e+04 1.016701911264257685e+00
6.075574101481759863e+04 9.932646254574420963e-01
6.075574127487829537e+04 1.005459072662429509e+00
6.075574153493899212e+04 1.014710922841635332e+00
6.075574179499969614e+04 9.839891845167927364e-01
6.075574205506038561e+04 9.843120156032308943e-01
6.075574231512108236e+04 1.000886648788790856e+00
6.075574257518178638e+04 1.006822438190370095e+00
6.075574283524248312e+04 1.001417260200423431e+00
6.075574309530317987e+04 9.903919312340927483e-01
6.075574483016229351e+04 1.002191876073038834e+00
6.075574509021608537e+04 9.967143170110988049e-01
6.075574535026989179e+04 1.004032687035471438e+00
6.075574561032369093e+04 9.951635934353668667e-01
6.075574587037748279e+04 1.005810586895624192e+00
6.075574613043128193e+04 1.008972415885873497e+00
6.075574639048507379e+04 9.861792126598091235e-01
6.075574665053887293e+04 9.983655949225805903e-01
6.075574691059266479e+04 9.934841597134730362e-01
6.075574717064645665e+04 9.940679174185855782e-01
6.075574743070025579e+04 1.004756225382532175e+00
6.075574769075404765e+04 1.003856066359808841e+00
6.075574795080784679e+04 1.012572721741169746e+00
6.075574821086163865e+04 9.958207005871350104e-01
6.075574847091544507e+04 9.989641050441849801e-01
6.075574873096924421e+04 1.005564751026076120e+00
6.075574899102303607e+04 1.000783156451870548e+00
6.075574925107683521e+04 1.003939402003120485e+00
6.075574951113062707e+04 1.026007221648829404e+00
6.075574977118442621e+04 9.977395949811115328e-01
6.075575003123821807e+04 1.005262377785460126e+00
6.075575029129201721e+04 1.000568053476474706e+00
6.075575055134580907e+04 1.005990743943947940e+00
6.075575081139960093e+04 1.000126443797251685e+00
6.075575107145340007e+04 1.006683025081023697e+00
6.075575133150719921e+04 9.939023468665889594e-01
6.075575159156100563e+04 1.007554317806522048e+00
6.075575185161479749e+04 1.002080014455193346e+00
6.075575211166859663e+04 1.004324858435187595e+00
6.075575237172238849e+04 9.934696585847456740e-01
6.075575263177618035e+04 9.992492477279582008e-01
6.075575289182997949e+04 1.010622259400797196e+00
6.075575315188377135e+04 9.922046749287101175e-01
6.075575341193757049e+04 1.001029506343106723e+00
6.075575367199136235e+04 1.009176409006057096e+00
6.075575393204516149e+04 9.987565354913766624e-01
6.075575419209895335e+04 9.943114675697680704e-01
6.075575445215275249e+04 9.971305908021280695e-01
6.075575471220655891e+04 9.950327585725978752e-01
6.075575497226035077e+04 9.998972982141626220e-01
6.075575523231414991e+04 1.007908277328125379e+00
6.075575549236794177e+04 1.002757250389487043e+00
6.075575575242174091e+04 9.980911798776642696e-01
6.075575601247553277e+04 1.013976489112677459e+00
6.075575627252933191e+04 1.007211913493785804e+00
6.075575653258312377e+04 1.008105461638125089e+00
6.075575679263691563e+04 1.011881457025308961e+00
6.075575705269071477e+04 1.012830397719106879e+00
6.075575731274451391e+04 1.007166211782659637e+00
6.075575757279832033e+04 1.004419520906942198e+00
6.075575783285211219e+04 1.004117946671491790e+00
6.075575809290591133e+04 1.011493145955500328e+00
6.075575835295970319e+04 9.790076767934295932e-01
6.075575861301350233e+04 1.000104703356213820e+00
6.075575887306729419e+04 1.005129179080648916e+00
6.075575913312109333e+04 1.006810503492990616e+00
6.075575939317488519e+04 1.018653612547447684e+00
6.075575965322867705e+04 9.817360518560176441e-01
6.075575991328247619e+04 9.953689481187147914e-01
6.075576017333626805e+04 9.959806254650448443e-01
6.075576043339007447e+04 9.988009325054502119e-01
6.075576069344387361e+04 1.000889700958750295e+00
6.075576095349767274e+04 1.005568758870437174e+00
6.075576121355146461e+04 1.009988923860295262e+00
6.075576147360526375e+04 9.914728113426413136e-01
6.075576173365905561e+04 1.006212761554907908e+00
6.075576199371285475e+04 9.983000975718968606e-01
6.075576225376664661e+04 9.903397576910090150e-01
6.075576251382044575e+04 1.013093239327930828e+00
6.075576277387423761e+04 9.934617126659044395e-01
6.075576303392802947e+04 9.993266335350120544e-01
6.075576329398183589e+04 1.006952583108188470e+00
6.075576355403563502e+04 9.784013088713232609e-01
6.075576381408943416e+04 1.014789164055186044e+00
6.075576407414322603e+04 1.001140081069569865e+00
6.075576433419702516e+04 1.016051595257994045e+00
6.075576459425081703e+04 9.930353657737024387e-01
6.075576485430461616e+04 9.979491386002277142e-01
6.075576511435840803e+04 1.002656157010759497e+00
6.075576537441220717e+04 9.927246057408949387e-01
6.075576563446599903e+04 9.966937827906888758e-01
6.075576589451979817e+04 9.962046686561870645e-01
6.075576615457359003e+04 1.039846343481952706e+00
6.075576641462739644e+04 1.012299507763688267e+00
6.075576667468119558e+04 9.878601455568964962e-01
6.075576693473499472e+04 1.002678493992192221e+00
6.075576719478878658e+04 9.884460238324734860e-01
6.075576745484258572e+04 1.009274994971870010e+00
6.075576771489637758e+04 1.000249037006376129e+00
6.075576797495017672e+04 1.013204710771569816e+00
6.075576823500396858e+04 1.010259022885884539e+00
6.075576849505776045e+04 1.005112098720384983e+00
6.075576875511155959e+04 1.005388366768747099e+00
6.075576901516535145e+04 9.964211185620071021e-01
6.075576927521915786e+04 1.022510958242229817e+00
6.075576953527295700e+04 1.022604192140838197e+00
6.075576979532675614e+04 1.013432072343307677e+00
6.075577005538054800e+04 1.005454291904323227e+00
6.075577031543434714e+04 1.022940813716298525e+00
6.075577057548813900e+04 9.957187725768581466e-01
6.075577083554193814e+04 9.996483818613132177e-01
6.075577109559573000e+04 9.945182791945712530e-01
6.075577135564952914e+04 9.879492282687680760e-01
6.075577161570332100e+04 1.009479832375677733e+00
6.075577187575712014e+04 1.005678090158729887e+00
6.075577213581091200e+04 1.006660629704828391e+00
6.075577239586471842e+04 9.943932017225326492e-01
6.075577265591851756e+04 9.789006570381685313e-01
6.075577291597231670e+04 1.002166518061685885e+00
6.075577317602610856e+04 1.020771641533635421e+00
