6.075585120116569306e+04 9.805878614791226910e-01
6.075585146121949219e+04 1.012796687339302837e+00
6.075585172127328406e+04 9.888856012389254380e-01
6.075585198132708319e+04 9.948760079254795885e-01
6.075585224138088233e+04 9.873811266436011147e-01
6.075585250143468147e+04 9.885540665362354540e-01
6.075585276148847333e+04 1.003428392010649262e+00
6.075585302154227247e+04 1.005469563498845975e+00
6.075585328159607161e+04 9.935269533870333403e-01
6.075585354164987803e+04 9.969411121410657328e-01
6.075585380170368444e+04 1.002164574156297894e+00
6.075585406175747630e+04 9.938224631825006705e-01
6.075585432181127544e+04 9.831401850712447876e-01
6.075585458186507458e+04 1.010035463236338416e+00
6.075585484191887372e+04 1.003216133381604758e+00
6.075585510197266558e+04 1.014631363428755151e+00
6.075585536202646472e+04 9.909317390787957258e-01
6.075585562208026386e+04 1.005484686117305904e+00
6.075585588213406299e+04 1.011607469476581089e+00
6.075585614218786213e+04 1.002247619095180786e+00
6.075585640224165400e+04 9.950107839294010104e-01
6.075585666229546041e+04 9.980038851119551468e-01
6.075585692234926682e+04 1.001961227981005065e+00
6.075585718240306596e+04 1.011656885569218289e+00
6.075585744245685783e+04 1.021399754628316892e+00
6.075585770251065696e+04 1.005759494711587543e+00
6.075585796256445610e+04 9.974097500454177645e-01
6.075585822261825524e+04 1.018829496804794621e+00
6.075585848267205438e+04 9.953854792469777335e-01
6.075585874272584624e+04 9.981558252337842108e-01
6.075585900277964538e+04 1.002228343080280526e+00
6.075585926283344452e+04 1.004009150212076040e+00
6.075585952288725093e+04 1.002669398339999907e+00
6.075585978294105735e+04 9.986708381920786914e-01
6.075586004299484921e+04 9.995210016111499840e-01
6.075586030304864835e+04 1.004770461527623615e+00
6.075586056310244749e+04 9.916583612970681916e-01
6.075586082315624662e+04 9.886686821526199376e-01
6.075586108321004576e+04 1.006669949550883736e+00
6.075586134326383763e+04 1.020499707587345650e+00
6.075586160331763676e+04 9.913232386277868180e-01
6.075586186337143590e+04 1.001196317859312623e+00
6.075586212342523504e+04 9.965254618667540587e-01
6.075586238347903418e+04 1.006118387515770873e+00
6.075586264353283332e+04 9.806940566266401094e-01
6.075586290358663973e+04 9.966861999504108560e-01
6.075586316364043887e+04 1.007728891498964163e+00
6.075586342369423801e+04 9.869737078740490333e-01
6.075586368374803715e+04 1.005781557742262189e+00
6.075586394380182901e+04 9.979569761872892908e-01
6.075586420385562815e+04 1.000457601245156036e+00
6.075586446390942729e+04 9.945634929174321792e-01
6.075586472396322642e+04 1.002132619460678553e+00
6.075586498401702556e+04 1.001425290471548157e+00
6.075586524407081743e+04 9.828136801789831845e-01
6.075586550412462384e+04 1.004521214893739245e+00
6.075586576417843025e+04 1.002824455858106756e+00
6.075586602423222939e+04 9.963151950202082663e-01
6.075586628428602853e+04 9.884653184987877150e-01
6.075586654433982039e+04 9.966033908241827000e-01
6.075586680439361953e+04 9.997675975744241272e-01
6.075586706444741867e+04 9.989760979663618867e-01
6.075586732450121781e+04 1.020920976556212167e+00
6.075586758455501695e+04 9.961531059506597563e-01
6.075586784460881609e+04 1.008633794255378469e+00
6.075586810466260795e+04 9.861062772152895395e-01
6.075586836471640709e+04 1.006643030635194558e+00
6.075586862477021350e+04 1.004052941788782238e+00
6.075586888482401991e+04 9.913131158955411637e-01
6.075586914487781905e+04 1.012102284610318925e+00
6.075586940493161092e+04 1.001155403811599287e+00
6.075586966498541005e+04 1.012342396365317532e+00
6.075586992503920919e+04 9.841393565763165707e-01
6.075587018509300833e+04 9.873174503567913041e-01
6.075587044514680747e+04 1.009830069427206878e+00
6.075587070520060661e+04 1.008662629478850103e+00
6.075587096525439847e+04 9.936403478533698541e-01
6.075587122530819761e+04 9.956513243276945424e-01
6.075587148536199675e+04 1.006428762321179615e+00
6.075587174541581044e+04 9.977545620708060392e-01
6.075587200546960958e+04 9.850973245253508148e-01
6.075587226552340871e+04 9.995991576584971616e-01
6.075587252557720058e+04 1.007128428538428100e+00
6.075587278563099972e+04 9.935729801588482069e-01
6.075587304568479885e+04 1.001349932594353787e+00
6.075587330573859799e+04 1.012888159847720848e+00
6.075587356579239713e+04 1.013588689922942043e+00
6.075587382584619627e+04 1.000719739501681360e+00
6.075587408589998813e+04 1.008188783369408315e+00
6.075587434595378727e+04 9.908662688078894165e-01
6.075587460600759368e+04 1.003847001247450521e+00
6.075587486606140010e+04 1.006960806468343295e+00
6.075587512611519924e+04 1.001631557176122289e+00
6.075587538616899838e+04 1.004623368261577276e+00
6.075587564622279751e+04 1.003535695800497063e+00
6.075587590627658938e+04 9.951918037953416674e-01
6.075587616633038851e+04 9.899952011048469558e-01
6.075587642638418765e+04 1.002218959921206798e+00
6.075587668643798679e+04 1.002399028691107752e+00
6.075587694649178593e+04 1.010325943641377178e+00
6.075587720654558507e+04 9.883421615394318849e-01
6.075587746659937693e+04 9.980415750164659539e-01
6.075587772665318334e+04 1.009814873752256315e+00
6.075587798670698976e+04 1.013327745920238332e+00
6.075587824676078890e+04 1.007342428122256717e+00
6.075587850681458804e+04 9.957071887632671370e-01
6.075587876686838717e+04 1.018542257980911137e+00
6.075587902692218631e+04 1.025398964478973607e+00
6.075587928697597818e+04 1.008529935680172462e+00
6.075587954702977731e+04 9.958665360296857783e-01
6.075588115586427011e+04 1.019765076602371812e+00
6.075588141592496686e+04 9.965228800232021067e-01
6.075588167598567088e+04 1.019126093042704850e+00
6.075588193604636763e+04 1.032515641391530403e+00
6.075588219610707165e+04 9.973783012924237745e-01
6.075588245616777567e+04 9.980916375622257419e-01
6.075588271622847242e+04 1.006388786343417774e+00
6.075588297628917644e+04 9.993841772589225902e-01
6.075588323634988046e+04 1.002804158604963636e+00
6.075588349641056993e+04 1.001080152992960048e+00
6.075588375647127395e+04 1.021176339551199908e+00
6.075588401653197798e+04 9.913808447308644078e-01
6.075588427659268200e+04 9.949241386653421282e-01
6.075588453665338602e+04 9.939364665666425847e-01
6.075588479671408277e+04 9.936929585717323432e-01
6.075588505677478679e+04 9.993745702203234993e-01
6.075588531683548354e+04 9.958807125163493534e-01
6.075588557689618756e+04 9.869439917831752673e-01
6.075588583695689158e+04 1.001659331030827049e+00
6.075588609701758833e+04 1.008610190847097021e+00
6.075588635707829235e+04 9.932938327687538260e-01
6.075588661713899637e+04 1.006126640711567211e+00
6.075588687719969312e+04 9.961639503918966465e-01
6.075588713726038986e+04 1.002642510343122462e+00
6.075588739732109389e+04 1.014044230059149676e+00
6.075588765738179791e+04 1.001572853573369226e+00
6.075588791744250193e+04 1.003923912338571700e+00
6.075588817750319868e+04 9.923407913461133045e-01
6.075588843756390270e+04 1.015319335626541530e+00
6.075588869762460672e+04 1.002462764605463352e+00
6.075588895768530347e+04 9.987948138987581270e-01
6.075588921774600749e+04 1.009498437224037648e+00
6.075588947780670424e+04 1.004153588693070143e+00
6.075588973786740826e+04 9.938008928795855068e-01
6.075588999792811228e+04 1.013529790058334656e+00
6.075589025798880903e+04 9.996508573840666712e-01
6.075589051804952032e+04 9.926254755981130939e-01
6.075589077811021707e+04 9.959662168452352304e-01
6.075589103817091382e+04 1.000402637427683317e+00
6.075589129823161784e+04 1.007228430990913859e+00
6.075589155829231458e+04 9.966218729845859325e-01
6.075589181835301861e+04 1.009046325484595830e+00
6.075589207841372263e+04 9.905912738269776474e-01
6.075589233847442665e+04 1.003539535116256376e+00
6.075589259853513067e+04 1.010373573651563550e+00
6.075589285859582742e+04 1.012721155937740036e+00
6.075589311865652417e+04 9.946787896151495501e-01
6.075589337871722819e+04 1.016236418179754741e+00
6.075589363877793221e+04 1.003775004087861467e+00
6.075589389883863623e+04 1.001375210473406829e+00
6.075589415889933298e+04 1.004872815462547919e+00
6.075589441896003700e+04 1.002359366583017275e+00
6.075589467902074102e+04 9.883164827792294549e-01
6.075589493908143777e+04 9.867609448691974094e-01
6.075589519914213452e+04 9.938648194021658666e-01
6.075589545920283854e+04 9.969717638795234649e-01
6.075589571926354256e+04 9.986459784203158829e-01
6.075589597932424658e+04 1.008509699157646544e+00
6.075589623938494333e+04 9.942642948705510131e-01
6.075589649944564735e+04 1.002991465688048978e+00
6.075589675950635137e+04 1.000152073898740834e+00
6.075589701956705539e+04 9.897416128096653276e-01
6.075589727962775942e+04 1.004489448238359062e+00
6.075589753968844889e+04 1.001758383845630984e+00
6.075589779974915291e+04 9.870672298630951413e-01
6.075589805980985693e+04 9.904934148542402506e-01
6.075589831987055368e+04 9.866829728799811905e-01
6.075589857993125770e+04 1.006220671722105386e+00
6.075589883999196172e+04 9.983365518152440554e-01
6.075589910005266574e+04 1.004787283482838633e+00
6.075589936011336977e+04 9.854689674057589555e-01
6.075589962017406651e+04 9.998702441481098768e-01
6.075589988023477054e+04 9.863195634625603336e-01
6.075590014029546728e+04 1.018538317459905418e+00
6.075590040035617130e+04 9.888903819227702341e-01
6.075590066041687533e+04 9.865218641639583730e-01
6.075590092047757207e+04 9.863011737301057291e-01
6.075590118053827609e+04 1.006894743793490976e+00
6.075590144059898012e+04 1.006610804380828172e+00
6.075590170065967686e+04 9.983923779076561145e-01
6.075590196072038816e+04 1.001183472269979502e+00
6.075590222078108491e+04 1.010343822077425902e+00
6.075590248084178893e+04 9.954555303074386075e-01
6.075590274090249295e+04 9.991795839140014124e-01
6.075590300096318242e+04 1.002182526811782770e+00
6.075590326102388644e+04 9.847113442035255737e-01
6.075590352108459047e+04 9.953161612941815450e-01
6.075590378114529449e+04 9.774683359335728516e-01
6.075590404120599851e+04 9.858179098346109281e-01
6.075590430126669526e+04 1.005016523070793477e+00
6.075590456132739928e+04 1.000579231983231843e+00
6.075590482138810330e+04 1.003167241702261903e+00
6.075590508144880732e+04 1.015085861716294779e+00
6.075590534150951135e+04 1.000350787298126765e+00
6.075590560157020809e+04 9.977849646435336117e-01
6.075590586163091211e+04 9.953477183059398214e-01
6.075590612169160886e+04 9.682174486938390778e-01
6.075590638175230561e+04 1.005458990100142502e+00
6.075590664181300963e+04 9.966835766588088008e-01
6.075590690187371365e+04 9.900808476451667950e-01
6.075590716193441767e+04 9.878489733972495301e-01
6.075590742199512169e+04 1.021820471179489376e+00
6.075590768205581844e+04 9.903670950498061343e-01
6.075590794211652246e+04 1.012163421706341770e+00
6.075590820217722649e+04 9.992135166481467268e-01
6.075590846223793051e+04 1.006667755976371259e+00
6.075590872229863453e+04 1.009554349574397270e+00
6.075590898235933128e+04 1.000252923898776292e+00
6.075590924242003530e+04 9.919685152837527387e-01
6.075590950248073932e+04 9.898189693326293614e-01
6.075591106051386305e+04 9.820891497929573610e-01
6.075591132057445793e+04 9.851335417947552076e-01
6.075591158063505281e+04 9.956851964366401075e-01
6.075591184069564770e+04 9.898421060811264383e-01
6.075591210075624258e+04 9.842884789960854031e-01
6.075591236081683746e+04 1.002532126606550333e+00
6.075591262087743235e+04 1.003560964036995129e+00
6.075591288093802723e+04 1.002284943739725653e+00
6.075591314099862211e+04 1.014537713686840981e+00
6.075591340105922427e+04 1.004519518194502359e+00
6.075591366111981915e+04 9.894904307435655744e-01
6.075591392118041404e+04 9.928684750678294924e-01
6.075591418124100892e+04 1.006905109095379558e+00
6.075591444130160380e+04 9.901565450423325254e-01
6.075591470136219868e+04 1.009828446651023004e+00
6.075591496142279357e+04 9.998268929175690989e-01
6.075591522148338845e+04 1.012574798186357317e+00
6.075591548154399061e+04 9.935569146984014610e-01
6.075591574160458549e+04 9.880577198665358996e-01
6.075591600166518037e+04 9.872683698735007507e-01
6.075591626172577526e+04 1.017241028155625004e+00
6.075591652178637742e+04 9.970655965740690130e-01
6.075591678184697230e+04 1.001878727663047197e+00
6.075591704190756718e+04 9.849603692690384049e-01
6.075591730196816206e+04 9.887767632420525477e-01
6.075591756202875695e+04 9.867614581812615970e-01
6.075591782208935183e+04 9.974855505124516908e-01
6.075591808214994671e+04 9.953997052475214158e-01
6.075591834221054160e+04 9.883660664652638150e-01
6.075591860227113648e+04 1.014444570778501253e+00
6.075591886233173136e+04 9.902758629109535971e-01
6.075591912239232624e+04 9.908682596796316577e-01
6.075591938245292840e+04 1.006647429490030499e+00
6.075591964251352329e+04 9.924045804648492508e-01
6.075591990257411817e+04 1.003390317757265837e+00
6.075592016263471305e+04 9.969628743075402699e-01
6.075592042269530793e+04 9.958126110940802578e-01
6.075592068275590282e+04 1.000316181369676150e+00
6.075592094281649770e+04 9.821755381177572630e-01
6.075592120287709986e+04 9.885749949281309457e-01
6.075592146293769474e+04 9.943795002669469918e-01
6.075592172299828962e+04 1.003112658101995347e+00
6.075592198305888451e+04 9.978105218302878443e-01
6.075592224311948667e+04 9.854629463004329626e-01
6.075592250318008155e+04 1.014064858635588928e+00
6.075592276324067643e+04 9.910239993047489371e-01
6.075592302330127131e+04 9.837723162978607716e-01
6.075592328336186620e+04 9.902256368889819083e-01
6.075592354342246108e+04 9.872938098623472714e-01
6.075592380348305596e+04 9.949422121820326037e-01
6.075592406354365812e+04 9.902004744143472204e-01
6.075592432360425300e+04 1.002172979534100561e+00
6.075592458366484789e+04 9.991622209523395304e-01
6.075592484372544277e+04 9.927152939082138916e-01
6.075592510378604493e+04 1.000802243613164277e+00
6.075592536384663981e+04 9.974977518717006442e-01
6.075592562390723469e+04 1.009371064381017424e+00
6.075592588396782958e+04 9.822265614543934653e-01
6.075592614402842446e+04 9.945296693664046339e-01
6.075592640408901934e+04 9.793510618355492081e-01
6.075592666414961423e+04 1.002910211475076308e+00
6.075592692421020911e+04 1.002757916841310548e+00
6.075592718427081127e+04 9.934989722127368639e-01
6.075592744433140615e+04 1.016184910924361029e+00
6.075592770439200103e+04 9.874816109836992428e-01
6.075592796445260319e+04 1.016787079048545595e+00
6.075592822451319807e+04 9.855529741895072693e-01
6.075592848457379296e+04 1.002135302280457996e+00
6.075592874463438784e+04 9.946198629918135969e-01
6.075592900469498272e+04 9.961764714560673584e-01
6.075592926475557761e+04 1.001400870208376315e+00
6.075592952481617249e+04 9.925258206805620542e-01
6.075592978487676737e+04 1.001412625369585641e+00
6.075593004493736953e+04 9.877786854492405233e-01
6.075593030499796441e+04 1.012557290353882866e+00
6.075593056505855930e+04 1.012129100099666390e+00
6.075593082511916145e+04 1.000493958741990763e+00
6.075593108517975634e+04 9.779204000930176166e-01
6.075593134524035122e+04 1.004851378824303199e+00
6.075593160530094610e+04 9.897486854701242898e-01
6.075593186536154099e+04 9.829384938357689228e-01
6.075593212542213587e+04 1.000687666503329076e+00
6.075593238548273075e+04 9.993119879945450146e-01
6.075593264554332563e+04 9.950290467526121674e-01
6.075593290560392779e+04 1.000020985111260030e+00
6.075593316566452268e+04 1.003639419953629375e+00
6.075593342572511756e+04 9.914268013509230926e-01
6.075593368578571244e+04 9.891019503622550113e-01
6.075593394584631460e+04 1.021779688159438093e+00
6.075593420590690948e+04 1.001653468516960022e+00
6.075593446596750437e+04 9.842588291932968803e-01
6.075593472602809925e+04 9.954644734468908185e-01
6.075593498608869413e+04 9.940330073098315733e-01
6.075593524614928901e+04 1.015329517239916379e+00
6.075593550620988390e+04 9.929265663121442653e-01
6.075593576627048606e+04 1.008144687030291253e+00
6.075593602633108094e+04 1.005218778697793081e+00
6.075593628639167582e+04 1.010757295820122525e+00
6.075593654645227070e+04 1.004718215739518916e+00
6.075593680651287286e+04 1.005704454917540458e+00
6.075593706657346775e+04 1.015432086477676688e+00
6.075593732663406263e+04 9.934565576659237784e-01
6.075593758669465751e+04 9.942971596556894331e-01
6.075593784675525239e+04 1.012537951839539652e+00
6.075593810681584728e+04 1.012712402177423199e+00
6.075593836687644216e+04 1.023489440787278992e+00
6.075593862693704432e+04 9.949529804302101876e-01
6.075593888699763920e+04 9.805141504528350760e-01
6.075593914705823408e+04 9.870705301962094946e-01
6.075593940711883624e+04 9.998795567466841616e-01
6.075594106598430517e+04 9.871394678029078440e-01
6.075594132604500919e+04 1.019691797023075885e+00
6.075594158610571321e+04 1.016733918282113569e+00
6.075594184616640996e+04 1.001776993372327063e+00
6.075594210622711398e+04 1.015466803746375879e+00
6.075594236628781800e+04 1.001865762371803914e+00
6.075594262634852203e+04 1.000580272286197170e+00
6.075594288640922605e+04 1.000318377092897393e+00
6.075594314646992279e+04 9.978625205685873745e-01
6.075594340653063409e+04 1.003332798639194889e+00
6.075594366659133811e+04 9.892694885121133819e-01
6.075594392665203486e+04 1.006852079094333829e+00
6.075594418671273888e+04 1.003519618113305700e+00
6.075594444677344291e+04 9.827618802721630464e-01
6.075594470683414693e+04 9.961094034763902094e-01
6.075594496689485095e+04 1.012337751589174051e+00
6.075594522695554770e+04 1.008014682130082385e+00
6.075594548701625172e+04 1.001569178093454804e+00
6.075594574707695574e+04 9.887169714724071135e-01
6.075594600713765976e+04 1.003594320101216741e+00
6.075594626719836378e+04 1.005139648179031564e+00
6.075594652725906053e+04 1.004182322170597219e+00
6.075594678731976455e+04 1.000597921640509647e+00
6.075594704738046858e+04 9.886071896790735725e-01
6.075594730744116532e+04 1.004484072376589099e+00
6.075594756750187662e+04 9.997408126072907519e-01
6.075594782756257337e+04 1.028260998663101722e+00
6.075594808762328466e+04 1.004078134158623348e+00
6.075594834768398869e+04 1.018616171768393475e+00
6.075594860774468543e+04 9.978959235962467922e-01
6.075594886780538945e+04 9.985527811687063826e-01
6.075594912786609348e+04 9.982201291968079149e-01
6.075594938792679750e+04 1.003317034387699369e+00
6.075594964798750152e+04 9.869527055399945903e-01
6.075594990804819827e+04 9.887064289921306814e-01
6.075595016810890229e+04 1.004630192407670819e+00
6.075595042816960631e+04 1.011754044109805184e+00
6.075595068823031033e+04 1.007297106008527399e+00
6.075595094829101436e+04 1.000490589955361997e+00
6.075595120835171110e+04 9.913652304664969384e-01
6.075595146841241512e+04 9.918739121299813277e-01
6.075595172847312642e+04 9.953731731810843142e-01
6.075595198853382317e+04 1.005226026811202100e+00
6.075595224859452719e+04 9.961701844549363249e-01
6.075595250865523121e+04 9.965581198606195956e-01
6.075595276871593524e+04 1.001065379671429723e+00
6.075595302877663926e+04 1.005150055687828115e+00
6.075595328883733600e+04 1.006605930606768950e+00
6.075595354889804003e+04 1.010396033092381352e+00
6.075595380895874405e+04 1.006955584359614519e+00
6.075595406901944807e+04 9.970552340034728456e-01
6.075595432908015209e+04 9.983355345549247417e-01
6.075595458914084884e+04 1.012362673963687731e+00
6.075595484920156014e+04 9.972973156193503108e-01
6.075595510926226416e+04 1.007471997970845523e+00
6.075595536932296091e+04 1.006387663961026080e+00
6.075595562938366493e+04 9.936166291975788711e-01
6.075595588944436895e+04 9.959179034755629711e-01
6.075595614950507297e+04 1.028774536472418344e+00
6.075595640956577699e+04 1.001427031725262706e+00
6.075595666962647374e+04 1.005556038063259106e+00
6.075595692968717776e+04 9.955877735584478527e-01
6.075595718974788178e+04 1.007907651686536399e+00
6.075595744980858581e+04 1.005136236987706821e+00
6.075595770986929710e+04 1.012370659320616983e+00
6.075595796992999385e+04 9.977071783285802464e-01
6.075595822999069787e+04 9.890725354719297480e-01
6.075595849005140190e+04 9.911817910665000619e-01
6.075595875011209864e+04 9.918694007639932142e-01
6.075595901017280994e+04 9.900656854383039773e-01
6.075595927023350669e+04 1.020980642112570225e+00
6.075595953029421071e+04 1.023449395365349179e+00
6.075595979035491473e+04 1.019390512907425217e+00
6.075596005041561148e+04 1.006605333695422155e+00
6.075596031047632277e+04 1.008642885727857985e+00
6.075596057053702680e+04 1.012676113820478285e+00
6.075596083059773082e+04 9.950602015078026108e-01
6.075596109065843484e+04 9.844074298882337093e-01
6.075596135071913159e+04 9.877803360660312171e-01
6.075596161077983561e+04 9.953595568903482738e-01
6.075596187084053963e+04 1.000416506887730206e+00
6.075596213090124365e+04 1.005230756269337666e+00
6.075596239096194768e+04 9.945117170173396470e-01
6.075596265102265170e+04 1.003771805835807163e+00
6.075596291108335572e+04 1.005630824765171294e+00
6.075596317114405974e+04 9.902014130476143317e-01
6.075596343120475649e+04 9.964373611821538690e-01
6.075596369126546051e+04 1.012887651476814810e+00
6.075596395132616453e+04 1.007385678593125222e+00
6.075596421138686856e+04 9.921758316191242599e-01
6.075596447144757258e+04 1.016392722724402953e+00
6.075596473150827660e+04 9.911851950554085855e-01
6.075596499156898062e+04 9.833726562270662663e-01
6.075596525162968464e+04 1.009283355831512186e+00
6.075596551169038867e+04 1.004619578787308898e+00
6.075596577175109269e+04 1.004113850776801264e+00
6.075596603181178943e+04 1.011393675666404812e+00
6.075596629187249346e+04 1.002174520115349132e+00
6.075596655193319748e+04 9.975941649449096005e-01
6.075596681199390150e+04 9.896082995409006822e-01
6.075596707205460552e+04 1.013217171557524443e+00
6.075596733211530955e+04 9.752113852759877188e-01
6.075596759217601357e+04 9.996450862324631759e-01
6.075596785223671759e+04 1.005415926848573172e+00
6.075596811229741434e+04 1.002316396018466227e+00
6.075596837235811836e+04 1.008772668623346691e+00
6.075596863241882238e+04 9.899847391080708325e-01
6.075596889247953368e+04 1.011476314487497863e+00
6.075596915254023770e+04 9.948705162863853424e-01
6.075596941260093445e+04 9.921499385165557516e-01
6.075597102105359954e+04 1.004819846988722176e+00
6.075597128111420170e+04 9.920725986164599108e-01
6.075597154117479658e+04 9.795531374809423042e-01
6.075597180123539147e+04 1.009423771669845760e+00
6.075597206129598635e+04 1.023144841820865514e+00
6.075597232135658123e+04 9.896907874792293391e-01
6.075597258141718339e+04 1.000743746765077713e+00
6.075597284147777827e+04 9.875441612497363186e-01
6.075597310153837316e+04 9.992888989672348288e-01
6.075597336159897532e+04 1.000583439590578161e+00
6.075597362165957020e+04 9.985882436956728947e-01
6.075597388172016508e+04 9.806283279824549171e-01
6.075597414178077452e+04 1.000887739963009171e+00
6.075597440184136940e+04 9.938496154139296879e-01
6.075597466190196428e+04 1.000245064186627175e+00
6.075597492196255916e+04 1.010217226167015259e+00
6.075597518202315405e+04 1.000145208417185572e+00
6.075597544208374893e+04 9.776205449661032887e-01
6.075597570214434381e+04 1.015938790239875100e+00
6.075597596220494597e+04 1.016528134702015196e+00
6.075597622226554813e+04 9.961834221641706621e-01
6.075597648232614301e+04 1.022705890009069529e+00
6.075597674238673790e+04 9.950623044747632928e-01
6.075597700244734006e+04 1.004253809114735274e+00
6.075597726250793494e+04 1.000877319987292902e+00
6.075597752256853710e+04 9.927199965102594392e-01
6.075597778262913198e+04 1.003596972217211336e+00
6.075597804268972686e+04 1.008726575308834139e+00
6.075597830275032175e+04 1.008338052252524042e+00
6.075597856281091663e+04 9.922072599509768054e-01
6.075597882287151151e+04 9.913936840476570422e-01
6.075597908293212095e+04 9.971612286529325520e-01
6.075597934299271583e+04 9.869491150674100099e-01
6.075597960305331071e+04 1.003009447520401443e+00
6.075597986311390559e+04 1.003481436412832828e+00
6.075598012317450775e+04 1.007782138252562021e+00
6.075598038323510264e+04 9.932149698324220788e-01
6.075598064329570479e+04 1.012577464591213561e+00
6.075598090335629968e+04 1.008214118408322646e+00
6.075598116341689456e+04 9.899053851845533991e-01
6.075598142347748944e+04 1.008097540871882414e+00
6.075598168353808433e+04 1.008363409462662785e+00
6.075598194359869376e+04 9.941468679469334102e-01
6.075598220365928864e+04 1.001849681655514912e+00
6.075598246371988353e+04 1.009146592273305831e+00
6.075598272378047841e+04 1.005257062961498749e+00
6.075598298384108057e+04 9.912505539578703173e-01
6.075598324390167545e+04 9.935409830692054634e-01
6.075598350396227761e+04 9.919103666417458109e-01
6.075598376402287249e+04 1.009220997810509113e+00
6.075598402408346738e+04 9.915280508079103994e-01
6.075598428414406226e+04 9.869996554632458619e-01
6.075598454420465714e+04 9.924336346069007053e-01
6.075598480426526658e+04 1.001687856184096059e+00
6.075598506432586146e+04 9.997336087091772683e-01
6.075598532438645634e+04 1.031700289146165073e+00
6.075598558444705122e+04 9.898634403185748720e-01
6.075598584450765338e+04 1.000882824867041387e+00
6.075598610456825554e+04 1.003395344297350222e+00
6.075598636462885042e+04 9.960760031510540458e-01
6.075598662468944531e+04 9.917409134279014937e-01
6.075598688475004019e+04 9.962231112779040831e-01
6.075598714481063507e+04 9.903653766183263540e-01
6.075598740487123723e+04 1.007759580465487081e+00
6.075598766493183211e+04 1.001870035561944983e+00
6.075598792499243427e+04 1.012170081186291482e+00
6.075598818505302916e+04 9.939495879665494193e-01
6.075598844511362404e+04 9.946074279895579240e-01
6.075598870517423347e+04 9.942371211101840300e-01
6.075598896523482836e+04 9.928154016221197864e-01
6.075598922529542324e+04 9.974537646069914221e-01
6.075598948535601812e+04 9.904819074194703976e-01
6.075598974541661300e+04 1.000471431222536012e+00
6.075599000547721516e+04 1.000161890008380627e+00
6.075599026553781005e+04 9.858743940224959923e-01
6.075599052559840493e+04 9.964291212230675931e-01
6.075599078565900709e+04 9.968595384829775918e-01
6.075599104571960197e+04 1.010152313363069654e+00
6.075599130578020413e+04 9.965295021444464663e-01
6.075599156584080629e+04 1.001763166776858505e+00
6.075599182590140117e+04 1.004860557651066522e+00
6.075599208596199605e+04 9.964958896910341979e-01
6.075599234602259094e+04 1.018451176645576606e+00
6.075599260608319310e+04 1.004861546157873153e+00
6.075599286614378798e+04 9.852397101702743409e-01
6.075599312620438286e+04 1.014015315990298927e+00
6.075599338626497774e+04 1.001952453445089208e+00
6.075599364632558718e+04 9.931669382119299172e-01
6.075599390638618206e+04 9.902273127255778462e-01
6.075599416644677694e+04 1.002690307763296040e+00
6.075599442650737910e+04 1.009385063580454878e+00
6.075599468656797399e+04 9.903777251342912313e-01
6.075599494662857614e+04 1.011244506742273730e+00
6.075599520668917103e+04 1.008264487679164878e+00
6.075599546674976591e+04 1.004030825202005595e+00
6.075599572681036079e+04 9.946906014288405817e-01
6.075599598687096295e+04 9.784132911297040991e-01
6.075599624693155783e+04 9.876851580348922077e-01
6.075599650699215999e+04 1.000202049374434798e+00
6.075599676705275488e+04 1.003606391399009201e+00
6.075599702711334976e+04 9.963330592556690624e-01
6.075599728717395192e+04 9.835938137075207477e-01
6.075599754723455408e+04 9.966220705136055180e-01
6.075599780729514896e+04 1.004502152897983835e+00
6.075599806735574384e+04 9.929457543397092190e-01
6.075599832741634600e+04 1.008269381348998017e+00
6.075599858747694088e+04 9.971943060250566537e-01
6.075599884753753577e+04 1.003838865715444228e+00
6.075599910759813065e+04 9.956932478175442025e-01
6.075599936765874008e+04 9.805979283031475147e-01
6.075600091310295102e+04 9.954410586379419668e-01
6.075600117316365504e+04 1.002458065625723593e+00
6.075600143322435179e+04 1.005463602206404516e+00
6.075600169328505581e+04 9.892551916589494843e-01
6.075600195334576711e+04 1.006981960026994027e+00
6.075600221340647113e+04 1.004897772815892321e+00
6.075600247346717515e+04 9.945928008352479255e-01
6.075600273352787190e+04 1.010428757975857961e+00
6.075600299358858319e+04 9.968819799937097548e-01
6.075600325364928722e+04 1.001040982933383283e+00
6.075600351370998396e+04 9.953913332392879676e-01
6.075600377377069526e+04 1.001263727256135772e+00
6.075600403383139928e+04 1.000241654970657645e+00
6.075600429389210331e+04 9.962054410578830010e-01
6.075600455395280733e+04 1.008240302218006423e+00
6.075600481401350407e+04 1.002675456997756953e+00
6.075600507407421537e+04 9.967390149337613803e-01
6.075600533413491939e+04 1.004603913583633323e+00
6.075600559419562342e+04 1.011159189736116737e+00
6.075600585425632744e+04 1.003060892192077169e+00
6.075600611431703146e+04 9.978146856871406012e-01
6.075600637437773548e+04 1.012208609380132351e+00
6.075600663443843951e+04 9.988758809019285811e-01
6.075600689449914353e+04 1.000296620674668624e+00
6.075600715455985483e+04 9.954445015809872954e-01
6.075600741462055157e+04 1.001829325978669250e+00
6.075600767468125559e+04 9.863846932232035458e-01
6.075600793474195962e+04 1.006530387192318354e+00
6.075600819480266364e+04 9.852991594598270453e-01
6.075600845486336766e+04 1.004049503367697271e+00
6.075600871492407168e+04 9.933381426905539824e-01
6.075600897498478298e+04 1.008487902094422406e+00
6.075600923504548700e+04 9.975485729366979637e-01
6.075600949510618375e+04 9.977308452404450856e-01
6.075600975516688777e+04 9.977399309046521836e-01
6.075601001522759907e+04 1.009525845446681780e+00
6.075601027528830309e+04 9.985891240156214987e-01
6.075601053534900711e+04 9.801150058013522459e-01
6.075601079540970386e+04 9.930966368754732265e-01
6.075601105547041516e+04 1.001143056181891033e+00
6.075601131553111918e+04 9.996883849330256977e-01
6.075601157559181593e+04 9.973184880315774103e-01
6.075601183565252722e+04 1.005225626317130860e+00
6.075601209571323125e+04 9.928735919560290890e-01
6.075601235577393527e+04 9.804758236696431428e-01
6.075601261583463929e+04 9.877775241891610936e-01
6.075601287589534331e+04 9.991384784097911975e-01
6.075601313595604734e+04 9.984191171448844049e-01
6.075601339601675136e+04 9.875356349000005141e-01
6.075601365607746266e+04 9.913822377737908642e-01
6.075601391613816668e+04 1.012449614307702861e+00
6.075601417619886342e+04 9.932734361835290349e-01
6.075601443625956745e+04 9.963048247947506875e-01
6.075601469632027874e+04 1.001116904709463462e+00
6.075601495638097549e+04 1.000538716772466197e+00
6.075601521644168679e+04 1.001057001447423156e+00
6.075601547650239081e+04 9.973880739725723421e-01
6.075601573656309483e+04 9.968919408482138644e-01
6.075601599662379886e+04 1.000282592222101030e+00
6.075601625668450288e+04 9.882450987783548690e-01
6.075601651674520690e+04 9.948027934808618689e-01
6.075601677680591092e+04 1.010041745752432885e+00
6.075601703686661494e+04 1.000312812275132135e+00
6.075601729692732624e+04 9.961154772140899949e-01
6.075601755698802299e+04 9.978347600439799736e-01
6.075601781704872701e+04 9.853948054770004239e-01
6.075601807710943831e+04 1.003234253624182282e+00
6.075601833717014233e+04 1.009159837404322468e+00
6.075601859723084635e+04 1.000641998602996852e+00
6.075601885729155038e+04 1.018867502751586107e+00
6.075601911735225440e+04 9.993385564590427927e-01
6.075601937741295842e+04 1.013447854835697326e+00
6.075601963747365517e+04 9.966550844539570075e-01
6.075601989753436646e+04 9.943850128355162798e-01
6.075602015759507049e+04 9.798263620402689611e-01
6.075602041765577451e+04 9.927801943337482005e-01
6.075602067771648581e+04 9.951026815104773160e-01
6.075602093777718255e+04 1.008221175672913583e+00
6.075602119783788658e+04 1.001613239067011385e+00
6.075602145789859787e+04 9.887053590036282147e-01
6.075602171795930190e+04 1.006361415673971305e+00
6.075602197802000592e+04 9.752152460324435834e-01
6.075602223808070994e+04 9.892323948999779404e-01
6.075602249814141396e+04 1.022981600679605307e+00
6.075602275820211798e+04 1.004958354640233420e+00
6.075602301826282201e+04 9.900140677297959435e-01
6.075602327832352603e+04 1.006333390087749358e+00
6.075602353838423005e+04 9.937177782633638268e-01
6.075602379844494135e+04 1.005718235791360549e+00
6.075602405850564537e+04 1.015938347694041566e+00
6.075602431856634212e+04 1.012500760351872975e+00
6.075602457862704614e+04 9.980213994861182325e-01
6.075602483868775744e+04 9.896766407588500902e-01
6.075602509874846146e+04 1.001725388505015468e+00
6.075602535880916548e+04 9.948573544677723479e-01
6.075602561886986950e+04 1.023600810276924511e+00
6.075602587893057353e+04 1.000211721049583558e+00
6.075602613899127755e+04 9.988843293495939246e-01
6.075602639905198885e+04 1.003130737482346824e+00
6.075602665911269287e+04 9.988797302476221107e-01
6.075602691917338962e+04 9.983558930065112857e-01
6.075602717923410091e+04 1.010510502399666111e+00
6.075602743929480494e+04 9.998998416602612460e-01
6.075602769935550168e+04 1.008897151045333507e+00
6.075602795941621298e+04 1.003188885449587398e+00
6.075602821947691700e+04 1.010833524460184041e+00
6.075602847953762102e+04 9.969555216418513055e-01
6.075602873959833232e+04 1.003041261299631115e+00
6.075602899965902907e+04 9.857109207924595884e-01
6.075602925971973309e+04 1.001907403305639654e+00
6.075603093119423283e+04 1.009130088520892032e+00
6.075603119125482772e+04 1.014553625429270189e+00
6.075603145131542988e+04 9.978970476825665958e-01
6.075603171137602476e+04 1.001436456405323527e+00
6.075603197143662692e+04 9.913593095553751011e-01
6.075603223149722908e+04 9.916594239549412215e-01
6.075603249155782396e+04 1.012646978678687137e+00
6.075603275161842612e+04 1.002547226520148271e+00
6.075603301167902100e+04 1.000781618649770444e+00
6.075603327173962316e+04 1.011290919448966319e+00
6.075603353180022532e+04 9.933416714749173648e-01
6.075603379186082020e+04 1.001893583839813306e+00
6.075603405192141508e+04 9.962002456124743333e-01
6.075603431198201724e+04 9.960606916974110714e-01
6.075603457204261213e+04 1.000586777435088948e+00
6.075603483210320701e+04 1.021849190088617743e+00
6.075603509216381644e+04 1.008965028749787329e+00
6.075603535222441133e+04 9.929780509514922748e-01
6.075603561228501349e+04 1.003249273488013182e+00
6.075603587234560837e+04 9.921818395828639892e-01
6.075603613240621053e+04 1.009587978718249124e+00
6.075603639246681269e+04 1.002172348605045338e+00
6.075603665252740757e+04 1.009376109514900755e+00
6.075603691258800245e+04 1.009571143812187488e+00
6.075603717264860461e+04 1.004139898844089718e+00
6.075603743270919949e+04 1.007831523225266812e+00
6.075603769276979438e+04 9.954452710105533564e-01
6.075603795283040381e+04 1.000327972997040016e+00
6.075603821289099869e+04 9.842273096702203183e-01
6.075603847295160085e+04 1.002706024894313375e+00
6.075603873301219573e+04 1.005994071664795042e+00
6.075603899307279789e+04 1.005025031797037949e+00
6.075603925313340005e+04 9.993394833682980316e-01
6.075603951319399494e+04 1.002207851332422184e+00
6.075603977325458982e+04 1.016520187518031193e+00
6.075604003331519198e+04 1.002097734583194066e+00
6.075604029337578686e+04 1.010609928295700621e+00
6.075604055343638902e+04 9.892664012251096706e-01
6.075604081349698390e+04 1.004787319889701047e+00
6.075604107355758606e+04 9.968017597265860230e-01
6.075604133361818822e+04 1.025314927741175275e+00
6.075604159367878310e+04 9.835652998384221135e-01
6.075604185373938526e+04 1.004750042820663269e+00
6.075604211379998742e+04 1.009562945604208561e+00
6.075604237386058230e+04 1.010063345326878581e+00
6.075604263392118446e+04 9.909468551937713476e-01
6.075604289398177934e+04 1.001900871133194260e+00
6.075604315404237423e+04 9.872770932617573880e-01
6.075604341410297639e+04 9.975768378913674184e-01
6.075604367416357127e+04 1.009430227242453126e+00
6.075604393422418070e+04 1.013437089859232199e+00
6.075604419428477559e+04 1.015076819732459112e+00
6.075604445434537047e+04 9.873710813335625502e-01
6.075604471440597990e+04 9.878575458559307743e-01
6.075604497446657479e+04 9.983699818291745798e-01
6.075604523452717694e+04 9.893879011504532750e-01
6.075604549458777183e+04 1.008890032544543347e+00
6.075604575464836671e+04 1.006959159877605092e+00
6.075604601470896887e+04 9.833564499936540138e-01
6.075604627476956375e+04 9.966293399801063879e-01
6.075604653483016591e+04 9.869097653377224555e-01
6.075604679489076807e+04 1.009756589950222549e+00
6.075604705495136295e+04 1.018572620797978834e+00
6.075604731501196511e+04 9.901048960573597402e-01
6.075604757507256727e+04 1.012053879641920950e+00
6.075604783513316943e+04 9.986727229252738702e-01
6.075604809519376431e+04 9.843000333869503793e-01
6.075604835525435919e+04 1.009593104484140857e+00
6.075604861531496135e+04 1.003712093867156208e+00
6.075604887537555624e+04 9.914208695496199431e-01
6.075604913543615839e+04 9.968121176367400471e-01
6.075604939549675328e+04 1.012779110610390942e+00
6.075604965555735544e+04 1.017001763229347544e+00
6.075604991561795759e+04 1.004151921525468172e+00
6.075605017567855248e+04 9.953680794770795037e-01
6.075605043573915464e+04 9.892160760760613236e-01
6.075605069579975680e+04 1.005016789515706943e+00
6.075605095586035168e+04 1.003143809530754549e+00
6.075605121592095384e+04 1.009863869197254349e+00
6.075605147598154872e+04 1.006508862288995720e+00
6.075605173604215088e+04 1.005856384553261318e+00
6.075605199610274576e+04 9.918874866927006595e-01
6.075605225616334792e+04 9.925032846795188712e-01
6.075605251622395008e+04 1.003784059255354633e+00
6.075605277628454496e+04 1.007721309505080765e+00
6.075605303634514712e+04 9.921983471595920978e-01
6.075605329640574200e+04 1.005204041114618585e+00
6.075605355646635144e+04 9.939312373940069056e-01
6.075605381652694632e+04 9.907881624205240323e-01
6.075605407658754848e+04 1.014012420150905980e+00
6.075605433664814336e+04 1.010996685155776342e+00
6.075605459670873825e+04 1.014420131226390076e+00
6.075605485676934040e+04 1.009844308202815899e+00
6.075605511682993529e+04 9.968002707157451736e-01
6.075605537689054472e+04 1.014602224129963259e+00
6.075605563695113960e+04 1.008531389820463087e+00
6.075605589701174176e+04 9.943443667733776747e-01
6.075605615707233665e+04 1.006288054047798308e+00
6.075605641713293880e+04 9.831489891429487926e-01
6.075605667719354096e+04 1.006029241851971845e+00
6.075605693725413585e+04 9.964496899700007182e-01
6.075605719731473800e+04 9.910006213904557493e-01
6.075605745737533289e+04 1.015131601158637764e+00
6.075605771743593505e+04 1.001668162507716398e+00
6.075605797749652993e+04 1.001098089988754269e+00
6.075605823755713209e+04 9.976561284803194818e-01
6.075605849761773425e+04 1.013130710191938455e+00
6.075605875767832913e+04 1.014588190673297419e+00
6.075605901773893129e+04 9.963874295628044608e-01
6.075605927779953345e+04 1.013542743667267709e+00
6.075606082322710427e+04 1.000953742650815270e+00
6.075606108328780829e+04 9.942252305624617037e-01
6.075606134334851231e+04 9.903657287445725155e-01
6.075606160340922361e+04 9.802291553627581200e-01
6.075606186346992035e+04 1.003181579182271133e+00
6.075606212353063165e+04 9.831291592509961985e-01
6.075606238359133567e+04 9.985485772157952633e-01
6.075606264365204697e+04 9.982012446262850114e-01
6.075606290371275099e+04 9.908538934027401046e-01
6.075606316377345502e+04 1.006499726960462304e+00
6.075606342383415904e+04 9.996498671560531957e-01
6.075606368389486306e+04 9.949730754791374920e-01
6.075606394395557436e+04 1.005559816661564021e+00
6.075606420401627838e+04 9.985879868549932814e-01
6.075606446407698240e+04 9.943328348477684653e-01
6.075606472413768643e+04 9.970828424867489437e-01
6.075606498419839772e+04 1.009724827677394243e+00
6.075606524425910175e+04 9.982818055275047842e-01
6.075606550431981304e+04 9.948420396385424525e-01
6.075606576438050979e+04 9.841698899733311023e-01
6.075606602444122109e+04 9.844826179145955702e-01
6.075606628450192511e+04 1.000942066092082694e+00
6.075606654456262913e+04 1.003311146197382042e+00
6.075606680462333316e+04 1.008524879707748401e+00
6.075606706468404445e+04 9.945997424639371198e-01
6.075606732474474848e+04 1.012260886550809813e+00
6.075606758480545250e+04 1.001965340406443250e+00
6.075606784486615652e+04 1.006281503247802300e+00
6.075606810492686054e+04 9.978289662210987343e-01
6.075606836498757184e+04 9.894813853814532489e-01
6.075606862504827586e+04 9.896664431818241736e-01
6.075606888510898716e+04 1.002470768815765911e+00
6.075606914516968391e+04 9.979313776197742403e-01
6.075606940523039520e+04 1.009297564490425181e+00
6.075606966529109923e+04 9.986225994636956926e-01
6.075606992535180325e+04 9.967970329181619071e-01
6.075607018541250727e+04 9.954819072205995933e-01
6.075607044547321857e+04 9.921996723990662570e-01
6.075607070553392259e+04 1.004174236145999322e+00
6.075607096559463389e+04 9.940578290734831679e-01
6.075607122565533064e+04 1.007426871783519307e+00
6.075607148571604193e+04 1.003283358671067882e+00
6.075607174577674596e+04 9.861016862554569107e-01
6.075607200583745725e+04 9.888981074934536375e-01
6.075607226589816128e+04 9.997584737599979343e-01
6.075607252595886530e+04 1.004756075451506359e+00
6.075607278601956932e+04 9.860847963551752082e-01
6.075607304608028062e+04 9.887951490931107257e-01
6.075607330614097737e+04 1.002165432043061966e+00
6.075607356620169594e+04 1.004990324366172860e+00
6.075607382626239269e+04 9.987177250392026417e-01
6.075607408632310398e+04 9.971104994520496589e-01
6.075607434638380801e+04 9.873946169340702683e-01
6.075607460644451203e+04 9.893990242416036418e-01
6.075607486650521605e+04 1.008475851633274356e+00
6.075607512656592735e+04 1.001521375695738403e+00
6.075607538662663137e+04 9.997391506982969966e-01
6.075607564668734267e+04 1.007745576296421586e+00
6.075607590674803942e+04 9.934914497736858641e-01
6.075607616680875071e+04 1.008448558446913390e+00
6.075607642686945474e+04 9.989065987889299558e-01
6.075607668693016603e+04 1.009117861137880379e+00
6.075607694699087006e+04 9.998015353317447618e-01
6.075607720705157408e+04 9.929390182251738306e-01
6.075607746711227810e+04 9.897811277775508954e-01
6.075607772717298940e+04 1.016564928687632818e+00
6.075607798723368614e+04 9.839763971292697642e-01
6.075607824729439744e+04 9.789896186245788945e-01
6.075607850735510146e+04 9.909265469119054037e-01
6.075607876741581276e+04 9.964203665030829660e-01
6.075607902747651679e+04 9.936885581755338093e-01
6.075607928753722081e+04 1.007702896318289687e+00
6.075607954759792483e+04 1.006686220412356780e+00
6.075607980765863613e+04 9.867720306056699808e-01
6.075608006771934015e+04 1.000300808491548565e+00
6.075608032778005145e+04 1.012172286554431810e+00
6.075608058784074819e+04 9.900998593311081120e-01
6.075608084790145949e+04 1.005615635156087428e+00
6.075608110796216351e+04 9.931986978002678157e-01
6.075608136802286754e+04 9.939165669297882477e-01
6.075608162808357156e+04 9.797379698283853466e-01
6.075608188814428286e+04 9.783118361010860742e-01
6.075608214820498688e+04 1.002452675601649412e+00
6.075608240826569818e+04 9.707872437027700308e-01
6.075608266832639492e+04 1.002299704674046943e+00
6.075608292838710622e+04 1.007125493800112404e+00
6.075608318844781024e+04 9.886316776264509887e-01
6.075608344850852154e+04 1.007686131400945539e+00
6.075608370856922556e+04 1.004440253611471601e+00
6.075608396862992959e+04 9.919353478514644218e-01
6.075608422869064088e+04 1.005680148349792802e+00
6.075608448875134491e+04 1.004278572937603364e+00
6.075608474881204893e+04 9.969430143435282776e-01
6.075608500887276023e+04 9.951764893497144771e-01
6.075608526893346425e+04 9.940999549278954905e-01
6.075608552899416827e+04 9.945656954421436824e-01
6.075608578905487957e+04 9.926304081073048513e-01
6.075608604911557632e+04 9.921652799123624744e-01
6.075608630917628761e+04 9.873752853239535776e-01
6.075608656923699164e+04 9.937595418670709391e-01
6.075608682929770293e+04 9.957983926670652686e-01
6.075608708935840696e+04 1.007278486831897357e+00
6.075608734941911098e+04 9.961528388197868900e-01
6.075608760947981500e+04 1.003927283732739983e+00
6.075608786954052630e+04 9.987094064306210051e-01
6.075608812960123760e+04 1.009821659281857187e+00
6.075608838966194162e+04 9.869339117007100981e-01
6.075608864972264564e+04 9.933172752888707047e-01
6.075608890978334966e+04 9.974269605373146108e-01
6.075608916984406096e+04 1.009264090210440612e+00
6.075609076569380704e+04 9.926062736151711752e-01
6.075609102575441648e+04 9.918829185606403698e-01
6.075609128581501136e+04 9.778710472871294801e-01
6.075609154587561352e+04 9.974884510914342473e-01
6.075609180593621568e+04 1.000636760566130823e+00
6.075609206599681784e+04 9.915771744237378282e-01
6.075609232605741272e+04 9.897645654526326942e-01
6.075609258611801488e+04 9.918673977187939528e-01
6.075609284617860976e+04 9.884592670123960589e-01
6.075609310623921192e+04 1.006731991105221269e+00
6.075609336629981408e+04 1.007464929719876778e+00
6.075609362636040896e+04 9.893725983766742393e-01
6.075609388642101840e+04 9.899531458221558777e-01
6.075609414648161328e+04 9.811930710047563897e-01
6.075609440654221544e+04 1.006752029349248234e+00
6.075609466660281760e+04 9.907506292800826175e-01
6.075609492666341976e+04 9.939715845577128395e-01
6.075609518672402191e+04 9.978829725531186412e-01
6.075609544678461680e+04 9.940832219381937618e-01
6.075609570684521896e+04 1.012431709863616192e+00
6.075609596690581384e+04 1.008345026459442240e+00
6.075609622696641600e+04 1.018208987172094959e+00
6.075609648702701088e+04 1.006633845494789625e+00
6.075609674708762032e+04 1.003057937513719855e+00
6.075609700714822247e+04 9.958780040719951154e-01
6.075609726720881736e+04 1.012016774604587610e+00
6.075609752726942679e+04 9.947242032972533066e-01
6.075609778733002167e+04 1.018659444253052104e+00
6.075609804739062383e+04 9.957818418459096765e-01
6.075609830745121872e+04 9.980145005775020728e-01
6.075609856751182087e+04 1.000884176971530204e+00
6.075609882757242303e+04 1.000785795145867185e+00
6.075609908763301792e+04 1.004174140880385036e+00
6.075609934769362008e+04 1.005770105345084486e+00
6.075609960775422223e+04 9.750757108369756399e-01
6.075609986781482439e+04 1.000832770648938164e+00
6.075610012787541928e+04 9.942513515155106951e-01
6.075610038793602143e+04 1.017567290124440360e+00
6.075610064799663087e+04 9.960323395476436970e-01
6.075610090805722575e+04 9.918588432631899598e-01
6.075610116811782791e+04 9.963404246392983943e-01
6.075610142817842279e+04 1.004342082275736514e+00
6.075610168823902495e+04 9.979189121285643171e-01
6.075610194829962711e+04 9.850954311374563455e-01
6.075610220836022199e+04 1.012845141378329483e+00
6.075610246842083143e+04 9.876164963680243991e-01
6.075610272848142631e+04 1.013351095912150779e+00
6.075610298854202847e+04 9.861881439628595869e-01
6.075610324860263063e+04 1.014471632715266969e+00
6.075610350866323279e+04 1.011839338923536058e+00
6.075610376872383495e+04 1.019011528888169371e+00
6.075610402878442983e+04 9.988440075246871608e-01
6.075610428884503199e+04 1.014650514825946592e+00
6.075610454890563415e+04 9.998395006318888667e-01
6.075610480896622903e+04 9.960140313377776611e-01
6.075610506902683119e+04 9.908913443959721512e-01
6.075610532908743335e+04 1.011268358765188502e+00
6.075610558914803551e+04 9.856627977281458008e-01
6.075610584920863766e+04 1.003633146696481626e+00
6.075610610926923255e+04 9.887363721317210530e-01
6.075610636932984198e+04 1.015661442489279809e+00
6.075610662939043686e+04 1.005039837237581724e+00
6.075610688945103902e+04 9.950840037343924305e-01
6.075610714951164118e+04 1.000804760655126913e+00
6.075610740957223607e+04 1.004656161369393841e+00
6.075610766963283822e+04 1.007535117914400535e+00
6.075610792969343311e+04 9.953681246427132923e-01
6.075610818975403527e+04 1.003825652502163379e+00
6.075610844981464470e+04 9.933167383863196198e-01
6.075610870987523958e+04 1.022718879649671786e+00
6.075610896993584174e+04 9.955085702578880813e-01
6.075610922999644390e+04 9.890718845262066461e-01
6.075610949005704606e+04 1.003098109904891677e+00
6.075610975011764822e+04 9.881000542248290497e-01
6.075611001017824310e+04 9.940059443949650353e-01
6.075611027023884526e+04 1.010419487726150756e+00
6.075611053029944742e+04 1.008961066104891779e+00
6.075611079036004230e+04 1.005304573820068104e+00
6.075611105042064446e+04 9.854719787222807614e-01
6.075611131048124662e+04 1.013456941274951006e+00
6.075611157054184878e+04 1.016001358156947143e+00
6.075611183060245094e+04 9.995525748068375682e-01
6.075611209066305310e+04 9.951260271736515062e-01
6.075611235072365525e+04 1.010008033866748089e+00
6.075611261078425741e+04 9.948053617239980273e-01
6.075611287084485230e+04 9.987877752443867774e-01
6.075611313090545445e+04 1.012491691885342604e+00
6.075611339096604934e+04 1.003448552191531951e+00
6.075611365102665150e+04 9.989892715462305173e-01
6.075611391108725365e+04 9.958952256810181813e-01
6.075611417114785581e+04 1.003513309972613010e+00
6.075611443120845797e+04 1.007277691782777262e+00
6.075611469126906013e+04 1.001417394700984564e+00
6.075611495132966229e+04 9.979158302212610687e-01
6.075611521139026445e+04 1.007069175409950335e+00
6.075611547145085933e+04 1.001219721411195085e+00
6.075611573151146149e+04 1.011818332700558987e+00
6.075611599157206365e+04 1.002068402126603752e+00
6.075611625163265853e+04 1.005827614748443954e+00
6.075611651169326069e+04 9.910305336385804020e-01
6.075611677175386285e+04 1.004512037059205110e+00
6.075611703181446501e+04 1.004187497824051256e+00
6.075611729187506717e+04 9.955026968548473798e-01
6.075611755193566933e+04 9.856237019739680916e-01
6.075611781199626421e+04 9.932703807073902658e-01
6.075611807205687364e+04 1.006964993113671936e+00
6.075611833211747580e+04 9.997142744210589793e-01
6.075611859217807068e+04 1.008132123594916996e+00
6.075611885223867284e+04 9.947262308427862187e-01
6.075611911229926773e+04 9.940833176157255480e-01
6.075612077117233275e+04 9.819344069924985652e-01
6.075612103123303677e+04 1.017738337267537041e+00
6.075612129129374080e+04 1.009104825650690929e+00
6.075612155135445209e+04 1.009419596600060753e+00
6.075612181141516339e+04 9.986171863407470317e-01
6.075612207147586741e+04 9.860064048679872961e-01
6.075612233153657144e+04 1.008692147874505896e+00
6.075612259159728274e+04 9.980998046985857242e-01
6.075612285165798676e+04 1.001303403859341801e+00
6.075612311171869806e+04 1.007641539994161617e+00
6.075612337177940935e+04 9.934588759250816414e-01
6.075612363184010610e+04 9.870814456722591945e-01
6.075612389190081740e+04 9.906813770829775434e-01
6.075612415196152870e+04 1.008304237068541553e+00
6.075612441202222544e+04 1.008576422580048426e+00
6.075612467208293674e+04 1.006308920256157258e+00
6.075612493214364804e+04 1.010653556191478675e+00
6.075612519220435206e+04 9.990710978141708054e-01
6.075612545226506336e+04 1.002110896650387994e+00
6.075612571232576738e+04 1.008953102266713531e+00
6.075612597238647140e+04 9.921077132419849898e-01
6.075612623244718270e+04 1.017378949275861144e+00
6.075612649250789400e+04 9.946679920283554299e-01
6.075612675256859802e+04 1.023288419614558409e+00
6.075612701262930204e+04 9.983572716660829016e-01
6.075612727269001334e+04 9.900880612981814988e-01
6.075612753275071736e+04 1.007291914883380102e+00
6.075612779281142139e+04 9.972505633915563772e-01
6.075612805287213268e+04 1.003578732074467572e+00
6.075612831293283671e+04 9.942215483327029313e-01
6.075612857299354800e+04 1.010698094772660927e+00
6.075612883305425930e+04 1.013560377471703244e+00
6.075612909311495605e+04 1.005909773222020132e+00
6.075612935317566735e+04 9.950167107667300392e-01
6.075612961323637865e+04 1.001708356528730803e+00
6.075612987329708267e+04 9.925596555516780217e-01
6.075613013335779397e+04 1.019258132934117489e+00
6.075613039341849799e+04 1.003903974038657942e+00
6.075613065347920201e+04 1.014079184697388447e+00
6.075613091353991331e+04 1.010318332186068924e+00
6.075613117360061733e+04 1.008444693473934173e+00
6.075613143366133590e+04 1.004453463218638154e+00
6.075613169372203265e+04 1.003713265701154267e+00
6.075613195378274395e+04 9.937337727899187012e-01
6.075613221384345525e+04 9.897107524503515608e-01
6.075613247390415199e+04 1.002685709625129817e+00
6.075613273396486329e+04 9.901677387960665655e-01
6.075613299402557459e+04 1.015667526464602677e+00
6.075613325408627861e+04 1.013419429011320982e+00
6.075613351414698991e+04 9.865209976125260960e-01
6.075613377420769393e+04 1.002457268908118149e+00
6.075613403426840523e+04 9.992444726624369888e-01
6.075613429432910925e+04 9.900164623047691403e-01
6.075613455438982055e+04 9.900943838036371236e-01
6.075613481445053185e+04 9.983874433034705120e-01
6.075613507451122859e+04 1.001954447091241374e+00
6.075613533457193989e+04 9.964516493337547409e-01
6.075613559463265119e+04 9.996377272452662277e-01
6.075613585469334794e+04 9.999266613746743415e-01
6.075613611475405924e+04 9.933812182571181149e-01
6.075613637481477053e+04 1.003901648955694892e+00
6.075613663487548183e+04 9.955875035951068375e-01
6.075613689493618585e+04 1.001615108178647073e+00
6.075613715499688988e+04 9.846602882244250843e-01
6.075613741505760117e+04 9.880488139053287266e-01
6.075613767511830520e+04 1.004283746436640756e+00
6.075613793517901649e+04 9.851192915368965908e-01
6.075613819523972779e+04 1.005264487729384815e+00
6.075613845530043181e+04 1.004414144592394642e+00
6.075613871536113584e+04 1.006285783662568711e+00
6.075613897542184714e+04 9.908725474844252146e-01
6.075613923548255116e+04 9.985924811050747030e-01
6.075613949554325518e+04 1.005189924937310408e+00
6.075613975560396648e+04 1.011748104588046093e+00
6.075614001566467778e+04 9.993369810438936796e-01
6.075614027572538907e+04 1.000915427881318154e+00
6.075614053578608582e+04 9.944865909565694384e-01
6.075614079584679712e+04 9.934746923934172358e-01
6.075614105590750842e+04 1.000904444156677009e+00
6.075614131596821244e+04 1.005913960413536090e+00
6.075614157602892374e+04 9.998906583240256829e-01
6.075614183608962776e+04 1.004021904009634536e+00
6.075614209615033906e+04 9.910845800373412340e-01
6.075614235621104308e+04 1.000100265318478954e+00
6.075614261627174710e+04 1.002793745871249032e+00
6.075614287633246568e+04 1.006428511454565022e+00
6.075614313639316970e+04 9.943582955964117565e-01
6.075614339645387372e+04 1.019211179370099307e+00
6.075614365651458502e+04 1.005320023024574683e+00
6.075614391657528904e+04 9.924055801316565839e-01
6.075614417663600034e+04 9.863371147742656664e-01
6.075614443669670436e+04 1.001195566579881957e+00
6.075614469675741566e+04 9.904689480374226918e-01
6.075614495681812696e+04 1.005423086119507259e+00
6.075614521687882370e+04 9.841004780225044435e-01
6.075614547693953500e+04 9.966593630918130220e-01
6.075614573700024630e+04 1.007763816021692183e+00
6.075614599706095760e+04 1.006228610579632976e+00
6.075614625712166162e+04 9.930216901590431799e-01
6.075614651718236564e+04 9.990890743196038093e-01
6.075614677724307694e+04 1.012124343652298197e+00
6.075614703730378824e+04 9.998684101573830363e-01
6.075614729736448498e+04 9.984651244613422794e-01
6.075614755742519628e+04 9.979011954640577553e-01
6.075614781748590758e+04 1.009245322873065787e+00
6.075614807754661888e+04 1.004048636229112557e+00
6.075614833760732290e+04 1.010105559199274250e+00
6.075614859766802692e+04 9.982016301992012730e-01
6.075614885772873822e+04 9.913329749124116796e-01
6.075614911778944952e+04 1.004261010939729193e+00
