6.075547523418369383e+04 9.874968231647259786e-01
6.075547549424438330e+04 9.842044112772710962e-01
6.075547575430508005e+04 9.920959106887788925e-01
6.075547601436576224e+04 9.806752596976018310e-01
6.075547627442645899e+04 9.868032281231851055e-01
6.075547653448714846e+04 9.699040164628942584e-01
6.075547679454784520e+04 1.009630917159361818e+00
6.075547705460853467e+04 9.848793354513168952e-01
6.075547731466922414e+04 9.907125372946440356e-01
6.075547757472991361e+04 9.847250733050262328e-01
6.075547783479061036e+04 9.857028559643592480e-01
6.075547809485129255e+04 9.927008235383290025e-01
6.075547835491198930e+04 9.850292863297036572e-01
6.075547861497267877e+04 9.827395192508090460e-01
6.075547887503337552e+04 9.906872484861380945e-01
6.075547913509406499e+04 9.937718162425610569e-01
6.075547939515475446e+04 9.903720330219963897e-01
6.075547965521544393e+04 1.001753521615627474e+00
6.075547991527614067e+04 9.913790776361288692e-01
6.075548017533683014e+04 9.833111544882913169e-01
6.075548043539752689e+04 9.849550244008472566e-01
6.075548069545820908e+04 9.847191521910457768e-01
6.075548095551890583e+04 9.886122241166911406e-01
6.075548121557959530e+04 9.902747344855398204e-01
6.075548147564028477e+04 9.946741408569380605e-01
6.075548173570098152e+04 9.863791246718015548e-01
6.075548199576167099e+04 9.835569963165204932e-01
6.075548225582236773e+04 9.879131103145982751e-01
6.075548251588305720e+04 9.879758779012920433e-01
6.075548277594374667e+04 9.909836748866704959e-01
6.075548303600443614e+04 9.906567617200586762e-01
6.075548329606513289e+04 9.923259210544975728e-01
6.075548355612582236e+04 9.833967078944341189e-01
6.075548381618651911e+04 9.919947762521841295e-01
6.075548407624720130e+04 9.915768334931875927e-01
6.075548433630789805e+04 9.911134353246601192e-01
6.075548459636858752e+04 9.852114492236434540e-01
6.075548485642928426e+04 9.916287202145500634e-01
6.075548511648997373e+04 9.935481929898473119e-01
6.075548537655066320e+04 9.894190424001060302e-01
6.075548563661135267e+04 9.910437506524528706e-01
6.075548589667204942e+04 9.917123446565457856e-01
6.075548615673273162e+04 9.977421496441939430e-01
6.075548641679342836e+04 9.969681688465322766e-01
6.075548667685411783e+04 9.977856276975348715e-01
6.075548693691481458e+04 9.908341164186580396e-01
6.075548719697551132e+04 9.938368155676811089e-01
6.075548745703619352e+04 1.006121628160369541e+00
6.075548771709689026e+04 9.954046495075783429e-01
6.075548797715757973e+04 9.915745930228032634e-01
6.075548823721827648e+04 9.916265358893165960e-01
6.075548849727896595e+04 9.862145588628300485e-01
6.075548875733965542e+04 9.967944603048805030e-01
6.075548901740034489e+04 9.923046115633123998e-01
6.075548927746104164e+04 9.987433422255533877e-01
6.075548953752172383e+04 9.990724118380264196e-01
6.075548979758242058e+04 9.918037369872080289e-01
6.075549005764311732e+04 9.947328763898799497e-01
6.075549031770380680e+04 9.894525804430313043e-01
6.075549057776450354e+04 9.936233169409290911e-01
6.075549083782518574e+04 9.881779147241607220e-01
6.075549109788588248e+04 9.936631330839992282e-01
6.075549135794657195e+04 9.937337567085060552e-01
6.075549161800726870e+04 9.962079656293201246e-01
6.075549187806795817e+04 9.881428281846414974e-01
6.075549213812864764e+04 1.004408620703627353e+00
6.075549239818933711e+04 1.003762242784992598e+00
6.075549265825003386e+04 9.880130489272954675e-01
6.075549291831072333e+04 1.001195275141336438e+00
6.075549317837142007e+04 1.001857084237444573e+00
6.075549343843210954e+04 9.886097750761431158e-01
6.075549369849279901e+04 9.872778609898870128e-01
6.075549395855349576e+04 9.962063303240931145e-01
6.075549421861417795e+04 1.003270286705465919e+00
6.075549447867487470e+04 9.921557230265900529e-01
6.075549473873556417e+04 9.928166494639341089e-01
6.075549499879626092e+04 9.992746369748042312e-01
6.075549525885695766e+04 1.002788330994418997e+00
6.075549551891763986e+04 9.893883106946970152e-01
6.075549577897833660e+04 1.002703169750614132e+00
6.075549603903902607e+04 9.966052667786600150e-01
6.075549629909972282e+04 9.958783083760582855e-01
6.075549655916041229e+04 9.994432328214056804e-01
6.075549681922110176e+04 1.001306782464346679e+00
6.075549707928179851e+04 9.941517585314746386e-01
6.075549733934248798e+04 1.002637499632316631e+00
6.075549759940317745e+04 1.000300648899811184e+00
6.075549785946386692e+04 9.928656369940007664e-01
6.075549811952456366e+04 1.003161291327924642e+00
6.075549837958525313e+04 1.002053073602863442e+00
6.075549863964594988e+04 1.001249651368193661e+00
6.075549889970663935e+04 1.000170627386632205e+00
6.075549915976732882e+04 9.991329618920867794e-01
6.075549941982802557e+04 9.954478793775625167e-01
6.075549967988871504e+04 9.972783887412016712e-01
6.075549993994941178e+04 1.001192476090927652e+00
6.075550020001009398e+04 1.000054008303248532e+00
6.075550046007079072e+04 1.012699013398159931e+00
6.075550072013148747e+04 1.006109569145730687e+00
6.075550098019216966e+04 9.974482491101289705e-01
6.075550124025286641e+04 9.981605626539754583e-01
6.075550150031355588e+04 1.005668202845155568e+00
6.075550176037425263e+04 1.008645764601434180e+00
6.075550202043494210e+04 1.004218026191196822e+00
6.075550228049563157e+04 1.000303632794854014e+00
6.075550254055632831e+04 1.002195003217799307e+00
6.075550280061701778e+04 9.976312148881415487e-01
6.075550306067771453e+04 1.001410288462792009e+00
6.075550332073840400e+04 1.012259533503910180e+00
6.075550358079909347e+04 9.880224287475600775e-01
6.075550513883041276e+04 9.998047445056269522e-01
6.075550539889110951e+04 1.010131327734514528e+00
6.075550565895179898e+04 9.994547636549363512e-01
6.075550591901248845e+04 1.008602361842514172e+00
6.075550617907318519e+04 9.981319433635572613e-01
6.075550643913387466e+04 1.007179321145697637e+00
6.075550669919457141e+04 9.967778896049814819e-01
6.075550695925526088e+04 1.007089129357439994e+00
6.075550721931595035e+04 9.951882714420744458e-01
6.075550747937664710e+04 1.006369929449620004e+00
6.075550773943733657e+04 9.987603201316244128e-01
6.075550799949803331e+04 9.984011108563781711e-01
6.075550825955872278e+04 9.960217231264436588e-01
6.075550851961941225e+04 9.923856594320811242e-01
6.075550877968010900e+04 1.002113164145971735e+00
6.075550903974079847e+04 9.972687910682924706e-01
6.075550929980148794e+04 9.975433341993604763e-01
6.075550955986217741e+04 1.009240808717670079e+00
6.075550981992287416e+04 9.983900159443350741e-01
6.075551007998357090e+04 9.995861132811133531e-01
6.075551034004426037e+04 1.001311688520070575e+00
6.075551060010494984e+04 1.001435484561067790e+00
6.075551086016564659e+04 1.005457264084803182e+00
6.075551112022633606e+04 1.010543640194850434e+00
6.075551138028703281e+04 1.010461754796993628e+00
6.075551164034772228e+04 1.000606501754442101e+00
6.075551190040841175e+04 1.005693327220383626e+00
6.075551216046910849e+04 1.003524361324595215e+00
6.075551242052979796e+04 1.008942196872926633e+00
6.075551268059049471e+04 1.008750617393140647e+00
6.075551294065118418e+04 1.009468321640019761e+00
6.075551320071187365e+04 1.011942655082598730e+00
6.075551346077257040e+04 1.003905321785402149e+00
6.075551372083325987e+04 1.009206301353522628e+00
6.075551398089394934e+04 1.002670748145697566e+00
6.075551424095464608e+04 1.004457732211854637e+00
6.075551450101533555e+04 1.019161310974417090e+00
6.075551476107603230e+04 1.015444590451767271e+00
6.075551502113672177e+04 1.017419298025345142e+00
6.075551528119741124e+04 1.008580782209633320e+00
6.075551554125810799e+04 1.007821801919755789e+00
6.075551580131879746e+04 1.007680709799263052e+00
6.075551606137949420e+04 1.003649912657405219e+00
6.075551632144019095e+04 1.013626463074138284e+00
6.075551658150087314e+04 1.007810099644244506e+00
6.075551684156156989e+04 1.003863728156483059e+00
6.075551710162226664e+04 9.961584312948819075e-01
6.075551736168294883e+04 1.006320927033618418e+00
6.075551762174364558e+04 9.992145782453848435e-01
6.075551788180433505e+04 1.004530494536163943e+00
6.075551814186503179e+04 1.004369611873128232e+00
6.075551840192572854e+04 1.001386735891238722e+00
6.075551866198641073e+04 1.003618804581781765e+00
6.075551892204710748e+04 1.015149380159621195e+00
6.075551918210780423e+04 1.004905259799559802e+00
6.075551944216849370e+04 1.004045514097442027e+00
6.075551970222919044e+04 1.000962197809474041e+00
6.075551996228987991e+04 1.010455779669388043e+00
6.075552022235056938e+04 1.014875076761641015e+00
6.075552048241126613e+04 1.001561207470116122e+00
6.075552074247194832e+04 9.998379616931658553e-01
6.075552100253265235e+04 1.003243929308258231e+00
6.075552126259334182e+04 1.009499838216584067e+00
6.075552152265403129e+04 1.003018723031575687e+00
6.075552178271472803e+04 1.007461911908777319e+00
6.075552204277541750e+04 1.008640899941263047e+00
6.075552230283610697e+04 1.000876546187921878e+00
6.075552256289680372e+04 1.001322250608371656e+00
6.075552282295750047e+04 1.004013354232430100e+00
6.075552308301818994e+04 1.003296268364374688e+00
6.075552334307887941e+04 9.998236040817581882e-01
6.075552360313957615e+04 1.011059407990029246e+00
6.075552386320026562e+04 9.985000644280642712e-01
6.075552412326096237e+04 1.012639761811306549e+00
6.075552438332165912e+04 1.011705492103107451e+00
6.075552464338234131e+04 9.944996413650123435e-01
6.075552490344303806e+04 1.001094168084957214e+00
6.075552516350373480e+04 1.013811541181706355e+00
6.075552542356441700e+04 1.004557076723607612e+00
6.075552568362511374e+04 1.001063322476399620e+00
6.075552594368581049e+04 1.003835311971495114e+00
6.075552620374649996e+04 9.911360458897380266e-01
6.075552646380719671e+04 1.003980557094734216e+00
6.075552672386788618e+04 1.012039840211299335e+00
6.075552698392857565e+04 1.006605111189262658e+00
6.075552724398927239e+04 9.917018808474630243e-01
6.075552750404996914e+04 9.954673729378999969e-01
6.075552776411065861e+04 9.945766521025394269e-01
6.075552802417134808e+04 9.924592475445983553e-01
6.075552828423204483e+04 1.000096812039348526e+00
6.075552854429273430e+04 1.002920578623167858e+00
6.075552880435342377e+04 1.009377914088415373e+00
6.075552906441412051e+04 1.004302412387795718e+00
6.075552932447480998e+04 9.958240337901899109e-01
6.075552958453550673e+04 9.978020701609390253e-01
6.075552984459620347e+04 1.005282410692524220e+00
6.075553010465688567e+04 1.006846518256956813e+00
6.075553036471758242e+04 9.942310974362078557e-01
6.075553062477827916e+04 9.913662545915699065e-01
6.075553088483896863e+04 1.010313182798426856e+00
6.075553114489966538e+04 9.969096231730748547e-01
6.075553140496035485e+04 1.005492383550083968e+00
6.075553166502104432e+04 9.834504378612437536e-01
6.075553192508174106e+04 1.009179593587201884e+00
6.075553218514243054e+04 9.959291537036388808e-01
6.075553244520312728e+04 9.908486654357906431e-01
6.075553270526381675e+04 9.969707505183488250e-01
6.075553296532451350e+04 9.986553137653069179e-01
6.075553322538520297e+04 1.006659981155554107e+00
6.075553348544589244e+04 9.958171537559329378e-01
6.075553503087646095e+04 9.899510050119315618e-01
6.075553529093715770e+04 9.944815950223843126e-01
6.075553555099784717e+04 9.936127287391073315e-01
6.075553581105853664e+04 1.008149860908725159e+00
6.075553607111923338e+04 9.981091493337617138e-01
6.075553633117992285e+04 9.940923582185595686e-01
6.075553659124061960e+04 9.927825193889809885e-01
6.075553685130131635e+04 9.873046304639989668e-01
6.075553711136199854e+04 9.931397810119672043e-01
6.075553737142269529e+04 9.930966516492053531e-01
6.075553763148339203e+04 9.957162628471180055e-01
6.075553789154408878e+04 9.925124351671004153e-01
6.075553815160477825e+04 9.999021434234794947e-01
6.075553841166546772e+04 9.898602896164053755e-01
6.075553867172616447e+04 9.912556113439657812e-01
6.075553893178685394e+04 9.904047702919155372e-01
6.075553919184754341e+04 9.914284528618928505e-01
6.075553945190824015e+04 9.924232672635570074e-01
6.075553971196892962e+04 9.994605443747019979e-01
6.075553997202962637e+04 1.004227767289717743e+00
6.075554023209032312e+04 9.879923949954794171e-01
6.075554049215101259e+04 9.896303306740785732e-01
6.075554075221170206e+04 9.965775127684091128e-01
6.075554101227239880e+04 9.964363647710354766e-01
6.075554127233309555e+04 1.006815654709584562e+00
6.075554153239378502e+04 9.914249847287068818e-01
6.075554179245447449e+04 9.980426131073759644e-01
6.075554205251517124e+04 1.012464813826078780e+00
6.075554231257586798e+04 9.948445691074573327e-01
6.075554257263655018e+04 9.934452140995049252e-01
6.075554283269725420e+04 9.933034345087706773e-01
6.075554309275794367e+04 9.979353531852553916e-01
6.075554335281863314e+04 1.000152587289596884e+00
6.075554361287932988e+04 9.940280154893513798e-01
6.075554387294001936e+04 9.950670332605179302e-01
6.075554413300071610e+04 9.879423501173359989e-01
6.075554439306140557e+04 9.941388133427033758e-01
6.075554465312210232e+04 9.893039617679021402e-01
6.075554491318279906e+04 9.883534843682265647e-01
6.075554517324348853e+04 9.904585241582791744e-01
6.075554543330417800e+04 9.971969760375097858e-01
6.075554569336487475e+04 9.915210092010635634e-01
6.075554595342557150e+04 9.895193122181953349e-01
6.075554621348626097e+04 9.930609743465750316e-01
6.075554647354695044e+04 9.833511936667468367e-01
6.075554673360764718e+04 9.866050534898564983e-01
6.075554699366834393e+04 9.859662397251396371e-01
6.075554725372902612e+04 9.883833046216903284e-01
6.075554751378972287e+04 9.947862358759462786e-01
6.075554777385041962e+04 9.908676395440577656e-01
6.075554803391111636e+04 9.942694379334754418e-01
6.075554829397180583e+04 9.904966734950543250e-01
6.075554855403249530e+04 9.860436807735789566e-01
6.075554881409319205e+04 1.008722795709040554e+00
6.075554907415388152e+04 9.835021638067351635e-01
6.075554933421457827e+04 9.876417319044963339e-01
6.075554959427527501e+04 9.939404311410523496e-01
6.075554985433596448e+04 9.856548859249064654e-01
6.075555011439665395e+04 9.916783410177194558e-01
6.075555037445735070e+04 9.892568372844955382e-01
6.075555063451804017e+04 9.871408587775387655e-01
6.075555089457873692e+04 9.774805279300421423e-01
6.075555115463942639e+04 9.885166446839246390e-01
6.075555141470012313e+04 9.836382430748158434e-01
6.075555167476081988e+04 9.883520927054522121e-01
6.075555193482150935e+04 9.965605508842479976e-01
6.075555219488219882e+04 9.897753667271772526e-01
6.075555245494289557e+04 9.950111680576246842e-01
6.075555271500359231e+04 9.930438433778920881e-01
6.075555297506428906e+04 9.863506160663908506e-01
6.075555323512497125e+04 9.876119206293230146e-01
6.075555349518566800e+04 9.890598846347700146e-01
6.075555375524636474e+04 9.917702905984290274e-01
6.075555401530705421e+04 9.858233219851908480e-01
6.075555427536775096e+04 9.884931840045220186e-01
6.075555453542844043e+04 9.965326714147189069e-01
6.075555479548913718e+04 9.779034760190061792e-01
6.075555505554983392e+04 9.928848222531764245e-01
6.075555531561051612e+04 9.789309729711159758e-01
6.075555557567121286e+04 9.883504202974430219e-01
6.075555583573190961e+04 9.779266885056568936e-01
6.075555609579260636e+04 9.867514325323274438e-01
6.075555635585329583e+04 9.764461738867841190e-01
6.075555661591398530e+04 9.996669712870166480e-01
6.075555687597468204e+04 9.880031936715443219e-01
6.075555713603537879e+04 9.871309430363037762e-01
6.075555739609607554e+04 9.922540840949238827e-01
6.075555765615676501e+04 9.925366272196007866e-01
6.075555791621745448e+04 9.923710256257834983e-01
6.075555817627815122e+04 9.942845421173542864e-01
6.075555843633884797e+04 9.732385485111333390e-01
6.075555869639953016e+04 9.920042398566611963e-01
6.075555895646022691e+04 9.846115559963930508e-01
6.075555921652092366e+04 9.888164998731879818e-01
6.075555947658162040e+04 9.917671028844258219e-01
6.075555973664230987e+04 9.809643102984183516e-01
6.075555999670299934e+04 9.783214779764448643e-01
6.075556025676369609e+04 9.838148325433726527e-01
6.075556051682439283e+04 9.936077006840212666e-01
6.075556077688508958e+04 9.989860684754454656e-01
6.075556103694577905e+04 9.818791984466814782e-01
6.075556129700646852e+04 9.984124947763188818e-01
6.075556155706716527e+04 9.949847896931336422e-01
6.075556181712786201e+04 9.822790388971990305e-01
6.075556207718854421e+04 9.937275613702076793e-01
6.075556233724924095e+04 9.997228634499988331e-01
6.075556259730993770e+04 9.848897495572754845e-01
6.075556285737063445e+04 1.004508695187747547e+00
6.075556311743133119e+04 9.976176639782105005e-01
6.075556337749201339e+04 9.987858813615250186e-01
6.075556504896522529e+04 9.897584028198707085e-01
6.075556530902591476e+04 1.000114461787541487e+00
6.075556556908661150e+04 9.894044366404221025e-01
6.075556582914730097e+04 9.915108278090631888e-01
6.075556608920799772e+04 9.836932498726572716e-01
6.075556634926869447e+04 9.924509018525908832e-01
6.075556660932938394e+04 9.971267893991462294e-01
6.075556686939008068e+04 9.984395722719938693e-01
6.075556712945077015e+04 9.946356539717176037e-01
6.075556738951146690e+04 9.951368314870363552e-01
6.075556764957216365e+04 9.973954176213835066e-01
6.075556790963285312e+04 1.000344135880592011e+00
6.075556816969354986e+04 9.885888229452910458e-01
6.075556842975423933e+04 9.934619897829622959e-01
6.075556868981492880e+04 9.847692995349254241e-01
6.075556894987563282e+04 9.959180332481253339e-01
6.075556920993632230e+04 9.931004282784043902e-01
6.075556946999701904e+04 9.995269030484972284e-01
6.075556973005770851e+04 9.989789026582089893e-01
6.075556999011839798e+04 9.951027994563559353e-01
6.075557025017909473e+04 9.955033843382493641e-01
6.075557051023979147e+04 9.841182325019474098e-01
6.075557077030048822e+04 1.004395508174284357e+00
6.075557103036117769e+04 9.879790784236153200e-01
6.075557129042186716e+04 9.907867998792725395e-01
6.075557155048256391e+04 9.912022714371867549e-01
6.075557181054326065e+04 1.001192759848787528e+00
6.075557207060395740e+04 9.907565081726013023e-01
6.075557233066464687e+04 9.978743548784417827e-01
6.075557259072533634e+04 9.993354269826759673e-01
6.075557285078603309e+04 9.957627597093582361e-01
6.075557311084672983e+04 9.862098690043220595e-01
6.075557337090741930e+04 9.930900955837856925e-01
6.075557363096811605e+04 9.998028577966691088e-01
6.075557389102880552e+04 9.945969319997671754e-01
6.075557415108950227e+04 1.002105572041577242e+00
6.075557441115019901e+04 9.908086203409750548e-01
6.075557467121088848e+04 9.974228923500276789e-01
6.075557493127158523e+04 9.989516715825682569e-01
6.075557519133227470e+04 1.008077938993641620e+00
6.075557545139297144e+04 9.917110498593365575e-01
6.075557571145366819e+04 1.003170682517507517e+00
6.075557597151435766e+04 9.865988793009631275e-01
6.075557623157505441e+04 9.911513748214468844e-01
6.075557649163575115e+04 9.889363845120752172e-01
6.075557675169643335e+04 9.909501572985185414e-01
6.075557701175713009e+04 9.969221296422555723e-01
6.075557727181782684e+04 1.007702739563787864e+00
6.075557753187852359e+04 1.009686508150526629e+00
6.075557779193922033e+04 9.962600572384801012e-01
6.075557805199990980e+04 9.984925298859541609e-01
6.075557831206059927e+04 1.002114992135639593e+00
6.075557857212129602e+04 9.935704645599259255e-01
6.075557883218199277e+04 9.999543052453064851e-01
6.075557909224268951e+04 9.887378780603937045e-01
6.075557935230337898e+04 9.944290560972371962e-01
6.075557961236407573e+04 9.965013022084545646e-01
6.075557987242476520e+04 9.974500512354884663e-01
6.075558013248546195e+04 9.965836907196897743e-01
6.075558039254615869e+04 1.000119700437987591e+00
6.075558065260684816e+04 9.957168939610787639e-01
6.075558091266754491e+04 1.003391972596072712e+00
6.075558117272824165e+04 9.886532525895069812e-01
6.075558143278892385e+04 1.005399756498386754e+00
6.075558169284962059e+04 1.004317521178599071e+00
6.075558195291031734e+04 9.971545767857410425e-01
6.075558221297101409e+04 1.006798333560212866e+00
6.075558247303171083e+04 9.984240716848921116e-01
6.075558273309240030e+04 1.008722769003208786e+00
6.075558299315309705e+04 1.002882820241081996e+00
6.075558325321378652e+04 9.973842382722122313e-01
6.075558351327448327e+04 9.999846948405081148e-01
6.075558377333518001e+04 1.007183517679805851e+00
6.075558403339586948e+04 1.009833813686525694e+00
6.075558429345656623e+04 1.004120671187188840e+00
6.075558455351726298e+04 1.002696582517692780e+00
6.075558481357794517e+04 1.006409366016004503e+00
6.075558507363864192e+04 9.990606295377767454e-01
6.075558533369933866e+04 1.008974736586386145e+00
6.075558559376003541e+04 9.995815194600442544e-01
6.075558585382073215e+04 9.971256413353652981e-01
6.075558611388142162e+04 1.004038540380095101e+00
6.075558637394211837e+04 1.009869501142794723e+00
6.075558663400280784e+04 1.000271358894097240e+00
6.075558689406350459e+04 1.006100046768349854e+00
6.075558715412420133e+04 1.013368718879542163e+00
6.075558741418489080e+04 1.004408519401721156e+00
6.075558767424558755e+04 1.002860344912019919e+00
6.075558793430628430e+04 1.007349964758113225e+00
6.075558819436697377e+04 1.005108540289985974e+00
6.075558845442767051e+04 1.003003362533356535e+00
6.075558871448835998e+04 1.012838541854018226e+00
6.075558897454905673e+04 1.013049167855417876e+00
6.075558923460975348e+04 1.004758952319096066e+00
6.075558949467044295e+04 1.003161158817252430e+00
6.075558975473113969e+04 1.005339985884389442e+00
6.075559001479183644e+04 1.004773415696621708e+00
6.075559027485253318e+04 1.002236025747580195e+00
6.075559053491322265e+04 1.004718054900560986e+00
6.075559079497391212e+04 1.014154245247328445e+00
6.075559105503460887e+04 1.003607733765342624e+00
6.075559131509530562e+04 1.004424809664007601e+00
6.075559157515600236e+04 1.012070908236272437e+00
6.075559183521669911e+04 1.009332541242838444e+00
6.075559209527738858e+04 1.008148494161244635e+00
6.075559235533808533e+04 9.939623625099741622e-01
6.075559261539877480e+04 1.008244336871700675e+00
6.075559287545946427e+04 1.000443435940385095e+00
6.075559313552016101e+04 1.008384296209649644e+00
6.075559339558085776e+04 1.011730453422053699e+00
6.075559494101491873e+04 1.008883406423706441e+00
6.075559520107561548e+04 1.005080939439755738e+00
6.075559546113631222e+04 1.010488037914633708e+00
6.075559572119700897e+04 1.016119479397677328e+00
6.075559598125769844e+04 1.016656498710250434e+00
6.075559624131839519e+04 1.013351639728857556e+00
6.075559650137908466e+04 1.011912863625365588e+00
6.075559676143977413e+04 1.002765706212270569e+00
6.075559702150047087e+04 9.992032808238453523e-01
6.075559728156116762e+04 1.009596670972409127e+00
6.075559754162186437e+04 1.003273059410090928e+00
6.075559780168256111e+04 1.008421501048323732e+00
6.075559806174325058e+04 1.006558430025950468e+00
6.075559832180394733e+04 9.995820484429205344e-01
6.075559858186464407e+04 1.021127346403571945e+00
6.075559884192533355e+04 1.005194981306359869e+00
6.075559910198603029e+04 1.010088043205102926e+00
6.075559936204671976e+04 1.002578903610886529e+00
6.075559962210741651e+04 1.001868683912370050e+00
6.075559988216811325e+04 1.005582463528276405e+00
6.075560014222880272e+04 1.004487297188731310e+00
6.075560040228950675e+04 1.001343185842300088e+00
6.075560066235019622e+04 1.000592166628154089e+00
6.075560092241089296e+04 1.004197961664501149e+00
6.075560118247158971e+04 1.014583224300400266e+00
6.075560144253227918e+04 1.008758584517563506e+00
6.075560170259296865e+04 1.009683378059899495e+00
6.075560196265366540e+04 1.007391868809937030e+00
6.075560222271436214e+04 1.018051419916847777e+00
6.075560248277505889e+04 1.008395419685586436e+00
6.075560274283574836e+04 1.011531307386063228e+00
6.075560300289644510e+04 1.008424271776276804e+00
6.075560326295714185e+04 1.002151938360374306e+00
6.075560352301783860e+04 1.013318256837511866e+00
6.075560378307853534e+04 9.977941548642089709e-01
6.075560404313922481e+04 9.933169392317902080e-01
6.075560430319992156e+04 1.004159374035908714e+00
6.075560456326061831e+04 1.004655099936381024e+00
6.075560482332130050e+04 9.973592895475409392e-01
6.075560508338199725e+04 1.002012017974661440e+00
6.075560534344269399e+04 9.921926033940853262e-01
6.075560560350339074e+04 1.004639602672336762e+00
6.075560586356408749e+04 1.010274674652114291e+00
6.075560612362477696e+04 1.013687543286691195e+00
6.075560638368547370e+04 1.004998768718704749e+00
6.075560664374617045e+04 1.016969542264310356e+00
6.075560690380686719e+04 9.991089195319968752e-01
6.075560716386756394e+04 1.014432298798885856e+00
6.075560742392825341e+04 1.005291623480692786e+00
6.075560768398895016e+04 1.012422983131512133e+00
6.075560794404964690e+04 9.979841853256935513e-01
6.075560820411032910e+04 1.014141277817320885e+00
6.075560846417102584e+04 1.011315147290483552e+00
6.075560872423172259e+04 1.008858241469173356e+00
6.075560898429241934e+04 1.006341265554959952e+00
6.075560924435311608e+04 1.008745293564819567e+00
6.075560950441380555e+04 1.013106077750992151e+00
6.075560976447450230e+04 1.011595674252305788e+00
6.075561002453519905e+04 1.007745800961889815e+00
6.075561028459589579e+04 1.009945522847905064e+00
6.075561054465659254e+04 9.991347285353550101e-01
6.075561080471728201e+04 1.006948318631113670e+00
6.075561106477797875e+04 9.962594258224801713e-01
6.075561132483867550e+04 9.993547798463693344e-01
6.075561158489937225e+04 1.004387639635136997e+00
6.075561184496006899e+04 1.005059660330748228e+00
6.075561210502075846e+04 9.919783034780242925e-01
6.075561236508144793e+04 1.002272273998742635e+00
6.075561262514214468e+04 1.006932497306755714e+00
6.075561288520283415e+04 1.002915126936151813e+00
6.075561314526353090e+04 1.000079389080709369e+00
6.075561340532422764e+04 1.002835835083417670e+00
6.075561366538492439e+04 1.010245708007929677e+00
6.075561392544562113e+04 1.005928993475398547e+00
6.075561418550631060e+04 1.012035054164671211e+00
6.075561444556700735e+04 9.897984446700677230e-01
6.075561470562770410e+04 1.016284329893260896e+00
6.075561496568840084e+04 1.001998432100853265e+00
6.075561522574909759e+04 9.979019537752239488e-01
6.075561548580978706e+04 9.976976983585481573e-01
6.075561574587048381e+04 9.983828371576712879e-01
6.075561600593118055e+04 1.001419664299978862e+00
6.075561626599187002e+04 9.847385215622794785e-01
6.075561652605256677e+04 1.001935812141290016e+00
6.075561678611326352e+04 9.985126470060927684e-01
6.075561704617396026e+04 9.945534103478490540e-01
6.075561730623465701e+04 9.913236013689368242e-01
6.075561756629534648e+04 1.002650829862688164e+00
6.075561782635604322e+04 9.985708662496607380e-01
6.075561808641673269e+04 1.006525271762628293e+00
6.075561834647742944e+04 9.934628815499708665e-01
6.075561860653812619e+04 9.940741316914741832e-01
6.075561886659881566e+04 9.934271060022169531e-01
6.075561912665951240e+04 1.002720631157319797e+00
6.075561938672020915e+04 9.917227306194746905e-01
6.075561964678089862e+04 1.000920833655153386e+00
6.075561990684160264e+04 1.001176649585474809e+00
6.075562016690229211e+04 9.939557675189172326e-01
6.075562042696298886e+04 9.870456971897522136e-01
6.075562068702368560e+04 9.986386060105694185e-01
6.075562094708437508e+04 9.946596022745504140e-01
6.075562120714507182e+04 9.927254639037984552e-01
6.075562146720576857e+04 9.898885821601206558e-01
6.075562172726646531e+04 9.978344201930708923e-01
6.075562198732716206e+04 1.003456966638986092e+00
6.075562224738785153e+04 9.986143135233206403e-01
6.075562250744854828e+04 9.998719666580601073e-01
6.075562276750924502e+04 9.892340004894980554e-01
6.075562302756994177e+04 9.940476780486020569e-01
6.075562328763063852e+04 9.998857797615512411e-01
6.075562490904599690e+04 1.001850322023808415e+00
6.075562516909990518e+04 9.993102221203483682e-01
6.075562542915379890e+04 9.959759056031498581e-01
6.075562568920769263e+04 9.973828343115519468e-01
6.075562594926160091e+04 9.906874355708802371e-01
6.075562620931549463e+04 9.957407965955092921e-01
6.075562646936939564e+04 9.893296646000283578e-01
6.075562672942329664e+04 1.003281797813273091e+00
6.075562698947719036e+04 1.006594311859138502e+00
6.075562724953109864e+04 9.908299610553639170e-01
6.075562750958499237e+04 9.926777955793069097e-01
6.075562776963889337e+04 9.936023465697797485e-01
6.075562802969280165e+04 9.921332089591275993e-01
6.075562828974669537e+04 9.782529712165647373e-01
6.075562854980059637e+04 9.915229896544488497e-01
6.075562880985449738e+04 9.852713517990608905e-01
6.075562906990839110e+04 9.815195875866405961e-01
6.075562932996229938e+04 9.931754116937659971e-01
6.075562959001619311e+04 9.835713915961075138e-01
6.075562985007009411e+04 9.963575280017538116e-01
6.075563011012399511e+04 9.844696213473130841e-01
6.075563037017788884e+04 9.867442736332731057e-01
6.075563063023179711e+04 9.925010595315778561e-01
6.075563089028569084e+04 9.985537237492407847e-01
6.075563115033958456e+04 9.901986468595067592e-01
6.075563141039349284e+04 9.943467908485984497e-01
6.075563167044738657e+04 9.943665052336408960e-01
6.075563193050128757e+04 9.823439539671542375e-01
6.075563219055518857e+04 9.945016557226878939e-01
6.075563245060908230e+04 9.900082555715136179e-01
6.075563271066299058e+04 9.913384778446422407e-01
6.075563297071688430e+04 9.894402061139609961e-01
6.075563323077078530e+04 9.907535316250076773e-01
6.075563349082468631e+04 9.874674301750084870e-01
6.075563375087858003e+04 9.938750975020161915e-01
6.075563401093248831e+04 9.869655665541059442e-01
6.075563427098638203e+04 9.918240873389572165e-01
6.075563453104027576e+04 9.840713432557938178e-01
6.075563479109418404e+04 9.886064073861114965e-01
6.075563505114807776e+04 1.005785798732319325e+00
6.075563531120197877e+04 9.840084206840956638e-01
6.075563557125588704e+04 9.857819452512170955e-01
6.075563583130978077e+04 9.855398409657153413e-01
6.075563609136368905e+04 9.844394978746616731e-01
6.075563635141758277e+04 1.000129889982711129e+00
6.075563661147148377e+04 9.871443838543643157e-01
6.075563687152538478e+04 9.872418234439189755e-01
6.075563713157927850e+04 9.924606769767919667e-01
6.075563739163318678e+04 9.916907404285222327e-01
6.075563765168708051e+04 9.791875207346449894e-01
6.075563791174097423e+04 9.890647617347338993e-01
6.075563817179488251e+04 9.859279972008830883e-01
6.075563843184877624e+04 9.920395846713869759e-01
6.075563869190267724e+04 9.838553712864223089e-01
6.075563895195657824e+04 9.839978373529995048e-01
6.075563921201047197e+04 9.884449189575873485e-01
6.075563947206438024e+04 9.894913933462547995e-01
6.075563973211827397e+04 9.928276009122084522e-01
6.075563999217217497e+04 9.840811809603050575e-01
6.075564025222608325e+04 9.832776212034988195e-01
6.075564051227997697e+04 9.867905396104575955e-01
6.075564077233388525e+04 9.933809533591478891e-01
6.075564103238777898e+04 9.902722962560736031e-01
6.075564129244167270e+04 9.807111847423973794e-01
6.075564155249558098e+04 9.880976526506435320e-01
6.075564181254947471e+04 9.886319170725068606e-01
6.075564207260337571e+04 9.873357425607921511e-01
6.075564233265727671e+04 9.857186626071786639e-01
6.075564259271117044e+04 9.790596490501407567e-01
6.075564285276507871e+04 9.948797577276519144e-01
6.075564311281897244e+04 9.863881761169123186e-01
6.075564337287286617e+04 9.908630413818793059e-01
6.075564363292677444e+04 9.849972701785744134e-01
6.075564389298066817e+04 9.898592669167540770e-01
6.075564415303458372e+04 9.971166179133166274e-01
6.075564441308847745e+04 9.889725800473272432e-01
6.075564467314237118e+04 9.906594874690112240e-01
6.075564493319627945e+04 9.957187839079389979e-01
6.075564519325017318e+04 9.885164954396323811e-01
6.075564545330407418e+04 9.911298999464622783e-01
6.075564571335797518e+04 9.933652280364523302e-01
6.075564597341186891e+04 9.956643939628488926e-01
6.075564623346577719e+04 9.870950962436779719e-01
6.075564649351967091e+04 9.884144538648580447e-01
6.075564675357356464e+04 9.946905217570206625e-01
6.075564701362747292e+04 9.878386359632779223e-01
6.075564727368136664e+04 9.906698632940856841e-01
6.075564753373527492e+04 9.777678790696570088e-01
6.075564779378917592e+04 9.892686853777017397e-01
6.075564805384306965e+04 9.939884714897649909e-01
6.075564831389697792e+04 9.893368802409292506e-01
6.075564857395087165e+04 9.920534525915379875e-01
6.075564883400477265e+04 9.979651621932913441e-01
6.075564909405867365e+04 9.787021307878216447e-01
6.075564935411256738e+04 9.935300097880527259e-01
6.075564961416647566e+04 9.912205732148051673e-01
6.075564987422036938e+04 9.856680039753883404e-01
6.075565013427426311e+04 9.925441557011046578e-01
6.075565039432817866e+04 9.873880493439777251e-01
6.075565065438207239e+04 9.949251742165141632e-01
6.075565091443597339e+04 1.005242144903375934e+00
6.075565117448987439e+04 1.000461148067353534e+00
6.075565143454376812e+04 1.005703957790668346e+00
6.075565169459767640e+04 9.921056762140839647e-01
6.075565195465157012e+04 1.000601501721790187e+00
6.075565221470547112e+04 9.994473174458288200e-01
6.075565247475937213e+04 9.933710871983149060e-01
6.075565273481326585e+04 9.987167809954807796e-01
6.075565299486718141e+04 9.852069651213738455e-01
6.075565325492107513e+04 1.008473969087733124e+00
6.075565492676799477e+04 9.927980707729361365e-01
6.075565518682868424e+04 9.907302418933487953e-01
6.075565544688938098e+04 9.859753784030301782e-01
6.075565570695007773e+04 9.933090585148566243e-01
6.075565596701077448e+04 1.008105299203829963e+00
6.075565622707147122e+04 9.869873390824210890e-01
6.075565648713216069e+04 1.003893467015802621e+00
6.075565674719285744e+04 9.935332010585182783e-01
6.075565700725356146e+04 9.934374467495213912e-01
6.075565726731425821e+04 1.000997269895236519e+00
6.075565752737495495e+04 9.977925379489657187e-01
6.075565778743564442e+04 1.001047346049265041e+00
6.075565804749634117e+04 9.948452397256385416e-01
6.075565830755703792e+04 9.996627508585343991e-01
6.075565856761772739e+04 9.951006341504144981e-01
6.075565882767842413e+04 1.000528414284188816e+00
6.075565908773912088e+04 9.906580973654726119e-01
6.075565934779981762e+04 1.012690783285042917e+00
6.075565960786051437e+04 9.961631053478032793e-01
6.075565986792121112e+04 1.001894461094196220e+00
6.075566012798190786e+04 9.977271311627313732e-01
6.075566038804260461e+04 1.003340699830949978e+00
6.075566064810330136e+04 9.986066452351528566e-01
6.075566090816399810e+04 9.984576530147987183e-01
6.075566116822468757e+04 1.004719337712550953e+00
6.075566142828538432e+04 1.001617594690003887e+00
6.075566168834608106e+04 9.935915323532832355e-01
6.075566194840677781e+04 9.993449965583055539e-01
6.075566220846748183e+04 9.963210241798040601e-01
6.075566246852817130e+04 1.011333479933709922e+00
6.075566272858886805e+04 1.003619179506171299e+00
6.075566298864956480e+04 9.922745937238172109e-01
6.075566324871025427e+04 9.962651148458784300e-01
6.075566350877095101e+04 9.981116351169109224e-01
6.075566376883164776e+04 9.900589336927323458e-01
6.075566402889234450e+04 1.002511194174676268e+00
6.075566428895304125e+04 9.989358961587210262e-01
6.075566454901373800e+04 9.972263586176810524e-01
6.075566480907443474e+04 1.000468048705112301e+00
6.075566506913513149e+04 9.987548828480464769e-01
6.075566532919582824e+04 9.996004666875480948e-01
6.075566558925652498e+04 1.004382301469027405e+00
6.075566584931721445e+04 1.000435333063809829e+00
6.075566610937791120e+04 1.004483243744374921e+00
6.075566636943860794e+04 1.004933354440587845e+00
6.075566662949930469e+04 1.001161834612473989e+00
6.075566688956000144e+04 9.957902620008445282e-01
6.075566714962069818e+04 1.008196461993228876e+00
6.075566740968139493e+04 9.966991141344263561e-01
6.075566766974209168e+04 1.003500144265810023e+00
6.075566792980278115e+04 9.914877124671682695e-01
6.075566818986347789e+04 1.005634423862340920e+00
6.075566844992417464e+04 1.006313688521738969e+00
6.075566870998487866e+04 1.014733058900394003e+00
6.075566897004557541e+04 1.017284241901680319e+00
6.075566923010626488e+04 1.002451308646440609e+00
6.075566949016696162e+04 1.003021774641328800e+00
6.075566975022765837e+04 1.002258494125970900e+00
6.075567001028834784e+04 1.012069617612050942e+00
6.075567027034905186e+04 1.001526835482812183e+00
6.075567053040974133e+04 1.008735579908492497e+00
6.075567079047044535e+04 9.916556355545567136e-01
6.075567105053114210e+04 1.002284721887445773e+00
6.075567131059183157e+04 9.985129764528132279e-01
6.075567157065252832e+04 1.001257134955487293e+00
6.075567183071322506e+04 1.009866966717806402e+00
6.075567209077392181e+04 1.002158925199923667e+00
6.075567235083461856e+04 1.007250109623474277e+00
6.075567261089531530e+04 1.013656271439307588e+00
6.075567287095601205e+04 1.006603676992014362e+00
6.075567313101670879e+04 1.003832407701964913e+00
6.075567339107740554e+04 1.007755437739946247e+00
6.075567365113810229e+04 1.002538908828117137e+00
6.075567391119879176e+04 1.000593536766293923e+00
6.075567417125948850e+04 1.004914279086285944e+00
6.075567443132019253e+04 1.000117182527963333e+00
6.075567469138088200e+04 1.003055810270966575e+00
6.075567495144157874e+04 9.991150408834797991e-01
6.075567521150227549e+04 1.008942340100240864e+00
6.075567547156297223e+04 1.006971549273727895e+00
6.075567573162366898e+04 1.010358873372710686e+00
6.075567599168436573e+04 1.007373285506844462e+00
6.075567625174506247e+04 1.009193465408259271e+00
6.075567651180575922e+04 1.004248467351153362e+00
6.075567677186645597e+04 1.007408299168328636e+00
6.075567703192715271e+04 1.002743869186839776e+00
6.075567729198784218e+04 1.009681741980983150e+00
6.075567755204853893e+04 1.006520646647648176e+00
6.075567781210924295e+04 1.007272957234514932e+00
6.075567807216993242e+04 1.004071656596463802e+00
6.075567833223062917e+04 1.001720087615391552e+00
6.075567859229132591e+04 1.001619959169599339e+00
6.075567885235202266e+04 1.016623351316313650e+00
6.075567911241271941e+04 1.009501971401362663e+00
6.075567937247341615e+04 1.006572755574737688e+00
6.075567963253411290e+04 1.003880249959725024e+00
6.075567989259480964e+04 1.008334911670702994e+00
6.075568015265550639e+04 1.002533876360030440e+00
6.075568041271620314e+04 1.013090695381786199e+00
6.075568067277689261e+04 1.006375759729126074e+00
6.075568093283759663e+04 1.013488017465158597e+00
6.075568119289829338e+04 1.007485768839472051e+00
6.075568145295898285e+04 1.011747761896242936e+00
6.075568171301968687e+04 1.005901757959996035e+00
6.075568197308037634e+04 1.002933744812922967e+00
6.075568223314107308e+04 1.015533395926294880e+00
6.075568249320177711e+04 1.006974542635559189e+00
6.075568275326246658e+04 1.003401912807114993e+00
6.075568301332316332e+04 1.012697917264569147e+00
6.075568327338386007e+04 1.012166716127009813e+00
6.075568483179301256e+04 1.010170439972178036e+00
6.075568509184680443e+04 1.007709684437562148e+00
6.075568535190059629e+04 1.010523697300922619e+00
6.075568561195438815e+04 1.009154488228209079e+00
6.075568587200818729e+04 1.009301451693164431e+00
6.075568613206199370e+04 1.003225811389565347e+00
6.075568639211578557e+04 1.000949793126970855e+00
6.075568665216957743e+04 1.000982802347653688e+00
6.075568691222336929e+04 1.009785389243293086e+00
6.075568717227716115e+04 1.002637292574699357e+00
6.075568743233096029e+04 9.998468703742445784e-01
6.075568769238475215e+04 1.008208859455743678e+00
6.075568795243854402e+04 1.011025211534663182e+00
6.075568821249233588e+04 1.009310375160664242e+00
6.075568847254613502e+04 1.008450345161871819e+00
6.075568873259992688e+04 1.015854371290059843e+00
6.075568899265372602e+04 1.012672242463021677e+00
6.075568925270752516e+04 1.000553177486763534e+00
6.075568951276131702e+04 1.005409997152190815e+00
6.075568977281511616e+04 1.003442324394636431e+00
6.075569003286890802e+04 1.004376172899417829e+00
6.075569029292269988e+04 1.003116820675429954e+00
6.075569055297649174e+04 1.000250572770435387e+00
6.075569081303029088e+04 1.006904202239621515e+00
6.075569107308408275e+04 1.000857854567904326e+00
6.075569133313787461e+04 1.013707532701120240e+00
6.075569159319166647e+04 9.997614289966082479e-01
6.075569185324547288e+04 1.004152741941654714e+00
6.075569211329927202e+04 9.949631789982275043e-01
6.075569237335306389e+04 1.008639566425960865e+00
6.075569263340685575e+04 1.008644986656376252e+00
6.075569289346064761e+04 1.000244931256962122e+00
6.075569315351444675e+04 1.011380643051763562e+00
6.075569341356823861e+04 1.006584343398461812e+00
6.075569367362203047e+04 1.004083698425445537e+00
6.075569393367582234e+04 1.002419720068790099e+00
6.075569419372962147e+04 1.009822940540614944e+00
6.075569445378341334e+04 9.970512941430689224e-01
6.075569471383720520e+04 1.003980732522842034e+00
6.075569497389100434e+04 1.004581261717536256e+00
6.075569523394481075e+04 1.036250558197676863e+00
6.075569549399860261e+04 1.002486813883241012e+00
6.075569575405239448e+04 1.001836240553629631e+00
6.075569601410618634e+04 9.985640011277723271e-01
6.075569627415998548e+04 1.002141978776213138e+00
6.075569653421377734e+04 1.004222370649950902e+00
6.075569679426756920e+04 9.983076865951571177e-01
6.075569705432136107e+04 9.984050030169858703e-01
6.075569731437516020e+04 1.003505033462741558e+00
6.075569757442895207e+04 1.000977820003843721e+00
6.075569783448274393e+04 1.004706740472602222e+00
6.075569809453654307e+04 1.011837355140668304e+00
6.075569835459034948e+04 1.006405938858182747e+00
6.075569861464414134e+04 9.985610195635777897e-01
6.075569887469793321e+04 9.955205339095162254e-01
6.075569913475172507e+04 1.004960294807994758e+00
6.075569939480552421e+04 1.004782653812762661e+00
6.075569965485931607e+04 1.011649299881160813e+00
6.075569991491310793e+04 9.948572130587755025e-01
6.075570017496689979e+04 9.966769214958902667e-01
6.075570043502069893e+04 1.001876604101993751e+00
6.075570069507449080e+04 1.007632317575066105e+00
6.075570095512828993e+04 1.000334803696463437e+00
6.075570121518208907e+04 9.985482291280146638e-01
6.075570147523588821e+04 9.965791067269420545e-01
6.075570173528968007e+04 1.000165711626112008e+00
6.075570199534347194e+04 1.006973569034772531e+00
6.075570225539727107e+04 9.926599862156157972e-01
6.075570251545106294e+04 9.985199723647772974e-01
6.075570277550485480e+04 9.997247858037249246e-01
6.075570303555864666e+04 1.010682173417280838e+00
6.075570329561244580e+04 9.903628667893863424e-01
6.075570355566623766e+04 9.969686115898158674e-01
6.075570381572002952e+04 1.002894207878035848e+00
6.075570407577382866e+04 9.925533819221408205e-01
6.075570433582763508e+04 9.837127900787859813e-01
6.075570459588142694e+04 1.001921717318971616e+00
6.075570485593521880e+04 9.988999661038515665e-01
6.075570511598901066e+04 1.000071497188609548e+00
6.075570537604280980e+04 9.931423095055003092e-01
6.075570563609660167e+04 9.986717389568121606e-01
6.075570589615039353e+04 9.918747654000308334e-01
6.075570615620419267e+04 9.922558366464845347e-01
6.075570641625798453e+04 9.977127248445945007e-01
6.075570667631177639e+04 9.937907156767590289e-01
6.075570693636557553e+04 9.999504362592064322e-01
6.075570719641938194e+04 9.912581523290232566e-01
6.075570745647317381e+04 9.930997071207222637e-01
6.075570771652696567e+04 9.953526635541503076e-01
6.075570797658076481e+04 1.007886614382317747e+00
6.075570823663455667e+04 1.000844005449993190e+00
6.075570849668834853e+04 9.838480669888954866e-01
6.075570875674214039e+04 9.970736265613832083e-01
6.075570901679593953e+04 9.913867433148517705e-01
6.075570927684973140e+04 1.000999215622971228e+00
6.075570953690352326e+04 9.881881451461387300e-01
6.075570979695732240e+04 9.942508025096737923e-01
6.075571005701112153e+04 9.928574746563498810e-01
6.075571031706492067e+04 9.872877016800838401e-01
6.075571057711871254e+04 9.906460882512934107e-01
6.075571083717251167e+04 1.004711045362888910e+00
6.075571109722630354e+04 9.877729845089840977e-01
6.075571135728009540e+04 9.984941643782194731e-01
6.075571161733389454e+04 9.953455017933036109e-01
6.075571187738768640e+04 9.912354782114691787e-01
6.075571213744147826e+04 9.940372675927801049e-01
6.075571239749527740e+04 1.002307336264954607e+00
6.075571265754906926e+04 9.788473288501234881e-01
6.075571291760286840e+04 1.002235741523627155e+00
6.075571317765666754e+04 9.878677050209104804e-01
6.075571474868715450e+04 9.964469908704478573e-01
6.075571500874785124e+04 9.876683836888480172e-01
6.075571526880854799e+04 9.844947469146416719e-01
6.075571552886924474e+04 9.814266036964566231e-01
6.075571578892994148e+04 9.882000909864224747e-01
6.075571604899063823e+04 9.896360694341365116e-01
6.075571630905133497e+04 9.949738092893548602e-01
6.075571656911203172e+04 9.847200648005782764e-01
6.075571682917273574e+04 9.949614851100444524e-01
6.075571708923342521e+04 9.948437833487187021e-01
6.075571734929412196e+04 9.798860390095062156e-01
6.075571760935482598e+04 9.861651631437488019e-01
6.075571786941552273e+04 9.919715594105978917e-01
6.075571812947621947e+04 9.865352936852320731e-01
6.075571838953690894e+04 9.888447654034301371e-01
6.075571864959761297e+04 1.002108806359538473e+00
6.075571890965830971e+04 9.881855382890104567e-01
6.075571916971899918e+04 9.877274112353257030e-01
6.075571942977970320e+04 9.851567895825450449e-01
6.075571968984039995e+04 9.875597000424083394e-01
6.075571994990109670e+04 9.877328284096271727e-01
6.075572020996180072e+04 9.920102429745427663e-01
6.075572047002249019e+04 9.847422476458143059e-01
6.075572073008318694e+04 9.954198827437952257e-01
6.075572099014388368e+04 9.904170603772979309e-01
6.075572125020458770e+04 9.925153676552150861e-01
6.075572151026528445e+04 9.832582293602928347e-01
6.075572177032597392e+04 9.875773897671368262e-01
6.075572203038667794e+04 9.950065309752987863e-01
6.075572229044737469e+04 9.860412865622572021e-01
6.075572255050806416e+04 9.881177413185697755e-01
6.075572281056877546e+04 9.905191720791717280e-01
6.075572307062946493e+04 9.872195243485628602e-01
6.075572333069016167e+04 9.833652541392373658e-01
6.075572359075086570e+04 9.845421636802614840e-01
6.075572385081155517e+04 9.843578979442322296e-01
6.075572411087225191e+04 9.810677692004943218e-01
6.075572437093294866e+04 9.891616870706619880e-01
6.075572463099365268e+04 9.839075098915908146e-01
6.075572489105434943e+04 9.777100292914052693e-01
6.075572515111503890e+04 9.938651549705531663e-01
6.075572541117574292e+04 9.930701518766246183e-01
6.075572567123643967e+04 9.973360235150784403e-01
6.075572593129713641e+04 9.757437255269216791e-01
6.075572619135784043e+04 9.820356308860850314e-01
6.075572645141852990e+04 9.933067485202505820e-01
6.075572671147922665e+04 9.892547150167280146e-01
6.075572697153993067e+04 9.994885592730566870e-01
6.075572723160062014e+04 9.871567726057277614e-01
6.075572749166131689e+04 9.926390827650731774e-01
6.075572775172202091e+04 9.984642392054934312e-01
6.075572801178271766e+04 9.814095637572054498e-01
6.075572827184341440e+04 9.928604387223277650e-01
6.075572853190411115e+04 9.919640503936305587e-01
6.075572879196480790e+04 9.889290738862286378e-01
6.075572905202550464e+04 9.884630733660800805e-01
6.075572931208620867e+04 9.979813803975368103e-01
6.075572957214690541e+04 9.892455971171175699e-01
6.075572983220759488e+04 9.886919509098690551e-01
6.075573009226829890e+04 9.905552663894161558e-01
6.075573035232899565e+04 1.001697937067400179e+00
6.075573061238968512e+04 9.886778429534449630e-01
6.075573087245038914e+04 1.001897375463515649e+00
6.075573113251108589e+04 9.948042905507229472e-01
6.075573139257178264e+04 9.892926592693283006e-01
6.075573165263248666e+04 9.888708036147343394e-01
6.075573191269317613e+04 9.900384399003754332e-01
6.075573217275387287e+04 9.924346419183126544e-01
6.075573243281457690e+04 9.829947385547435079e-01
6.075573269287527364e+04 9.953032324924925289e-01
6.075573295293597039e+04 9.904221652713306456e-01
6.075573321299666713e+04 9.935250156199723071e-01
6.075573347305736388e+04 9.938363379545630538e-01
6.075573373311806063e+04 9.911333547072950223e-01
6.075573399317875737e+04 9.883491658312225647e-01
6.075573425323946140e+04 9.858630579376737035e-01
6.075573451330015087e+04 9.874179773568878549e-01
6.075573477336085489e+04 1.000811861471806674e+00
6.075573503342155163e+04 9.909214476542932415e-01
6.075573529348224110e+04 9.958216225518382592e-01
6.075573555354294513e+04 9.813085553869218547e-01
6.075573581360364187e+04 9.921002403579965989e-01
6.075573607366434589e+04 9.965791334086718800e-01
6.075573633372504264e+04 9.896000828413507033e-01
6.075573659378573211e+04 9.979691601657550981e-01
6.075573685384643613e+04 1.008396975906337145e+00
6.075573711390713288e+04 9.940133816332334948e-01
6.075573737396782963e+04 9.963658663561367757e-01
6.075573763402853365e+04 9.979306709551629684e-01
6.075573789408922312e+04 1.004630321044303942e+00
6.075573815414991986e+04 1.004460935704250435e+00
6.075573841421062389e+04 9.948616518224659977e-01
6.075573867427131336e+04 1.003613409126784317e+00
6.075573893433201010e+04 9.971627781378514799e-01
6.075573919439271413e+04 1.003174448865572055e+00
6.075573945445341087e+04 9.935832380295899213e-01
6.075573971451411489e+04 9.877961538037521860e-01
6.075573997457480436e+04 9.921421826414639211e-01
6.075574023463550111e+04 9.937690038386506330e-01
6.075574049469620513e+04 9.954270014170085723e-01
6.075574075475690188e+04 9.944953043286015593e-01
6.075574101481759863e+04 9.881417475750987611e-01
6.075574127487829537e+04 1.000761516902594517e+00
6.075574153493899212e+04 9.943324170647337423e-01
6.075574179499969614e+04 9.962953090658914768e-01
6.075574205506038561e+04 9.994107464424173415e-01
6.075574231512108236e+04 9.949115104487086247e-01
6.075574257518178638e+04 9.979885756411381870e-01
6.075574283524248312e+04 9.918781975374229010e-01
6.075574309530317987e+04 1.002620563411009025e+00
6.075574483016229351e+04 1.001971984922132242e+00
6.075574509021608537e+04 1.005524558597211904e+00
6.075574535026989179e+04 1.006453036119359101e+00
6.075574561032369093e+04 1.002489808769329027e+00
6.075574587037748279e+04 9.990909533032606982e-01
6.075574613043128193e+04 9.962380943216825324e-01
6.075574639048507379e+04 1.002783064016327552e+00
6.075574665053887293e+04 1.002001694404124565e+00
6.075574691059266479e+04 9.980355051726838012e-01
6.075574717064645665e+04 1.005214218305792384e+00
6.075574743070025579e+04 1.002507560313997015e+00
6.075574769075404765e+04 1.005435537902633625e+00
6.075574795080784679e+04 9.988555836141926880e-01
6.075574821086163865e+04 1.003205271926326247e+00
6.075574847091544507e+04 1.008897360726956904e+00
6.075574873096924421e+04 1.003518820536595024e+00
6.075574899102303607e+04 1.011794875570548369e+00
6.075574925107683521e+04 1.003731142067007864e+00
6.075574951113062707e+04 1.005781439242648734e+00
6.075574977118442621e+04 9.997420685137559104e-01
6.075575003123821807e+04 1.009950207307330983e+00
6.075575029129201721e+04 1.001282207572611993e+00
6.075575055134580907e+04 1.003175801464862182e+00
6.075575081139960093e+04 1.001894133610532700e+00
6.075575107145340007e+04 9.989948096056527893e-01
6.075575133150719921e+04 9.992970310612264706e-01
6.075575159156100563e+04 1.009951281489832819e+00
6.075575185161479749e+04 1.005638612098320062e+00
6.075575211166859663e+04 1.006481257996024503e+00
6.075575237172238849e+04 1.013105802445380954e+00
6.075575263177618035e+04 1.005614714553254574e+00
6.075575289182997949e+04 1.001460902289106558e+00
6.075575315188377135e+04 1.005513453715055183e+00
6.075575341193757049e+04 9.996324553025229820e-01
6.075575367199136235e+04 1.001362562174248350e+00
6.075575393204516149e+04 1.014233971675925439e+00
6.075575419209895335e+04 1.000297869546227014e+00
6.075575445215275249e+04 9.987022332312910367e-01
6.075575471220655891e+04 1.017047355124973240e+00
6.075575497226035077e+04 9.960821491141226280e-01
6.075575523231414991e+04 1.006432472409261480e+00
6.075575549236794177e+04 1.004281825262583583e+00
6.075575575242174091e+04 1.014212668755756885e+00
6.075575601247553277e+04 1.007616729604022376e+00
6.075575627252933191e+04 1.011604508784522460e+00
6.075575653258312377e+04 1.009239616429738584e+00
6.075575679263691563e+04 1.006042315456602942e+00
6.075575705269071477e+04 1.006182471157733627e+00
6.075575731274451391e+04 1.009564594903164858e+00
6.075575757279832033e+04 1.015514798337795233e+00
6.075575783285211219e+04 1.008257895976655494e+00
6.075575809290591133e+04 1.009490294991722603e+00
6.075575835295970319e+04 1.000789686829482772e+00
6.075575861301350233e+04 1.006201511650756331e+00
6.075575887306729419e+04 1.002416853654739315e+00
6.075575913312109333e+04 1.009605134430752615e+00
6.075575939317488519e+04 1.013886428910549142e+00
6.075575965322867705e+04 1.000972148548121110e+00
6.075575991328247619e+04 1.007348687804347831e+00
6.075576017333626805e+04 9.973094144451913889e-01
6.075576043339007447e+04 1.005540471484048126e+00
6.075576069344387361e+04 1.013111069505100437e+00
6.075576095349767274e+04 9.960995334365331244e-01
6.075576121355146461e+04 1.008808708307375124e+00
6.075576147360526375e+04 1.008795851013137179e+00
6.075576173365905561e+04 1.012797576007185008e+00
6.075576199371285475e+04 1.008860838129390647e+00
6.075576225376664661e+04 1.005722403058499248e+00
6.075576251382044575e+04 1.002835260397443751e+00
6.075576277387423761e+04 1.013016402895513313e+00
6.075576303392802947e+04 1.003372529929715595e+00
6.075576329398183589e+04 1.022957383396581932e+00
6.075576355403563502e+04 1.009407677202309506e+00
6.075576381408943416e+04 1.011640126299695464e+00
6.075576407414322603e+04 1.010509242027496590e+00
6.075576433419702516e+04 1.010294862680333861e+00
6.075576459425081703e+04 1.013439215141512584e+00
6.075576485430461616e+04 1.012031133251039217e+00
6.075576511435840803e+04 1.006736474199154907e+00
6.075576537441220717e+04 1.002416999630590499e+00
6.075576563446599903e+04 1.017836770143940361e+00
6.075576589451979817e+04 1.007109698900660044e+00
6.075576615457359003e+04 1.006280628148733536e+00
6.075576641462739644e+04 1.009663270830926773e+00
6.075576667468119558e+04 1.005491384108234909e+00
6.075576693473499472e+04 1.006643737737331401e+00
6.075576719478878658e+04 1.009803846010845829e+00
6.075576745484258572e+04 1.011811602084796036e+00
6.075576771489637758e+04 1.007794491516818658e+00
6.075576797495017672e+04 9.966239738893185596e-01
6.075576823500396858e+04 1.009965902658197301e+00
6.075576849505776045e+04 1.004364385387854330e+00
6.075576875511155959e+04 1.011287276125451440e+00
6.075576901516535145e+04 1.001793458708139850e+00
6.075576927521915786e+04 1.016420854268222040e+00
6.075576953527295700e+04 1.006235305732531504e+00
6.075576979532675614e+04 9.967174313961704168e-01
6.075577005538054800e+04 1.002008997918607980e+00
6.075577031543434714e+04 1.008106167381911611e+00
6.075577057548813900e+04 1.013673975025953133e+00
6.075577083554193814e+04 1.001820008465795997e+00
6.075577109559573000e+04 1.013557175595555693e+00
6.075577135564952914e+04 1.007633700646546115e+00
6.075577161570332100e+04 1.000417660914400653e+00
6.075577187575712014e+04 1.004305528505687883e+00
6.075577213581091200e+04 1.010079693547317747e+00
6.075577239586471842e+04 1.007884346362668992e+00
6.075577265591851756e+04 1.009026129884796674e+00
6.075577291597231670e+04 1.003086508088885331e+00
6.075577317602610856e+04 1.013444174241286522e+00
