6.075585120116569306e+04 1.017313462273405245e+00
6.075585146121949219e+04 1.005590990100497795e+00
6.075585172127328406e+04 1.012464517936542574e+00
6.075585198132708319e+04 1.007452008736541726e+00
6.075585224138088233e+04 1.003097815275810101e+00
6.075585250143468147e+04 1.012627173078284537e+00
6.075585276148847333e+04 1.000763543416093082e+00
6.075585302154227247e+04 1.003734863574738734e+00
6.075585328159607161e+04 9.939039256206670947e-01
6.075585354164987803e+04 9.944612084312540734e-01
6.075585380170368444e+04 1.018353375791829052e+00
6.075585406175747630e+04 1.009682364243530195e+00
6.075585432181127544e+04 1.005937903780476095e+00
6.075585458186507458e+04 1.008053706032799424e+00
6.075585484191887372e+04 1.019135117802081769e+00
6.075585510197266558e+04 1.009722130918129679e+00
6.075585536202646472e+04 1.010385352310671836e+00
6.075585562208026386e+04 1.015184932356329117e+00
6.075585588213406299e+04 1.008391858515914619e+00
6.075585614218786213e+04 1.018535866714760818e+00
6.075585640224165400e+04 1.010968828829709176e+00
6.075585666229546041e+04 1.003756528067349940e+00
6.075585692234926682e+04 1.005635074963397546e+00
6.075585718240306596e+04 1.009895641832547097e+00
6.075585744245685783e+04 1.011469650360522277e+00
6.075585770251065696e+04 1.015542914334170765e+00
6.075585796256445610e+04 1.001647318610412007e+00
6.075585822261825524e+04 1.007659309275729331e+00
6.075585848267205438e+04 1.007948396530570001e+00
6.075585874272584624e+04 1.003164790636639436e+00
6.075585900277964538e+04 9.988522929532350769e-01
6.075585926283344452e+04 9.979464802359702125e-01
6.075585952288725093e+04 9.957652413575215355e-01
6.075585978294105735e+04 1.016954495213804543e+00
6.075586004299484921e+04 1.001872382326467470e+00
6.075586030304864835e+04 1.013340810036330142e+00
6.075586056310244749e+04 1.003486866069156047e+00
6.075586082315624662e+04 9.987786106087515048e-01
6.075586108321004576e+04 1.001424368478505800e+00
6.075586134326383763e+04 1.008202475561124078e+00
6.075586160331763676e+04 1.003171896577922606e+00
6.075586186337143590e+04 9.994405298641844126e-01
6.075586212342523504e+04 1.008700737933699632e+00
6.075586238347903418e+04 1.006828673976621902e+00
6.075586264353283332e+04 1.009450181300246552e+00
6.075586290358663973e+04 1.005629778670074970e+00
6.075586316364043887e+04 1.003102961502659207e+00
6.075586342369423801e+04 1.000220143317180455e+00
6.075586368374803715e+04 9.942398475755593878e-01
6.075586394380182901e+04 9.998960412917101692e-01
6.075586420385562815e+04 1.007326906660046539e+00
6.075586446390942729e+04 1.012912764681384692e+00
6.075586472396322642e+04 1.009070088753162731e+00
6.075586498401702556e+04 1.002679539308954926e+00
6.075586524407081743e+04 1.004956876237112606e+00
6.075586550412462384e+04 9.969930671475437656e-01
6.075586576417843025e+04 1.001954019664431650e+00
6.075586602423222939e+04 9.924682226671049934e-01
6.075586628428602853e+04 9.969806052675797003e-01
6.075586654433982039e+04 9.993303747110077184e-01
6.075586680439361953e+04 1.006293283422073026e+00
6.075586706444741867e+04 9.999372635771397455e-01
6.075586732450121781e+04 9.941847276489782503e-01
6.075586758455501695e+04 1.002311736396450881e+00
6.075586784460881609e+04 1.013011778085726844e+00
6.075586810466260795e+04 1.001976002289635570e+00
6.075586836471640709e+04 1.007218938283433785e+00
6.075586862477021350e+04 9.963978287568951986e-01
6.075586888482401991e+04 1.001920544112477884e+00
6.075586914487781905e+04 1.004856606471453917e+00
6.075586940493161092e+04 1.000046722219822826e+00
6.075586966498541005e+04 1.005233760854593150e+00
6.075586992503920919e+04 9.955357973013048145e-01
6.075587018509300833e+04 1.000940631789639212e+00
6.075587044514680747e+04 1.002944052391385510e+00
6.075587070520060661e+04 1.002590438079135282e+00
6.075587096525439847e+04 1.004726021536776592e+00
6.075587122530819761e+04 9.926662656059553891e-01
6.075587148536199675e+04 9.949533684364881836e-01
6.075587174541581044e+04 1.006717711551371908e+00
6.075587200546960958e+04 9.974577735453569183e-01
6.075587226552340871e+04 9.882577954286924093e-01
6.075587252557720058e+04 1.000610315511675896e+00
6.075587278563099972e+04 1.008316933489437295e+00
6.075587304568479885e+04 1.006518094512345307e+00
6.075587330573859799e+04 9.924325398895686989e-01
6.075587356579239713e+04 9.942357654423520374e-01
6.075587382584619627e+04 1.003108405855434704e+00
6.075587408589998813e+04 9.921752115211079914e-01
6.075587434595378727e+04 1.005670999022657552e+00
6.075587460600759368e+04 1.001402752224799464e+00
6.075587486606140010e+04 9.909528055299763327e-01
6.075587512611519924e+04 9.907493624069753091e-01
6.075587538616899838e+04 9.902630120104990441e-01
6.075587564622279751e+04 1.001472259797457243e+00
6.075587590627658938e+04 1.001546215989054911e+00
6.075587616633038851e+04 9.819969831747542566e-01
6.075587642638418765e+04 9.981282004099660821e-01
6.075587668643798679e+04 9.974837939904819262e-01
6.075587694649178593e+04 9.969092051462006276e-01
6.075587720654558507e+04 1.000725638480626900e+00
6.075587746659937693e+04 9.899473893711026040e-01
6.075587772665318334e+04 9.954814572620935831e-01
6.075587798670698976e+04 9.892472111260137702e-01
6.075587824676078890e+04 1.003557265727364811e+00
6.075587850681458804e+04 9.936255170016577987e-01
6.075587876686838717e+04 9.931290241408728958e-01
6.075587902692218631e+04 9.929114228669060349e-01
6.075587928697597818e+04 9.916067823481133914e-01
6.075587954702977731e+04 9.809065756493671184e-01
6.075588115586427011e+04 9.919730773958669312e-01
6.075588141592496686e+04 9.922506349097474088e-01
6.075588167598567088e+04 9.833172587423554267e-01
6.075588193604636763e+04 9.949115571843543115e-01
6.075588219610707165e+04 9.812322533910141642e-01
6.075588245616777567e+04 9.953339352166639120e-01
6.075588271622847242e+04 9.965445596949562557e-01
6.075588297628917644e+04 9.888202553769178671e-01
6.075588323634988046e+04 9.926387196560941817e-01
6.075588349641056993e+04 9.889705207891352767e-01
6.075588375647127395e+04 9.979995329249464753e-01
6.075588401653197798e+04 9.810907230674740243e-01
6.075588427659268200e+04 9.937342305169930556e-01
6.075588453665338602e+04 9.810487737674121744e-01
6.075588479671408277e+04 9.912261376604122320e-01
6.075588505677478679e+04 9.876098719228182388e-01
6.075588531683548354e+04 9.845599624034968578e-01
6.075588557689618756e+04 9.928082439526655367e-01
6.075588583695689158e+04 9.881693255033289214e-01
6.075588609701758833e+04 9.897741326597823130e-01
6.075588635707829235e+04 9.984782404356188357e-01
6.075588661713899637e+04 9.958375142782089906e-01
6.075588687719969312e+04 9.942884779185481303e-01
6.075588713726038986e+04 9.874920657694723491e-01
6.075588739732109389e+04 9.843077642568466290e-01
6.075588765738179791e+04 9.908568808708215769e-01
6.075588791744250193e+04 9.922145136823447009e-01
6.075588817750319868e+04 9.842286764347806249e-01
6.075588843756390270e+04 9.926593459191025426e-01
6.075588869762460672e+04 9.777764785105615974e-01
6.075588895768530347e+04 9.930256983207490507e-01
6.075588921774600749e+04 9.956735586888981748e-01
6.075588947780670424e+04 9.876507655065138724e-01
6.075588973786740826e+04 9.909175500232427769e-01
6.075588999792811228e+04 9.945120349409215521e-01
6.075589025798880903e+04 9.944469460648424075e-01
6.075589051804952032e+04 9.919955798106271372e-01
6.075589077811021707e+04 9.886571054905713973e-01
6.075589103817091382e+04 9.962385447344909162e-01
6.075589129823161784e+04 9.817228171477070386e-01
6.075589155829231458e+04 9.944221580214391842e-01
6.075589181835301861e+04 9.981712000388069939e-01
6.075589207841372263e+04 1.002487426001832826e+00
6.075589233847442665e+04 9.970971562490041906e-01
6.075589259853513067e+04 9.972676482165264700e-01
6.075589285859582742e+04 9.949672839175850436e-01
6.075589311865652417e+04 9.955964332603061129e-01
6.075589337871722819e+04 9.931567188731905693e-01
6.075589363877793221e+04 9.839507212962277372e-01
6.075589389883863623e+04 9.807898940871886406e-01
6.075589415889933298e+04 9.883162477750364605e-01
6.075589441896003700e+04 9.872625841611477604e-01
6.075589467902074102e+04 9.903980938035881199e-01
6.075589493908143777e+04 9.902551007822513185e-01
6.075589519914213452e+04 9.960906284883728201e-01
6.075589545920283854e+04 9.907229348362962540e-01
6.075589571926354256e+04 9.987553928036733142e-01
6.075589597932424658e+04 9.907471910944782856e-01
6.075589623938494333e+04 9.943050126550722068e-01
6.075589649944564735e+04 9.825176262290835627e-01
6.075589675950635137e+04 9.903964756982897022e-01
6.075589701956705539e+04 9.833785184962843262e-01
6.075589727962775942e+04 9.864521739609838358e-01
6.075589753968844889e+04 9.818015053567088479e-01
6.075589779974915291e+04 9.976630496852331165e-01
6.075589805980985693e+04 9.968271020036716390e-01
6.075589831987055368e+04 9.885892191698806286e-01
6.075589857993125770e+04 9.946012306014664350e-01
6.075589883999196172e+04 9.870858093425098900e-01
6.075589910005266574e+04 9.957111122178289309e-01
6.075589936011336977e+04 9.867530032281858210e-01
6.075589962017406651e+04 9.805811380654226861e-01
6.075589988023477054e+04 9.938060123045122651e-01
6.075590014029546728e+04 9.866243176879493371e-01
6.075590040035617130e+04 1.004004436361195296e+00
6.075590066041687533e+04 9.928606043064343023e-01
6.075590092047757207e+04 9.924687420198772259e-01
6.075590118053827609e+04 9.998804321343316426e-01
6.075590144059898012e+04 1.007985953815119906e+00
6.075590170065967686e+04 9.943863016173151159e-01
6.075590196072038816e+04 9.903210748237207817e-01
6.075590222078108491e+04 9.890298783679136729e-01
6.075590248084178893e+04 1.000923801308866601e+00
6.075590274090249295e+04 9.878025063522056781e-01
6.075590300096318242e+04 9.975123260798177682e-01
6.075590326102388644e+04 1.002286721650168522e+00
6.075590352108459047e+04 9.915467843759182553e-01
6.075590378114529449e+04 9.908666058934374465e-01
6.075590404120599851e+04 9.940564942692320383e-01
6.075590430126669526e+04 9.983317146464729674e-01
6.075590456132739928e+04 9.953432599076948994e-01
6.075590482138810330e+04 9.984329916790403159e-01
6.075590508144880732e+04 9.978736909105191399e-01
6.075590534150951135e+04 9.942840721350948430e-01
6.075590560157020809e+04 9.978521182682428270e-01
6.075590586163091211e+04 1.006665009289094082e+00
6.075590612169160886e+04 9.909057086108505885e-01
6.075590638175230561e+04 9.958255409020501103e-01
6.075590664181300963e+04 1.003509451185768508e+00
6.075590690187371365e+04 1.000013862911293350e+00
6.075590716193441767e+04 1.007014674825673417e+00
6.075590742199512169e+04 1.002849984181435783e+00
6.075590768205581844e+04 1.000589654938512485e+00
6.075590794211652246e+04 1.004253901285693473e+00
6.075590820217722649e+04 1.003942033414188639e+00
6.075590846223793051e+04 9.977674136245777703e-01
6.075590872229863453e+04 1.001396669525126404e+00
6.075590898235933128e+04 9.984488722436920538e-01
6.075590924242003530e+04 9.964269193196551022e-01
6.075590950248073932e+04 1.007748381894400191e+00
6.075591106051386305e+04 9.983327398607501069e-01
6.075591132057445793e+04 9.966544965049551896e-01
6.075591158063505281e+04 1.001265764127600821e+00
6.075591184069564770e+04 1.001753657750906301e+00
6.075591210075624258e+04 1.002906314035553414e+00
6.075591236081683746e+04 1.013347327133267362e+00
6.075591262087743235e+04 1.004699749711726930e+00
6.075591288093802723e+04 1.002040454336210251e+00
6.075591314099862211e+04 1.005072774873847941e+00
6.075591340105922427e+04 1.006776273776624153e+00
6.075591366111981915e+04 9.994247363396667749e-01
6.075591392118041404e+04 1.001441362758426878e+00
6.075591418124100892e+04 1.005646769063641699e+00
6.075591444130160380e+04 9.963773030986744494e-01
6.075591470136219868e+04 1.008298554707441230e+00
6.075591496142279357e+04 1.000145517806421580e+00
6.075591522148338845e+04 1.010002975503556222e+00
6.075591548154399061e+04 1.001541962074932623e+00
6.075591574160458549e+04 1.003110333475754068e+00
6.075591600166518037e+04 1.003591538263844063e+00
6.075591626172577526e+04 1.012695475817529500e+00
6.075591652178637742e+04 9.995501942868221246e-01
6.075591678184697230e+04 1.011842311801059990e+00
6.075591704190756718e+04 1.002679287391351926e+00
6.075591730196816206e+04 1.006184024005636113e+00
6.075591756202875695e+04 1.000639052230332782e+00
6.075591782208935183e+04 1.002951601062050946e+00
6.075591808214994671e+04 9.964771476153417851e-01
6.075591834221054160e+04 1.007170191252720226e+00
6.075591860227113648e+04 1.008911081266219423e+00
6.075591886233173136e+04 1.010689944068018820e+00
6.075591912239232624e+04 1.002851552425579662e+00
6.075591938245292840e+04 1.011861596999954260e+00
6.075591964251352329e+04 1.000350888442915753e+00
6.075591990257411817e+04 1.014511653860366680e+00
6.075592016263471305e+04 1.010649665571533129e+00
6.075592042269530793e+04 1.010864761167019399e+00
6.075592068275590282e+04 1.011371708115242019e+00
6.075592094281649770e+04 1.001334321038818587e+00
6.075592120287709986e+04 1.008174872150031209e+00
6.075592146293769474e+04 1.000763266387108885e+00
6.075592172299828962e+04 1.002272471542731802e+00
6.075592198305888451e+04 1.006817819922516399e+00
6.075592224311948667e+04 1.014652180856848496e+00
6.075592250318008155e+04 1.014844105974929578e+00
6.075592276324067643e+04 1.005630085143348840e+00
6.075592302330127131e+04 1.006110344041065030e+00
6.075592328336186620e+04 1.012447960742895114e+00
6.075592354342246108e+04 1.014347047321372042e+00
6.075592380348305596e+04 1.007431932358754167e+00
6.075592406354365812e+04 1.011441012833560471e+00
6.075592432360425300e+04 1.006844971601256411e+00
6.075592458366484789e+04 1.003419759788491961e+00
6.075592484372544277e+04 1.014092640502736842e+00
6.075592510378604493e+04 1.015582131513037112e+00
6.075592536384663981e+04 1.008355088022737434e+00
6.075592562390723469e+04 1.004048804165549758e+00
6.075592588396782958e+04 1.022602081635813898e+00
6.075592614402842446e+04 1.009602518785221115e+00
6.075592640408901934e+04 1.012179252946400876e+00
6.075592666414961423e+04 1.017129956995477702e+00
6.075592692421020911e+04 1.013938115120637473e+00
6.075592718427081127e+04 1.004449588193327969e+00
6.075592744433140615e+04 1.008255646608788858e+00
6.075592770439200103e+04 1.014111214977736042e+00
6.075592796445260319e+04 1.011666063319901721e+00
6.075592822451319807e+04 1.010406631211354433e+00
6.075592848457379296e+04 9.993505399004197765e-01
6.075592874463438784e+04 1.002575791700527130e+00
6.075592900469498272e+04 1.008457997150995489e+00
6.075592926475557761e+04 1.010218476873160354e+00
6.075592952481617249e+04 9.997902486041136960e-01
6.075592978487676737e+04 1.010367904451912269e+00
6.075593004493736953e+04 1.005380947713336415e+00
6.075593030499796441e+04 1.008987635922458548e+00
6.075593056505855930e+04 1.014131102117302508e+00
6.075593082511916145e+04 1.005864476267443131e+00
6.075593108517975634e+04 1.004882398873486293e+00
6.075593134524035122e+04 1.014137028592576817e+00
6.075593160530094610e+04 1.018861924229610416e+00
6.075593186536154099e+04 1.015956460273969242e+00
6.075593212542213587e+04 1.006850401459800093e+00
6.075593238548273075e+04 1.011581141889490443e+00
6.075593264554332563e+04 1.014430167260453208e+00
6.075593290560392779e+04 1.007050567784673056e+00
6.075593316566452268e+04 1.008768701877350571e+00
6.075593342572511756e+04 1.005484536778575189e+00
6.075593368578571244e+04 1.011898919685638498e+00
6.075593394584631460e+04 1.015836732773310658e+00
6.075593420590690948e+04 1.002763872132699685e+00
6.075593446596750437e+04 1.014452517748853921e+00
6.075593472602809925e+04 1.009575862072607189e+00
6.075593498608869413e+04 1.007860487498029256e+00
6.075593524614928901e+04 1.007254691502145860e+00
6.075593550620988390e+04 1.019660521476136283e+00
6.075593576627048606e+04 1.009110769748154057e+00
6.075593602633108094e+04 9.990748004573350993e-01
6.075593628639167582e+04 1.010812614644343466e+00
6.075593654645227070e+04 9.958388966150750754e-01
6.075593680651287286e+04 1.014722236209819384e+00
6.075593706657346775e+04 1.011811550832562245e+00
6.075593732663406263e+04 1.001502353183966187e+00
6.075593758669465751e+04 9.998181260641729740e-01
6.075593784675525239e+04 1.016774106531718624e+00
6.075593810681584728e+04 1.013437072675687167e+00
6.075593836687644216e+04 1.011404427555776309e+00
6.075593862693704432e+04 1.019656099603731825e+00
6.075593888699763920e+04 1.014352313261728478e+00
6.075593914705823408e+04 1.003918058263001623e+00
6.075593940711883624e+04 1.001001978798672143e+00
6.075594106598430517e+04 1.004904649336074041e+00
6.075594132604500919e+04 1.008984984527556250e+00
6.075594158610571321e+04 1.001820491477156017e+00
6.075594184616640996e+04 1.007739540570220305e+00
6.075594210622711398e+04 1.015435489449521889e+00
6.075594236628781800e+04 1.004134764177591954e+00
6.075594262634852203e+04 1.014513219954663814e+00
6.075594288640922605e+04 1.008679618658772759e+00
6.075594314646992279e+04 1.008707132362762993e+00
6.075594340653063409e+04 1.008128212150399827e+00
6.075594366659133811e+04 1.006535463799247854e+00
6.075594392665203486e+04 1.012235200000010993e+00
6.075594418671273888e+04 1.007983456050624893e+00
6.075594444677344291e+04 1.014224829168101749e+00
6.075594470683414693e+04 1.011298567687843430e+00
6.075594496689485095e+04 1.001801712502411901e+00
6.075594522695554770e+04 9.981952806112250887e-01
6.075594548701625172e+04 1.009131208841780314e+00
6.075594574707695574e+04 1.004018777666299433e+00
6.075594600713765976e+04 9.962706512851581264e-01
6.075594626719836378e+04 1.020492482505401144e+00
6.075594652725906053e+04 1.005461907765225371e+00
6.075594678731976455e+04 1.003047164377637523e+00
6.075594704738046858e+04 1.006706001693979946e+00
6.075594730744116532e+04 1.000544193504106616e+00
6.075594756750187662e+04 1.001972879975407515e+00
6.075594782756257337e+04 1.013100101851400536e+00
6.075594808762328466e+04 9.976986780414779377e-01
6.075594834768398869e+04 1.000371131697233684e+00
6.075594860774468543e+04 1.004828075729786940e+00
6.075594886780538945e+04 1.005709451670654397e+00
6.075594912786609348e+04 1.006325879919371946e+00
6.075594938792679750e+04 1.001982421405586798e+00
6.075594964798750152e+04 1.003862755147645780e+00
6.075594990804819827e+04 1.009456102020656720e+00
6.075595016810890229e+04 1.011802980062996182e+00
6.075595042816960631e+04 1.006141072779648260e+00
6.075595068823031033e+04 1.000431396795120831e+00
6.075595094829101436e+04 9.985094921713848493e-01
6.075595120835171110e+04 9.952755708024342285e-01
6.075595146841241512e+04 1.001370272610325518e+00
6.075595172847312642e+04 9.998536027387303626e-01
6.075595198853382317e+04 9.960366160967405458e-01
6.075595224859452719e+04 9.968298180046996082e-01
6.075595250865523121e+04 9.933288789632480631e-01
6.075595276871593524e+04 1.000180333681158551e+00
6.075595302877663926e+04 9.973685554244692275e-01
6.075595328883733600e+04 1.008188226144690169e+00
6.075595354889804003e+04 1.009463166530653488e+00
6.075595380895874405e+04 9.972148183262985466e-01
6.075595406901944807e+04 9.960231096417013763e-01
6.075595432908015209e+04 9.996249866578371668e-01
6.075595458914084884e+04 1.004028505255856851e+00
6.075595484920156014e+04 9.944010934851131855e-01
6.075595510926226416e+04 9.978173366731655225e-01
6.075595536932296091e+04 1.001929719105032257e+00
6.075595562938366493e+04 1.006068495466458046e+00
6.075595588944436895e+04 1.002141447172133049e+00
6.075595614950507297e+04 9.954196611706103148e-01
6.075595640956577699e+04 9.969380652028970724e-01
6.075595666962647374e+04 9.977130917415927280e-01
6.075595692968717776e+04 9.954436478725426918e-01
6.075595718974788178e+04 9.986164110708138919e-01
6.075595744980858581e+04 9.987445633574261183e-01
6.075595770986929710e+04 9.999318685977305332e-01
6.075595796992999385e+04 9.925422141469191217e-01
6.075595822999069787e+04 1.000915635935431425e+00
6.075595849005140190e+04 9.965218813798840669e-01
6.075595875011209864e+04 9.878140301279237923e-01
6.075595901017280994e+04 9.971181100186086166e-01
6.075595927023350669e+04 9.960110666312282923e-01
6.075595953029421071e+04 9.864813287852295387e-01
6.075595979035491473e+04 9.923351267603865988e-01
6.075596005041561148e+04 9.954573660340243491e-01
6.075596031047632277e+04 9.868314183962583197e-01
6.075596057053702680e+04 1.001644405736495713e+00
6.075596083059773082e+04 9.944490803298946524e-01
6.075596109065843484e+04 9.932603740306451545e-01
6.075596135071913159e+04 9.914454621499834142e-01
6.075596161077983561e+04 9.902056565187892234e-01
6.075596187084053963e+04 9.966957202826514095e-01
6.075596213090124365e+04 9.896112970243648999e-01
6.075596239096194768e+04 9.999330875048256795e-01
6.075596265102265170e+04 9.931741931215053443e-01
6.075596291108335572e+04 9.973762764348277354e-01
6.075596317114405974e+04 9.909669290087582683e-01
6.075596343120475649e+04 9.913640290657498300e-01
6.075596369126546051e+04 9.877246965959833869e-01
6.075596395132616453e+04 9.865835427674204405e-01
6.075596421138686856e+04 9.845017378207739922e-01
6.075596447144757258e+04 9.900679782171573073e-01
6.075596473150827660e+04 9.894404145624009494e-01
6.075596499156898062e+04 9.906493082688390128e-01
6.075596525162968464e+04 9.886311932310939410e-01
6.075596551169038867e+04 9.994222542524662245e-01
6.075596577175109269e+04 9.889797164168939725e-01
6.075596603181178943e+04 9.971646892190050293e-01
6.075596629187249346e+04 9.917976550363967192e-01
6.075596655193319748e+04 9.963396530529763373e-01
6.075596681199390150e+04 9.924775083375013685e-01
6.075596707205460552e+04 9.869854847506497331e-01
6.075596733211530955e+04 9.794644084587695865e-01
6.075596759217601357e+04 9.896582169265037976e-01
6.075596785223671759e+04 9.980280029417279986e-01
6.075596811229741434e+04 9.956054681918787841e-01
6.075596837235811836e+04 9.958787504947538283e-01
6.075596863241882238e+04 9.932224015412640661e-01
6.075596889247953368e+04 1.000456071247110890e+00
6.075596915254023770e+04 9.908107267253721817e-01
6.075596941260093445e+04 9.842614897292641940e-01
6.075597102105359954e+04 9.829374625744222715e-01
6.075597128111420170e+04 9.967002927909476284e-01
6.075597154117479658e+04 9.885198289031263963e-01
6.075597180123539147e+04 9.799509429146668893e-01
6.075597206129598635e+04 9.806238124001019907e-01
6.075597232135658123e+04 9.842282240409101490e-01
6.075597258141718339e+04 9.916502626794512221e-01
6.075597284147777827e+04 9.912083295675132577e-01
6.075597310153837316e+04 9.902132938489992542e-01
6.075597336159897532e+04 1.007517167357725230e+00
6.075597362165957020e+04 9.825383206748586895e-01
6.075597388172016508e+04 9.905422004996480290e-01
6.075597414178077452e+04 9.864344562515379167e-01
6.075597440184136940e+04 9.899838419361483011e-01
6.075597466190196428e+04 9.949800211761564706e-01
6.075597492196255916e+04 9.862853799679202060e-01
6.075597518202315405e+04 9.987264224749921038e-01
6.075597544208374893e+04 9.960805020917760100e-01
6.075597570214434381e+04 9.937079947752296416e-01
6.075597596220494597e+04 9.870982454111797422e-01
6.075597622226554813e+04 9.789107070137516020e-01
6.075597648232614301e+04 9.867263007431766875e-01
6.075597674238673790e+04 9.956815698986870578e-01
6.075597700244734006e+04 9.933517561934438467e-01
6.075597726250793494e+04 9.934230770303087432e-01
6.075597752256853710e+04 9.991235650999927831e-01
6.075597778262913198e+04 9.929762288288673799e-01
6.075597804268972686e+04 9.899315104908995577e-01
6.075597830275032175e+04 9.953136344833398708e-01
6.075597856281091663e+04 9.843027262178579706e-01
6.075597882287151151e+04 9.929359554902527085e-01
6.075597908293212095e+04 9.913357432071715492e-01
6.075597934299271583e+04 9.912553487602067115e-01
6.075597960305331071e+04 9.904908925171309608e-01
6.075597986311390559e+04 9.865203915137370494e-01
6.075598012317450775e+04 1.000553842704979379e+00
6.075598038323510264e+04 9.774491347314817613e-01
6.075598064329570479e+04 9.875794753105169299e-01
6.075598090335629968e+04 9.923797137486359832e-01
6.075598116341689456e+04 9.926901334941196087e-01
6.075598142347748944e+04 9.965644141067225847e-01
6.075598168353808433e+04 9.975031720629108367e-01
6.075598194359869376e+04 1.001840132995174493e+00
6.075598220365928864e+04 9.973423139443029495e-01
6.075598246371988353e+04 9.977887734136818843e-01
6.075598272378047841e+04 9.956019861099719703e-01
6.075598298384108057e+04 9.982803293016201396e-01
6.075598324390167545e+04 9.921438952076435669e-01
6.075598350396227761e+04 9.958894720337133633e-01
6.075598376402287249e+04 1.000287210000216920e+00
6.075598402408346738e+04 1.001145008449168206e+00
6.075598428414406226e+04 9.917448604225588271e-01
6.075598454420465714e+04 9.871312977570720903e-01
6.075598480426526658e+04 9.987344481472881785e-01
6.075598506432586146e+04 9.869405164970403987e-01
6.075598532438645634e+04 9.868508791192571739e-01
6.075598558444705122e+04 9.987245370625603691e-01
6.075598584450765338e+04 9.998841818333475961e-01
6.075598610456825554e+04 1.006399108224770078e+00
6.075598636462885042e+04 9.898414812244039629e-01
6.075598662468944531e+04 9.959779653623307416e-01
6.075598688475004019e+04 1.006338241129542066e+00
6.075598714481063507e+04 1.000287568483991141e+00
6.075598740487123723e+04 9.979603152336690153e-01
6.075598766493183211e+04 9.978531202801076416e-01
6.075598792499243427e+04 9.925283868616396887e-01
6.075598818505302916e+04 9.946686502368156102e-01
6.075598844511362404e+04 9.985706861043081028e-01
6.075598870517423347e+04 1.005575011551228304e+00
6.075598896523482836e+04 9.884114004202870785e-01
6.075598922529542324e+04 9.902043205164567929e-01
6.075598948535601812e+04 9.995425631911458719e-01
6.075598974541661300e+04 9.966504053366294080e-01
6.075599000547721516e+04 9.990408687604714899e-01
6.075599026553781005e+04 9.990387072403148494e-01
6.075599052559840493e+04 1.012271827103883526e+00
6.075599078565900709e+04 9.987055742949343395e-01
6.075599104571960197e+04 9.982177400112443033e-01
6.075599130578020413e+04 1.006071656738340314e+00
6.075599156584080629e+04 1.000716483631489240e+00
6.075599182590140117e+04 9.970446242399638725e-01
6.075599208596199605e+04 9.932614730953766013e-01
6.075599234602259094e+04 9.978106358577987223e-01
6.075599260608319310e+04 1.004150862865903715e+00
6.075599286614378798e+04 1.002204981542616391e+00
6.075599312620438286e+04 1.005860664785698022e+00
6.075599338626497774e+04 1.014882182712250724e+00
6.075599364632558718e+04 9.958210820566545385e-01
6.075599390638618206e+04 1.002189016576626956e+00
6.075599416644677694e+04 1.002235745431067526e+00
6.075599442650737910e+04 1.005756097147601391e+00
6.075599468656797399e+04 1.004192287445739185e+00
6.075599494662857614e+04 1.010513256177299590e+00
6.075599520668917103e+04 1.004143938886068455e+00
6.075599546674976591e+04 1.003866324893984752e+00
6.075599572681036079e+04 1.011854570453299740e+00
6.075599598687096295e+04 9.996076622214660201e-01
6.075599624693155783e+04 1.002084460847054492e+00
6.075599650699215999e+04 1.007188089772495188e+00
6.075599676705275488e+04 1.004025790625370673e+00
6.075599702711334976e+04 9.993791142742838307e-01
6.075599728717395192e+04 9.994288247376286183e-01
6.075599754723455408e+04 9.974056981788288478e-01
6.075599780729514896e+04 1.006500314876154212e+00
6.075599806735574384e+04 1.006054817185507488e+00
6.075599832741634600e+04 1.009975305033075310e+00
6.075599858747694088e+04 1.011337763117077682e+00
6.075599884753753577e+04 9.971481217815512110e-01
6.075599910759813065e+04 1.003489199821771427e+00
6.075599936765874008e+04 9.980097436969684876e-01
6.075600091310295102e+04 1.001231521199479779e+00
6.075600117316365504e+04 9.986219167120660156e-01
6.075600143322435179e+04 1.004399875939604669e+00
6.075600169328505581e+04 1.010181672698218236e+00
6.075600195334576711e+04 1.003560263869369473e+00
6.075600221340647113e+04 1.016811671992405852e+00
6.075600247346717515e+04 1.012956357071415292e+00
6.075600273352787190e+04 1.011875023879218904e+00
6.075600299358858319e+04 1.003638036113777110e+00
6.075600325364928722e+04 1.005037419945007393e+00
6.075600351370998396e+04 1.011025105188168238e+00
6.075600377377069526e+04 1.010079746893452368e+00
6.075600403383139928e+04 1.005319276729477185e+00
6.075600429389210331e+04 1.013028606064472648e+00
6.075600455395280733e+04 1.008722582902540355e+00
6.075600481401350407e+04 1.013037962540230597e+00
6.075600507407421537e+04 1.000136747708814555e+00
6.075600533413491939e+04 1.005673746777759225e+00
6.075600559419562342e+04 1.011877224619116111e+00
6.075600585425632744e+04 1.003173331043067051e+00
6.075600611431703146e+04 1.016980148265707928e+00
6.075600637437773548e+04 1.014103378143085044e+00
6.075600663443843951e+04 1.009372749829689164e+00
6.075600689449914353e+04 1.004891092243424211e+00
6.075600715455985483e+04 1.005310834999632030e+00
6.075600741462055157e+04 1.013162178880654851e+00
6.075600767468125559e+04 1.009995757275388595e+00
6.075600793474195962e+04 1.003956720825657012e+00
6.075600819480266364e+04 1.008042540618535154e+00
6.075600845486336766e+04 1.017290904590624212e+00
6.075600871492407168e+04 1.012980315208120041e+00
6.075600897498478298e+04 1.008513236586846551e+00
6.075600923504548700e+04 1.016024946428254028e+00
6.075600949510618375e+04 1.011330005843590563e+00
6.075600975516688777e+04 1.010296318764154266e+00
6.075601001522759907e+04 1.022310924805038823e+00
6.075601027528830309e+04 1.014029508527632961e+00
6.075601053534900711e+04 1.006558861744747846e+00
6.075601079540970386e+04 1.010377181236996158e+00
6.075601105547041516e+04 1.017951707039692399e+00
6.075601131553111918e+04 1.005772314663428091e+00
6.075601157559181593e+04 1.015994944492122576e+00
6.075601183565252722e+04 1.015837195494432743e+00
6.075601209571323125e+04 1.014471433771890085e+00
6.075601235577393527e+04 1.008225399961152124e+00
6.075601261583463929e+04 1.010196123240432176e+00
6.075601287589534331e+04 1.005108016413084338e+00
6.075601313595604734e+04 1.005341980163409588e+00
6.075601339601675136e+04 1.010006317318388858e+00
6.075601365607746266e+04 1.011007878326600107e+00
6.075601391613816668e+04 1.009867479243816923e+00
6.075601417619886342e+04 1.014137348727396581e+00
6.075601443625956745e+04 1.023421583299771953e+00
6.075601469632027874e+04 1.013521145030370274e+00
6.075601495638097549e+04 1.013304784278236781e+00
6.075601521644168679e+04 1.009204827263716187e+00
6.075601547650239081e+04 1.009590025021265713e+00
6.075601573656309483e+04 1.015140826601227619e+00
6.075601599662379886e+04 1.006893302043093463e+00
6.075601625668450288e+04 1.011457573979457569e+00
6.075601651674520690e+04 1.001744143287526256e+00
6.075601677680591092e+04 1.018175652591469804e+00
6.075601703686661494e+04 1.010780753104055574e+00
6.075601729692732624e+04 1.014081366490521496e+00
6.075601755698802299e+04 1.010775443866768653e+00
6.075601781704872701e+04 1.014144764564471668e+00
6.075601807710943831e+04 1.015073443246017781e+00
6.075601833717014233e+04 1.010984987129602608e+00
6.075601859723084635e+04 1.007798333497971432e+00
6.075601885729155038e+04 1.016992701022328971e+00
6.075601911735225440e+04 1.012020707902952843e+00
6.075601937741295842e+04 1.019478351692878704e+00
6.075601963747365517e+04 1.014118152093081093e+00
6.075601989753436646e+04 1.008304491331936781e+00
6.075602015759507049e+04 9.988316204933157527e-01
6.075602041765577451e+04 1.015936258087769772e+00
6.075602067771648581e+04 1.007442319551704379e+00
6.075602093777718255e+04 1.013155819183900075e+00
6.075602119783788658e+04 1.005103901695505453e+00
6.075602145789859787e+04 1.008616046796683596e+00
6.075602171795930190e+04 1.008322653433111782e+00
6.075602197802000592e+04 1.009601328274733145e+00
6.075602223808070994e+04 1.010294958714453184e+00
6.075602249814141396e+04 1.018758827001227329e+00
6.075602275820211798e+04 1.011133607251487820e+00
6.075602301826282201e+04 1.013505780244402965e+00
6.075602327832352603e+04 1.007911180290956166e+00
6.075602353838423005e+04 1.011318154582251383e+00
6.075602379844494135e+04 1.014488582224509328e+00
6.075602405850564537e+04 1.003077762374396276e+00
6.075602431856634212e+04 1.014836042227387658e+00
6.075602457862704614e+04 1.013550769809530738e+00
6.075602483868775744e+04 1.008513091338010259e+00
6.075602509874846146e+04 1.005993679911635796e+00
6.075602535880916548e+04 1.000091205227003455e+00
6.075602561886986950e+04 1.012465577469275457e+00
6.075602587893057353e+04 1.006439752964124912e+00
6.075602613899127755e+04 1.005458724371090184e+00
6.075602639905198885e+04 1.001172434271222267e+00
6.075602665911269287e+04 1.005238212338014137e+00
6.075602691917338962e+04 1.005965064471798120e+00
6.075602717923410091e+04 1.004982796465073269e+00
6.075602743929480494e+04 1.008141133642233456e+00
6.075602769935550168e+04 1.009032186543458387e+00
6.075602795941621298e+04 9.937681674868868997e-01
6.075602821947691700e+04 1.009351524342591899e+00
6.075602847953762102e+04 1.007249962093416995e+00
6.075602873959833232e+04 1.008648432876753098e+00
6.075602899965902907e+04 1.004222884152065065e+00
6.075602925971973309e+04 1.008232670267985576e+00
6.075603093119423283e+04 1.001287135145828788e+00
6.075603119125482772e+04 1.000221185481450448e+00
6.075603145131542988e+04 9.998442130152042084e-01
6.075603171137602476e+04 1.000835705887097360e+00
6.075603197143662692e+04 1.000582152950334924e+00
6.075603223149722908e+04 1.006955923207086157e+00
6.075603249155782396e+04 1.000622770657571436e+00
6.075603275161842612e+04 9.988131807395135286e-01
6.075603301167902100e+04 1.000879624082561481e+00
6.075603327173962316e+04 9.966601094299090136e-01
6.075603353180022532e+04 9.994199284458900046e-01
6.075603379186082020e+04 1.001643510705491291e+00
6.075603405192141508e+04 1.002738654343049873e+00
6.075603431198201724e+04 1.000292430390768095e+00
6.075603457204261213e+04 9.994695384286672590e-01
6.075603483210320701e+04 1.002702573645739337e+00
6.075603509216381644e+04 1.006532285369351465e+00
6.075603535222441133e+04 9.926075765882341750e-01
6.075603561228501349e+04 1.010565861969318746e+00
6.075603587234560837e+04 1.002868410994426362e+00
6.075603613240621053e+04 1.005858994691610109e+00
6.075603639246681269e+04 9.889395833210173903e-01
6.075603665252740757e+04 9.961656125653529648e-01
6.075603691258800245e+04 1.011318564540696574e+00
6.075603717264860461e+04 9.971018680455961958e-01
6.075603743270919949e+04 1.000346441018437504e+00
6.075603769276979438e+04 1.001822569024596765e+00
6.075603795283040381e+04 9.957366429837233301e-01
6.075603821289099869e+04 9.960871273061582265e-01
6.075603847295160085e+04 9.903986612845712134e-01
6.075603873301219573e+04 1.000401254577333088e+00
6.075603899307279789e+04 9.927686596214548853e-01
6.075603925313340005e+04 9.960481838363066664e-01
6.075603951319399494e+04 9.982903828311298078e-01
6.075603977325458982e+04 1.001098203332460246e+00
6.075604003331519198e+04 1.005586702696366297e+00
6.075604029337578686e+04 9.943541644374209731e-01
6.075604055343638902e+04 1.000497400428148387e+00
6.075604081349698390e+04 1.000195557517005840e+00
6.075604107355758606e+04 9.940973052986818992e-01
6.075604133361818822e+04 9.970127167833139348e-01
6.075604159367878310e+04 9.985383248974687431e-01
6.075604185373938526e+04 9.987861478915653901e-01
6.075604211379998742e+04 9.956875405219730579e-01
6.075604237386058230e+04 9.892492303715483271e-01
6.075604263392118446e+04 9.960318899531660497e-01
6.075604289398177934e+04 9.973813876306208970e-01
6.075604315404237423e+04 9.890700274110799661e-01
6.075604341410297639e+04 9.899892930075360198e-01
6.075604367416357127e+04 1.009727824526859052e+00
6.075604393422418070e+04 9.986409971041766420e-01
6.075604419428477559e+04 9.977434528298979588e-01
6.075604445434537047e+04 9.959769107393291465e-01
6.075604471440597990e+04 1.000681006556339625e+00
6.075604497446657479e+04 9.938074320351684143e-01
6.075604523452717694e+04 9.961311201927425252e-01
6.075604549458777183e+04 1.002706627024811503e+00
6.075604575464836671e+04 1.005121057401918483e+00
6.075604601470896887e+04 1.001722904223411259e+00
6.075604627476956375e+04 9.998673551612908827e-01
6.075604653483016591e+04 9.889202993338929160e-01
6.075604679489076807e+04 9.901901543471898215e-01
6.075604705495136295e+04 9.919800465395288702e-01
6.075604731501196511e+04 9.875972452283440228e-01
6.075604757507256727e+04 9.893771400610238409e-01
6.075604783513316943e+04 9.999369781095950316e-01
6.075604809519376431e+04 9.961362605892306599e-01
6.075604835525435919e+04 9.880205788062373928e-01
6.075604861531496135e+04 9.789787512981777962e-01
6.075604887537555624e+04 9.925820210247743303e-01
6.075604913543615839e+04 9.844143945350114500e-01
6.075604939549675328e+04 9.923802742706842039e-01
6.075604965555735544e+04 9.925614177561569162e-01
6.075604991561795759e+04 9.934531235656547388e-01
6.075605017567855248e+04 9.940227611477459035e-01
6.075605043573915464e+04 9.885477376701858887e-01
6.075605069579975680e+04 9.945374806698593639e-01
6.075605095586035168e+04 9.815782514690148952e-01
6.075605121592095384e+04 9.918180664504463451e-01
6.075605147598154872e+04 9.951967137676610564e-01
6.075605173604215088e+04 9.852280325015293494e-01
6.075605199610274576e+04 9.947936030073274427e-01
6.075605225616334792e+04 9.944733209238718619e-01
6.075605251622395008e+04 9.829597184632083984e-01
6.075605277628454496e+04 9.959297044999897430e-01
6.075605303634514712e+04 9.961933050773282838e-01
6.075605329640574200e+04 1.003542480478540888e+00
6.075605355646635144e+04 1.001848541507358803e+00
6.075605381652694632e+04 9.983238530601474814e-01
6.075605407658754848e+04 9.963346478065123746e-01
6.075605433664814336e+04 9.986685715366170335e-01
6.075605459670873825e+04 1.003354887702774922e+00
6.075605485676934040e+04 9.884060020749736442e-01
6.075605511682993529e+04 9.871660544173768148e-01
6.075605537689054472e+04 9.965374037430820842e-01
6.075605563695113960e+04 9.955804844308142609e-01
6.075605589701174176e+04 9.852658030942493816e-01
6.075605615707233665e+04 9.893041001510081145e-01
6.075605641713293880e+04 9.863549441419358077e-01
6.075605667719354096e+04 9.958569361129427921e-01
6.075605693725413585e+04 9.948873242078025703e-01
6.075605719731473800e+04 9.861856742043092483e-01
6.075605745737533289e+04 9.948683036102038413e-01
6.075605771743593505e+04 1.000329418975242968e+00
6.075605797749652993e+04 9.907166091520044349e-01
6.075605823755713209e+04 9.897519068604215819e-01
6.075605849761773425e+04 9.932271182145510080e-01
6.075605875767832913e+04 9.909352617831618248e-01
6.075605901773893129e+04 9.909073816735352036e-01
6.075605927779953345e+04 9.860469029700196231e-01
6.075606082322710427e+04 9.840021737629652820e-01
6.075606108328780829e+04 9.911111007560524655e-01
6.075606134334851231e+04 9.913739562970536046e-01
6.075606160340922361e+04 9.918131185326581889e-01
6.075606186346992035e+04 9.923368288281105842e-01
6.075606212353063165e+04 9.849807419096759942e-01
6.075606238359133567e+04 9.859865428266552101e-01
6.075606264365204697e+04 9.922412589775007064e-01
6.075606290371275099e+04 9.891079712245808286e-01
6.075606316377345502e+04 9.814265172417471206e-01
6.075606342383415904e+04 9.918272190147144896e-01
6.075606368389486306e+04 9.909670943490554995e-01
6.075606394395557436e+04 9.924053432163741917e-01
6.075606420401627838e+04 9.844302735841061747e-01
6.075606446407698240e+04 9.887014811717096396e-01
6.075606472413768643e+04 9.801845354668883292e-01
6.075606498419839772e+04 9.978554231670385688e-01
6.075606524425910175e+04 9.919251354777867125e-01
6.075606550431981304e+04 9.874611428463254681e-01
6.075606576438050979e+04 9.900698514774727288e-01
6.075606602444122109e+04 1.000423785437899449e+00
6.075606628450192511e+04 9.901491965926167982e-01
6.075606654456262913e+04 9.996593262328741236e-01
6.075606680462333316e+04 9.897034112316676069e-01
6.075606706468404445e+04 9.898382082968110174e-01
6.075606732474474848e+04 9.906333348656544135e-01
6.075606758480545250e+04 9.840684481117669691e-01
6.075606784486615652e+04 9.974196213889260365e-01
6.075606810492686054e+04 9.937770521094341225e-01
6.075606836498757184e+04 9.991469306802990280e-01
6.075606862504827586e+04 9.903141301186650924e-01
6.075606888510898716e+04 9.972035406591532869e-01
6.075606914516968391e+04 1.005178602568713275e+00
6.075606940523039520e+04 9.913674972208131875e-01
6.075606966529109923e+04 9.953097342771526357e-01
6.075606992535180325e+04 9.901888848943869448e-01
6.075607018541250727e+04 9.965545099700796605e-01
6.075607044547321857e+04 9.940925858084710409e-01
6.075607070553392259e+04 9.871955422736673480e-01
6.075607096559463389e+04 1.003997564865521275e+00
6.075607122565533064e+04 9.975343308221087391e-01
6.075607148571604193e+04 1.000106020928786199e+00
6.075607174577674596e+04 9.945941364857984190e-01
6.075607200583745725e+04 9.942824467061198712e-01
6.075607226589816128e+04 9.900038652327639577e-01
6.075607252595886530e+04 9.944462548399807256e-01
6.075607278601956932e+04 9.943391662978086076e-01
6.075607304608028062e+04 9.914837546229510190e-01
6.075607330614097737e+04 9.980677671299860165e-01
6.075607356620169594e+04 9.943126075277828324e-01
6.075607382626239269e+04 9.862009225533584500e-01
6.075607408632310398e+04 9.985157884191862010e-01
6.075607434638380801e+04 9.964673180034250288e-01
6.075607460644451203e+04 9.852710033012179736e-01
6.075607486650521605e+04 1.000710625530990328e+00
6.075607512656592735e+04 9.977280029728030630e-01
6.075607538662663137e+04 9.986262645561287954e-01
6.075607564668734267e+04 1.003247650570917360e+00
6.075607590674803942e+04 9.920284594528262501e-01
6.075607616680875071e+04 1.004219513310308454e+00
6.075607642686945474e+04 9.988435260564958451e-01
6.075607668693016603e+04 9.963179056170794468e-01
6.075607694699087006e+04 1.005058004676032235e+00
6.075607720705157408e+04 9.930931626807079082e-01
6.075607746711227810e+04 9.920184310953064077e-01
6.075607772717298940e+04 1.000622491967084304e+00
6.075607798723368614e+04 1.007533998158682387e+00
6.075607824729439744e+04 9.933707356777867759e-01
6.075607850735510146e+04 1.006780206229587193e+00
6.075607876741581276e+04 1.002785953339834668e+00
6.075607902747651679e+04 9.882942018381210003e-01
6.075607928753722081e+04 9.991836265459468347e-01
6.075607954759792483e+04 1.007006260919683038e+00
6.075607980765863613e+04 1.002849527933246554e+00
6.075608006771934015e+04 1.005753266826276082e+00
6.075608032778005145e+04 1.000799207885093356e+00
6.075608058784074819e+04 1.000496433032510346e+00
6.075608084790145949e+04 9.959710965719791309e-01
6.075608110796216351e+04 1.001971414840507890e+00
6.075608136802286754e+04 1.003035730535141612e+00
6.075608162808357156e+04 1.011499293241706621e+00
6.075608188814428286e+04 1.003846228595521861e+00
6.075608214820498688e+04 9.984730266117215480e-01
6.075608240826569818e+04 1.001822561402830214e+00
6.075608266832639492e+04 9.995587806577500567e-01
6.075608292838710622e+04 1.002036836967358457e+00
6.075608318844781024e+04 1.003808283651888233e+00
6.075608344850852154e+04 1.007625766902094711e+00
6.075608370856922556e+04 1.011401094141670676e+00
6.075608396862992959e+04 1.008390493301970947e+00
6.075608422869064088e+04 1.005776083411758393e+00
6.075608448875134491e+04 1.006288095460013077e+00
6.075608474881204893e+04 1.012219453406825176e+00
6.075608500887276023e+04 1.002282699024331203e+00
6.075608526893346425e+04 1.002135468689204112e+00
6.075608552899416827e+04 9.974510135427004931e-01
6.075608578905487957e+04 1.012368064801242307e+00
6.075608604911557632e+04 1.010442954305448726e+00
6.075608630917628761e+04 1.007774653550338906e+00
6.075608656923699164e+04 1.003841091475915270e+00
6.075608682929770293e+04 1.004160213084686060e+00
6.075608708935840696e+04 1.002786854834286645e+00
6.075608734941911098e+04 1.015778428584089843e+00
6.075608760947981500e+04 1.017294041630207424e+00
6.075608786954052630e+04 1.018257138745602086e+00
6.075608812960123760e+04 1.016330658025948797e+00
6.075608838966194162e+04 1.017139823129523890e+00
6.075608864972264564e+04 1.012326780923264113e+00
6.075608890978334966e+04 1.015484350785646805e+00
6.075608916984406096e+04 1.003653847180052017e+00
6.075609076569380704e+04 1.003197552832011841e+00
6.075609102575441648e+04 1.009362318942253367e+00
6.075609128581501136e+04 1.001374558212392962e+00
6.075609154587561352e+04 1.009230187374965393e+00
6.075609180593621568e+04 9.956499361387931568e-01
6.075609206599681784e+04 1.012109104099359280e+00
6.075609232605741272e+04 1.008968298300196409e+00
6.075609258611801488e+04 1.002102512827204750e+00
6.075609284617860976e+04 1.006535261621674726e+00
6.075609310623921192e+04 1.000027464603224558e+00
6.075609336629981408e+04 1.010585620444285349e+00
6.075609362636040896e+04 1.009074140914524742e+00
6.075609388642101840e+04 1.014109325838625342e+00
6.075609414648161328e+04 1.011147550594125866e+00
6.075609440654221544e+04 9.926720800379355003e-01
6.075609466660281760e+04 1.004781863839333100e+00
6.075609492666341976e+04 1.003973743427055920e+00
6.075609518672402191e+04 1.009795328244310175e+00
6.075609544678461680e+04 1.009814395406262832e+00
6.075609570684521896e+04 1.002201538908304990e+00
6.075609596690581384e+04 1.015678355644347608e+00
6.075609622696641600e+04 1.011447092554169869e+00
6.075609648702701088e+04 1.009193943278838157e+00
6.075609674708762032e+04 1.012096812376415578e+00
6.075609700714822247e+04 1.009457883564275793e+00
6.075609726720881736e+04 1.009203858047318825e+00
6.075609752726942679e+04 1.009044306354021980e+00
6.075609778733002167e+04 1.016318818107514899e+00
6.075609804739062383e+04 1.025004453689373873e+00
6.075609830745121872e+04 1.009074609332150319e+00
6.075609856751182087e+04 1.013222348362611491e+00
6.075609882757242303e+04 1.005217264353748030e+00
6.075609908763301792e+04 1.007417429924724939e+00
6.075609934769362008e+04 1.003638808316009934e+00
6.075609960775422223e+04 1.014697002961669536e+00
6.075609986781482439e+04 1.010143979863444841e+00
6.075610012787541928e+04 1.023620316589411106e+00
6.075610038793602143e+04 1.013241966003186612e+00
6.075610064799663087e+04 1.010148381201906975e+00
6.075610090805722575e+04 1.003540071317261306e+00
6.075610116811782791e+04 1.007147415497057885e+00
6.075610142817842279e+04 1.002168358117308644e+00
6.075610168823902495e+04 1.011832010833034756e+00
6.075610194829962711e+04 1.018214860312476988e+00
6.075610220836022199e+04 1.012422902117490864e+00
6.075610246842083143e+04 1.002490383307419908e+00
6.075610272848142631e+04 1.006795858854506287e+00
6.075610298854202847e+04 1.018928847110660341e+00
6.075610324860263063e+04 1.012419339542068419e+00
6.075610350866323279e+04 1.019443046032462385e+00
6.075610376872383495e+04 1.017886201362186771e+00
6.075610402878442983e+04 1.011348902219632695e+00
6.075610428884503199e+04 1.006426864060859794e+00
6.075610454890563415e+04 1.012233491101454330e+00
6.075610480896622903e+04 1.009357116924195275e+00
6.075610506902683119e+04 1.005469293607353043e+00
6.075610532908743335e+04 1.011774034841816050e+00
6.075610558914803551e+04 1.011113068992761210e+00
6.075610584920863766e+04 1.009019130963927591e+00
6.075610610926923255e+04 1.007260974357856664e+00
6.075610636932984198e+04 1.012582780779623937e+00
6.075610662939043686e+04 1.011834195674722103e+00
6.075610688945103902e+04 1.004770833689993426e+00
6.075610714951164118e+04 1.000347071741952920e+00
6.075610740957223607e+04 1.000571523241599037e+00
6.075610766963283822e+04 1.011275102103277757e+00
6.075610792969343311e+04 1.004000329058306606e+00
6.075610818975403527e+04 1.000083622711062104e+00
6.075610844981464470e+04 1.004950530486302895e+00
6.075610870987523958e+04 1.019123324894924965e+00
6.075610896993584174e+04 1.008665556085245774e+00
6.075610922999644390e+04 1.012724484665615599e+00
6.075610949005704606e+04 1.004322225675895686e+00
6.075610975011764822e+04 1.000423974843582364e+00
6.075611001017824310e+04 1.004178536453899984e+00
6.075611027023884526e+04 1.010522245541883191e+00
6.075611053029944742e+04 1.003158305587126042e+00
6.075611079036004230e+04 1.003694433681348253e+00
6.075611105042064446e+04 1.000741372712555366e+00
6.075611131048124662e+04 1.003433800917314045e+00
6.075611157054184878e+04 1.001787458294122857e+00
6.075611183060245094e+04 1.003892014098392238e+00
6.075611209066305310e+04 1.010218024209184939e+00
6.075611235072365525e+04 1.009138665332415252e+00
6.075611261078425741e+04 1.007032479419786686e+00
6.075611287084485230e+04 1.001318061463998710e+00
6.075611313090545445e+04 9.987728793152566009e-01
6.075611339096604934e+04 1.006226169346712496e+00
6.075611365102665150e+04 1.002034363581023158e+00
6.075611391108725365e+04 1.004493677509519012e+00
6.075611417114785581e+04 1.007556013557480812e+00
6.075611443120845797e+04 9.990295137053192276e-01
6.075611469126906013e+04 1.000789990832373411e+00
6.075611495132966229e+04 9.909550694878730415e-01
6.075611521139026445e+04 9.967146864065992151e-01
6.075611547145085933e+04 9.988068161897289965e-01
6.075611573151146149e+04 9.991120195381051339e-01
6.075611599157206365e+04 1.005270364378308967e+00
6.075611625163265853e+04 9.949453761115524264e-01
6.075611651169326069e+04 1.000483367996055195e+00
6.075611677175386285e+04 9.994560556842626564e-01
6.075611703181446501e+04 1.007049103018810232e+00
6.075611729187506717e+04 1.000126964868606194e+00
6.075611755193566933e+04 9.929051533389176010e-01
6.075611781199626421e+04 9.956240592380241061e-01
6.075611807205687364e+04 9.906376844015069016e-01
6.075611833211747580e+04 1.005478810545853641e+00
6.075611859217807068e+04 1.000350150653781522e+00
6.075611885223867284e+04 9.944648961525032194e-01
6.075611911229926773e+04 9.872778985610622948e-01
6.075612077117233275e+04 1.005209977306321223e+00
6.075612103123303677e+04 1.007472920719973297e+00
6.075612129129374080e+04 9.997847544291733612e-01
6.075612155135445209e+04 1.012251963587579295e+00
6.075612181141516339e+04 9.992623279734667019e-01
6.075612207147586741e+04 9.977737779797766215e-01
6.075612233153657144e+04 9.955572856203832588e-01
6.075612259159728274e+04 9.914283573417370654e-01
6.075612285165798676e+04 9.963246187059182635e-01
6.075612311171869806e+04 1.003447198973794308e+00
6.075612337177940935e+04 9.926377560261830935e-01
6.075612363184010610e+04 9.875687558238941399e-01
6.075612389190081740e+04 9.913587735706217430e-01
6.075612415196152870e+04 9.912523197483469328e-01
6.075612441202222544e+04 9.943833321653342550e-01
6.075612467208293674e+04 9.985467567676998835e-01
6.075612493214364804e+04 9.918077590603836535e-01
6.075612519220435206e+04 9.953389903909278802e-01
6.075612545226506336e+04 9.949639197510860011e-01
6.075612571232576738e+04 1.003076915720662265e+00
6.075612597238647140e+04 9.904697008074895281e-01
6.075612623244718270e+04 9.947175009944291268e-01
6.075612649250789400e+04 9.926199222424689772e-01
6.075612675256859802e+04 1.002010874439993149e+00
6.075612701262930204e+04 1.004691061529551233e+00
6.075612727269001334e+04 1.002807362231984634e+00
6.075612753275071736e+04 9.967594009931490806e-01
6.075612779281142139e+04 9.957270113148242174e-01
6.075612805287213268e+04 9.979462507142247141e-01
6.075612831293283671e+04 9.828172371711605404e-01
6.075612857299354800e+04 9.964895264255212437e-01
6.075612883305425930e+04 9.906741801968704797e-01
6.075612909311495605e+04 9.965595587812282607e-01
6.075612935317566735e+04 9.828755549129714053e-01
6.075612961323637865e+04 9.909245766679359857e-01
6.075612987329708267e+04 9.952135025801848167e-01
6.075613013335779397e+04 9.956360878489253219e-01
6.075613039341849799e+04 1.003915644490148251e+00
6.075613065347920201e+04 9.949268721231488977e-01
6.075613091353991331e+04 9.877281498239227631e-01
6.075613117360061733e+04 9.968777724252279038e-01
6.075613143366133590e+04 9.929167947855479515e-01
6.075613169372203265e+04 9.929601288969335249e-01
6.075613195378274395e+04 9.845823606381438609e-01
6.075613221384345525e+04 9.885955989387705811e-01
6.075613247390415199e+04 9.858305127168920379e-01
6.075613273396486329e+04 9.877906480893855479e-01
6.075613299402557459e+04 9.906217176120911683e-01
6.075613325408627861e+04 9.967974596821747024e-01
6.075613351414698991e+04 9.819062037679064936e-01
6.075613377420769393e+04 9.869752019610946725e-01
6.075613403426840523e+04 9.858431021152705975e-01
6.075613429432910925e+04 9.941427118076978653e-01
6.075613455438982055e+04 9.851782935582853451e-01
6.075613481445053185e+04 9.928204823815347524e-01
6.075613507451122859e+04 9.997585179151547985e-01
6.075613533457193989e+04 9.943836338655619445e-01
6.075613559463265119e+04 9.962339174627196092e-01
6.075613585469334794e+04 9.924438746178090298e-01
6.075613611475405924e+04 9.964711171182636384e-01
6.075613637481477053e+04 9.891891417860985136e-01
6.075613663487548183e+04 9.886031407048221364e-01
6.075613689493618585e+04 9.870491067340044777e-01
6.075613715499688988e+04 9.837273931423287099e-01
6.075613741505760117e+04 9.883817755586622456e-01
6.075613767511830520e+04 9.879657274354116669e-01
6.075613793517901649e+04 9.917828896129992078e-01
6.075613819523972779e+04 9.754565438642136543e-01
6.075613845530043181e+04 9.942222538315641511e-01
6.075613871536113584e+04 9.920333990201729568e-01
6.075613897542184714e+04 9.943833954230903993e-01
6.075613923548255116e+04 9.859420944179807522e-01
6.075613949554325518e+04 9.884903670821176824e-01
6.075613975560396648e+04 9.948595719503349200e-01
6.075614001566467778e+04 9.977515746378784467e-01
6.075614027572538907e+04 9.943553121218150492e-01
6.075614053578608582e+04 9.967052397941217334e-01
6.075614079584679712e+04 9.906975643314616109e-01
6.075614105590750842e+04 9.874690855820155155e-01
6.075614131596821244e+04 9.942761128206173415e-01
6.075614157602892374e+04 9.905768163552880479e-01
6.075614183608962776e+04 9.898553480209948408e-01
6.075614209615033906e+04 9.874145369403604100e-01
6.075614235621104308e+04 9.903007294615034928e-01
6.075614261627174710e+04 9.905196271249864237e-01
6.075614287633246568e+04 9.942560223428215105e-01
6.075614313639316970e+04 9.898279937927662031e-01
6.075614339645387372e+04 9.837997196360455110e-01
6.075614365651458502e+04 1.003186094487021895e+00
6.075614391657528904e+04 9.856929095590349910e-01
6.075614417663600034e+04 9.969377579697059621e-01
6.075614443669670436e+04 9.975404707405356453e-01
6.075614469675741566e+04 9.933067386545757493e-01
6.075614495681812696e+04 9.931365710618315079e-01
6.075614521687882370e+04 9.894813947612842719e-01
6.075614547693953500e+04 9.970543699800143989e-01
6.075614573700024630e+04 9.936391073793982009e-01
6.075614599706095760e+04 9.933120681402285435e-01
6.075614625712166162e+04 9.974285080928180225e-01
6.075614651718236564e+04 9.894511208045874140e-01
6.075614677724307694e+04 9.947977381215585835e-01
6.075614703730378824e+04 9.911257265646343795e-01
6.075614729736448498e+04 9.888019939293339888e-01
6.075614755742519628e+04 9.947000020673920639e-01
6.075614781748590758e+04 9.907803681476402557e-01
6.075614807754661888e+04 9.989008143872440959e-01
6.075614833760732290e+04 9.847312251963953322e-01
6.075614859766802692e+04 9.987667791609026180e-01
6.075614885772873822e+04 9.932958265541315113e-01
6.075614911778944952e+04 9.973060222116320039e-01
