6.075585120109809941e+04 9.903299177888220672e-01
6.075585146115189855e+04 9.860927109411210534e-01
6.075585172120569769e+04 1.016928625591897450e+00
6.075585198125948955e+04 9.911976939704407741e-01
6.075585224131328869e+04 9.759243526864549434e-01
6.075585250136708783e+04 9.866716436081834907e-01
6.075585276142088696e+04 1.011671335498391500e+00
6.075585302147467883e+04 9.840364926316150784e-01
6.075585328152847796e+04 1.007573700026494601e+00
6.075585354158227710e+04 1.006558879505849546e+00
6.075585380163608352e+04 1.015142578888523772e+00
6.075585406168988993e+04 9.978175569643908949e-01
6.075585432174368179e+04 9.970102392681003955e-01
6.075585458179748093e+04 9.934102946096801112e-01
6.075585484185128007e+04 9.994817247461820209e-01
6.075585510190507921e+04 1.004351552643403700e+00
6.075585536195887107e+04 9.964546335156471146e-01
6.075585562201267021e+04 1.010709408639466123e+00
6.075585588206646935e+04 9.958586668678442999e-01
6.075585614212026849e+04 9.879765677107137378e-01
6.075585640217406763e+04 9.945292211330291066e-01
6.075585666222785949e+04 9.874005397913034887e-01
6.075585692228166590e+04 9.945479096766465243e-01
6.075585718233547232e+04 1.006095585420014427e+00
6.075585744238927145e+04 9.925313372715010019e-01
6.075585770244306332e+04 1.007703787419615082e+00
6.075585796249686246e+04 1.011390163118055519e+00
6.075585822255066159e+04 1.015142664114576876e+00
6.075585848260446073e+04 1.027448992562196572e+00
6.075585874265825987e+04 9.748857818652937324e-01
6.075585900271205173e+04 1.008033194585259640e+00
6.075585926276585087e+04 1.010235886324003074e+00
6.075585952281965001e+04 9.890326525427405313e-01
6.075585978287345642e+04 9.936701783569604762e-01
6.075586004292726284e+04 1.001714035563978866e+00
6.075586030298105470e+04 9.981651969200102670e-01
6.075586056303485384e+04 9.974262260025660298e-01
6.075586082308865298e+04 1.003474684110482462e+00
6.075586108314245212e+04 9.939297069132727591e-01
6.075586134319625125e+04 9.919558750870726138e-01
6.075586160325004312e+04 1.001418627618559487e+00
6.075586186330384226e+04 9.851384976215517009e-01
6.075586212335764139e+04 1.014462257754275232e+00
6.075586238341144053e+04 9.891936757486535781e-01
6.075586264346523967e+04 9.922740014873207004e-01
6.075586290351903881e+04 1.007611535665289049e+00
6.075586316357284522e+04 9.949000298308311452e-01
6.075586342362664436e+04 9.804216292048182346e-01
6.075586368368044350e+04 9.878041897336353738e-01
6.075586394373424264e+04 9.900819169454087021e-01
6.075586420378803450e+04 9.673100865189498965e-01
6.075586446384183364e+04 9.982028498025307117e-01
6.075586472389563278e+04 1.002242738517753917e+00
6.075586498394943192e+04 1.001022950638807529e+00
6.075586524400323106e+04 9.944600128623117818e-01
6.075586550405702292e+04 1.006125425733782164e+00
6.075586576411082933e+04 9.948075467712768072e-01
6.075586602416463575e+04 9.834812814218255594e-01
6.075586628421843488e+04 9.990452104024445390e-01
6.075586654427223402e+04 1.024807641662841107e+00
6.075586680432603316e+04 9.955939794175824309e-01
6.075586706437982502e+04 9.769888123038614758e-01
6.075586732443362416e+04 1.019853569344355337e+00
6.075586758448742330e+04 9.936655362448861828e-01
6.075586784454122244e+04 1.008124412639494150e+00
6.075586810459502158e+04 1.009446060966144865e+00
6.075586836464881344e+04 9.819056557721885792e-01
6.075586862470261258e+04 9.723781898042572758e-01
6.075586888475641899e+04 9.948433564524903350e-01
6.075586914481022541e+04 9.854755003394811697e-01
6.075586940486402455e+04 1.005230477672946821e+00
6.075586966491782368e+04 9.879641787259559882e-01
6.075586992497161555e+04 1.005345348488401402e+00
6.075587018502541468e+04 1.001773316329527264e+00
6.075587044507921382e+04 1.002146295743677973e+00
6.075587070513301296e+04 1.007921527568469422e+00
6.075587096518681210e+04 9.814313428982242016e-01
6.075587122524061124e+04 9.840872413114204464e-01
6.075587148529440310e+04 9.960790289484753313e-01
6.075587174534820952e+04 9.797180656718001979e-01
6.075587200540201593e+04 1.007926132783836692e+00
6.075587226545581507e+04 1.004909081254789838e+00
6.075587252550961421e+04 9.836016694947761208e-01
6.075587278556341334e+04 1.004828141069560976e+00
6.075587304561720521e+04 9.852534734402437211e-01
6.075587330567100435e+04 9.910389487878403791e-01
6.075587356572480348e+04 9.792297406287422401e-01
6.075587382577860262e+04 9.810006420467791699e-01
6.075587408583240176e+04 1.019404912234634253e+00
6.075587434588620090e+04 1.000170185849272864e+00
6.075587460593999276e+04 9.909690776642459120e-01
6.075587486599379918e+04 9.837037815177575029e-01
6.075587512604760559e+04 9.951577927947080626e-01
6.075587538610140473e+04 1.004988074981162605e+00
6.075587564615520387e+04 1.019459129579012080e+00
6.075587590620900301e+04 9.907646281327957549e-01
6.075587616626279487e+04 9.873649840619207474e-01
6.075587642631659401e+04 1.003147734674791458e+00
6.075587668637039314e+04 1.000085078967792862e+00
6.075587694642419228e+04 1.008253910495656935e+00
6.075587720647799142e+04 9.923041964246460678e-01
6.075587746653179056e+04 9.913624502099124269e-01
6.075587772658559697e+04 1.006702951750729991e+00
6.075587798663939611e+04 1.002184139755958547e+00
6.075587824669319525e+04 9.958650864626775734e-01
6.075587850674699439e+04 1.015240665921385288e+00
6.075587876680079353e+04 9.922044855210154779e-01
6.075587902685459267e+04 9.935822286691063931e-01
6.075587928690839180e+04 9.836454443375596268e-01
6.075587954696219094e+04 9.999255890025080529e-01
6.075588115580000158e+04 1.007102860257291788e+00
6.075588141586070560e+04 9.876583773053179138e-01
6.075588167592140235e+04 1.019252321592949428e+00
6.075588193598210637e+04 1.009441271559861741e+00
6.075588219604280312e+04 9.931603593945996789e-01
6.075588245610350714e+04 1.014078953366044367e+00
6.075588271616421116e+04 9.934912433899603101e-01
6.075588297622490791e+04 1.001579566441281655e+00
6.075588323628561193e+04 1.024485797429017575e+00
6.075588349634631595e+04 9.988075744349660390e-01
6.075588375640701997e+04 9.936979521807068894e-01
6.075588401646771672e+04 1.012178790859330269e+00
6.075588427652841347e+04 1.013784922933043120e+00
6.075588453658911749e+04 1.007054139590587871e+00
6.075588479664982151e+04 1.004222404906212729e+00
6.075588505671051826e+04 9.995889113375482360e-01
6.075588531677122955e+04 1.005577548686064526e+00
6.075588557683192630e+04 9.988886488901622673e-01
6.075588583689262305e+04 1.012550449888951487e+00
6.075588609695332707e+04 9.814668617738887546e-01
6.075588635701402382e+04 9.993287328067067543e-01
6.075588661707472784e+04 9.955751809954040965e-01
6.075588687713543186e+04 1.006275280819114437e+00
6.075588713719613588e+04 1.008055802019709013e+00
6.075588739725683263e+04 1.024042421431319516e+00
6.075588765731752937e+04 1.004700178528322496e+00
6.075588791737823340e+04 1.022930653043706783e+00
6.075588817743893742e+04 1.009816491721194698e+00
6.075588843749964144e+04 1.005836164395801591e+00
6.075588869756034546e+04 1.014617783907395543e+00
6.075588895762104221e+04 1.001845228678143185e+00
6.075588921768174623e+04 1.009408997692688326e+00
6.075588947774244298e+04 1.013886834922353319e+00
6.075588973780313972e+04 1.002218614794511131e+00
6.075588999786384375e+04 9.932708471909522663e-01
6.075589025792454777e+04 1.022785084836312475e+00
6.075589051798525179e+04 1.003141543848723671e+00
6.075589077804595581e+04 1.011680064325422679e+00
6.075589103810665256e+04 1.021657397708717552e+00
6.075589129816734931e+04 1.029550514022739005e+00
6.075589155822805333e+04 1.014804557834304566e+00
6.075589181828875735e+04 1.003334324211616169e+00
6.075589207834946137e+04 1.009482740806098233e+00
6.075589233841015812e+04 9.959202133377538235e-01
6.075589259847086214e+04 1.022157539479355171e+00
6.075589285853156616e+04 1.013646655348052095e+00
6.075589311859226291e+04 9.946677324784192198e-01
6.075589337865296693e+04 9.956386614111066846e-01
6.075589363871366368e+04 1.004044251669606203e+00
6.075589389877436770e+04 9.933664022001338356e-01
6.075589415883507172e+04 1.027743354129293074e+00
6.075589441889576847e+04 1.021416855584959871e+00
6.075589467895647249e+04 1.001283192328821459e+00
6.075589493901717651e+04 1.012655179712141917e+00
6.075589519907788053e+04 9.951938502710300227e-01
6.075589545913858456e+04 1.027380879646959677e+00
6.075589571919927403e+04 1.017812107239726371e+00
6.075589597925997805e+04 1.026278925518532059e+00
6.075589623932068207e+04 9.951850241319214474e-01
6.075589649938137882e+04 1.013033409484912273e+00
6.075589675944209012e+04 1.001801260461991028e+00
6.075589701950278686e+04 9.889823905911728774e-01
6.075589727956349088e+04 1.001678980787318540e+00
6.075589753962419491e+04 1.006029616465022425e+00
6.075589779968489165e+04 9.907215437114096357e-01
6.075589805974558840e+04 1.020328140733366862e+00
6.075589831980629242e+04 1.011598923205435208e+00
6.075589857986699644e+04 9.924308242949639869e-01
6.075589883992770046e+04 1.006001338952559276e+00
6.075589909998839721e+04 1.004742683054586472e+00
6.075589936004910123e+04 1.026633640419605253e+00
6.075589962010980526e+04 9.974884488765973778e-01
6.075589988017050928e+04 1.016920309072355977e+00
6.075590014023121330e+04 1.009413501837632676e+00
6.075590040029191005e+04 1.005909806265540052e+00
6.075590066035260679e+04 9.994498292466758027e-01
6.075590092041331081e+04 1.010478504481683304e+00
6.075590118047400756e+04 9.885866934169590392e-01
6.075590144053471158e+04 1.004574907628107194e+00
6.075590170059541560e+04 1.006921478932755409e+00
6.075590196065611963e+04 1.013680005469230094e+00
6.075590222071682365e+04 9.906234121016893601e-01
6.075590248077752040e+04 1.006922318281574746e+00
6.075590274083822442e+04 9.987138742273206082e-01
6.075590300089892844e+04 1.002807009796021998e+00
6.075590326095963246e+04 9.929630222138317031e-01
6.075590352102033648e+04 9.993281064397186997e-01
6.075590378108102595e+04 1.020269790392383635e+00
6.075590404114172998e+04 1.036663098791044346e+00
6.075590430120243400e+04 1.005528944410795322e+00
6.075590456126313074e+04 9.933488725862983371e-01
6.075590482132383477e+04 1.015542406586142476e+00
6.075590508138453879e+04 9.958894403623901326e-01
6.075590534144524281e+04 1.005756435233669865e+00
6.075590560150594683e+04 1.016160679938024503e+00
6.075590586156664358e+04 9.777774997689182568e-01
6.075590612162734760e+04 1.012484212615371026e+00
6.075590638168805162e+04 1.019517905392242962e+00
6.075590664174875565e+04 9.952311036072382100e-01
6.075590690180945239e+04 1.013182828554628934e+00
6.075590716187014914e+04 9.862426857317853068e-01
6.075590742193085316e+04 1.004780098368766694e+00
6.075590768199155718e+04 9.779711170348910354e-01
6.075590794205226121e+04 9.928623481222539349e-01
6.075590820211296523e+04 9.895686613927683339e-01
6.075590846217366197e+04 1.001009766385646538e+00
6.075590872223436600e+04 9.931626664769048762e-01
6.075590898229507002e+04 1.013177239661797291e+00
6.075590924235576676e+04 1.003409604436443781e+00
6.075590950241647079e+04 9.902374740880490744e-01
6.075591106044283515e+04 9.987584230012448439e-01
6.075591132050343003e+04 9.880251422383821147e-01
6.075591158056402492e+04 9.940134212678923831e-01
6.075591184062461980e+04 9.887581096855893037e-01
6.075591210068521468e+04 1.012964826375329030e+00
6.075591236074580956e+04 9.859494542234243930e-01
6.075591262080640445e+04 1.009366654915299755e+00
6.075591288086700661e+04 9.943046736486612636e-01
6.075591314092760149e+04 9.940145740347042791e-01
6.075591340098819637e+04 1.010799849983833543e+00
6.075591366104879125e+04 9.906423161977918612e-01
6.075591392110938614e+04 9.957953843380570325e-01
6.075591418116998102e+04 1.004986269255328635e+00
6.075591444123057590e+04 9.734377043637788551e-01
6.075591470129117079e+04 9.904874152496013773e-01
6.075591496135176567e+04 9.866333882725780713e-01
6.075591522141236055e+04 9.737754058884338093e-01
6.075591548147295543e+04 1.011826870847639892e+00
6.075591574153355032e+04 1.003105822473914666e+00
6.075591600159415248e+04 9.981792244115251789e-01
6.075591626165474736e+04 9.946115691453688568e-01
6.075591652171534224e+04 9.987416192170930351e-01
6.075591678177594440e+04 1.015650713314401266e+00
6.075591704183653928e+04 1.004938273985807706e+00
6.075591730189713417e+04 1.009192512892882920e+00
6.075591756195772905e+04 9.917783958209014372e-01
6.075591782201832393e+04 1.000474941610312030e+00
6.075591808207891881e+04 1.007866094605364360e+00
6.075591834213951370e+04 9.814281089889996812e-01
6.075591860220010858e+04 1.009905501033071529e+00
6.075591886226071074e+04 9.834208389137560902e-01
6.075591912232130562e+04 9.959324105253019033e-01
6.075591938238190050e+04 9.735759290635823682e-01
6.075591964244250266e+04 1.000440803505412646e+00
6.075591990250309755e+04 1.004048841580178042e+00
6.075592016256369243e+04 1.009736528142327394e+00
6.075592042262428731e+04 9.931718980295289878e-01
6.075592068268487492e+04 9.915290508926740687e-01
6.075592094274546980e+04 9.730486720328017647e-01
6.075592120280606468e+04 1.018744053893170687e+00
6.075592146286665957e+04 1.004802408245411671e+00
6.075592172292726173e+04 1.008657227934282252e+00
6.075592198298785661e+04 9.899862240986250228e-01
6.075592224304845149e+04 9.883220524975157018e-01
6.075592250310905365e+04 9.947446878629681022e-01
6.075592276316964853e+04 1.010492071332722341e+00
6.075592302323024342e+04 9.909309013066542882e-01
6.075592328329083830e+04 1.008940186682411033e+00
6.075592354335143318e+04 9.872495424750512560e-01
6.075592380341202806e+04 1.009237091981336709e+00
6.075592406347262295e+04 9.980465730738397045e-01
6.075592432353321783e+04 1.011457740902031333e+00
6.075592458359381999e+04 1.006521536857006183e+00
6.075592484365441487e+04 1.004591430430212595e+00
6.075592510371500975e+04 9.932412487915893706e-01
6.075592536377560464e+04 1.027037476917421754e+00
6.075592562383620680e+04 9.951171582855976583e-01
6.075592588389680168e+04 9.924420518021112025e-01
6.075592614395739656e+04 9.967095735017387215e-01
6.075592640401799144e+04 1.014009579507559211e+00
6.075592666407858633e+04 1.018991478668154649e+00
6.075592692413918121e+04 1.002579748580031405e+00
6.075592718419977609e+04 9.809482967878501158e-01
6.075592744426037825e+04 9.754587873065285741e-01
6.075592770432097313e+04 9.964034737336543435e-01
6.075592796438156802e+04 1.009846632686343337e+00
6.075592822444216290e+04 1.002912002239803257e+00
6.075592848450276506e+04 9.817574266912283409e-01
6.075592874456335994e+04 9.968907391518135874e-01
6.075592900462395482e+04 1.007751406217325396e+00
6.075592926468454971e+04 9.923587598079112171e-01
6.075592952474514459e+04 9.858250308874036971e-01
6.075592978480573947e+04 9.907950540007131046e-01
6.075593004486633436e+04 9.869279593750932555e-01
6.075593030492693651e+04 9.840457679123311152e-01
6.075593056498753140e+04 1.009882111720436848e+00
6.075593082504812628e+04 9.841505144171135422e-01
6.075593108510872116e+04 9.959476826497906110e-01
6.075593134516932332e+04 9.922358266788251502e-01
6.075593160522991820e+04 1.011389227690793646e+00
6.075593186529051309e+04 9.926710956737527791e-01
6.075593212535110797e+04 1.013525549569723960e+00
6.075593238541170285e+04 1.012384276352972901e+00
6.075593264547229774e+04 1.003567412098206324e+00
6.075593290553289262e+04 9.824973855614351770e-01
6.075593316559349478e+04 9.998758112380761176e-01
6.075593342565408966e+04 9.879814876228633080e-01
6.075593368571468454e+04 9.983707329840016964e-01
6.075593394577527943e+04 1.005624649318572761e+00
6.075593420583588158e+04 1.008744171935074263e+00
6.075593446589647647e+04 9.837469243689624943e-01
6.075593472595707135e+04 9.907021866295013801e-01
6.075593498601766623e+04 9.929164629208542259e-01
6.075593524607826112e+04 9.943763183221685509e-01
6.075593550613885600e+04 9.935197105452013844e-01
6.075593576619945088e+04 9.889009981951933925e-01
6.075593602626004576e+04 9.891231359216378083e-01
6.075593628632064792e+04 9.910268622251995341e-01
6.075593654638124281e+04 1.003773250327016253e+00
6.075593680644183769e+04 9.925823650865489567e-01
6.075593706650244712e+04 1.002035622026648420e+00
6.075593732656304201e+04 9.948005032535348624e-01
6.075593758662363689e+04 1.005047042297749105e+00
6.075593784668423177e+04 9.939524338796253966e-01
6.075593810674482665e+04 9.839750247198238986e-01
6.075593836680542154e+04 1.001338096495890673e+00
6.075593862686601642e+04 9.912295898959803120e-01
6.075593888692661130e+04 1.018758362792014704e+00
6.075593914698721346e+04 9.826587200821985668e-01
6.075593940704780834e+04 9.974333520514570006e-01
6.075594106592004391e+04 9.934028123674670807e-01
6.075594132598074066e+04 1.000907654332074292e+00
6.075594158604144468e+04 1.012704179510325986e+00
6.075594184610214870e+04 9.939293778442531702e-01
6.075594210616285272e+04 9.983541705930740751e-01
6.075594236622356402e+04 1.001429133533417337e+00
6.075594262628426077e+04 9.591578892541257062e-01
6.075594288634496479e+04 1.000061937755509334e+00
6.075594314640566881e+04 9.931027569960720891e-01
6.075594340646636556e+04 1.005181976617413930e+00
6.075594366652706958e+04 1.003828381150142057e+00
6.075594392658777360e+04 1.012788392408924043e+00
6.075594418664847763e+04 1.018562074280754626e+00
6.075594444670918165e+04 9.867201309069751902e-01
6.075594470676987839e+04 9.947755993470523972e-01
6.075594496683058242e+04 9.787097485891039783e-01
6.075594522689128644e+04 9.978051262685843081e-01
6.075594548695199046e+04 9.850788965273261644e-01
6.075594574701269448e+04 9.759636122178807494e-01
6.075594600707339123e+04 1.009552429466757717e+00
6.075594626713409525e+04 9.826108008450141762e-01
6.075594652719479927e+04 1.000242678014286346e+00
6.075594678725549602e+04 9.776832658496829032e-01
6.075594704731620732e+04 9.992212888706089036e-01
6.075594730737691134e+04 9.769344620927135070e-01
6.075594756743761536e+04 9.969914038432080572e-01
6.075594782749831938e+04 9.879727905720777636e-01
6.075594808755901613e+04 9.681044676858414633e-01
6.075594834761972015e+04 9.993617012020560297e-01
6.075594860768042417e+04 1.001123982945195667e+00
6.075594886774112820e+04 1.014641891547396924e+00
6.075594912780183222e+04 9.840583610341037124e-01
6.075594938786252897e+04 1.002589148571365385e+00
6.075594964792323299e+04 1.003235014265381642e+00
6.075594990798393701e+04 9.926239646803897143e-01
6.075595016804463376e+04 9.834687976870409853e-01
6.075595042810533778e+04 9.943624317609807139e-01
6.075595068816604180e+04 1.006935980227478211e+00
6.075595094822675310e+04 1.015128461748875610e+00
6.075595120828745712e+04 9.961113220253956513e-01
6.075595146834815387e+04 9.962387606508430471e-01
6.075595172840885789e+04 9.872651828083408576e-01
6.075595198846956191e+04 9.902094411856742218e-01
6.075595224853026593e+04 1.004179318968367207e+00
6.075595250859096996e+04 1.001536368923978459e+00
6.075595276865166670e+04 9.945692002045022351e-01
6.075595302871237072e+04 9.738600720487509133e-01
6.075595328877307475e+04 1.003794644622126420e+00
6.075595354883377149e+04 9.879275634467831191e-01
6.075595380889448279e+04 9.899275096611114266e-01
6.075595406895518681e+04 9.952980544199867552e-01
6.075595432901589083e+04 9.837065415786536704e-01
6.075595458907659486e+04 9.916446938504750452e-01
6.075595484913729160e+04 9.936491942674366973e-01
6.075595510919799563e+04 1.003890610422839780e+00
6.075595536925869965e+04 1.024853483849719638e+00
6.075595562931940367e+04 1.011037437287350738e+00
6.075595588938010769e+04 9.740348190117954497e-01
6.075595614944080444e+04 1.024146302850364121e+00
6.075595640950150846e+04 9.971226370889432200e-01
6.075595666956221248e+04 9.921124058870586238e-01
6.075595692962292378e+04 9.893429356354266346e-01
6.075595718968362780e+04 1.003289983591617140e+00
6.075595744974432455e+04 9.914149192584054138e-01
6.075595770980502857e+04 1.011383846876133363e+00
6.075595796986573259e+04 9.917245620736592215e-01
6.075595822992642934e+04 1.006346729530775530e+00
6.075595848998713336e+04 9.933646051486030304e-01
6.075595875004783738e+04 9.914447757699401675e-01
6.075595901010854141e+04 1.002647961134109256e+00
6.075595927016924543e+04 1.003883754607216350e+00
6.075595953022994945e+04 1.026604336074552259e+00
6.075595979029065347e+04 9.898772903346070295e-01
6.075596005035135749e+04 9.978726753367321844e-01
6.075596031041206152e+04 1.020383669840828622e+00
6.075596057047276554e+04 9.904650727243512476e-01
6.075596083053346229e+04 9.967158309673248562e-01
6.075596109059416631e+04 9.892997494341004838e-01
6.075596135065487033e+04 9.895905902617453398e-01
6.075596161071556708e+04 1.002728542683322344e+00
6.075596187077627110e+04 9.955631228847616754e-01
6.075596213083698240e+04 1.002441568243105818e+00
6.075596239089768642e+04 1.013895360426973147e+00
6.075596265095839044e+04 1.005014981325348833e+00
6.075596291101908719e+04 9.934543955139473193e-01
6.075596317107979121e+04 1.004290102688794262e+00
6.075596343114049523e+04 1.002916599534963815e+00
6.075596369120119925e+04 9.969491318848024974e-01
6.075596395126190328e+04 1.003606721127157986e+00
6.075596421132260730e+04 9.954139413075150378e-01
6.075596447138331132e+04 9.986290250003432289e-01
6.075596473144401534e+04 9.790266530911760912e-01
6.075596499150471209e+04 1.006514235067019536e+00
6.075596525156542339e+04 9.849295178903570980e-01
6.075596551162612013e+04 9.937293847173973571e-01
6.075596577168682416e+04 1.007196239313412622e+00
6.075596603174752818e+04 1.015363939672904836e+00
6.075596629180823220e+04 9.902475790717494286e-01
6.075596655186893622e+04 1.002483025712994191e+00
6.075596681192964024e+04 1.003308788344111635e+00
6.075596707199034427e+04 1.024316189047253856e+00
6.075596733205104829e+04 9.912923239001422138e-01
6.075596759211174503e+04 1.016453567455714246e+00
6.075596785217244906e+04 1.015044093331609165e+00
6.075596811223315308e+04 1.016176723167559359e+00
6.075596837229386438e+04 1.014599019077710773e+00
6.075596863235456840e+04 9.971838365311838093e-01
6.075596889241526515e+04 1.002444292767057599e+00
6.075596915247596917e+04 9.932497635985469975e-01
6.075596941253667319e+04 9.908045018428554007e-01
6.075597102098589676e+04 1.011398571494577014e+00
6.075597128104649892e+04 1.022003207910072931e+00
6.075597154110709380e+04 9.998254008883713517e-01
6.075597180116768868e+04 9.947030537142451667e-01
6.075597206122829084e+04 9.878455407565392976e-01
6.075597232128889300e+04 9.929522948708314756e-01
6.075597258134948788e+04 9.932429063655456858e-01
6.075597284141008276e+04 1.003338171511386712e+00
6.075597310147067765e+04 1.002191831121388654e+00
6.075597336153127253e+04 1.006337027710225041e+00
6.075597362159186741e+04 1.007452682843650527e+00
6.075597388165246957e+04 9.958700199947991827e-01
6.075597414171307173e+04 1.020425987340315199e+00
6.075597440177366661e+04 1.009141701886411724e+00
6.075597466183426150e+04 1.019219661046569581e+00
6.075597492189485638e+04 9.849363014711227660e-01
6.075597518195545854e+04 1.001455120581257185e+00
6.075597544201606070e+04 1.011094697879831417e+00
6.075597570207665558e+04 1.018671528064226228e+00
6.075597596213725046e+04 9.903359219537907210e-01
6.075597622219784535e+04 1.014279354986644899e+00
6.075597648225844023e+04 9.970728405326044763e-01
6.075597674231903511e+04 1.015683651336301008e+00
6.075597700237963727e+04 9.865425674791757915e-01
6.075597726244023943e+04 1.003031281756979531e+00
6.075597752250083431e+04 1.003192338496224689e+00
6.075597778256142919e+04 1.011179623704253627e+00
6.075597804262203135e+04 9.930595503517473110e-01
6.075597830268262624e+04 9.942212223034312402e-01
6.075597856274322839e+04 1.007122233720297633e+00
6.075597882280382328e+04 1.016987445028343817e+00
6.075597908286441816e+04 9.983999363412878747e-01
6.075597934292501304e+04 9.991319647616296873e-01
6.075597960298560793e+04 9.998613493854968670e-01
6.075597986304620281e+04 1.000747799537266225e+00
6.075598012310681224e+04 9.845264545958672953e-01
6.075598038316740713e+04 9.877727682304433543e-01
6.075598064322800201e+04 1.011007915087105191e+00
6.075598090328860417e+04 9.968720054825299659e-01
6.075598116334919905e+04 1.007475115012543609e+00
6.075598142340979393e+04 9.956323480521513947e-01
6.075598168347039609e+04 9.950514744622640517e-01
6.075598194353099097e+04 9.963617943196964033e-01
6.075598220359158586e+04 9.927178712889692669e-01
6.075598246365218074e+04 1.002934882147044293e+00
6.075598272371277562e+04 1.010511374966461373e+00
6.075598298377338506e+04 9.873617978052302568e-01
6.075598324383397994e+04 1.013152780094660477e+00
6.075598350389457482e+04 1.008830002901653700e+00
6.075598376395516971e+04 1.015585978560803460e+00
6.075598402401577187e+04 1.004348928809387642e+00
6.075598428407636675e+04 1.008863067557298931e+00
6.075598454413696891e+04 1.018806884027401383e+00
6.075598480419756379e+04 1.011954593809124558e+00
6.075598506425815867e+04 1.008346655992449215e+00
6.075598532431875356e+04 1.012789119120530046e+00
6.075598558437934844e+04 1.005628514947401353e+00
6.075598584443995787e+04 1.012878289629144613e+00
6.075598610450055276e+04 1.015661253905013162e+00
6.075598636456114764e+04 1.006444508924866588e+00
6.075598662462174252e+04 1.006126119964721788e+00
6.075598688468234468e+04 1.012692978472377492e+00
6.075598714474294684e+04 9.886411919691788786e-01
6.075598740480354172e+04 9.987169509874642692e-01
6.075598766486413660e+04 1.010393718089443560e+00
6.075598792492473149e+04 1.000873279621073531e+00
6.075598818498532637e+04 9.989123141817879414e-01
6.075598844504592853e+04 9.964485217012977181e-01
6.075598870510653069e+04 1.014082930241199554e+00
6.075598896516712557e+04 9.782872371583414273e-01
6.075598922522772045e+04 9.912354962252405421e-01
6.075598948528831534e+04 1.026597400081960876e+00
6.075598974534892477e+04 1.006253237251197197e+00
6.075599000540951965e+04 1.007900511158216661e+00
6.075599026547011454e+04 9.973490689739037407e-01
6.075599052553070942e+04 1.010809288514060267e+00
6.075599078559130430e+04 1.001384599988599522e+00
6.075599104565190646e+04 1.002849152398605614e+00
6.075599130571250134e+04 1.003345011511752372e+00
6.075599156577310350e+04 1.011949219733916383e+00
6.075599182583369839e+04 9.961585275181119581e-01
6.075599208589429327e+04 1.007633849760876332e+00
6.075599234595489543e+04 9.966824474665509914e-01
6.075599260601549759e+04 9.909472720415963831e-01
6.075599286607609247e+04 9.917206610243829434e-01
6.075599312613668735e+04 9.976745363932426613e-01
6.075599338619728951e+04 1.001389762653462912e+00
6.075599364625788439e+04 1.012921502106372662e+00
6.075599390631847928e+04 9.956032470095020903e-01
6.075599416637907416e+04 9.914314928085142808e-01
6.075599442643966904e+04 9.839774861994745603e-01
6.075599468650027848e+04 9.865602181174367713e-01
6.075599494656087336e+04 1.009425033238534608e+00
6.075599520662146824e+04 1.001843461928568990e+00
6.075599546668207040e+04 1.030538760006358245e+00
6.075599572674267256e+04 9.979044750610941428e-01
6.075599598680326744e+04 9.895527652328858226e-01
6.075599624686386232e+04 9.918290680327515041e-01
6.075599650692445721e+04 1.012687058389707406e+00
6.075599676698505209e+04 9.867066225316617478e-01
6.075599702704565425e+04 9.859568332448445105e-01
6.075599728710624913e+04 9.930232140928454410e-01
6.075599754716685129e+04 9.998057436102388840e-01
6.075599780722744617e+04 1.006689312820787885e+00
6.075599806728804833e+04 9.861400555304369320e-01
6.075599832734865049e+04 1.013417536413545816e+00
6.075599858740924537e+04 9.965198319823536099e-01
6.075599884746984026e+04 9.868246487117613430e-01
6.075599910753044242e+04 1.015876658243169306e+00
6.075599936759103730e+04 9.800394610111854421e-01
6.075600091303530644e+04 9.917716080579189741e-01
6.075600117309600319e+04 1.016463870692312810e+00
6.075600143315670721e+04 1.012623043203171758e+00
6.075600169321741851e+04 1.011548142227855385e+00
6.075600195327811525e+04 1.022569766985848894e+00
6.075600221333881927e+04 9.997354849769919394e-01
6.075600247339952330e+04 1.004744444450306862e+00
6.075600273346023459e+04 9.934065912241201168e-01
6.075600299352093862e+04 9.845355936658134466e-01
6.075600325358163536e+04 9.962931806016535052e-01
6.075600351364233939e+04 9.929449558973086898e-01
6.075600377370305068e+04 1.008136510776816541e+00
6.075600403376375471e+04 9.989730251541892869e-01
6.075600429382445873e+04 9.942006870017378040e-01
6.075600455388515547e+04 9.969278995955888067e-01
6.075600481394586677e+04 1.002161634774773935e+00
6.075600507400657079e+04 9.933603599836089426e-01
6.075600533406726754e+04 9.872901921002520398e-01
6.075600559412797884e+04 9.934611576164690261e-01
6.075600585418868286e+04 1.001347898340070985e+00
6.075600611424938688e+04 1.001956250372423307e+00
6.075600637431009091e+04 9.971373054713953410e-01
6.075600663437078765e+04 1.008589040944891213e+00
6.075600689443149895e+04 9.960287786766184315e-01
6.075600715449220297e+04 9.995993142935706288e-01
6.075600741455290699e+04 1.014884400126560449e+00
6.075600767461361102e+04 9.915575587730708351e-01
6.075600793467431504e+04 9.970005380455742028e-01
6.075600819473501906e+04 1.006337979672683458e+00
6.075600845479572308e+04 1.026869003216406728e+00
6.075600871485643438e+04 1.000585647221218233e+00
6.075600897491713840e+04 9.938815223835791857e-01
6.075600923497783515e+04 1.002639537205425979e+00
6.075600949503853917e+04 9.974727498309114981e-01
6.075600975509925047e+04 9.905164470484913997e-01
6.075601001515994722e+04 1.001937845657743686e+00
6.075601027522065124e+04 9.915231099424706152e-01
6.075601053528135526e+04 9.992267465926051306e-01
6.075601079534206656e+04 1.008808982537452659e+00
6.075601105540277058e+04 1.010235793233877688e+00
6.075601131546346733e+04 1.001396111691936097e+00
6.075601157552417862e+04 9.924648151158529386e-01
6.075601183558488265e+04 1.002424829535960127e+00
6.075601209564558667e+04 9.897066865672181635e-01
6.075601235570629069e+04 9.894640135986048080e-01
6.075601261576699471e+04 1.004932215862582856e+00
6.075601287582769874e+04 9.990957284485145751e-01
6.075601313588840276e+04 1.019731501618810210e+00
6.075601339594910678e+04 1.002377843493248877e+00
6.075601365600981080e+04 9.965791453446420922e-01
6.075601391607051482e+04 9.866063660712756089e-01
6.075601417613121885e+04 9.887775475575163453e-01
6.075601443619193014e+04 1.000428070986602247e+00
6.075601469625262689e+04 1.010279007213230829e+00
6.075601495631333091e+04 9.936582423767458261e-01
6.075601521637404221e+04 1.006378362038337748e+00
6.075601547643474623e+04 9.996279822021786332e-01
6.075601573649545026e+04 9.873258454966034048e-01
6.075601599655614700e+04 9.941816072941326299e-01
6.075601625661685830e+04 9.919213130973508763e-01
6.075601651667756232e+04 9.843414883947085858e-01
6.075601677673825907e+04 1.003621713341252386e+00
6.075601703679897764e+04 1.011734673868835532e+00
6.075601729685967439e+04 9.975831238824659497e-01
6.075601755692037841e+04 9.859516082178061414e-01
6.075601781698108971e+04 9.878836200198533035e-01
6.075601807704178646e+04 9.918351192790740845e-01
6.075601833710249048e+04 9.968635485896544246e-01
6.075601859716319450e+04 1.010576900516910070e+00
6.075601885722390580e+04 9.928093232008876612e-01
6.075601911728460982e+04 9.832879016389851623e-01
6.075601937734530657e+04 9.947776847686058410e-01
6.075601963740601786e+04 1.010326736950808213e+00
6.075601989746672189e+04 9.822939509361926502e-01
6.075602015752742591e+04 9.973518476618663531e-01
6.075602041758813721e+04 9.868897861311708430e-01
6.075602067764883395e+04 9.879940383222568512e-01
6.075602093770953798e+04 1.022597301472088382e+00
6.075602119777024927e+04 9.991086242633220316e-01
6.075602145783094602e+04 9.743784035313738379e-01
6.075602171789165004e+04 9.968765534652631599e-01
6.075602197795236134e+04 9.925481452721152120e-01
6.075602223801306536e+04 9.713922752060584198e-01
6.075602249807376938e+04 9.802057403049178053e-01
6.075602275813446613e+04 9.955716472919117210e-01
6.075602301819517743e+04 9.873795310512200052e-01
6.075602327825588145e+04 1.000065701801492235e+00
6.075602353831658547e+04 9.970191011396672964e-01
6.075602379837729677e+04 9.880362208691020331e-01
6.075602405843799352e+04 1.000963664818752319e+00
6.075602431849869754e+04 9.932191410810506937e-01
6.075602457855940884e+04 9.700934557925515733e-01
6.075602483862010558e+04 9.951583831201574748e-01
6.075602509868080961e+04 1.000503827325523787e+00
6.075602535874152090e+04 1.015852491720877104e+00
6.075602561880222493e+04 1.001773569571810629e+00
6.075602587886292895e+04 9.987990983939982748e-01
6.075602613892363297e+04 1.014824543595257866e+00
6.075602639898433699e+04 9.801788936379478567e-01
6.075602665904504101e+04 9.952948739128752997e-01
6.075602691910575231e+04 9.948067778182488885e-01
6.075602717916645634e+04 1.003559664975221422e+00
6.075602743922715308e+04 9.860684202734807391e-01
6.075602769928786438e+04 9.884606248970670972e-01
6.075602795934856840e+04 9.985854055288406750e-01
6.075602821940927242e+04 9.737750057666189063e-01
6.075602847946998372e+04 9.995846755437622910e-01
6.075602873953068047e+04 9.745124195668301015e-01
6.075602899959138449e+04 1.008054064023286456e+00
6.075602925965209579e+04 1.009134090079425894e+00
6.075603093112658098e+04 9.733501311806025402e-01
6.075603119118718314e+04 1.006117421590431160e+00
6.075603145124778530e+04 9.947231995923528913e-01
6.075603171130838018e+04 9.989301363755096475e-01
6.075603197136898234e+04 9.844863340612185487e-01
6.075603223142958450e+04 9.850651844138030855e-01
6.075603249149017938e+04 9.830950662997312017e-01
6.075603275155078154e+04 1.000436822005941195e+00
6.075603301161137642e+04 9.917724084931195394e-01
6.075603327167197858e+04 1.000023816302060942e+00
6.075603353173257346e+04 9.973530671905801448e-01
6.075603379179316835e+04 9.985907940273310857e-01
6.075603405185377051e+04 9.927577138028134129e-01
6.075603431191437267e+04 9.944858628393969946e-01
6.075603457197496755e+04 9.820387009230198139e-01
6.075603483203556971e+04 9.926711547210368414e-01
6.075603509209617187e+04 1.000137343884441199e+00
6.075603535215676675e+04 9.759162261648524073e-01
6.075603561221736891e+04 1.000498719105673340e+00
6.075603587227796379e+04 9.972048354895133304e-01
6.075603613233855867e+04 9.799369786632997625e-01
6.075603639239916083e+04 9.867163897485479174e-01
6.075603665245975571e+04 1.006839891332965919e+00
6.075603691252035787e+04 9.702596884147576262e-01
6.075603717258096003e+04 9.992746007316168910e-01
6.075603743264155491e+04 9.872601140488397320e-01
6.075603769270215707e+04 9.946373715238248092e-01
6.075603795276275196e+04 1.007022318661283444e+00
6.075603821282335412e+04 1.026035499923642291e+00
6.075603847288395627e+04 9.999176800660992681e-01
6.075603873294455116e+04 9.997313414590468517e-01
6.075603899300515332e+04 1.002605301186863640e+00
6.075603925306574820e+04 9.872607310823666715e-01
6.075603951312634308e+04 9.932391707019887495e-01
6.075603977318694524e+04 1.002230344136918250e+00
6.075604003324754740e+04 9.998853558142341003e-01
6.075604029330814228e+04 9.927024487363615979e-01
6.075604055336874444e+04 9.853060853971546962e-01
6.075604081342933932e+04 1.008320206673384067e+00
6.075604107348994876e+04 9.850579768525590252e-01
6.075604133355054364e+04 9.965447829041748085e-01
6.075604159361113852e+04 1.006561168412107854e+00
6.075604185367174068e+04 9.779315141196820438e-01
6.075604211373233557e+04 1.005373985337757903e+00
6.075604237379293045e+04 1.004150273658372061e+00
6.075604263385353261e+04 1.001983162665352811e+00
6.075604289391413477e+04 9.928710522834247598e-01
6.075604315397473692e+04 9.959705381959943482e-01
6.075604341403533181e+04 9.786199855029306116e-01
6.075604367409592669e+04 9.919704932730593061e-01
6.075604393415653612e+04 9.899336927937454345e-01
6.075604419421713101e+04 9.960053464211061636e-01
6.075604445427773317e+04 1.005566028585427985e+00
6.075604471433832805e+04 1.000983605036820823e+00
6.075604497439892293e+04 9.870024403130630564e-01
6.075604523445952509e+04 1.004430491725620156e+00
6.075604549452011997e+04 1.021986967129329793e+00
6.075604575458072213e+04 1.012582371536168813e+00
6.075604601464132429e+04 9.955756016222631066e-01
6.075604627470191917e+04 1.004412756973938059e+00
6.075604653476252133e+04 9.965749799890006866e-01
6.075604679482312349e+04 1.009376756850304924e+00
6.075604705488372565e+04 9.929047370769092939e-01
6.075604731494432053e+04 9.810383589403680604e-01
6.075604757500491542e+04 1.001559665636928553e+00
6.075604783506551757e+04 1.010055510072620955e+00
6.075604809512611246e+04 9.961649033755120008e-01
6.075604835518671462e+04 9.855336312003789567e-01
6.075604861524730950e+04 9.954699157961514056e-01
6.075604887530791166e+04 1.007295212276150043e+00
6.075604913536851382e+04 9.961600174063044433e-01
6.075604939542910870e+04 9.978254150051569793e-01
6.075604965548971813e+04 9.924268165349420245e-01
6.075604991555031302e+04 9.993444083975733250e-01
6.075605017561090790e+04 1.001198794477869081e+00
6.075605043567151006e+04 9.982580294101056628e-01
6.075605069573210494e+04 1.001473905446243373e+00
6.075605095579270710e+04 9.995204201391395538e-01
6.075605121585330198e+04 1.007523624344711433e+00
6.075605147591390414e+04 1.007181482707843134e+00
6.075605173597450630e+04 1.002118572483652326e+00
6.075605199603510118e+04 1.002622004525793642e+00
6.075605225609570334e+04 9.941809060009609844e-01
6.075605251615630550e+04 1.014381184877767073e+00
6.075605277621690766e+04 9.977158801660385157e-01
6.075605303627750254e+04 1.013109921552345805e+00
6.075605329633810470e+04 1.004512256836567197e+00
6.075605355639869958e+04 9.905705373872166764e-01
6.075605381645929447e+04 1.012209746502033436e+00
6.075605407651989663e+04 9.872162473390974080e-01
6.075605433658049151e+04 9.980156746594506245e-01
6.075605459664110094e+04 9.942848078375771115e-01
6.075605485670169583e+04 9.973686861170170115e-01
6.075605511676229071e+04 1.012110998877129520e+00
6.075605537682289287e+04 1.019631109498426058e+00
6.075605563688349503e+04 1.000988028594051116e+00
6.075605589694409719e+04 1.004902330188196524e+00
6.075605615700469207e+04 1.007388289743667897e+00
6.075605641706529423e+04 1.008640024663393309e+00
6.075605667712588911e+04 9.823901617969886813e-01
6.075605693718649127e+04 9.893419619797806375e-01
6.075605719724708615e+04 1.011321661413192796e+00
6.075605745730768831e+04 9.905349826318768924e-01
6.075605771736829047e+04 1.010891386887091237e+00
6.075605797742888535e+04 9.956684549500151027e-01
6.075605823748948751e+04 1.012725475731377500e+00
6.075605849755008967e+04 9.955818883982638923e-01
6.075605875761069183e+04 9.905849493415971319e-01
6.075605901767128671e+04 9.984499553210995915e-01
6.075605927773188159e+04 9.883559926004678031e-01
6.075606082316284301e+04 1.002241360099783263e+00
6.075606108322354703e+04 1.007046186571875168e+00
6.075606134328425105e+04 9.988785941476320263e-01
6.075606160334495507e+04 9.957640549899764437e-01
6.075606186340566637e+04 1.010354412068334318e+00
6.075606212346637039e+04 1.005889772374754632e+00
6.075606238352707442e+04 1.012018932136775184e+00
6.075606264358777844e+04 9.752836065763862416e-01
6.075606290364848246e+04 9.912289875318941457e-01
6.075606316370919376e+04 1.003115152440521518e+00
6.075606342376989778e+04 9.851157377157254702e-01
6.075606368383060908e+04 1.010942789184748447e+00
6.075606394389130583e+04 9.950821716043676268e-01
6.075606420395201712e+04 9.872940298167662831e-01
6.075606446401272115e+04 1.009603891924372387e+00
6.075606472407342517e+04 1.016684135875242978e+00
6.075606498413412919e+04 1.007189414288386597e+00
6.075606524419483321e+04 9.931910410640899523e-01
6.075606550425554451e+04 1.023617804959602529e+00
6.075606576431624853e+04 9.941725613348003643e-01
6.075606602437695256e+04 1.006374588172353590e+00
6.075606628443765658e+04 9.852920169834921138e-01
6.075606654449836788e+04 1.006779409969221328e+00
6.075606680455907190e+04 9.872476093382893669e-01
6.075606706461978320e+04 9.909821129001268325e-01
6.075606732468047994e+04 9.842581195562585261e-01
6.075606758474119124e+04 1.012934659306093499e+00
6.075606784480189526e+04 9.995977496101404736e-01
6.075606810486259928e+04 9.969030116764561189e-01
6.075606836492331058e+04 1.004800555140676677e+00
6.075606862498401460e+04 1.015574080597019480e+00
6.075606888504471863e+04 1.009974855351077228e+00
6.075606914510542993e+04 1.016627957246216907e+00
6.075606940516612667e+04 1.010354302470500620e+00
6.075606966522683797e+04 9.899868001346049384e-01
6.075606992528754199e+04 9.872445882236948744e-01
6.075607018534824601e+04 9.839102915830010287e-01
6.075607044540895731e+04 1.022623553242332894e+00
6.075607070546965406e+04 1.011270751375786148e+00
6.075607096553036536e+04 9.988534850911077179e-01
6.075607122559106938e+04 1.006040223877080919e+00
6.075607148565178068e+04 1.007970821937088646e+00
6.075607174571248470e+04 1.004519987459728814e+00
6.075607200577318872e+04 9.964784592869937452e-01
6.075607226583389274e+04 1.018168457340532074e+00
6.075607252589460404e+04 9.931506428773021478e-01
6.075607278595530079e+04 9.943934536990970408e-01
6.075607304601601209e+04 1.004633129729889163e+00
6.075607330607671611e+04 9.968657890659474718e-01
6.075607356613742741e+04 9.992898501607855311e-01
6.075607382619813143e+04 1.000178559967905834e+00
6.075607408625883545e+04 1.004726358157661981e+00
6.075607434631953947e+04 1.014745936259502379e+00
6.075607460638025077e+04 9.980982765666186474e-01
6.075607486644095479e+04 1.000654466194806913e+00
6.075607512650166609e+04 1.026424748755157657e+00
6.075607538656236284e+04 1.014031382498401967e+00
6.075607564662307414e+04 9.871258929669242121e-01
6.075607590668377816e+04 1.003607609335305018e+00
6.075607616674448218e+04 1.024016593955673127e+00
6.075607642680518620e+04 1.000411280694918137e+00
6.075607668686589750e+04 9.946742464774649406e-01
6.075607694692660152e+04 1.000460493889569813e+00
6.075607720698731282e+04 9.977810076770801118e-01
6.075607746704800957e+04 1.001339786326068237e+00
6.075607772710872086e+04 1.007193673518199883e+00
6.075607798716942489e+04 1.023207129027816409e+00
6.075607824723013618e+04 1.001226290905225413e+00
6.075607850729084021e+04 9.817462678409548671e-01
6.075607876735154423e+04 1.000707171309846544e+00
6.075607902741224825e+04 1.001518950446963707e+00
6.075607928747295955e+04 1.006482397583029709e+00
6.075607954753365630e+04 1.013804412325911342e+00
6.075607980759437487e+04 9.979711232050815228e-01
6.075608006765507162e+04 9.954916291911820592e-01
6.075608032771578291e+04 1.014750138649690214e+00
6.075608058777648694e+04 9.957414119210251657e-01
6.075608084783719096e+04 1.002388118526190031e+00
6.075608110789789498e+04 9.804821798997895854e-01
6.075608136795860628e+04 1.013586619368206598e+00
6.075608162801931030e+04 1.005251924115050821e+00
6.075608188808002160e+04 9.940064626847640028e-01
6.075608214814072562e+04 9.829498134462850700e-01
6.075608240820142964e+04 1.004867482771738318e+00
6.075608266826214094e+04 1.021256942004360679e+00
6.075608292832284496e+04 1.005926422872054360e+00
6.075608318838355626e+04 1.018155477149145005e+00
6.075608344844425301e+04 1.013678685800186718e+00
6.075608370850496431e+04 1.007284033946648449e+00
6.075608396856566833e+04 1.000811276921699911e+00
6.075608422862637235e+04 9.916558615353773254e-01
6.075608448868707637e+04 9.957240337462083257e-01
6.075608474874778767e+04 9.961474823905067666e-01
6.075608500880849169e+04 1.004617111797392548e+00
6.075608526886920299e+04 1.007039031597497525e+00
6.075608552892989974e+04 9.939551014998708744e-01
6.075608578899061104e+04 1.003741759888434837e+00
6.075608604905131506e+04 9.950413002840354793e-01
6.075608630911202636e+04 1.001804471207655922e+00
6.075608656917273765e+04 1.007356427063028192e+00
6.075608682923343440e+04 1.006367730503739288e+00
6.075608708929414570e+04 1.007339912147911631e+00
6.075608734935484972e+04 1.018269456083923830e+00
6.075608760941555374e+04 9.905734932423030381e-01
6.075608786947625777e+04 9.952317788941824617e-01
6.075608812953696906e+04 1.022314210790349565e+00
6.075608838959767309e+04 9.863398565921622785e-01
6.075608864965838438e+04 9.878277509650796873e-01
6.075608890971908113e+04 1.002641956625562658e+00
6.075608916977979243e+04 9.919207126273223984e-01
6.075609076562616247e+04 9.809250545892217454e-01
6.075609102568677190e+04 9.972155413011626335e-01
6.075609128574736678e+04 9.999617187086692338e-01
6.075609154580796894e+04 1.012138633501118212e+00
6.075609180586856382e+04 9.907706581314487115e-01
6.075609206592916598e+04 9.928100794758752956e-01
6.075609232598976814e+04 1.022232779381529122e+00
6.075609258605036302e+04 1.000206532009379368e+00
6.075609284611097246e+04 9.984408036218258564e-01
6.075609310617156734e+04 1.001218414191893613e+00
6.075609336623216950e+04 9.837713540120277544e-01
6.075609362629276438e+04 9.900610328184255016e-01
6.075609388635337382e+04 1.000392957183485754e+00
6.075609414641397598e+04 9.953756203011705495e-01
6.075609440647457086e+04 1.002525310752171439e+00
6.075609466653517302e+04 1.023449269500684045e+00
6.075609492659576790e+04 1.015358315457745908e+00
6.075609518665637006e+04 1.009909890137551391e+00
6.075609544671696494e+04 1.002689721356352370e+00
6.075609570677756710e+04 9.948465362214551355e-01
6.075609596683816926e+04 9.995037059084739273e-01
6.075609622689877142e+04 1.007180660002345407e+00
6.075609648695937358e+04 1.000195782477796724e+00
6.075609674701997574e+04 9.869520862185102716e-01
6.075609700708057790e+04 1.005101957670991641e+00
6.075609726714117278e+04 1.000689037491533373e+00
6.075609752720177494e+04 1.014489801906348854e+00
6.075609778726236982e+04 1.005682549583740037e+00
6.075609804732297198e+04 9.818701038182953145e-01
6.075609830738357414e+04 1.010900396385532085e+00
6.075609856744416902e+04 9.945519277476265740e-01
6.075609882750477846e+04 9.854721380641532358e-01
6.075609908756537334e+04 9.856277502321892925e-01
6.075609934762597550e+04 1.009494260285164868e+00
6.075609960768658493e+04 1.008488860643468987e+00
6.075609986774717981e+04 9.999367430656729283e-01
6.075610012780778197e+04 1.010735567340211194e+00
6.075610038786837686e+04 1.010537461741576770e+00
6.075610064792897901e+04 9.995827295007492230e-01
6.075610090798957390e+04 9.923512617700395166e-01
6.075610116805017606e+04 9.966620625958315660e-01
6.075610142811077822e+04 1.006093138486221950e+00
6.075610168817138037e+04 9.923722273597205268e-01
6.075610194823198253e+04 9.991777388723200870e-01
6.075610220829257742e+04 9.945704575245329915e-01
6.075610246835318685e+04 1.013758201209444154e+00
6.075610272841378901e+04 9.978238625577569021e-01
6.075610298847438389e+04 1.010136079278696641e+00
6.075610324853498605e+04 1.007360354927013368e+00
6.075610350859558093e+04 1.001706391876528990e+00
6.075610376865618309e+04 9.837898093254032750e-01
6.075610402871678525e+04 1.001071153942697300e+00
6.075610428877738013e+04 9.777492891301634570e-01
6.075610454883798957e+04 9.832166157017494523e-01
6.075610480889858445e+04 9.888847767078654538e-01
6.075610506895918661e+04 9.970946460880966145e-01
6.075610532901978877e+04 1.001168499243048737e+00
6.075610558908039093e+04 9.973030930635521374e-01
6.075610584914099309e+04 9.806266832636193476e-01
6.075610610920158797e+04 9.851040408342739418e-01
6.075610636926219013e+04 1.014576124868721729e+00
6.075610662932279229e+04 9.886997363413493334e-01
6.075610688938338717e+04 9.999298202529122159e-01
6.075610714944398933e+04 9.892728950303928404e-01
6.075610740950459149e+04 9.896544665593379753e-01
6.075610766956519365e+04 9.770160060403292324e-01
6.075610792962579580e+04 9.743199700986637790e-01
6.075610818968639069e+04 9.873055638000198808e-01
6.075610844974700012e+04 1.016085652824111119e+00
6.075610870980759501e+04 1.005955795545687703e+00
6.075610896986819716e+04 9.847424608697790127e-01
6.075610922992879932e+04 1.009075187529776763e+00
6.075610948998939421e+04 1.003310816053571530e+00
6.075610975004999636e+04 9.861750158436917157e-01
6.075611001011059852e+04 9.941281712952156902e-01
6.075611027017120068e+04 1.006365110945543595e+00
6.075611053023180284e+04 9.988106932825747686e-01
6.075611079029239772e+04 1.005218799489383308e+00
6.075611105035299988e+04 1.003201803999491881e+00
6.075611131041360932e+04 9.902301579307944968e-01
6.075611157047420420e+04 9.951665835893533929e-01
6.075611183053480636e+04 9.880098958002708764e-01
6.075611209059540852e+04 1.009908605971423512e+00
6.075611235065600340e+04 9.949567135077466151e-01
6.075611261071660556e+04 1.007649051022058817e+00
6.075611287077720044e+04 1.006856013067802147e+00
6.075611313083780260e+04 9.862023153057941638e-01
6.075611339089841204e+04 9.802270517606064271e-01
6.075611365095900692e+04 1.003880795940847781e+00
6.075611391101960908e+04 9.962947995069036944e-01
6.075611417108021851e+04 1.008524283780813713e+00
6.075611443114081339e+04 9.902229780749818300e-01
6.075611469120141555e+04 9.814446258008576729e-01
6.075611495126201044e+04 9.779780953894315898e-01
6.075611521132261259e+04 1.005284601836201608e+00
6.075611547138321475e+04 1.007112177566427791e+00
6.075611573144380964e+04 9.873816802903517820e-01
6.075611599150441180e+04 9.949452075979517973e-01
6.075611625156502123e+04 1.013809033605378440e+00
6.075611651162561611e+04 9.927276750872876532e-01
6.075611677168621827e+04 9.973992403258903350e-01
6.075611703174682771e+04 9.900421985684243475e-01
6.075611729180742259e+04 1.000137882789743804e+00
6.075611755186802475e+04 9.978522376296891094e-01
6.075611781192861963e+04 1.013104565133545076e+00
6.075611807198922179e+04 9.918139766820335268e-01
6.075611833204982395e+04 9.870573715890207378e-01
6.075611859211041883e+04 1.002702541855304608e+00
6.075611885217102099e+04 1.000368057599072102e+00
6.075611911223163042e+04 9.937590839537796539e-01
6.075612077110124665e+04 1.009343573035359043e+00
6.075612103116195794e+04 9.949034800396605593e-01
6.075612129122266924e+04 9.905233476715092911e-01
6.075612155128336599e+04 1.002957135024805213e+00
6.075612181134407729e+04 9.846290503313875897e-01
6.075612207140478858e+04 9.971174315817318279e-01
6.075612233146549261e+04 9.728360311139636618e-01
6.075612259152620391e+04 9.966058707784578585e-01
6.075612285158690065e+04 9.968359600351556216e-01
6.075612311164761195e+04 9.999487948577583385e-01
6.075612337170832325e+04 1.004268698352297928e+00
6.075612363176902727e+04 1.013540471734998283e+00
6.075612389182973857e+04 9.861701540110013875e-01
6.075612415189044259e+04 1.011556693592534195e+00
6.075612441195114661e+04 1.006368329473968037e+00
6.075612467201185791e+04 1.010726823555565979e+00
6.075612493207256193e+04 9.992362820294300452e-01
6.075612519213326595e+04 1.003916844599084923e+00
6.075612545219397725e+04 1.007005861595275942e+00
6.075612571225468855e+04 9.940141870398735424e-01
6.075612597231539985e+04 9.903842112827740962e-01
6.075612623237609660e+04 1.009098542964488088e+00
6.075612649243680789e+04 9.987119032575163535e-01
6.075612675249751919e+04 9.787321663408508066e-01
6.075612701255822321e+04 1.001551325315629848e+00
6.075612727261893451e+04 1.009819351839222223e+00
6.075612753267963853e+04 9.875895502972942275e-01
6.075612779274034256e+04 1.000116773614474930e+00
6.075612805280105385e+04 1.006059221378220014e+00
6.075612831286175788e+04 9.959617147129586900e-01
6.075612857292246190e+04 9.965916166231107987e-01
6.075612883298317320e+04 9.961469093343127135e-01
6.075612909304388450e+04 9.986227837049115319e-01
6.075612935310458852e+04 1.005073455080604194e+00
6.075612961316529254e+04 9.897404883358510430e-01
6.075612987322600384e+04 9.981542046509994659e-01
6.075613013328670786e+04 9.983925605288146432e-01
6.075613039334741916e+04 1.013602476614712034e+00
6.075613065340813046e+04 9.960271306904886490e-01
6.075613091346882720e+04 1.015770437132959447e+00
6.075613117352953850e+04 1.004401048842304967e+00
6.075613143359024980e+04 9.991860283021396505e-01
6.075613169365095382e+04 1.007588740472002975e+00
6.075613195371166512e+04 1.005238506466755277e+00
6.075613221377236914e+04 9.982919229428898200e-01
6.075613247383308044e+04 9.985038822237566336e-01
6.075613273389378446e+04 1.005545700172227219e+00
6.075613299395448848e+04 1.015233870824802098e+00
6.075613325401519978e+04 1.013299838110615525e+00
6.075613351407590380e+04 1.022717441112761083e+00
6.075613377413661510e+04 1.022777469907820924e+00
6.075613403419732640e+04 1.016294155531411336e+00
6.075613429425802315e+04 1.013657513706285762e+00
6.075613455431873444e+04 1.004090206062534518e+00
6.075613481437944574e+04 1.005773338274515538e+00
6.075613507444015704e+04 1.028639210671242754e+00
6.075613533450086106e+04 1.013895441718531076e+00
6.075613559456156509e+04 1.020815378106711968e+00
6.075613585462227638e+04 1.014394582036126868e+00
6.075613611468298041e+04 9.893091642342443093e-01
6.075613637474368443e+04 1.005723964476817889e+00
6.075613663480439573e+04 1.012914481018462487e+00
6.075613689486510702e+04 1.008783124143746379e+00
6.075613715492581105e+04 1.007078892096718192e+00
6.075613741498652234e+04 9.880792388895633938e-01
6.075613767504722637e+04 1.001147712039797133e+00
6.075613793510793039e+04 1.005678919206243194e+00
6.075613819516864169e+04 1.004341527585638216e+00
6.075613845522935299e+04 9.979551820475508483e-01
6.075613871529006428e+04 9.939429047590084831e-01
6.075613897535076103e+04 1.017596050789792761e+00
6.075613923541147233e+04 1.004110537713126083e+00
6.075613949547218363e+04 1.006468107976586923e+00
6.075613975553288037e+04 1.011029069902727118e+00
6.075614001559359167e+04 1.006381351476043795e+00
6.075614027565430297e+04 1.024527229400616024e+00
6.075614053571501427e+04 9.974721636825616411e-01
6.075614079577571829e+04 1.017206333667243445e+00
6.075614105583642231e+04 1.000206697189763627e+00
6.075614131589713361e+04 1.018305174551437764e+00
6.075614157595783763e+04 1.014270471881478342e+00
6.075614183601854893e+04 1.000769018558977486e+00
6.075614209607926023e+04 9.794365863802280137e-01
6.075614235613996425e+04 1.017571853455433883e+00
6.075614261620066827e+04 1.006477171560428818e+00
6.075614287626137957e+04 1.021923581716975837e+00
6.075614313632208359e+04 1.008160682098905525e+00
6.075614339638280217e+04 9.936307101832058120e-01
6.075614365644349891e+04 1.007557933072810608e+00
6.075614391650421021e+04 9.960401710656199281e-01
6.075614417656492151e+04 1.010541767023366955e+00
6.075614443662562553e+04 1.016818802660463872e+00
6.075614469668632955e+04 1.013255736546041508e+00
6.075614495674704085e+04 1.004260761420550319e+00
6.075614521680775215e+04 1.017198957692259764e+00
6.075614547686845617e+04 1.017895658824238048e+00
6.075614573692916019e+04 1.001617667251704535e+00
6.075614599698987149e+04 1.009413193222035821e+00
6.075614625705058279e+04 1.020277436375641722e+00
6.075614651711128681e+04 9.965807861385360678e-01
6.075614677717199811e+04 1.002837070576697576e+00
6.075614703723270213e+04 9.990807376531668504e-01
6.075614729729341343e+04 1.006777949696101571e+00
6.075614755735411745e+04 9.946946191795802417e-01
6.075614781741482147e+04 1.023496118296167934e+00
6.075614807747553277e+04 9.909280598393538364e-01
6.075614833753624407e+04 1.014952421943665861e+00
6.075614859759694809e+04 9.878411085277493120e-01
6.075614885765765939e+04 1.000202353794769294e+00
6.075614911771836341e+04 9.841801376146814828e-01
