6.075585120109809941e+04 9.938135248889069517e-01
6.075585146115189855e+04 9.864761380184224882e-01
6.075585172120569769e+04 1.047708847492397233e+00
6.075585198125948955e+04 9.963649131237383161e-01
6.075585224131328869e+04 9.663983902371353629e-01
6.075585250136708783e+04 9.864833866754293412e-01
6.075585276142088696e+04 1.034858391703256997e+00
6.075585302147467883e+04 9.816625521888108219e-01
6.075585328152847796e+04 1.030931350286057535e+00
6.075585354158227710e+04 1.028007994618107102e+00
6.075585380163608352e+04 1.044577735452288048e+00
6.075585406168988993e+04 1.010388251536343596e+00
6.075585432174368179e+04 1.008691268942129238e+00
6.075585458179748093e+04 1.001609537995018062e+00
6.075585484185128007e+04 1.013018067574391612e+00
6.075585510190507921e+04 1.021771711209495503e+00
6.075585536195887107e+04 1.007409582046214780e+00
6.075585562201267021e+04 1.040064195522434565e+00
6.075585588206646935e+04 1.011458844912820121e+00
6.075585614212026849e+04 9.922689595734760504e-01
6.075585640217406763e+04 1.003286665577152625e+00
6.075585666222785949e+04 9.889775768957481672e-01
6.075585692228166590e+04 1.002495327420090065e+00
6.075585718233547232e+04 1.024851107722153376e+00
6.075585744238927145e+04 9.963887259223456194e-01
6.075585770244306332e+04 1.026369967929860350e+00
6.075585796249686246e+04 1.035778983788695262e+00
6.075585822255066159e+04 1.043405855230014279e+00
6.075585848260446073e+04 1.064030131983648042e+00
6.075585874265825987e+04 9.559671654262312801e-01
6.075585900271205173e+04 1.024529780230801990e+00
6.075585926276585087e+04 1.031781692685098673e+00
6.075585952281965001e+04 9.901584766851195818e-01
6.075585978287345642e+04 9.994519178761843703e-01
6.075586004292726284e+04 1.015033288665793343e+00
6.075586030298105470e+04 1.008358130255150087e+00
6.075586056303485384e+04 1.007135368634645811e+00
6.075586082308865298e+04 1.017126934008642847e+00
6.075586108314245212e+04 9.979146672200345236e-01
6.075586134319625125e+04 9.962135378728658175e-01
6.075586160325004312e+04 1.016140802525910214e+00
6.075586186330384226e+04 9.823092641773455425e-01
6.075586212335764139e+04 1.039509265663482562e+00
6.075586238341144053e+04 9.892721344144699280e-01
6.075586264346523967e+04 9.959503615850797686e-01
6.075586290351903881e+04 1.025247496707253569e+00
6.075586316357284522e+04 9.996638920493209346e-01
6.075586342362664436e+04 9.722237537581699396e-01
6.075586368368044350e+04 9.870117889967991998e-01
6.075586394373424264e+04 9.922748493163576766e-01
6.075586420378803450e+04 9.490612179576618512e-01
6.075586446384183364e+04 1.011083482341424533e+00
6.075586472389563278e+04 1.015646686980558266e+00
6.075586498394943192e+04 1.009519821701149178e+00
6.075586524400323106e+04 9.953705781463949576e-01
6.075586550405702292e+04 1.018537811084363254e+00
6.075586576411082933e+04 9.942327159708592710e-01
6.075586602416463575e+04 9.698991394226157414e-01
6.075586628421843488e+04 1.002063225966993931e+00
6.075586654427223402e+04 1.057746160868432650e+00
6.075586680432603316e+04 1.002450405458936933e+00
6.075586706437982502e+04 9.645859918141248546e-01
6.075586732443362416e+04 1.046521613742485979e+00
6.075586758448742330e+04 9.906318568060513696e-01
6.075586784454122244e+04 1.017973894804545143e+00
6.075586810459502158e+04 1.020768285715726753e+00
6.075586836464881344e+04 9.677774922952318004e-01
6.075586862470261258e+04 9.504746161429731277e-01
6.075586888475641899e+04 9.962945131971953083e-01
6.075586914481022541e+04 9.773098177456144287e-01
6.075586940486402455e+04 1.015063750624177752e+00
6.075586966491782368e+04 9.801036636378764877e-01
6.075586992497161555e+04 1.016463203728068088e+00
6.075587018502541468e+04 1.009972101100623521e+00
6.075587044507921382e+04 1.009654990190356871e+00
6.075587070513301296e+04 1.020958759411235928e+00
6.075587096518681210e+04 9.686144116427698458e-01
6.075587122524061124e+04 9.738740654645718919e-01
6.075587148529440310e+04 9.972694559105478307e-01
6.075587174534820952e+04 9.615993246263031535e-01
6.075587200540201593e+04 1.015834784772300825e+00
6.075587226545581507e+04 1.010149806470946432e+00
6.075587252550961421e+04 9.691464268294962547e-01
6.075587278556341334e+04 1.012350257908681384e+00
6.075587304561720521e+04 9.728549703937140469e-01
6.075587330567100435e+04 9.855496725051428042e-01
6.075587356572480348e+04 9.633737477106409930e-01
6.075587382577860262e+04 9.668739565636933486e-01
6.075587408583240176e+04 1.043838335352305746e+00
6.075587434588620090e+04 1.005627553332490765e+00
6.075587460593999276e+04 9.860571368057773345e-01
6.075587486599379918e+04 9.706334943400889426e-01
6.075587512604760559e+04 9.936500413263107401e-01
6.075587538610140473e+04 1.014004812462709015e+00
6.075587564615520387e+04 1.043299271855951948e+00
6.075587590620900301e+04 9.860830036357088879e-01
6.075587616626279487e+04 9.772524092364751613e-01
6.075587642631659401e+04 1.005902580220026321e+00
6.075587668637039314e+04 9.981388248397160545e-01
6.075587694642419228e+04 1.011427758579220404e+00
6.075587720647799142e+04 9.785345296351223299e-01
6.075587746653179056e+04 9.788117121384269925e-01
6.075587772658559697e+04 1.010293832984544338e+00
6.075587798663939611e+04 9.993609827130475187e-01
6.075587824669319525e+04 9.854644149510497497e-01
6.075587850674699439e+04 1.023654952995721290e+00
6.075587876680079353e+04 9.779314562297856117e-01
6.075587902685459267e+04 9.818984457322520454e-01
6.075587928690839180e+04 9.614810619025292437e-01
6.075587954696219094e+04 9.919232433580992270e-01
6.075588115580000158e+04 1.004330755480656867e+00
6.075588141586070560e+04 9.668287637705315074e-01
6.075588167592140235e+04 1.033969309318067520e+00
6.075588193598210637e+04 1.016713322260302199e+00
6.075588219604280312e+04 9.822750326056906012e-01
6.075588245610350714e+04 1.022021193058314736e+00
6.075588271616421116e+04 9.804719372833602398e-01
6.075588297622490791e+04 9.976157849636516639e-01
6.075588323628561193e+04 1.043734468231111601e+00
6.075588349634631595e+04 9.921982530265505140e-01
6.075588375640701997e+04 9.801849423705741859e-01
6.075588401646771672e+04 1.014375803569318446e+00
6.075588427652841347e+04 1.016847544535699033e+00
6.075588453658911749e+04 1.003736615635611562e+00
6.075588479664982151e+04 9.989437531541535131e-01
6.075588505671051826e+04 9.915760680296430429e-01
6.075588531677122955e+04 1.005141169838783322e+00
6.075588557683192630e+04 9.912783293089757475e-01
6.075588583689262305e+04 1.016603017845861157e+00
6.075588609695332707e+04 9.527095539194385676e-01
6.075588635701402382e+04 9.874386725453478952e-01
6.075588661707472784e+04 9.799562853374923499e-01
6.075588687713543186e+04 1.002530328102008816e+00
6.075588713719613588e+04 1.005992720932749052e+00
6.075588739725683263e+04 1.036720260943823968e+00
6.075588765731752937e+04 9.977622037493075746e-01
6.075588791737823340e+04 1.032743463631661474e+00
6.075588817743893742e+04 1.003886596645891194e+00
6.075588843749964144e+04 9.969773266052404104e-01
6.075588869756034546e+04 1.018338260025454911e+00
6.075588895762104221e+04 9.938080264740003500e-01
6.075588921768174623e+04 1.008069819968096636e+00
6.075588947774244298e+04 1.016990797733785978e+00
6.075588973780313972e+04 9.934002759594592336e-01
6.075588999786384375e+04 9.749409304506964080e-01
6.075589025792454777e+04 1.033157141448872940e+00
6.075589051798525179e+04 9.931296799929971719e-01
6.075589077804595581e+04 1.009801325077217982e+00
6.075589103810665256e+04 1.029864305887883358e+00
6.075589129816734931e+04 1.046208591257561826e+00
6.075589155822805333e+04 1.017943388877121658e+00
6.075589181828875735e+04 9.960616401055683022e-01
6.075589207834946137e+04 1.007227135534892515e+00
6.075589233841015812e+04 9.789619407799087236e-01
6.075589259847086214e+04 1.033081276023716466e+00
6.075589285853156616e+04 1.017208112918294383e+00
6.075589311859226291e+04 9.763156060337420117e-01
6.075589337865296693e+04 9.745617555728598447e-01
6.075589363871366368e+04 9.903527099922136978e-01
6.075589389877436770e+04 9.713744598229077098e-01
6.075589415883507172e+04 1.042275529501115239e+00
6.075589441889576847e+04 1.029911291305988019e+00
6.075589467895647249e+04 9.923418215977911627e-01
6.075589493901717651e+04 1.018031870871793920e+00
6.075589519907788053e+04 9.794323763746713984e-01
6.075589545913858456e+04 1.038324827320215471e+00
6.075589571919927403e+04 1.017833872258309569e+00
6.075589597925997805e+04 1.034690727207635996e+00
6.075589623932068207e+04 9.720964653239270170e-01
6.075589649938137882e+04 1.010596192744503741e+00
6.075589675944209012e+04 9.930581792468150537e-01
6.075589701950278686e+04 9.696690893933150868e-01
6.075589727956349088e+04 9.946413527107096364e-01
6.075589753962419491e+04 1.000081734595043237e+00
6.075589779968489165e+04 9.656537795662721857e-01
6.075589805974558840e+04 1.024415452906495716e+00
6.075589831980629242e+04 1.008775085445326791e+00
6.075589857986699644e+04 9.722166437853380083e-01
6.075589883992770046e+04 9.991890833895913371e-01
6.075589909998839721e+04 9.940575399728968087e-01
6.075589936004910123e+04 1.036257595903098849e+00
6.075589962010980526e+04 9.793518374876122312e-01
6.075589988017050928e+04 1.021784387826540019e+00
6.075590014023121330e+04 1.009629463596948717e+00
6.075590040029191005e+04 1.002652804738876968e+00
6.075590066035260679e+04 9.890620362435912361e-01
6.075590092041331081e+04 1.010683446059438717e+00
6.075590118047400756e+04 9.664662996284443253e-01
6.075590144053471158e+04 9.978984260399843542e-01
6.075590170059541560e+04 1.002217511134013472e+00
6.075590196065611963e+04 1.017142892851215841e+00
6.075590222071682365e+04 9.719623127130457840e-01
6.075590248077752040e+04 1.004760848922579219e+00
6.075590274083822442e+04 9.895361582503259257e-01
6.075590300089892844e+04 9.990759205835811896e-01
6.075590326095963246e+04 9.787333677529029830e-01
6.075590352102033648e+04 9.902669065537584858e-01
6.075590378108102595e+04 1.032184882506334667e+00
6.075590404114172998e+04 1.065338029587326707e+00
6.075590430120243400e+04 1.003531707072545798e+00
6.075590456126313074e+04 9.785561569401283188e-01
6.075590482132383477e+04 1.021913713537466739e+00
6.075590508138453879e+04 9.818712127314938032e-01
6.075590534144524281e+04 1.000829501910639907e+00
6.075590560150594683e+04 1.021460463510444283e+00
6.075590586156664358e+04 9.447283273258139102e-01
6.075590612162734760e+04 1.015752480869411167e+00
6.075590638168805162e+04 1.031944087520898501e+00
6.075590664174875565e+04 9.832792806916894612e-01
6.075590690180945239e+04 1.019507904895144090e+00
6.075590716187014914e+04 9.671316494310411294e-01
6.075590742193085316e+04 1.004267298058984625e+00
6.075590768199155718e+04 9.513692142577747646e-01
6.075590794205226121e+04 9.830968343977976032e-01
6.075590820211296523e+04 9.783692482242390964e-01
6.075590846217366197e+04 1.002237712651590895e+00
6.075590872223436600e+04 9.837685734764064494e-01
6.075590898229507002e+04 1.020039338223934777e+00
6.075590924235576676e+04 1.000940608746478722e+00
6.075590950241647079e+04 9.757488031007389706e-01
6.075591106044283515e+04 9.932444826965568518e-01
6.075591132050343003e+04 9.716124411756523749e-01
6.075591158056402492e+04 9.831114538668662695e-01
6.075591184062461980e+04 9.715613910184927038e-01
6.075591210068521468e+04 1.019554648132470653e+00
6.075591236074580956e+04 9.662175133845533059e-01
6.075591262080640445e+04 1.013456040352503917e+00
6.075591288086700661e+04 9.827094200395319890e-01
6.075591314092760149e+04 9.809983107465977126e-01
6.075591340098819637e+04 1.014273676802666557e+00
6.075591366104879125e+04 9.737783893977937089e-01
6.075591392110938614e+04 9.823151837515434748e-01
6.075591418116998102e+04 1.002180611167135194e+00
6.075591444123057590e+04 9.438730365364454977e-01
6.075591470129117079e+04 9.797991866212075740e-01
6.075591496135176567e+04 9.712810016443415018e-01
6.075591522141236055e+04 9.444344547563880976e-01
6.075591548147295543e+04 1.020401716060335140e+00
6.075591574153355032e+04 1.002960735051122709e+00
6.075591600159415248e+04 9.926095996031810698e-01
6.075591626165474736e+04 9.849094941019652660e-01
6.075591652171534224e+04 9.937231369503545242e-01
6.075591678177594440e+04 1.027927728793792239e+00
6.075591704183653928e+04 1.006835067267360939e+00
6.075591730189713417e+04 1.016280856560767720e+00
6.075591756195772905e+04 9.815822509221467929e-01
6.075591782201832393e+04 9.996786319575002855e-01
6.075591808207891881e+04 1.017203039386115115e+00
6.075591834213951370e+04 9.642818769539343027e-01
6.075591860220010858e+04 1.018690669489069611e+00
6.075591886226071074e+04 9.648267503455233429e-01
6.075591912232130562e+04 9.903125067846955121e-01
6.075591938238190050e+04 9.454745950226395301e-01
6.075591964244250266e+04 9.981193589496338836e-01
6.075591990250309755e+04 1.004311648269851753e+00
6.075592016256369243e+04 1.016173900638565941e+00
6.075592042262428731e+04 9.857749986380505147e-01
6.075592068268487492e+04 9.842875660459761145e-01
6.075592094274546980e+04 9.469089876318534937e-01
6.075592120280606468e+04 1.037398642124846893e+00
6.075592146286665957e+04 1.009278711746758539e+00
6.075592172292726173e+04 1.017098947550328925e+00
6.075592198298785661e+04 9.814967645306740263e-01
6.075592224304845149e+04 9.807737150707955820e-01
6.075592250310905365e+04 9.944082390382067427e-01
6.075592276316964853e+04 1.025464648105410381e+00
6.075592302323024342e+04 9.856202328812628810e-01
6.075592328329083830e+04 1.021395902087365304e+00
6.075592354335143318e+04 9.783493070819603288e-01
6.075592380341202806e+04 1.022636559186421268e+00
6.075592406347262295e+04 1.002046723981422804e+00
6.075592432353321783e+04 1.030384762044881386e+00
6.075592458359381999e+04 1.020141652168067292e+00
6.075592484365441487e+04 1.014097265393216318e+00
6.075592510371500975e+04 9.890306516418029270e-01
6.075592536377560464e+04 1.056384670844558560e+00
6.075592562383620680e+04 9.942775446178452325e-01
6.075592588389680168e+04 9.910776579230220484e-01
6.075592614395739656e+04 1.000364529263599644e+00
6.075592640401799144e+04 1.036175594004974609e+00
6.075592666407858633e+04 1.046750754080323587e+00
6.075592692413918121e+04 1.011842016814495038e+00
6.075592718419977609e+04 9.674817655289666973e-01
6.075592744426037825e+04 9.569464801948552868e-01
6.075592770432097313e+04 9.987741909106089278e-01
6.075592796438156802e+04 1.027022303685636961e+00
6.075592822444216290e+04 1.014983391320047001e+00
6.075592848450276506e+04 9.737377382741855270e-01
6.075592874456335994e+04 1.005606015009851362e+00
6.075592900462395482e+04 1.027704734491914795e+00
6.075592926468454971e+04 9.957944491579729940e-01
6.075592952474514459e+04 9.818809590563798428e-01
6.075592978480573947e+04 9.914910994978056724e-01
6.075593004486633436e+04 9.837195092265457186e-01
6.075593030492693651e+04 9.784202331865253788e-01
6.075593056498753140e+04 1.030258566743558868e+00
6.075593082504812628e+04 9.766856998468175233e-01
6.075593108510872116e+04 9.978972266098784516e-01
6.075593134516932332e+04 9.916693901793857124e-01
6.075593160522991820e+04 1.033709773944216259e+00
6.075593186529051309e+04 9.982453435095648420e-01
6.075593212535110797e+04 1.039075647284672277e+00
6.075593238541170285e+04 1.033521086773627529e+00
6.075593264547229774e+04 1.011929400216917685e+00
6.075593290553289262e+04 9.700693164796798662e-01
6.075593316559349478e+04 1.008285312770630382e+00
6.075593342565408966e+04 9.870404915253836453e-01
6.075593368571468454e+04 1.008799110221530793e+00
6.075593394577527943e+04 1.024045772099053453e+00
6.075593420583588158e+04 1.030270171944607460e+00
6.075593446589647647e+04 9.796078237176961689e-01
6.075593472595707135e+04 9.929294018847558689e-01
6.075593498601766623e+04 9.975517530780687592e-01
6.075593524607826112e+04 1.000860809395480056e+00
6.075593550613885600e+04 9.984286497427820040e-01
6.075593576619945088e+04 9.873963595635328883e-01
6.075593602626004576e+04 9.851470367681683937e-01
6.075593628632064792e+04 9.876186065945414816e-01
6.075593654638124281e+04 1.011670541012574809e+00
6.075593680644183769e+04 9.883960558817557196e-01
6.075593706650244712e+04 1.008501762559791182e+00
6.075593732656304201e+04 9.963060389803566341e-01
6.075593758662363689e+04 1.019177265526909126e+00
6.075593784668423177e+04 9.990947823272731121e-01
6.075593810674482665e+04 9.802281410144734197e-01
6.075593836680542154e+04 1.015739068175493864e+00
6.075593862686601642e+04 9.954805976130366441e-01
6.075593888692661130e+04 1.050260998478164121e+00
6.075593914698721346e+04 9.787254459302894283e-01
6.075593940704780834e+04 1.009610858617758788e+00
6.075594106592004391e+04 1.002173689152966896e+00
6.075594132598074066e+04 1.016892791220834757e+00
6.075594158604144468e+04 1.038529331887747542e+00
6.075594184610214870e+04 9.992835710529848203e-01
6.075594210616285272e+04 1.007299545690564901e+00
6.075594236622356402e+04 1.012903821628645007e+00
6.075594262628426077e+04 9.287507123424658673e-01
6.075594288634496479e+04 1.012099156067125083e+00
6.075594314640566881e+04 9.989983853566420935e-01
6.075594340646636556e+04 1.021353749893636920e+00
6.075594366652706958e+04 1.017728429695295533e+00
6.075594392658777360e+04 1.036412390474933609e+00
6.075594418664847763e+04 1.048417418441062399e+00
6.075594444670918165e+04 9.837850229362994359e-01
6.075594470676987839e+04 9.989601404343438906e-01
6.075594496683058242e+04 9.672498627511021407e-01
6.075594522689128644e+04 1.005989092158489306e+00
6.075594548695199046e+04 9.824767447703762757e-01
6.075594574701269448e+04 9.651054604209846621e-01
6.075594600707339123e+04 1.030560542303208038e+00
6.075594626713409525e+04 9.761622293683315243e-01
6.075594652719479927e+04 1.011376161675661134e+00
6.075594678725549602e+04 9.658302078201009833e-01
6.075594704731620732e+04 1.007912506608959369e+00
6.075594730737691134e+04 9.622140444482161215e-01
6.075594756743761536e+04 1.003600664401375742e+00
6.075594782749831938e+04 9.886397515346440068e-01
6.075594808755901613e+04 9.482953258782743644e-01
6.075594834761972015e+04 1.007098071319810773e+00
6.075594860768042417e+04 1.007881262775925491e+00
6.075594886774112820e+04 1.034076057012496275e+00
6.075594912780183222e+04 9.757668366001536198e-01
6.075594938786252897e+04 1.016357989120898253e+00
6.075594964792323299e+04 1.017609290562005109e+00
6.075594990798393701e+04 9.941811965100899595e-01
6.075595016804463376e+04 9.743949216833399651e-01
6.075595042810533778e+04 9.958701588270344462e-01
6.075595068816604180e+04 1.021947185733146579e+00
6.075595094822675310e+04 1.038821580072714745e+00
6.075595120828745712e+04 9.993137757214004546e-01
6.075595146834815387e+04 9.984823210311715158e-01
6.075595172840885789e+04 9.802268953231063620e-01
6.075595198846956191e+04 9.862304547614799688e-01
6.075595224853026593e+04 1.012711028540819180e+00
6.075595250859096996e+04 1.004393820127417625e+00
6.075595276865166670e+04 9.899832872101077541e-01
6.075595302871237072e+04 9.518892369564299072e-01
6.075595328877307475e+04 1.014035609565047125e+00
6.075595354883377149e+04 9.819644858236946661e-01
6.075595380889448279e+04 9.851193536452478305e-01
6.075595406895518681e+04 9.963134516255007789e-01
6.075595432901589083e+04 9.728765777918436664e-01
6.075595458907659486e+04 9.876470012534456222e-01
6.075595484913729160e+04 9.907716644457039701e-01
6.075595510919799563e+04 1.010004755576814572e+00
6.075595536925869965e+04 1.051226139256195902e+00
6.075595562931940367e+04 1.021557491453187305e+00
6.075595588938010769e+04 9.430709040994543768e-01
6.075595614944080444e+04 1.041434254756618216e+00
6.075595640950150846e+04 9.890930757668580098e-01
6.075595666956221248e+04 9.807410821511300947e-01
6.075595692962292378e+04 9.764593830936761920e-01
6.075595718968362780e+04 1.003961395238066157e+00
6.075595744974432455e+04 9.783992788902079463e-01
6.075595770980502857e+04 1.019290314445544743e+00
6.075595796986573259e+04 9.816347827138599547e-01
6.075595822992642934e+04 1.010242683173087519e+00
6.075595848998713336e+04 9.830285424674181094e-01
6.075595875004783738e+04 9.801404076832141987e-01
6.075595901010854141e+04 1.006388745280874408e+00
6.075595927016924543e+04 1.010174102264859597e+00
6.075595953022994945e+04 1.053520930265269717e+00
6.075595979029065347e+04 9.771011825359580127e-01
6.075596005035135749e+04 9.913042006775374393e-01
6.075596031041206152e+04 1.036137049877953631e+00
6.075596057047276554e+04 9.779075249841592266e-01
6.075596083053346229e+04 9.917675858650770726e-01
6.075596109059416631e+04 9.763101229886654853e-01
6.075596135065487033e+04 9.762324617628571621e-01
6.075596161071556708e+04 1.000975188375326397e+00
6.075596187077627110e+04 9.848875681915204572e-01
6.075596213083698240e+04 9.990317136443789270e-01
6.075596239089768642e+04 1.022059016821565081e+00
6.075596265095839044e+04 1.003389504997076020e+00
6.075596291101908719e+04 9.783343584471900778e-01
6.075596317107979121e+04 9.984198389406027108e-01
6.075596343114049523e+04 9.956494685477961237e-01
6.075596369120119925e+04 9.867209621371670902e-01
6.075596395126190328e+04 1.003046495823532558e+00
6.075596421132260730e+04 9.860656898293452821e-01
6.075596447138331132e+04 9.900539616561999656e-01
6.075596473144401534e+04 9.483974663534650018e-01
6.075596499150471209e+04 1.003044881534142396e+00
6.075596525156542339e+04 9.618081788418649802e-01
6.075596551162612013e+04 9.802757613063411979e-01
6.075596577168682416e+04 1.005745064791091270e+00
6.075596603174752818e+04 1.021083953400572009e+00
6.075596629180823220e+04 9.724767067784911845e-01
6.075596655186893622e+04 9.985058575521396085e-01
6.075596681192964024e+04 9.995349613219612905e-01
6.075596707199034427e+04 1.039989684461299246e+00
6.075596733205104829e+04 9.737729377146783216e-01
6.075596759211174503e+04 1.024242671316400788e+00
6.075596785217244906e+04 1.020985939148420396e+00
6.075596811223315308e+04 1.022971812958902271e+00
6.075596837229386438e+04 1.019575395098338833e+00
6.075596863235456840e+04 9.842953943136323325e-01
6.075596889241526515e+04 9.951239314366495670e-01
6.075596915247596917e+04 9.778681345613781106e-01
6.075596941253667319e+04 9.725605547220056435e-01
6.075597102098589676e+04 1.012432939925477005e+00
6.075597128104649892e+04 1.034415535869160241e+00
6.075597154110709380e+04 9.919863110222243430e-01
6.075597180116768868e+04 9.828538978384656621e-01
6.075597206122829084e+04 9.683771525672059122e-01
6.075597232128889300e+04 9.785288390944274495e-01
6.075597258134948788e+04 9.796995504833597712e-01
6.075597284141008276e+04 9.982231542500697996e-01
6.075597310147067765e+04 9.925777422697679153e-01
6.075597336153127253e+04 1.000169448231274183e+00
6.075597362159186741e+04 1.003463607325085993e+00
6.075597388165246957e+04 9.802788104957946835e-01
6.075597414171307173e+04 1.029523817226772442e+00
6.075597440177366661e+04 1.008569945971641735e+00
6.075597466183426150e+04 1.029921335327819820e+00
6.075597492189485638e+04 9.609870931704688202e-01
6.075597518195545854e+04 9.928380975363714223e-01
6.075597544201606070e+04 1.011106914449160232e+00
6.075597570207665558e+04 1.026913758358386053e+00
6.075597596213725046e+04 9.710028066106217715e-01
6.075597622219784535e+04 1.018928774091014677e+00
6.075597648225844023e+04 9.848927760640301399e-01
6.075597674231903511e+04 1.021690600155342521e+00
6.075597700237963727e+04 9.627664448442389000e-01
6.075597726244023943e+04 9.958694787836610551e-01
6.075597752250083431e+04 9.949329977677425774e-01
6.075597778256142919e+04 1.009280682719747801e+00
6.075597804262203135e+04 9.735672103811348066e-01
6.075597830268262624e+04 9.767096816841258633e-01
6.075597856274322839e+04 1.002798855287268420e+00
6.075597882280382328e+04 1.021336785457483298e+00
6.075597908286441816e+04 9.829564489431547036e-01
6.075597934292501304e+04 9.847468924678797197e-01
6.075597960298560793e+04 9.862499143977685456e-01
6.075597986304620281e+04 9.876586972100058759e-01
6.075598012310681224e+04 9.559529678901608207e-01
6.075598038316740713e+04 9.633064047711588085e-01
6.075598064322800201e+04 1.011180749874232454e+00
6.075598090328860417e+04 9.841501673448876941e-01
6.075598116334919905e+04 1.005154574420770386e+00
6.075598142340979393e+04 9.819870551555180960e-01
6.075598168347039609e+04 9.819929328500122123e-01
6.075598194353099097e+04 9.843523991851788058e-01
6.075598220359158586e+04 9.765179166072240902e-01
6.075598246365218074e+04 9.978594648523314570e-01
6.075598272371277562e+04 1.014319521508244559e+00
6.075598298377338506e+04 9.679616908320042290e-01
6.075598324383397994e+04 1.017694312925319533e+00
6.075598350389457482e+04 1.005272567334879019e+00
6.075598376395516971e+04 1.017657435049165837e+00
6.075598402401577187e+04 9.974292966355351453e-01
6.075598428407636675e+04 1.008050071357006194e+00
6.075598454413696891e+04 1.027456419333704352e+00
6.075598480419756379e+04 1.011851954479193072e+00
6.075598506425815867e+04 1.003407625351101506e+00
6.075598532431875356e+04 1.013340799401724279e+00
6.075598558437934844e+04 1.001009212765627598e+00
6.075598584443995787e+04 1.017166287995356910e+00
6.075598610450055276e+04 1.023409935056523334e+00
6.075598636456114764e+04 1.003949535101755997e+00
6.075598662462174252e+04 1.003490178451462489e+00
6.075598688468234468e+04 1.017165746766332202e+00
6.075598714474294684e+04 9.688119745588354981e-01
6.075598740480354172e+04 9.900474475565290700e-01
6.075598766486413660e+04 1.015149961824006297e+00
6.075598792492473149e+04 9.977984252794986908e-01
6.075598818498532637e+04 9.959284203921637824e-01
6.075598844504592853e+04 9.906030506451692919e-01
6.075598870510653069e+04 1.023136503965769828e+00
6.075598896516712557e+04 9.495791918370931617e-01
6.075598922522772045e+04 9.752690674000275006e-01
6.075598948528831534e+04 1.046406942434708887e+00
6.075598974534892477e+04 1.005878316756668722e+00
6.075599000540951965e+04 1.010851842536338641e+00
6.075599026547011454e+04 9.906512616211965438e-01
6.075599052553070942e+04 1.018073289788463232e+00
6.075599078559130430e+04 1.001684808383601410e+00
6.075599104565190646e+04 1.006083745451354927e+00
6.075599130571250134e+04 1.004412563569473615e+00
6.075599156577310350e+04 1.018856438879853332e+00
6.075599182583369839e+04 9.861922238680577157e-01
6.075599208589429327e+04 1.008960595992214326e+00
6.075599234595489543e+04 9.885448694649928703e-01
6.075599260601549759e+04 9.798186984240828679e-01
6.075599286607609247e+04 9.822939117616387161e-01
6.075599312613668735e+04 9.936235616071379395e-01
6.075599338619728951e+04 1.001328121565707052e+00
6.075599364625788439e+04 1.024055589111815712e+00
6.075599390631847928e+04 9.895294785650835534e-01
6.075599416637907416e+04 9.814741937711601860e-01
6.075599442643966904e+04 9.660449875118193308e-01
6.075599468650027848e+04 9.703432292652633961e-01
6.075599494656087336e+04 1.015041985299314664e+00
6.075599520662146824e+04 1.000396933608165062e+00
6.075599546668207040e+04 1.059329254441473633e+00
6.075599572674267256e+04 9.952291871003000612e-01
6.075599598680326744e+04 9.770993246737763593e-01
6.075599624686386232e+04 9.803008930838043034e-01
6.075599650692445721e+04 1.024495796692893590e+00
6.075599676698505209e+04 9.760509769243341793e-01
6.075599702704565425e+04 9.750542763937483093e-01
6.075599728710624913e+04 9.888459521592898316e-01
6.075599754716685129e+04 1.001229161509117782e+00
6.075599780722744617e+04 1.012859153789377409e+00
6.075599806728804833e+04 9.707046917592088153e-01
6.075599832734865049e+04 1.026311917709483490e+00
6.075599858740924537e+04 9.946647488115115676e-01
6.075599884746984026e+04 9.761392085625154591e-01
6.075599910753044242e+04 1.033931473197754469e+00
6.075599936759103730e+04 9.617761054773058538e-01
6.075600091303530644e+04 9.858244680179198971e-01
6.075600117309600319e+04 1.034685604079861765e+00
6.075600143315670721e+04 1.027303356709298399e+00
6.075600169321741851e+04 1.025301726474943331e+00
6.075600195327811525e+04 1.048981625638578441e+00
6.075600221333881927e+04 1.005471542089815262e+00
6.075600247339952330e+04 1.016517241868680310e+00
6.075600273346023459e+04 9.939296234080612358e-01
6.075600299352093862e+04 9.742772628238770549e-01
6.075600325358163536e+04 9.954749805733522638e-01
6.075600351364233939e+04 9.896371997231602213e-01
6.075600377370305068e+04 1.020673157311857260e+00
6.075600403376375471e+04 1.001123448796310544e+00
6.075600429382445873e+04 9.916843694870756121e-01
6.075600455388515547e+04 9.972975846938658684e-01
6.075600481394586677e+04 1.006689805083870404e+00
6.075600507400657079e+04 9.883311005243731184e-01
6.075600533406726754e+04 9.768678789340227153e-01
6.075600559412797884e+04 9.917512653416209467e-01
6.075600585418868286e+04 1.008945969049878544e+00
6.075600611424938688e+04 1.010038803537571583e+00
6.075600637431009091e+04 1.000599029714242416e+00
6.075600663437078765e+04 1.023698616771944403e+00
6.075600689443149895e+04 9.996482636797857646e-01
6.075600715449220297e+04 1.006521518046421315e+00
6.075600741455290699e+04 1.034655049849354524e+00
6.075600767461361102e+04 9.878438539474432289e-01
6.075600793467431504e+04 1.002426550864474297e+00
6.075600819473501906e+04 1.024675114573308177e+00
6.075600845479572308e+04 1.064743024279614092e+00
6.075600871485643438e+04 1.008003194209009745e+00
6.075600897491713840e+04 9.924545504552817476e-01
6.075600923497783515e+04 1.010626376516169378e+00
6.075600949503853917e+04 1.002663676497639100e+00
6.075600975509925047e+04 9.901686905654475401e-01
6.075601001515994722e+04 1.012175325306821971e+00
6.075601027522065124e+04 9.907037992595250087e-01
6.075601053528135526e+04 1.005967667948105548e+00
6.075601079534206656e+04 1.025532791328205739e+00
6.075601105540277058e+04 1.029684931549020854e+00
6.075601131546346733e+04 1.012512130975250724e+00
6.075601157552417862e+04 9.942660924056752059e-01
6.075601183558488265e+04 1.015695398906794944e+00
6.075601209564558667e+04 9.920913035972405147e-01
6.075601235570629069e+04 9.916777998250621007e-01
6.075601261576699471e+04 1.021093943308490681e+00
6.075601287582769874e+04 1.007964103582519755e+00
6.075601313588840276e+04 1.049185302417124044e+00
6.075601339594910678e+04 1.015419435714885799e+00
6.075601365600981080e+04 1.004440343508905764e+00
6.075601391607051482e+04 9.839561730183847832e-01
6.075601417613121885e+04 9.886275546234848388e-01
6.075601443619193014e+04 1.013039361425208895e+00
6.075601469625262689e+04 1.031499758263026534e+00
6.075601495631333091e+04 9.967160448959863084e-01
6.075601521637404221e+04 1.021685173696046389e+00
6.075601547643474623e+04 1.008898239613157388e+00
6.075601573649545026e+04 9.859804452886704595e-01
6.075601599655614700e+04 1.000682856587649994e+00
6.075601625661685830e+04 9.957252664546154541e-01
6.075601651667756232e+04 9.790408618307341326e-01
6.075601677673825907e+04 1.016561982203241676e+00
6.075601703679897764e+04 1.032007497384582972e+00
6.075601729685967439e+04 1.002993512374601215e+00
6.075601755692037841e+04 9.811856722365915884e-01
6.075601781698108971e+04 9.876622332235053259e-01
6.075601807704178646e+04 9.972779007501049175e-01
6.075601833710249048e+04 1.008607221228641215e+00
6.075601859716319450e+04 1.035739983307605971e+00
6.075601885722390580e+04 9.987264129051263151e-01
6.075601911728460982e+04 9.792343990662869535e-01
6.075601937734530657e+04 1.001800715162883382e+00
6.075601963740601786e+04 1.031858395493762570e+00
6.075601989746672189e+04 9.765623339896040145e-01
6.075602015752742591e+04 1.006608314632623236e+00
6.075602041758813721e+04 9.841622481823255608e-01
6.075602067764883395e+04 9.857228336840145877e-01
6.075602093770953798e+04 1.055584611295177888e+00
6.075602119777024927e+04 1.010468885144428564e+00
6.075602145783094602e+04 9.635500443770781409e-01
6.075602171789165004e+04 1.009815252351881076e+00
6.075602197795236134e+04 9.994102031333057523e-01
6.075602223801306536e+04 9.556394645223724726e-01
6.075602249807376938e+04 9.733764481154801862e-01
6.075602275813446613e+04 1.004362021383574222e+00
6.075602301819517743e+04 9.891330993181112197e-01
6.075602327825588145e+04 1.016394305626393546e+00
6.075602353831658547e+04 1.010985975155151984e+00
6.075602379837729677e+04 9.911637045747885288e-01
6.075602405843799352e+04 1.013411517499994696e+00
6.075602431849869754e+04 9.959747653917153665e-01
6.075602457855940884e+04 9.503811882739120476e-01
6.075602483862010558e+04 9.992523372686746841e-01
6.075602509868080961e+04 1.008325069339816471e+00
6.075602535874152090e+04 1.040307813263613435e+00
6.075602561880222493e+04 1.012860157266725736e+00
6.075602587886292895e+04 1.007079025329537192e+00
6.075602613892363297e+04 1.038677578218000219e+00
6.075602639898433699e+04 9.683908468526710722e-01
6.075602665904504101e+04 9.996826087768188041e-01
6.075602691910575231e+04 9.991224368837132719e-01
6.075602717916645634e+04 1.015529627348234154e+00
6.075602743922715308e+04 9.813199439716924211e-01
6.075602769928786438e+04 9.881436019398446291e-01
6.075602795934856840e+04 1.008125065819800659e+00
6.075602821940927242e+04 9.575331650332845612e-01
6.075602847946998372e+04 1.008974365541132734e+00
6.075602873953068047e+04 9.575497812857560742e-01
6.075602899959138449e+04 1.024163849829381912e+00
6.075602925965209579e+04 1.027650849465776783e+00
6.075603093112658098e+04 9.556790022415323493e-01
6.075603119118718314e+04 1.019246642364555866e+00
6.075603145124778530e+04 9.962833722600737962e-01
6.075603171130838018e+04 1.006051883418475512e+00
6.075603197136898234e+04 9.786652264901587461e-01
6.075603223142958450e+04 9.812136952356285136e-01
6.075603249149017938e+04 9.761731918891046744e-01
6.075603275155078154e+04 1.008580726553336415e+00
6.075603301161137642e+04 9.901316948750715774e-01
6.075603327167197858e+04 1.005237930815703340e+00
6.075603353173257346e+04 9.979097802765474201e-01
6.075603379179316835e+04 1.000935367625322536e+00
6.075603405185377051e+04 9.911628932359529687e-01
6.075603431191437267e+04 9.965918196998546641e-01
6.075603457197496755e+04 9.738143963527045033e-01
6.075603483203556971e+04 9.944619966205725525e-01
6.075603509209617187e+04 1.007682486880829398e+00
6.075603535215676675e+04 9.582689495862761753e-01
6.075603561221736891e+04 1.006435105518240336e+00
6.075603587227796379e+04 9.984122789735146997e-01
6.075603613233855867e+04 9.620142462184105847e-01
6.075603639239916083e+04 9.753645684714268294e-01
6.075603665245975571e+04 1.016959755603347393e+00
6.075603691252035787e+04 9.445544081764297717e-01
6.075603717258096003e+04 1.003213779152688057e+00
6.075603743264155491e+04 9.790790340355701726e-01
6.075603769270215707e+04 9.910435693814860780e-01
6.075603795276275196e+04 1.013979133995656090e+00
6.075603821282335412e+04 1.052256026345308237e+00
6.075603847288395627e+04 1.001162508455012867e+00
6.075603873294455116e+04 1.002645383572672966e+00
6.075603899300515332e+04 1.008972373087795971e+00
6.075603925306574820e+04 9.764190520049402799e-01
6.075603951312634308e+04 9.864367395746895806e-01
6.075603977318694524e+04 1.003096513917817623e+00
6.075604003324754740e+04 9.984488407495472062e-01
6.075604029330814228e+04 9.843992918329176334e-01
6.075604055336874444e+04 9.685834186579220795e-01
6.075604081342933932e+04 1.014081464946403610e+00
6.075604107348994876e+04 9.676575670267366647e-01
6.075604133355054364e+04 9.898802508834609881e-01
6.075604159361113852e+04 1.008539509900332698e+00
6.075604185367174068e+04 9.514878644763969939e-01
6.075604211373233557e+04 1.009357502514382166e+00
6.075604237379293045e+04 1.008801727400793657e+00
6.075604263385353261e+04 1.003670264591877359e+00
6.075604289391413477e+04 9.838537399638654923e-01
6.075604315397473692e+04 9.895349340569226104e-01
6.075604341403533181e+04 9.541690154354682818e-01
6.075604367409592669e+04 9.788319076834040011e-01
6.075604393415653612e+04 9.720883078733554283e-01
6.075604419421713101e+04 9.831666683906656878e-01
6.075604445427773317e+04 1.003590767328840005e+00
6.075604471433832805e+04 9.967667510106519302e-01
6.075604497439892293e+04 9.708493518442220527e-01
6.075604523445952509e+04 1.002849095510216726e+00
6.075604549452011997e+04 1.032500513175333312e+00
6.075604575458072213e+04 1.014068646809469509e+00
6.075604601464132429e+04 9.827387872340574981e-01
6.075604627470191917e+04 1.000410735780862481e+00
6.075604653476252133e+04 9.851999822855218580e-01
6.075604679482312349e+04 1.011688690770930377e+00
6.075604705488372565e+04 9.783201944498537417e-01
6.075604731494432053e+04 9.542695475156652840e-01
6.075604757500491542e+04 9.957091894105246643e-01
6.075604783506551757e+04 1.012729517882744013e+00
6.075604809512611246e+04 9.834362374493125225e-01
6.075604835518671462e+04 9.608636007594142381e-01
6.075604861524730950e+04 9.809823249644408216e-01
6.075604887530791166e+04 1.005853934055570331e+00
6.075604913536851382e+04 9.837197566835983453e-01
6.075604939542910870e+04 9.880977122111245237e-01
6.075604965548971813e+04 9.799293355261157190e-01
6.075604991555031302e+04 9.952977542917509357e-01
6.075605017561090790e+04 9.981553919811889664e-01
6.075605043567151006e+04 9.900307033393239697e-01
6.075605069573210494e+04 9.943195484787072935e-01
6.075605095579270710e+04 9.891157111851198724e-01
6.075605121585330198e+04 1.005023927468001066e+00
6.075605147591390414e+04 1.004605313138556166e+00
6.075605173597450630e+04 9.944199402124102027e-01
6.075605199603510118e+04 9.949540832574313987e-01
6.075605225609570334e+04 9.782579127351146431e-01
6.075605251615630550e+04 1.019237291260866041e+00
6.075605277621690766e+04 9.848410148404054265e-01
6.075605303627750254e+04 1.013158624421115928e+00
6.075605329633810470e+04 9.947108780138953499e-01
6.075605355639869958e+04 9.687160710707489741e-01
6.075605381645929447e+04 1.013382017787386458e+00
6.075605407651989663e+04 9.634975071676958880e-01
6.075605433658049151e+04 9.845298500306309819e-01
6.075605459664110094e+04 9.752454967050671053e-01
6.075605485670169583e+04 9.800733048120149338e-01
6.075605511676229071e+04 1.008680749247412578e+00
6.075605537682289287e+04 1.024430760781319449e+00
6.075605563688349503e+04 9.888429931202741274e-01
6.075605589694409719e+04 9.975271100215872266e-01
6.075605615700469207e+04 1.001814842303466735e+00
6.075605641706529423e+04 1.003992272801828012e+00
6.075605667712588911e+04 9.531051741566618496e-01
6.075605693718649127e+04 9.679157575357774101e-01
6.075605719724708615e+04 1.011480415762968876e+00
6.075605745730768831e+04 9.689891185035798271e-01
6.075605771736829047e+04 1.007836355575232101e+00
6.075605797742888535e+04 9.745202396991022864e-01
6.075605823748948751e+04 1.006838120053825003e+00
6.075605849755008967e+04 9.737904621370289115e-01
6.075605875761069183e+04 9.659937365389367203e-01
6.075605901767128671e+04 9.820697499623238791e-01
6.075605927773188159e+04 9.617793594186446748e-01
6.075606082316284301e+04 9.897484409888994694e-01
6.075606108322354703e+04 9.997781149724174199e-01
6.075606134328425105e+04 9.848068940473171384e-01
6.075606160334495507e+04 9.787549454741685251e-01
6.075606186340566637e+04 1.006341972882877300e+00
6.075606212346637039e+04 9.965236342913070811e-01
6.075606238352707442e+04 1.009661458621078589e+00
6.075606264358777844e+04 9.378914109554734591e-01
6.075606290364848246e+04 9.714819777129720668e-01
6.075606316370919376e+04 9.966033969355815314e-01
6.075606342376989778e+04 9.617307583780406732e-01
6.075606368383060908e+04 1.014332862147363512e+00
6.075606394389130583e+04 9.823275114807342723e-01
6.075606420395201712e+04 9.648647669562461227e-01
6.075606446401272115e+04 1.006659715675580546e+00
6.075606472407342517e+04 1.017656443716478787e+00
6.075606498413412919e+04 9.985787513758643819e-01
6.075606524419483321e+04 9.730705412436205792e-01
6.075606550425554451e+04 1.035403239617663340e+00
6.075606576431624853e+04 9.782112277540001566e-01
6.075606602437695256e+04 1.005137939219941101e+00
6.075606628443765658e+04 9.645785334846982417e-01
6.075606654449836788e+04 1.005794388605414147e+00
6.075606680455907190e+04 9.636769854005697855e-01
6.075606706461978320e+04 9.713228212113775850e-01
6.075606732468047994e+04 9.569270654803803122e-01
6.075606758474119124e+04 1.012954869514104850e+00
6.075606784480189526e+04 9.889184887212074671e-01
6.075606810486259928e+04 9.845096482320159215e-01
6.075606836492331058e+04 9.994402857403156260e-01
6.075606862498401460e+04 1.022062230645269798e+00
6.075606888504471863e+04 1.011236720374595999e+00
6.075606914510542993e+04 1.024208615148594514e+00
6.075606940516612667e+04 1.012953818620965896e+00
6.075606966522683797e+04 9.723897436801665073e-01
6.075606992528754199e+04 9.650163868702248404e-01
6.075607018534824601e+04 9.569739470589898600e-01
6.075607044540895731e+04 1.034345448240188814e+00
6.075607070546965406e+04 1.012376832391514991e+00
6.075607096553036536e+04 9.877712133563885111e-01
6.075607122559106938e+04 1.002094084177077793e+00
6.075607148565178068e+04 1.005455818576482141e+00
6.075607174571248470e+04 9.967743148076803061e-01
6.075607200577318872e+04 9.803315199550524106e-01
6.075607226583389274e+04 1.025128129245312714e+00
6.075607252589460404e+04 9.756538603313000824e-01
6.075607278595530079e+04 9.799668279355777667e-01
6.075607304601601209e+04 1.003276622081162861e+00
6.075607330607671611e+04 9.879470361553115421e-01
6.075607356613742741e+04 9.923844217638627674e-01
6.075607382619813143e+04 9.956432380404360849e-01
6.075607408625883545e+04 1.006113468254888232e+00
6.075607434631953947e+04 1.026351295528977969e+00
6.075607460638025077e+04 9.933383443693412085e-01
6.075607486644095479e+04 9.978590589513013365e-01
6.075607512650166609e+04 1.048020873218257432e+00
6.075607538656236284e+04 1.022241238071728953e+00
6.075607564662307414e+04 9.666114555244473827e-01
6.075607590668377816e+04 9.972863257833546324e-01
6.075607616674448218e+04 1.038459532567848509e+00
6.075607642680518620e+04 9.931873545738583164e-01
6.075607668686589750e+04 9.833243787224021926e-01
6.075607694692660152e+04 9.961908303132752662e-01
6.075607720698731282e+04 9.920141088574727650e-01
6.075607746704800957e+04 9.985619134371824801e-01
6.075607772710872086e+04 1.009361496170408934e+00
6.075607798716942489e+04 1.042400869741678449e+00
6.075607824723013618e+04 9.987448984856257539e-01
6.075607850729084021e+04 9.587237819285031604e-01
6.075607876735154423e+04 9.958994837341484940e-01
6.075607902741224825e+04 9.971311350125858786e-01
6.075607928747295955e+04 1.008705838017769141e+00
6.075607954753365630e+04 1.025331648067608015e+00
6.075607980759437487e+04 9.947087692891062316e-01
6.075608006765507162e+04 9.904349517484722920e-01
6.075608032771578291e+04 1.028316448871118505e+00
6.075608058777648694e+04 9.887668971151878372e-01
6.075608084783719096e+04 1.004110594000711343e+00
6.075608110789789498e+04 9.633848733744678761e-01
6.075608136795860628e+04 1.030650960432871299e+00
6.075608162801931030e+04 1.013456250801036074e+00
6.075608188808002160e+04 9.902929351354619047e-01
6.075608214814072562e+04 9.680248184536118794e-01
6.075608240820142964e+04 1.011495670219188625e+00
6.075608266826214094e+04 1.043167413600921245e+00
6.075608292832284496e+04 1.012772503698097903e+00
6.075608318838355626e+04 1.036734308459265286e+00
6.075608344844425301e+04 1.027504336671674068e+00
6.075608370850496431e+04 1.016859619434685058e+00
6.075608396856566833e+04 1.004869278539491484e+00
6.075608422862637235e+04 9.851330201510762885e-01
6.075608448868707637e+04 9.922159607905082224e-01
6.075608474874778767e+04 9.938924603280500092e-01
6.075608500880849169e+04 1.010064159206971235e+00
6.075608526886920299e+04 1.013320840895664876e+00
6.075608552892989974e+04 9.883248217508151523e-01
6.075608578899061104e+04 1.009799493240870261e+00
6.075608604905131506e+04 9.930156329843748964e-01
6.075608630911202636e+04 1.005935298792424826e+00
6.075608656917273765e+04 1.017216069030782988e+00
6.075608682923343440e+04 1.015880351245490143e+00
6.075608708929414570e+04 1.016706923953584862e+00
6.075608734935484972e+04 1.038054269043478195e+00
6.075608760941555374e+04 9.842197193151174250e-01
6.075608786947625777e+04 9.977190190044652462e-01
6.075608812953696906e+04 1.055344239362559389e+00
6.075608838959767309e+04 9.842882874525520354e-01
6.075608864965838438e+04 9.862788902096191190e-01
6.075608890971908113e+04 1.015295746185356451e+00
6.075608916977979243e+04 9.944637063243421116e-01
6.075609076562616247e+04 9.726200636145818645e-01
6.075609102568677190e+04 1.003311745565164559e+00
6.075609128574736678e+04 1.009099216166580160e+00
6.075609154580796894e+04 1.035038413754322484e+00
6.075609180586856382e+04 9.929355060424664980e-01
6.075609206592916598e+04 9.962142807943306089e-01
6.075609232598976814e+04 1.052986069050656726e+00
6.075609258605036302e+04 1.007450785903494461e+00
6.075609284611097246e+04 1.004365749123776075e+00
6.075609310617156734e+04 1.011803406944246753e+00
6.075609336623216950e+04 9.785902425802349702e-01
6.075609362629276438e+04 9.921765164279845450e-01
6.075609388635337382e+04 1.011769798621056760e+00
6.075609414641397598e+04 1.000599300478415055e+00
6.075609440647457086e+04 1.016447854192595868e+00
6.075609466653517302e+04 1.059187630573061645e+00
6.075609492659576790e+04 1.042113165890822479e+00
6.075609518665637006e+04 1.030669825720762933e+00
6.075609544671696494e+04 1.014833024410259465e+00
6.075609570677756710e+04 9.983640762299885729e-01
6.075609596683816926e+04 1.009104970240440435e+00
6.075609622689877142e+04 1.026416557953045539e+00
6.075609648695937358e+04 1.014062614085238012e+00
6.075609674701997574e+04 9.885837131302472880e-01
6.075609700708057790e+04 1.023851600440783161e+00
6.075609726714117278e+04 1.012956765030173845e+00
6.075609752720177494e+04 1.038684020476235537e+00
6.075609778726236982e+04 1.022164245512873659e+00
6.075609804732297198e+04 9.767345466798527109e-01
6.075609830738357414e+04 1.035582070673413790e+00
6.075609856744416902e+04 1.004234463666392241e+00
6.075609882750477846e+04 9.873287103421439781e-01
6.075609908756537334e+04 9.881621391832213774e-01
6.075609934762597550e+04 1.035277485907736494e+00
6.075609960768658493e+04 1.031802669724135590e+00
6.075609986774717981e+04 1.013450734257940189e+00
6.075610012780778197e+04 1.035493948169582401e+00
6.075610038786837686e+04 1.035464187949892478e+00
6.075610064792897901e+04 1.014304487762683227e+00
6.075610090798957390e+04 1.001799438100531958e+00
6.075610116805017606e+04 1.011315762192627643e+00
6.075610142811077822e+04 1.028496752964860317e+00
6.075610168817138037e+04 9.973923477672865801e-01
6.075610194823198253e+04 1.009222720317468847e+00
6.075610220829257742e+04 1.001532582882213029e+00
6.075610246835318685e+04 1.041348010249936618e+00
6.075610272841378901e+04 1.009861596047234356e+00
6.075610298847438389e+04 1.034921484652849610e+00
6.075610324853498605e+04 1.031925178286261291e+00
6.075610350859558093e+04 1.022543065310754118e+00
6.075610376865618309e+04 9.869304396132396739e-01
6.075610402871678525e+04 1.019973765195323345e+00
6.075610428877738013e+04 9.695480843655925884e-01
6.075610454883798957e+04 9.781950443640815562e-01
6.075610480889858445e+04 9.908804239019114446e-01
6.075610506895918661e+04 1.008470252267240852e+00
6.075610532901978877e+04 1.015465131570834956e+00
6.075610558908039093e+04 1.007620432834735569e+00
6.075610584914099309e+04 9.747959141280407858e-01
6.075610610920158797e+04 9.835698327084506642e-01
6.075610636926219013e+04 1.042950494975077191e+00
6.075610662932279229e+04 9.911424649141764576e-01
6.075610688938338717e+04 1.012539498243739455e+00
6.075610714944398933e+04 9.921345603934145219e-01
6.075610740950459149e+04 9.936821294322136788e-01
6.075610766956519365e+04 9.680410416621483272e-01
6.075610792962579580e+04 9.624279940182196569e-01
6.075610818968639069e+04 9.884747470067493103e-01
6.075610844974700012e+04 1.046803103060757856e+00
6.075610870980759501e+04 1.027496183042091227e+00
6.075610896986819716e+04 9.839260810583511097e-01
6.075610922992879932e+04 1.031111069566891247e+00
6.075610948998939421e+04 1.019838684563143527e+00
6.075610975004999636e+04 9.852787570473844347e-01
6.075611001011059852e+04 1.001605256303499170e+00
6.075611027017120068e+04 1.028134759164955447e+00
6.075611053023180284e+04 1.012439622499848424e+00
6.075611079029239772e+04 1.022132423554982461e+00
6.075611105035299988e+04 1.016151764221915776e+00
6.075611131041360932e+04 9.913927109687961092e-01
6.075611157047420420e+04 1.003498182938894479e+00
6.075611183053480636e+04 9.894380937194260373e-01
6.075611209059540852e+04 1.032906029150654215e+00
6.075611235065600340e+04 1.003422707726923102e+00
6.075611261071660556e+04 1.027989373466775769e+00
6.075611287077720044e+04 1.023523917881042244e+00
6.075611313083780260e+04 9.804902272876308000e-01
6.075611339089841204e+04 9.709838429532182680e-01
6.075611365095900692e+04 1.020331511669525515e+00
6.075611391101960908e+04 1.004831882201440818e+00
6.075611417108021851e+04 1.028285805957751764e+00
6.075611443114081339e+04 9.915179514521709203e-01
6.075611469120141555e+04 9.741137755214834826e-01
6.075611495126201044e+04 9.668137192477558317e-01
6.075611521132261259e+04 1.019884121550903577e+00
6.075611547138321475e+04 1.021938043110563576e+00
6.075611573144380964e+04 9.839240097393870954e-01
6.075611599150441180e+04 1.000094316054676469e+00
6.075611625156502123e+04 1.036451406147062437e+00
6.075611651162561611e+04 9.939017782581983651e-01
6.075611677168621827e+04 1.003169299645853663e+00
6.075611703174682771e+04 9.869979141523861355e-01
6.075611729180742259e+04 1.005688866602544751e+00
6.075611755186802475e+04 9.997084339517359197e-01
6.075611781192861963e+04 1.029532970609641662e+00
6.075611807198922179e+04 9.867946267996980936e-01
6.075611833204982395e+04 9.779896285091650432e-01
6.075611859211041883e+04 1.009901923543345070e+00
6.075611885217102099e+04 1.003571858514642701e+00
6.075611911223163042e+04 9.908945159384938695e-01
6.075612077110124665e+04 1.024441920438607490e+00
6.075612103116195794e+04 9.970549562816882760e-01
6.075612129122266924e+04 9.861882510692870918e-01
6.075612155128336599e+04 1.008622439974104168e+00
6.075612181134407729e+04 9.702802606406009112e-01
6.075612207140478858e+04 9.949529219135980762e-01
6.075612233146549261e+04 9.479568634748072320e-01
6.075612259152620391e+04 9.967708180161533038e-01
6.075612285158690065e+04 9.944434594458889665e-01
6.075612311164761195e+04 9.972924480324013574e-01
6.075612337170832325e+04 1.006562653580585387e+00
6.075612363176902727e+04 1.026696646493435283e+00
6.075612389182973857e+04 9.719455308381751424e-01
6.075612415189044259e+04 1.021323109048558386e+00
6.075612441195114661e+04 1.008905631783032719e+00
6.075612467201185791e+04 1.018215919495935040e+00
6.075612493207256193e+04 9.965086907082155721e-01
6.075612519213326595e+04 1.006032871496401526e+00
6.075612545219397725e+04 1.012675187436009594e+00
6.075612571225468855e+04 9.866317522936643991e-01
6.075612597231539985e+04 9.788774462261934373e-01
6.075612623237609660e+04 1.015843239450968438e+00
6.075612649243680789e+04 9.949187878460021839e-01
6.075612675249751919e+04 9.558480555397922407e-01
6.075612701255822321e+04 1.002139642807716946e+00
6.075612727261893451e+04 1.017697277163172487e+00
6.075612753267963853e+04 9.728766505200998616e-01
6.075612779274034256e+04 9.979050662243166281e-01
6.075612805280105385e+04 1.009317781480733700e+00
6.075612831286175788e+04 9.873468892143103526e-01
6.075612857292246190e+04 9.859906831805819172e-01
6.075612883298317320e+04 9.846605426538939110e-01
6.075612909304388450e+04 9.901505284753319147e-01
6.075612935310458852e+04 1.004104883776596235e+00
6.075612961316529254e+04 9.764090281040379571e-01
6.075612987322600384e+04 9.938890603504924037e-01
6.075613013328670786e+04 9.928579154113632566e-01
6.075613039334741916e+04 1.020536761880616039e+00
6.075613065340813046e+04 9.834783216279843199e-01
6.075613091346882720e+04 1.023212314512941257e+00
6.075613117352953850e+04 1.001303194864505697e+00
6.075613143359024980e+04 9.917840099799207776e-01
6.075613169365095382e+04 1.007863776739983175e+00
6.075613195371166512e+04 1.001459512702489896e+00
6.075613221377236914e+04 9.863543497668698645e-01
6.075613247383308044e+04 9.879445111506139909e-01
6.075613273389378446e+04 1.003794298276446062e+00
6.075613299395448848e+04 1.023539790215804324e+00
6.075613325401519978e+04 1.019640798699766870e+00
6.075613351407590380e+04 1.038738757334671803e+00
6.075613377413661510e+04 1.038193682560442976e+00
6.075613403419732640e+04 1.024836817889812846e+00
6.075613429425802315e+04 1.020467425029607300e+00
6.075613455431873444e+04 1.002293976899769401e+00
6.075613481437944574e+04 1.005413327688996050e+00
6.075613507444015704e+04 1.051742284350649204e+00
6.075613533450086106e+04 1.021939941009170516e+00
6.075613559456156509e+04 1.033424889050128082e+00
6.075613585462227638e+04 1.018602149067587614e+00
6.075613611468298041e+04 9.668953968240304730e-01
6.075613637474368443e+04 9.988913004766204473e-01
6.075613663480439573e+04 1.012421554827468873e+00
6.075613689486510702e+04 1.003123245018938459e+00
6.075613715492581105e+04 1.000883958600132351e+00
6.075613741498652234e+04 9.629592951376392262e-01
6.075613767504722637e+04 9.880666458289727450e-01
6.075613793510793039e+04 9.972274303410993967e-01
6.075613819516864169e+04 9.947687639808275861e-01
6.075613845522935299e+04 9.826251692271404936e-01
6.075613871529006428e+04 9.741540657296157146e-01
6.075613897535076103e+04 1.021013796421921471e+00
6.075613923541147233e+04 9.961616161979566231e-01
6.075613949547218363e+04 1.001440220102739032e+00
6.075613975553288037e+04 1.008965047973135576e+00
6.075614001559359167e+04 9.983827362971686714e-01
6.075614027565430297e+04 1.033063503716875609e+00
6.075614053571501427e+04 9.787976780321224757e-01
6.075614079577571829e+04 1.019925345846140585e+00
6.075614105583642231e+04 9.879332930906262744e-01
6.075614131589713361e+04 1.024569554688292694e+00
6.075614157595783763e+04 1.015368966934325545e+00
6.075614183601854893e+04 9.880926470880623258e-01
6.075614209607926023e+04 9.458694863586376567e-01
6.075614235613996425e+04 1.020985163287810638e+00
6.075614261620066827e+04 9.980992706087532529e-01
6.075614287626137957e+04 1.030226036659298350e+00
6.075614313632208359e+04 1.003280182380854590e+00
6.075614339638280217e+04 9.726603866849703461e-01
6.075614365644349891e+04 9.992944170788806701e-01
6.075614391650421021e+04 9.773238449903175473e-01
6.075614417656492151e+04 1.008703927960772795e+00
6.075614443662562553e+04 1.023010840901671381e+00
6.075614469668632955e+04 1.014619582775696305e+00
6.075614495674704085e+04 9.957117487381164089e-01
6.075614521680775215e+04 1.022091384988245588e+00
6.075614547686845617e+04 1.022458674812128931e+00
6.075614573692916019e+04 9.884866573765285214e-01
6.075614599698987149e+04 1.005099151134807745e+00
6.075614625705058279e+04 1.029472999257449839e+00
6.075614651711128681e+04 9.832487991923090087e-01
6.075614677717199811e+04 9.946378997383497067e-01
6.075614703723270213e+04 9.836933964274773290e-01
6.075614729729341343e+04 9.973556732939987679e-01
6.075614755735411745e+04 9.764454786587950519e-01
6.075614781741482147e+04 1.038668195348993351e+00
6.075614807747553277e+04 9.731620826498200705e-01
6.075614833753624407e+04 1.017869101707143953e+00
6.075614859759694809e+04 9.617979082113743416e-01
6.075614885765765939e+04 9.854044694602280829e-01
6.075614911771836341e+04 9.523740187150062653e-01
