6.075547523411604925e+04 9.852494357516464740e-01
6.075547549417674600e+04 1.007928299453907162e+00
6.075547575423742819e+04 1.013513139257406159e+00
6.075547601429812494e+04 9.957262669224357099e-01
6.075547627435881441e+04 9.619230595149893537e-01
6.075547653441950388e+04 9.772359487500592579e-01
6.075547679448019335e+04 9.694021828328048818e-01
6.075547705454089009e+04 1.022718614917014435e+00
6.075547731460157956e+04 9.911352397621912003e-01
6.075547757466227631e+04 1.012513583582758114e+00
6.075547783472295851e+04 9.691532208181067309e-01
6.075547809478365525e+04 9.985175228172279427e-01
6.075547835484434472e+04 9.866192434023260960e-01
6.075547861490504147e+04 1.012062717640779708e+00
6.075547887496573094e+04 1.000905424937109878e+00
6.075547913502642041e+04 9.908161642040148598e-01
6.075547939508710988e+04 9.767743700872638657e-01
6.075547965514780662e+04 9.799091887988623517e-01
6.075547991520848882e+04 9.706933100628063471e-01
6.075548017526918557e+04 9.866518668891161026e-01
6.075548043532987504e+04 1.037199477718143026e+00
6.075548069539057178e+04 9.795884193010905294e-01
6.075548095545126125e+04 9.905087047170164638e-01
6.075548121551195072e+04 9.888992501444630046e-01
6.075548147557264019e+04 9.726139932842252644e-01
6.075548173563333694e+04 9.504844320944868530e-01
6.075548199569402641e+04 9.979927438647282489e-01
6.075548225575472316e+04 9.801034239497078415e-01
6.075548251581540535e+04 9.802071043933316963e-01
6.075548277587610210e+04 1.035517574223196791e+00
6.075548303593679157e+04 9.732063772787986622e-01
6.075548329599748104e+04 9.849668909955907603e-01
6.075548355605817778e+04 9.932299333598043622e-01
6.075548381611886725e+04 9.846181416108606976e-01
6.075548407617955672e+04 1.016472449529651545e+00
6.075548433624025347e+04 9.901903463678723982e-01
6.075548459630093566e+04 9.982708889586477952e-01
6.075548485636163241e+04 9.781328965345189586e-01
6.075548511642232916e+04 9.754703480161023288e-01
6.075548537648301863e+04 1.017358183721770670e+00
6.075548563654371537e+04 9.585680266181278997e-01
6.075548589660439757e+04 9.559634668517581479e-01
6.075548615666509431e+04 9.641048679794022025e-01
6.075548641672578378e+04 1.020543764537883202e+00
6.075548667678648053e+04 9.864854339819758566e-01
6.075548693684717000e+04 9.943056134537400226e-01
6.075548719690785947e+04 9.904273117488840983e-01
6.075548745696854894e+04 1.029394020407075061e+00
6.075548771702924569e+04 9.789439595957811768e-01
6.075548797708992788e+04 9.983136354677234481e-01
6.075548823715062463e+04 9.967861459224502951e-01
6.075548849721131410e+04 9.698315948292566269e-01
6.075548875727201084e+04 9.749112390942472617e-01
6.075548901733270759e+04 9.632550436176395836e-01
6.075548927739338978e+04 9.827434356735937904e-01
6.075548953745408653e+04 9.826836540341763460e-01
6.075548979751477600e+04 9.841579385989505102e-01
6.075549005757547275e+04 1.006586816626454217e+00
6.075549031763616222e+04 9.863467237894449902e-01
6.075549057769685169e+04 1.002003200710318120e+00
6.075549083775754116e+04 1.011255883909242259e+00
6.075549109781823790e+04 1.036597783997448285e+00
6.075549135787892010e+04 1.035711006987876548e+00
6.075549161793961684e+04 9.616466613503844574e-01
6.075549187800031359e+04 9.738751176605190407e-01
6.075549213806100306e+04 1.026389595967184043e+00
6.075549239812169981e+04 1.015279560694001715e+00
6.075549265818238200e+04 1.007493030408546764e+00
6.075549291824307875e+04 9.708090070193180487e-01
6.075549317830376822e+04 9.757203339515322371e-01
6.075549343836446496e+04 1.006409331590503831e+00
6.075549369842515443e+04 9.746145698892489939e-01
6.075549395848584390e+04 1.033801983416409609e+00
6.075549421854654065e+04 1.008769751500179668e+00
6.075549447860723012e+04 9.926488657849971142e-01
6.075549473866791959e+04 9.615505535534369930e-01
6.075549499872861634e+04 1.024739518799221871e+00
6.075549525878930581e+04 9.678590005753965331e-01
6.075549551884999528e+04 9.839706039502517099e-01
6.075549577891069202e+04 1.004826417321730059e+00
6.075549603897138149e+04 9.727563695157570578e-01
6.075549629903207097e+04 9.690115542888166900e-01
6.075549655909276771e+04 9.646303778750753288e-01
6.075549681915345718e+04 9.978445783077570796e-01
6.075549707921415393e+04 9.556579294700016103e-01
6.075549733927483612e+04 9.558433147110356742e-01
6.075549759933553287e+04 1.025990867812985652e+00
6.075549785939622961e+04 9.678260799568532136e-01
6.075549811945691908e+04 1.000861809566843341e+00
6.075549837951761583e+04 9.850795428035016288e-01
6.075549863957829803e+04 9.794386969036661394e-01
6.075549889963899477e+04 1.002766167857819246e+00
6.075549915969968424e+04 9.882615237982864675e-01
6.075549941976037371e+04 9.685170285135543677e-01
6.075549967982107046e+04 1.009307143209264401e+00
6.075549993988175993e+04 1.027944923061538063e+00
6.075550019994245667e+04 1.002343907820770985e+00
6.075550046000314615e+04 9.891376526394480839e-01
6.075550072006383562e+04 9.850856212360208364e-01
6.075550098012452509e+04 1.005923832742307233e+00
6.075550124018522183e+04 1.021567004705446369e+00
6.075550150024591858e+04 1.003448489206338889e+00
6.075550176030660805e+04 1.013712961468229867e+00
6.075550202036729752e+04 1.001097426929541623e+00
6.075550228042798699e+04 1.042939713612567321e+00
6.075550254048868374e+04 9.658453389670648148e-01
6.075550280054937321e+04 9.762144935176106930e-01
6.075550306061006268e+04 1.016076702914197938e+00
6.075550332067075942e+04 9.960055604445661182e-01
6.075550358073144889e+04 9.758949999405904796e-01
6.075550513876277546e+04 1.014653004686423277e+00
6.075550539882346493e+04 1.018950140967342932e+00
6.075550565888415440e+04 1.021873134917344883e+00
6.075550591894484387e+04 1.011130960031062065e+00
6.075550617900554062e+04 1.005700386029180882e+00
6.075550643906623736e+04 1.011056879884256521e+00
6.075550669912692683e+04 1.037847472972663887e+00
6.075550695918761630e+04 9.769817489431055213e-01
6.075550721924830577e+04 1.056683522982280854e+00
6.075550747930900252e+04 1.003929588694832731e+00
6.075550773936969199e+04 9.878037054353745461e-01
6.075550799943038146e+04 9.774743187592103144e-01
6.075550825949107821e+04 1.021604872756769034e+00
6.075550851955176768e+04 1.055129880711561441e+00
6.075550877961246442e+04 1.047658581331424976e+00
6.075550903967315389e+04 1.014495155628334588e+00
6.075550929973384336e+04 9.963178213746405332e-01
6.075550955979454011e+04 1.002669837210805825e+00
6.075550981985522958e+04 9.827981270667202063e-01
6.075551007991592633e+04 1.006964493723085052e+00
6.075551033997661580e+04 1.024007602959432051e+00
6.075551060003730527e+04 1.027031057895935406e+00
6.075551086009800201e+04 9.792815282211553285e-01
6.075551112015868421e+04 1.014094400620410896e+00
6.075551138021938095e+04 1.001034653811611497e+00
6.075551164028007770e+04 1.014972276669107165e+00
6.075551190034076717e+04 1.006465137541600496e+00
6.075551216040146392e+04 1.007213194080343266e+00
6.075551242046214611e+04 9.919666924624006565e-01
6.075551268052284286e+04 1.049837960588296815e+00
6.075551294058353960e+04 9.782055079525521224e-01
6.075551320064422907e+04 1.022292217683986149e+00
6.075551346070492582e+04 1.038496882606134264e+00
6.075551372076561529e+04 1.022195544504846731e+00
6.075551398082630476e+04 1.014582684301144289e+00
6.075551424088700151e+04 1.017301264141104555e+00
6.075551450094769098e+04 1.013296566252523512e+00
6.075551476100838772e+04 1.030059711695053393e+00
6.075551502106907719e+04 9.634748013693891222e-01
6.075551528112976666e+04 1.031545244382627402e+00
6.075551554119046341e+04 9.941112714482773782e-01
6.075551580125115288e+04 1.016810660311938230e+00
6.075551606131184235e+04 1.025891142868909478e+00
6.075551632137253910e+04 9.949539175806458857e-01
6.075551658143322857e+04 1.030677864442554048e+00
6.075551684149392531e+04 1.026060190816813877e+00
6.075551710155461478e+04 1.006561335879184504e+00
6.075551736161530425e+04 1.007067770863591338e+00
6.075551762167600100e+04 9.964898876336882871e-01
6.075551788173669775e+04 1.026315023116154412e+00
6.075551814179738722e+04 1.038605928261893130e+00
6.075551840185807669e+04 1.023285512749054105e+00
6.075551866191877343e+04 9.748127130700534604e-01
6.075551892197946290e+04 9.623449245000376129e-01
6.075551918204015237e+04 1.009859470625881883e+00
6.075551944210084184e+04 1.000907790365066052e+00
6.075551970216153859e+04 1.000995408015570742e+00
6.075551996222223534e+04 9.750748113480867119e-01
6.075552022228292481e+04 1.010736917906000620e+00
6.075552048234361428e+04 1.004368210555607543e+00
6.075552074240431102e+04 9.819164117677621206e-01
6.075552100246500049e+04 1.013292030046193615e+00
6.075552126252569724e+04 9.933353505996178612e-01
6.075552152258639398e+04 9.896660936857489821e-01
6.075552178264707618e+04 9.500544490071388681e-01
6.075552204270777293e+04 9.931014141281034879e-01
6.075552230276846967e+04 9.949570952295134774e-01
6.075552256282915187e+04 9.932168737992823626e-01
6.075552282288985589e+04 1.020056510338276379e+00
6.075552308295054536e+04 1.037275588866464648e+00
6.075552334301123483e+04 1.026351698182991656e+00
6.075552360307193157e+04 9.912243946769728753e-01
6.075552386313262105e+04 9.721481427154612387e-01
6.075552412319331052e+04 1.006027548312941500e+00
6.075552438325400726e+04 1.002817993720627188e+00
6.075552464331469673e+04 9.688109251821430679e-01
6.075552490337539348e+04 9.886814020981450346e-01
6.075552516343608295e+04 1.033359254298688912e+00
6.075552542349677242e+04 1.000709402181221952e+00
6.075552568355746916e+04 1.020567118724999167e+00
6.075552594361816591e+04 1.050544117776595510e+00
6.075552620367885538e+04 1.005859646009380270e+00
6.075552646373954485e+04 1.002285198047631498e+00
6.075552672380024160e+04 1.011649764373885096e+00
6.075552698386093107e+04 9.783817330110686772e-01
6.075552724392162054e+04 9.917838275778665391e-01
6.075552750398231728e+04 9.382618543090357477e-01
6.075552776404300675e+04 9.990894432703881778e-01
6.075552802410370350e+04 1.009725841747090236e+00
6.075552828416440025e+04 9.968074976476756222e-01
6.075552854422508244e+04 9.799855496477881678e-01
6.075552880428577919e+04 9.665854689924026077e-01
6.075552906434647593e+04 1.005528122791008894e+00
6.075552932440716540e+04 1.005565704000848104e+00
6.075552958446786215e+04 1.041184430389171522e+00
6.075552984452855162e+04 9.961147425447667292e-01
6.075553010458924109e+04 1.023553571549678409e+00
6.075553036464993784e+04 9.815234702936580513e-01
6.075553062471062731e+04 1.008749438684165112e+00
6.075553088477132405e+04 9.295535616397514467e-01
6.075553114483201352e+04 9.480241423482838048e-01
6.075553140489271027e+04 1.045434068136570582e+00
6.075553166495340702e+04 1.007969772280720377e+00
6.075553192501408921e+04 1.009971712249784215e+00
6.075553218507478596e+04 1.000051975098377621e+00
6.075553244513548270e+04 1.022118878465672731e+00
6.075553270519617217e+04 1.022015621465439672e+00
6.075553296525686892e+04 1.012405798958697645e+00
6.075553322531755839e+04 9.812565745873753631e-01
6.075553348537824786e+04 9.948203021118520173e-01
6.075553503081219969e+04 9.754423547054165144e-01
6.075553529087288916e+04 9.981555692419308290e-01
6.075553555093358591e+04 9.861221352129027062e-01
6.075553581099427538e+04 9.961140677260637011e-01
6.075553607105497213e+04 9.895362016866691146e-01
6.075553633111566887e+04 9.878817174117127120e-01
6.075553659117635107e+04 9.605916595866637042e-01
6.075553685123704781e+04 9.877983643284227178e-01
6.075553711129774456e+04 9.696997101772197869e-01
6.075553737135842675e+04 9.375719818648030612e-01
6.075553763141913078e+04 9.655989965429392363e-01
6.075553789147982025e+04 1.010028859313687910e+00
6.075553815154050972e+04 9.859551988554445812e-01
6.075553841160120646e+04 1.006308333540144151e+00
6.075553867166189593e+04 9.851007904617586908e-01
6.075553893172259268e+04 1.004528458014075420e+00
6.075553919178328215e+04 1.003098201516773980e+00
6.075553945184397890e+04 1.018942216827757319e+00
6.075553971190467564e+04 1.000344468655564922e+00
6.075553997196535784e+04 1.002323481980386122e+00
6.075554023202605458e+04 1.010187588922128565e+00
6.075554049208675133e+04 1.011363383883455924e+00
6.075554075214744807e+04 1.032309852226517943e+00
6.075554101220813754e+04 1.033117042618874715e+00
6.075554127226882702e+04 1.025213005937837263e+00
6.075554153232952376e+04 1.001627445190821586e+00
6.075554179239021323e+04 9.781646891990635195e-01
6.075554205245090270e+04 9.678281534652681817e-01
6.075554231251159945e+04 9.807029191947137514e-01
6.075554257257229619e+04 9.690807261788381144e-01
6.075554283263298566e+04 1.009921530726298089e+00
6.075554309269368241e+04 9.860682838940951767e-01
6.075554335275437188e+04 9.965456949840382217e-01
6.075554361281506135e+04 1.010382314987256391e+00
6.075554387287575810e+04 9.963420761257336666e-01
6.075554413293645484e+04 1.041861216912981281e+00
6.075554439299715159e+04 1.001302692642809689e+00
6.075554465305783378e+04 9.987607071288813199e-01
6.075554491311853053e+04 1.043138704012852580e+00
6.075554517317922728e+04 1.017620287563890447e+00
6.075554543323990947e+04 9.863558940061580849e-01
6.075554569330060622e+04 1.017245946379915944e+00
6.075554595336130296e+04 1.016882425368150766e+00
6.075554621342199971e+04 9.602985409885447243e-01
6.075554647348268918e+04 9.753188991754634385e-01
6.075554673354337865e+04 1.004471357321732983e+00
6.075554699360407540e+04 9.994065539319804126e-01
6.075554725366477214e+04 1.019100209475733321e+00
6.075554751372546161e+04 1.019061311154393357e+00
6.075554777378615836e+04 9.807305895539387697e-01
6.075554803384684783e+04 9.958123692031747298e-01
6.075554829390754458e+04 9.612927029275495361e-01
6.075554855396823405e+04 9.760984818187439238e-01
6.075554881402892352e+04 1.009553727299461690e+00
6.075554907408962754e+04 1.033764193181142099e+00
6.075554933415030973e+04 9.926006168137978536e-01
6.075554959421100648e+04 1.000212834853257293e+00
6.075554985427170323e+04 9.979301268793704383e-01
6.075555011433239270e+04 9.716802944740596804e-01
6.075555037439308217e+04 9.702835084326900672e-01
6.075555063445377891e+04 1.012744696498425911e+00
6.075555089451447566e+04 1.043936442109247409e+00
6.075555115457517240e+04 9.892809690987212079e-01
6.075555141463585460e+04 9.842570656223621484e-01
6.075555167469655134e+04 1.021151552761046410e+00
6.075555193475724809e+04 1.000100738570919967e+00
6.075555219481794484e+04 9.765461677427290654e-01
6.075555245487863431e+04 9.899668729121200439e-01
6.075555271493932378e+04 1.002463139236067002e+00
6.075555297500002052e+04 9.651459435632605555e-01
6.075555323506071727e+04 9.559198722782686897e-01
6.075555349512139946e+04 9.870014030080996870e-01
6.075555375518209621e+04 1.013843164250958884e+00
6.075555401524279296e+04 9.856088438699658338e-01
6.075555427530348970e+04 1.042617375578817729e+00
6.075555453536417917e+04 9.975886535158510204e-01
6.075555479542486864e+04 1.013909552450526830e+00
6.075555505548556539e+04 1.001090982762362858e+00
6.075555531554626214e+04 9.715053908210041778e-01
6.075555557560695161e+04 1.013679140546142499e+00
6.075555583566764835e+04 9.985168357200057132e-01
6.075555609572833782e+04 1.030834645127626681e+00
6.075555635578903457e+04 9.838497762967619575e-01
6.075555661584972404e+04 9.880505806825814474e-01
6.075555687591041351e+04 9.933781434869035643e-01
6.075555713597111026e+04 9.845985891006642232e-01
6.075555739603180700e+04 9.525326865137800914e-01
6.075555765609250375e+04 9.906794900459098274e-01
6.075555791615319322e+04 9.571771078810612510e-01
6.075555817621388269e+04 1.002846961941260329e+00
6.075555843627457944e+04 1.048978535749862440e+00
6.075555869633527618e+04 1.017199145114140446e+00
6.075555895639596565e+04 1.006786488529418655e+00
6.075555921645666240e+04 9.801594936611720543e-01
6.075555947651735187e+04 1.001242159110630192e+00
6.075555973657804861e+04 9.912598842270333721e-01
6.075555999663873808e+04 9.947639022942086351e-01
6.075556025669943483e+04 9.914499756349817172e-01
6.075556051676013158e+04 9.807435770041493805e-01
6.075556077682082105e+04 9.626711038781036178e-01
6.075556103688151779e+04 1.003555766495976220e+00
6.075556129694220726e+04 1.026613697019538529e+00
6.075556155700289673e+04 9.794032170348537791e-01
6.075556181706359348e+04 9.970581668483330384e-01
6.075556207712429023e+04 1.008492614442340507e+00
6.075556233718497970e+04 9.761169668762945673e-01
6.075556259724567644e+04 1.001101499769577297e+00
6.075556285730636591e+04 9.962698651816966899e-01
6.075556311736706266e+04 9.878305443476060876e-01
6.075556337742775941e+04 9.918586092430614620e-01
6.075556504889419739e+04 9.972709314710752615e-01
6.075556530895488686e+04 9.893882745160488268e-01
6.075556556901558361e+04 1.018324574287048145e+00
6.075556582907628035e+04 9.869382580001856420e-01
6.075556608913696255e+04 1.003711901987742960e+00
6.075556634919766657e+04 1.014667907415223391e+00
6.075556660925835604e+04 1.012185786721415459e+00
6.075556686931905278e+04 1.011940827933015319e+00
6.075556712937974953e+04 9.944237808193293615e-01
6.075556738944043173e+04 9.800595352440314434e-01
6.075556764950112847e+04 9.873765328573083089e-01
6.075556790956182522e+04 1.011192532738787841e+00
6.075556816962252196e+04 9.758351533590576832e-01
6.075556842968321871e+04 1.020885951711183903e+00
6.075556868974390090e+04 9.617355734002412948e-01
6.075556894980459765e+04 9.771225815113725455e-01
6.075556920986529440e+04 1.010012662969227426e+00
6.075556946992599114e+04 9.830966988725887701e-01
6.075556972998668789e+04 1.052205138188321953e+00
6.075556999004737008e+04 9.967964357329843761e-01
6.075557025010806683e+04 9.709193386794714442e-01
6.075557051016876358e+04 9.739458416900068638e-01
6.075557077022945305e+04 9.961184344551331504e-01
6.075557103029014979e+04 9.810995472266496042e-01
6.075557129035083926e+04 9.996231017989528622e-01
6.075557155041153601e+04 1.005417846912572966e+00
6.075557181047223276e+04 1.024662080558080834e+00
6.075557207053292223e+04 1.021617478837351989e+00
6.075557233059361897e+04 9.795809557075645380e-01
6.075557259065431572e+04 1.012209452807559584e+00
6.075557285071500519e+04 1.013037625168431877e+00
6.075557311077570193e+04 9.718872717674050810e-01
6.075557337083639140e+04 9.882821290986852913e-01
6.075557363089708815e+04 9.637019314634580613e-01
6.075557389095778490e+04 1.007123995406880024e+00
6.075557415101846709e+04 1.000785392008474162e+00
6.075557441107916384e+04 9.993176471507433378e-01
6.075557467113986058e+04 9.767369948514943445e-01
6.075557493120055733e+04 1.003399019178951024e+00
6.075557519126125408e+04 9.759587976754393601e-01
6.075557545132194355e+04 1.024375691624996421e+00
6.075557571138263302e+04 1.002735018067509420e+00
6.075557597144332976e+04 9.796670186980848127e-01
6.075557623150402651e+04 1.008468735342619382e+00
6.075557649156472326e+04 1.001743842825696840e+00
6.075557675162541273e+04 9.854242730045360554e-01
6.075557701168610220e+04 9.992469752030355146e-01
6.075557727174679894e+04 1.005790841227180987e+00
6.075557753180748841e+04 1.009699408209272287e+00
6.075557779186819243e+04 1.039735618214640445e+00
6.075557805192888191e+04 9.971794220620069371e-01
6.075557831198957865e+04 9.987152779269178327e-01
6.075557857205026812e+04 1.001464759594383969e+00
6.075557883211095759e+04 1.050669773253188888e+00
6.075557909217165434e+04 1.019306549992786692e+00
6.075557935223235108e+04 1.025099359140718924e+00
6.075557961229304783e+04 1.002496463396441495e+00
6.075557987235374458e+04 9.774527729028203993e-01
6.075558013241442677e+04 9.929281089134854854e-01
6.075558039247512352e+04 1.044100000672566031e+00
6.075558065253582026e+04 9.940183612686217529e-01
6.075558091259651701e+04 1.032023585560601031e+00
6.075558117265721376e+04 1.007496056244702620e+00
6.075558143271790323e+04 1.031966806949352167e+00
6.075558169277859997e+04 9.924883067865932773e-01
6.075558195283928944e+04 1.011677769307447239e+00
6.075558221289997891e+04 1.031381281415123308e+00
6.075558247296067566e+04 1.033551816917404720e+00
6.075558273302137241e+04 1.004850523189802169e+00
6.075558299308206915e+04 1.001164588255570420e+00
6.075558325314276590e+04 9.886439394252172219e-01
6.075558351320344809e+04 1.016582793685232522e+00
6.075558377326414484e+04 1.021744441431810646e+00
6.075558403332484158e+04 9.958166420877201386e-01
6.075558429338553833e+04 9.585980818994030983e-01
6.075558455344623508e+04 1.061721783933120111e+00
6.075558481350692455e+04 9.937515008556730978e-01
6.075558507356762129e+04 9.969331191344471543e-01
6.075558533362831076e+04 1.046485459705574383e+00
6.075558559368900023e+04 9.788261077037885283e-01
6.075558585374969698e+04 1.003654202237868276e+00
6.075558611381039373e+04 1.023499753227901543e+00
6.075558637387109047e+04 9.844620902435812226e-01
6.075558663393178722e+04 1.028861562695676524e+00
6.075558689399247669e+04 1.000174891482124684e+00
6.075558715405316616e+04 1.000603775440404020e+00
6.075558741411386291e+04 9.827882082607802827e-01
6.075558767417455965e+04 9.798350996844285010e-01
6.075558793423525640e+04 9.776874444856649138e-01
6.075558819429594587e+04 1.005449853976156049e+00
6.075558845435664261e+04 9.853981753385206988e-01
6.075558871441733936e+04 9.837513490113485304e-01
6.075558897447803611e+04 1.011180180710625320e+00
6.075558923453872558e+04 1.019723385657743009e+00
6.075558949459941505e+04 1.023611917533498561e+00
6.075558975466011179e+04 1.012016690687097098e+00
6.075559001472080854e+04 1.043147024634734965e+00
6.075559027478149801e+04 1.013408972533130781e+00
6.075559053484219476e+04 1.027533170738585522e+00
6.075559079490289150e+04 9.814552303534499478e-01
6.075559105496358097e+04 9.843961284911597609e-01
6.075559131502427772e+04 9.551029074519665762e-01
6.075559157508496719e+04 1.020662717748945347e+00
6.075559183514566394e+04 1.043206230033101756e+00
6.075559209520636068e+04 1.018790075397754569e+00
6.075559235526705743e+04 1.014696544619991814e+00
6.075559261532775417e+04 1.030808633696161269e+00
6.075559287538844364e+04 1.013832733641078399e+00
6.075559313544914039e+04 9.984441965134052133e-01
6.075559339550982986e+04 1.006040072834714971e+00
6.075559494095059927e+04 9.986545399069797213e-01
6.075559520101129601e+04 9.800021571526691400e-01
6.075559546107199276e+04 9.903169109954417237e-01
6.075559572113268950e+04 1.005054726716531288e+00
6.075559598119337898e+04 1.049980165954987665e+00
6.075559624125407572e+04 1.039264932700773469e+00
6.075559650131477247e+04 9.998593495665750730e-01
6.075559676137546921e+04 1.033011239520128299e+00
6.075559702143615868e+04 1.033006086836194770e+00
6.075559728149684815e+04 1.002181711673447051e+00
6.075559754155754490e+04 1.013295337993145084e+00
6.075559780161824165e+04 1.019668954590260634e+00
6.075559806167893839e+04 1.068321746669979477e+00
6.075559832173963514e+04 1.055072179781694208e+00
6.075559858180032461e+04 1.040902764888254728e+00
6.075559884186102136e+04 1.069576548183484466e+00
6.075559910192171810e+04 1.011515244947523318e+00
6.075559936198240757e+04 1.025943597813208541e+00
6.075559962204309704e+04 1.012184423747102935e+00
6.075559988210379379e+04 1.012650144987027323e+00
6.075560014216449053e+04 1.035857097106473113e+00
6.075560040222518728e+04 1.007845558313018808e+00
6.075560066228587675e+04 1.030268998113918144e+00
6.075560092234657350e+04 9.994319842835518442e-01
6.075560118240727024e+04 9.698042303078916460e-01
6.075560144246796699e+04 9.763283027801621383e-01
6.075560170252866374e+04 1.002547507207788513e+00
6.075560196258935321e+04 9.941518908437592117e-01
6.075560222265004995e+04 1.034724424689877686e+00
6.075560248271073942e+04 1.009563714001920909e+00
6.075560274277142889e+04 9.716688647993644290e-01
6.075560300283212564e+04 1.028223850410269646e+00
6.075560326289282239e+04 1.050365761894774375e+00
6.075560352295351913e+04 1.008711799010207022e+00
6.075560378301421588e+04 1.014916239892013960e+00
6.075560404307490535e+04 1.004060307735002988e+00
6.075560430313560209e+04 1.013423556880133303e+00
6.075560456319629884e+04 1.012251697343072410e+00
6.075560482325699559e+04 1.021476023141547840e+00
6.075560508331769233e+04 1.025359494895107249e+00
6.075560534337838180e+04 9.906097905298205664e-01
6.075560560343907127e+04 9.975349805807038894e-01
6.075560586349976802e+04 1.006781594167699856e+00
6.075560612356045749e+04 9.791230485508380932e-01
6.075560638362116151e+04 1.016290011310479136e+00
6.075560664368185098e+04 1.011389176604082341e+00
6.075560690374254773e+04 9.996327232416929442e-01
6.075560716380324448e+04 1.020244686148152891e+00
6.075560742386393395e+04 1.012684459453491836e+00
6.075560768392463069e+04 9.842293311928513866e-01
6.075560794398532744e+04 9.938081882137127510e-01
6.075560820404602418e+04 1.029871412169501621e+00
6.075560846410672093e+04 9.821887468896357554e-01
6.075560872416741040e+04 9.958783665907117166e-01
6.075560898422810715e+04 9.936876350871537422e-01
6.075560924428879662e+04 1.011151376678324665e+00
6.075560950434949336e+04 1.027506577521511755e+00
6.075560976441019011e+04 9.863599530780468028e-01
6.075561002447087958e+04 1.019457786351452899e+00
6.075561028453157633e+04 1.019007406663900994e+00
6.075561054459227307e+04 1.011206287133755710e+00
6.075561080465296254e+04 1.033310954705671136e+00
6.075561106471365929e+04 9.850945623303535292e-01
6.075561132477435604e+04 9.579260292483697814e-01
6.075561158483505278e+04 9.932521155051603490e-01
6.075561184489574953e+04 1.004224610016137831e+00
6.075561210495643900e+04 1.023814179608323549e+00
6.075561236501713574e+04 1.023224134738912827e+00
6.075561262507783249e+04 1.048725889343407047e+00
6.075561288513852924e+04 1.033586840310699140e+00
6.075561314519922598e+04 1.052075657399092590e+00
6.075561340525991545e+04 9.774211010931740384e-01
6.075561366532060492e+04 9.976282538797291988e-01
6.075561392538130167e+04 1.033673278081756575e+00
6.075561418544199114e+04 1.031520600531320442e+00
6.075561444550268789e+04 1.027873125321292047e+00
6.075561470556338463e+04 1.033437667478171340e+00
6.075561496562408138e+04 1.016033861206139699e+00
6.075561522568477812e+04 9.672455986542328743e-01
6.075561548574546759e+04 9.799365495664087433e-01
6.075561574580616434e+04 1.024993129047182761e+00
6.075561600586686109e+04 1.025566637867226127e+00
6.075561626592755783e+04 1.031880522738795714e+00
6.075561652598825458e+04 1.017064940319536870e+00
6.075561678604894405e+04 9.674606304045795246e-01
6.075561704610964080e+04 1.001048054856258585e+00
6.075561730617033754e+04 1.005177909783619539e+00
6.075561756623102701e+04 9.846263079031414289e-01
6.075561782629173103e+04 1.000755675494471086e+00
6.075561808635242051e+04 1.012259643015244626e+00
6.075561834641311725e+04 9.826407234647926980e-01
6.075561860647381400e+04 1.038237435909099338e+00
6.075561886653450347e+04 1.019576283022384677e+00
6.075561912659520021e+04 1.007137552153950955e+00
6.075561938665589696e+04 1.005486113695119865e+00
6.075561964671659371e+04 1.019060658731224311e+00
6.075561990677728318e+04 1.018336113716388880e+00
6.075562016683797265e+04 1.010750144973553866e+00
6.075562042689866939e+04 1.005619977501807982e+00
6.075562068695936614e+04 1.007870500821641535e+00
6.075562094702006289e+04 1.013412369183077644e+00
6.075562120708075963e+04 1.017387094998008834e+00
6.075562146714144910e+04 9.654828835159573464e-01
6.075562172720214585e+04 1.015363521292209414e+00
6.075562198726284259e+04 9.887155512420309211e-01
6.075562224732353206e+04 1.044912537179797596e+00
6.075562250738422881e+04 1.002536082429397846e+00
6.075562276744492556e+04 9.668812250140536024e-01
6.075562302750562230e+04 9.969393069658341044e-01
6.075562328756631905e+04 1.019535995024639208e+00
6.075562490898179385e+04 9.955372669575437428e-01
6.075562516903569485e+04 9.840029806346213270e-01
6.075562542908958858e+04 1.038001831557646915e+00
6.075562568914349686e+04 9.691662875254826170e-01
6.075562594919739058e+04 1.002516404309901743e+00
6.075562620925129158e+04 9.982872229307525602e-01
6.075562646930519259e+04 9.798457603414069128e-01
6.075562672935908631e+04 1.024214503847414637e+00
6.075562698941299459e+04 9.976755112715532947e-01
6.075562724946688832e+04 9.862615364641550419e-01
6.075562750952078204e+04 1.021722383977214710e+00
6.075562776957469032e+04 1.012589528207517464e+00
6.075562802962858404e+04 1.007431819833153108e+00
6.075562828968248505e+04 9.877351876220139548e-01
6.075562854973638605e+04 9.623792461628088990e-01
6.075562880979027977e+04 9.855831071321307091e-01
6.075562906984418805e+04 1.014385918117967522e+00
6.075562932989808178e+04 1.006184727056173234e+00
6.075562958995198278e+04 9.847174011797619197e-01
6.075562985000588378e+04 1.005041180045262994e+00
6.075563011005977751e+04 9.828260201996341650e-01
6.075563037011368579e+04 9.817298957764962752e-01
6.075563063016757951e+04 9.946269894501547082e-01
6.075563089022147324e+04 9.904733886726589942e-01
6.075563115027538151e+04 1.002589686181183826e+00
6.075563141032927524e+04 1.001952552217317605e+00
6.075563167038317624e+04 1.000897547169905533e+00
6.075563193043707724e+04 1.013431175112780247e+00
6.075563219049097097e+04 9.688434017618482441e-01
6.075563245054487925e+04 1.018459819754433004e+00
6.075563271059877297e+04 1.026623636308434895e+00
6.075563297065267398e+04 9.836650416207229908e-01
6.075563323070657498e+04 1.012255222985876557e+00
6.075563349076046870e+04 1.012439119078343719e+00
6.075563375081437698e+04 1.034151940832331418e+00
6.075563401086827798e+04 9.947020865817884916e-01
6.075563427092217171e+04 1.004599767613532535e+00
6.075563453097607999e+04 1.026348447513563356e+00
6.075563479102997371e+04 9.983851351688416420e-01
6.075563505108387471e+04 9.883504684483550573e-01
6.075563531113777572e+04 9.686305723542397716e-01
6.075563557119166944e+04 1.005102198315530826e+00
6.075563583124557772e+04 1.035211617740848133e+00
6.075563609129947145e+04 1.024293109653983347e+00
6.075563635135336517e+04 9.935766819230053004e-01
6.075563661140727345e+04 1.017556395884216203e+00
6.075563687146116717e+04 9.886639789359242814e-01
6.075563713151507545e+04 9.646259818310605194e-01
6.075563739156896918e+04 9.936605974131138552e-01
6.075563765162286290e+04 9.982251517732246837e-01
6.075563791167677118e+04 9.854957553494249067e-01
6.075563817173066491e+04 9.676507843402436526e-01
6.075563843178456591e+04 9.611145450591241923e-01
6.075563869183846691e+04 1.009356811817493593e+00
6.075563895189236064e+04 1.002083954469088933e+00
6.075563921194626892e+04 9.911520995614738760e-01
6.075563947200016992e+04 1.004806076161849804e+00
6.075563973205406364e+04 9.726297078877765845e-01
6.075563999210797192e+04 1.011769891427285684e+00
6.075564025216186565e+04 1.002035559639230744e+00
6.075564051221577392e+04 9.832285277259400491e-01
6.075564077226966765e+04 1.027999306720399408e+00
6.075564103232356138e+04 1.059580013540954990e+00
6.075564129237746965e+04 9.837377639028468401e-01
6.075564155243136338e+04 9.997630043068658212e-01
6.075564181248526438e+04 1.005270333078776446e+00
6.075564207253916538e+04 1.008191177105490777e+00
6.075564233259305911e+04 9.788929936176936630e-01
6.075564259264696739e+04 9.775651754921657055e-01
6.075564285270086111e+04 1.012204124490282187e+00
6.075564311275475484e+04 9.723279904240380578e-01
6.075564337280867039e+04 1.001661483198094116e+00
6.075564363286256412e+04 9.968997647089463676e-01
6.075564389291646512e+04 1.026765847562525868e+00
6.075564415297036612e+04 9.404665301188004367e-01
6.075564441302425985e+04 9.957627344389892166e-01
6.075564467307816813e+04 9.756962047267699889e-01
6.075564493313206185e+04 1.011698635053616124e+00
6.075564519318596285e+04 9.814553745955995057e-01
6.075564545323986385e+04 9.708144313112323509e-01
6.075564571329375758e+04 1.018618375579579904e+00
6.075564597334766586e+04 9.921462485761340933e-01
6.075564623340155958e+04 1.015234693580999714e+00
6.075564649345545331e+04 9.822952380410547857e-01
6.075564675350936886e+04 9.681221282447022292e-01
6.075564701356326259e+04 1.000652005042499404e+00
6.075564727361716359e+04 9.677966133174382701e-01
6.075564753367106459e+04 9.973107211378265946e-01
6.075564779372495832e+04 1.019240623042788618e+00
6.075564805377886660e+04 9.770978955559367352e-01
6.075564831383276032e+04 9.525084080547164822e-01
6.075564857388666132e+04 1.042091981840159498e+00
6.075564883394056233e+04 9.933914060707539351e-01
6.075564909399445605e+04 9.898353831415831472e-01
6.075564935404836433e+04 1.009078256374357219e+00
6.075564961410226533e+04 9.862674820262621322e-01
6.075564987415615906e+04 1.012440651203193598e+00
6.075565013421006734e+04 9.955615346572027624e-01
6.075565039426396106e+04 1.011946692494339439e+00
6.075565065431786206e+04 1.013298087355504862e+00
6.075565091437176306e+04 9.932240742332872907e-01
6.075565117442565679e+04 9.913725356593104943e-01
6.075565143447956507e+04 9.805517913696781829e-01
6.075565169453345879e+04 1.052061102700453166e+00
6.075565195458735980e+04 9.922711343808293671e-01
6.075565221464126080e+04 9.997264149056539484e-01
6.075565247469516180e+04 9.789034929054790668e-01
6.075565273474907008e+04 1.018036773315188492e+00
6.075565299480296380e+04 1.008137439807299751e+00
6.075565325485685753e+04 9.948399036373399840e-01
6.075565492670372623e+04 1.006582489970399230e+00
6.075565518676442298e+04 9.848220042930079243e-01
6.075565544682511972e+04 1.049904213850928469e+00
6.075565570688581647e+04 9.795973953524541589e-01
6.075565596694650594e+04 1.001856060998541409e+00
6.075565622700720269e+04 9.891696246839799533e-01
6.075565648706790671e+04 1.022401285070209775e+00
6.075565674712860346e+04 1.026966433579108662e+00
6.075565700718930020e+04 9.993134380934234340e-01
6.075565726724998967e+04 9.929221874256370928e-01
6.075565752731068642e+04 1.033574856555807386e+00
6.075565778737138317e+04 1.020404321903211731e+00
6.075565804743207264e+04 9.780056166403536810e-01
6.075565830749276938e+04 9.882278420344845493e-01
6.075565856755346613e+04 9.942168230900895187e-01
6.075565882761416287e+04 1.003718953532290126e+00
6.075565908767486690e+04 9.869200046240520496e-01
6.075565934773555637e+04 1.037526265558180505e+00
6.075565960779625311e+04 9.961365074577416268e-01
6.075565986785694986e+04 1.012351785780213120e+00
6.075566012791764661e+04 9.896317185716505538e-01
6.075566038797834335e+04 9.826455032117711319e-01
6.075566064803903282e+04 1.012003335212735555e+00
6.075566090809972957e+04 1.015638085501364030e+00
6.075566116816042631e+04 1.022158553634764155e+00
6.075566142822111578e+04 1.012098320492671677e+00
6.075566168828181981e+04 9.847040828044285599e-01
6.075566194834251655e+04 1.014266654591644112e+00
6.075566220840321330e+04 1.039762471745049321e+00
6.075566246846391005e+04 9.645698748165270064e-01
6.075566272852459952e+04 9.937987058782093985e-01
6.075566298858529626e+04 9.711059001548503211e-01
6.075566324864599301e+04 9.928890508115495450e-01
6.075566350870668975e+04 9.758176570042573772e-01
6.075566376876738650e+04 1.018614710682988145e+00
6.075566402882808325e+04 9.954325048247071317e-01
6.075566428888877999e+04 9.804143620269109016e-01
6.075566454894947674e+04 9.750437383829875237e-01
6.075566480901016621e+04 1.004925003607029632e+00
6.075566506907087023e+04 1.007127525977585147e+00
6.075566532913155970e+04 9.767530342319744596e-01
6.075566558919225645e+04 1.002081758632991315e+00
6.075566584925295319e+04 9.796985929523092107e-01
6.075566610931364266e+04 1.026356327059021023e+00
6.075566636937434669e+04 1.009801360629139833e+00
6.075566662943504343e+04 9.676204357732528516e-01
6.075566688949574018e+04 1.024636813561054405e+00
6.075566714955643693e+04 1.016802534316276763e+00
6.075566740961712640e+04 1.024823925801918723e+00
6.075566766967782314e+04 1.010285005612854947e+00
6.075566792973851989e+04 9.896820877813272688e-01
6.075566818979921663e+04 9.895670701952475889e-01
6.075566844985992066e+04 1.043121082044044856e+00
6.075566870992061013e+04 1.016746828631907462e+00
6.075566896998130687e+04 9.553536033904629354e-01
6.075566923004200362e+04 1.019785495830250133e+00
6.075566949010269309e+04 9.829495507771318641e-01
6.075566975016338984e+04 9.902412094468078241e-01
6.075567001022408658e+04 1.030598200152872845e+00
6.075567027028479060e+04 1.013808211177026131e+00
6.075567053034548735e+04 1.018175752026205139e+00
6.075567079040617682e+04 9.961475007861909647e-01
6.075567105046687357e+04 1.014712079043605053e+00
6.075567131052757031e+04 9.988688493118056400e-01
6.075567157058826706e+04 1.047134219561826729e+00
6.075567183064896381e+04 1.054001570059392101e+00
6.075567209070966055e+04 1.001757797222971647e+00
6.075567235077035730e+04 9.928100023076668057e-01
6.075567261083105404e+04 1.038990070436339286e+00
6.075567287089174351e+04 1.032656752366057029e+00
6.075567313095244026e+04 1.002064708212992095e+00
6.075567339101313701e+04 1.031028950469009109e+00
6.075567365107383375e+04 1.019717948114011064e+00
6.075567391113453778e+04 1.032417176438613859e+00
6.075567417119522725e+04 9.977117626946734319e-01
6.075567443125592399e+04 1.005612154769668143e+00
6.075567469131662074e+04 9.788496304023613925e-01
6.075567495137731748e+04 1.022422649088741808e+00
6.075567521143801423e+04 9.730058894738442543e-01
6.075567547149870370e+04 1.003882619675076748e+00
6.075567573155940772e+04 1.030663558868452956e+00
6.075567599162010447e+04 1.018708745159723206e+00
6.075567625168079394e+04 9.868255307871747206e-01
6.075567651174149796e+04 1.032486127657063824e+00
6.075567677180218743e+04 1.001146606074976741e+00
6.075567703186288418e+04 1.025316254546818850e+00
6.075567729192358820e+04 1.033247286619007888e+00
6.075567755198427767e+04 9.678554202503754089e-01
6.075567781204497442e+04 1.042996755749717952e+00
6.075567807210567116e+04 1.006847070726033522e+00
6.075567833216636791e+04 1.019997301935664957e+00
6.075567859222706466e+04 9.800208300567804232e-01
6.075567885228776140e+04 9.960668447673755033e-01
6.075567911234845815e+04 9.985425705076448333e-01
6.075567937240915489e+04 1.020107264819671178e+00
6.075567963246985164e+04 9.915759078973970242e-01
6.075567989253054839e+04 9.934322364785280746e-01
6.075568015259123786e+04 1.005429168064064349e+00
6.075568041265193460e+04 1.026683187370621919e+00
6.075568067271263862e+04 9.895727269768942458e-01
6.075568093277332810e+04 1.027631303181348876e+00
6.075568119283402484e+04 1.016596230459336336e+00
6.075568145289472159e+04 1.013205704769714055e+00
6.075568171295541833e+04 1.016897113439849454e+00
6.075568197301612236e+04 1.052378430482454608e+00
6.075568223307681183e+04 1.003487106756893121e+00
6.075568249313750857e+04 1.006508906977794382e+00
6.075568275319820532e+04 9.908089590461715002e-01
6.075568301325890206e+04 1.022058364014955645e+00
6.075568327331959881e+04 1.010209861715497759e+00
6.075568483173202549e+04 9.825239082552480463e-01
6.075568509178581735e+04 9.958139241701525757e-01
6.075568535183960921e+04 9.669757232684523807e-01
6.075568561189340107e+04 9.777165352560180933e-01
6.075568587194720021e+04 9.894564527382450070e-01
6.075568613200099207e+04 1.018428803900083723e+00
6.075568639205479121e+04 9.867719961836884934e-01
6.075568665210859035e+04 1.005295849536914865e+00
6.075568691216238221e+04 1.013534446149705559e+00
6.075568717221618135e+04 1.005288892013281643e+00
6.075568743226997321e+04 1.000530296896146920e+00
6.075568769232376508e+04 1.028592991660980838e+00
6.075568795237755694e+04 1.005724185908977830e+00
6.075568821243135608e+04 1.017479787715940942e+00
6.075568847248514794e+04 1.009747256659394354e+00
6.075568873253893980e+04 9.876658063044353453e-01
6.075568899259273167e+04 1.013350437196912202e+00
6.075568925264653080e+04 9.868545432046226251e-01
6.075568951270033722e+04 9.887041903386799557e-01
6.075568977275412908e+04 1.000994882385277451e+00
6.075569003280792094e+04 9.675249227499415072e-01
6.075569029286171281e+04 1.026526905338414952e+00
6.075569055291551194e+04 1.006601677181850896e+00
6.075569081296930381e+04 1.010848990313629958e+00
6.075569107302309567e+04 1.020996930622598997e+00
6.075569133307688753e+04 1.037095637569042772e+00
6.075569159313068667e+04 9.839315941635174978e-01
6.075569185318447853e+04 1.017579611232151127e+00
6.075569211323827039e+04 1.020375395797316065e+00
6.075569237329206953e+04 9.833076630788092354e-01
6.075569263334586867e+04 1.016421568734424463e+00
6.075569289339966781e+04 1.008245899092417019e+00
6.075569315345345967e+04 9.755698709186724216e-01
6.075569341350725153e+04 1.016998428259644038e+00
6.075569367356104340e+04 9.926912712861757360e-01
6.075569393361484254e+04 1.055212066174289420e+00
6.075569419366863440e+04 1.028055954902859170e+00
6.075569445372242626e+04 1.024773631103324645e+00
6.075569471377621812e+04 1.011226918885437476e+00
6.075569497383001726e+04 1.008343981727925609e+00
6.075569523388381640e+04 1.038543456814918997e+00
6.075569549393761554e+04 1.000102406417408440e+00
6.075569575399140740e+04 1.012955162477159332e+00
6.075569601404520654e+04 9.966606001267320769e-01
6.075569627409899840e+04 1.004862584986431218e+00
6.075569653415279026e+04 9.947803924890168403e-01
6.075569679420658213e+04 9.926988341804434679e-01
6.075569705426038126e+04 1.015086525081448698e+00
6.075569731431417313e+04 1.019779179460746921e+00
6.075569757436796499e+04 1.014562270957302115e+00
6.075569783442175685e+04 9.541934499860835750e-01
6.075569809447555599e+04 1.017803252916075651e+00
6.075569835452935513e+04 1.009001960684671406e+00
6.075569861458315427e+04 9.756173046256917392e-01
6.075569887463694613e+04 9.974313130920900994e-01
6.075569913469074527e+04 1.031958522973080772e+00
6.075569939474453713e+04 9.573921354278620566e-01
6.075569965479832899e+04 1.005506595137187764e+00
6.075569991485212086e+04 1.018504098879471131e+00
6.075570017490591999e+04 1.055189732663317503e+00
6.075570043495971186e+04 1.003472198355409795e+00
6.075570069501350372e+04 9.829443130558390695e-01
6.075570095506729558e+04 9.925796900985518478e-01
6.075570121512110200e+04 9.720963439500526215e-01
6.075570147517490113e+04 9.857552775927823641e-01
6.075570173522869300e+04 9.796239863254498914e-01
6.075570199528248486e+04 1.005928907100218428e+00
6.075570225533628400e+04 1.018682654366233731e+00
6.075570251539007586e+04 1.015120167786868199e+00
6.075570277544386772e+04 1.004524791391047778e+00
6.075570303549766686e+04 9.982976979247750737e-01
6.075570329555145872e+04 9.946303427066572889e-01
6.075570355560525059e+04 1.022177143502548846e+00
6.075570381565904245e+04 9.971885206606639906e-01
6.075570407571284159e+04 1.043771722592396811e+00
6.075570433576664072e+04 9.855404507718141804e-01
6.075570459582043986e+04 1.019485799045505070e+00
6.075570485587423173e+04 1.022291736150925390e+00
6.075570511592803086e+04 1.021409138845447373e+00
6.075570537598182273e+04 1.014165695530898192e+00
6.075570563603561459e+04 1.037690060597841413e+00
6.075570589608941373e+04 1.013545888185019228e+00
6.075570615614320559e+04 9.809308677792074604e-01
6.075570641619699745e+04 9.917540451206168228e-01
6.075570667625078931e+04 9.680176506700659544e-01
6.075570693630458845e+04 1.001500591289015807e+00
6.075570719635838759e+04 1.010373110607644120e+00
6.075570745641218673e+04 9.999119413858976735e-01
6.075570771646598587e+04 1.011738790277522115e+00
6.075570797651977773e+04 1.002355114182885254e+00
6.075570823657356959e+04 9.828477159323124601e-01
6.075570849662736146e+04 1.007307332287753265e+00
6.075570875668116059e+04 1.002908733533145247e+00
6.075570901673495246e+04 9.363144139740027239e-01
6.075570927678874432e+04 9.917164133300193640e-01
6.075570953684254346e+04 1.001444250119596813e+00
6.075570979689633532e+04 1.021852986930132490e+00
6.075571005695012718e+04 9.929130407693693705e-01
6.075571031700392632e+04 1.005080156011102899e+00
6.075571057705773273e+04 9.944054157728742238e-01
6.075571083711152460e+04 1.015048852279198943e+00
6.075571109716531646e+04 9.654663951459075966e-01
6.075571135721911560e+04 9.915288668716021325e-01
6.075571161727290746e+04 9.726520087881036503e-01
6.075571187732669932e+04 9.662791387549303224e-01
6.075571213738049846e+04 1.007515677717560454e+00
6.075571239743429032e+04 1.036126568536377635e+00
6.075571265748808219e+04 9.833348815593067060e-01
6.075571291754187405e+04 9.847870979544944836e-01
6.075571317759568046e+04 1.018837438042064392e+00
6.075571474862289324e+04 9.690371393799865896e-01
6.075571500868358999e+04 1.029469050130281893e+00
6.075571526874427946e+04 9.832740929147169018e-01
6.075571552880498348e+04 1.003466005388008897e+00
6.075571578886568022e+04 1.027561814026113796e+00
6.075571604892637697e+04 9.969622359685328394e-01
6.075571630898707372e+04 9.904649157137344062e-01
6.075571656904777046e+04 1.001549294384148636e+00
6.075571682910846721e+04 1.006256147105738963e+00
6.075571708916916396e+04 1.017812666675147915e+00
6.075571734922986070e+04 9.704054165572331137e-01
6.075571760929056472e+04 9.986959280398666206e-01
6.075571786935125419e+04 9.940361017709269387e-01
6.075571812941195094e+04 1.006795329657403260e+00
6.075571838947265496e+04 1.001513143712739584e+00
6.075571864953334443e+04 9.890239032571370714e-01
6.075571890959404118e+04 1.009536271836026344e+00
6.075571916965474520e+04 9.760854435691977971e-01
6.075571942971544195e+04 9.954921013384414596e-01
6.075571968977613869e+04 1.001549168449511251e+00
6.075571994983683544e+04 1.038280045046265254e+00
6.075572020989753219e+04 9.523900493654504640e-01
6.075572046995822893e+04 9.841492915684320053e-01
6.075572073001892568e+04 1.008421715092915560e+00
6.075572099007962970e+04 1.001841022879184973e+00
6.075572125014031917e+04 9.640248395542035942e-01
6.075572151020101592e+04 9.917849075784970214e-01
6.075572177026171994e+04 1.017020585450080450e+00
6.075572203032240941e+04 9.867936958312574225e-01
6.075572229038310616e+04 1.002407684922652864e+00
6.075572255044381018e+04 1.001854833940247325e+00
6.075572281050450692e+04 1.013380097459656959e+00
6.075572307056520367e+04 9.930738869229404076e-01
6.075572333062589314e+04 1.010307397761082582e+00
6.075572359068659716e+04 9.977820136277549823e-01
6.075572385074729391e+04 1.028930393749769578e+00
6.075572411080799066e+04 9.788235246829389835e-01
6.075572437086869468e+04 9.964617633422506726e-01
6.075572463092938415e+04 9.617960576837587539e-01
6.075572489099008089e+04 9.833136380000435661e-01
6.075572515105078492e+04 9.767803206929126514e-01
6.075572541111147439e+04 1.019391002162274296e+00
6.075572567117217113e+04 1.037418509192973515e+00
6.075572593123287515e+04 9.967123556342480928e-01
6.075572619129357190e+04 1.003034107382033024e+00
6.075572645135426865e+04 9.464870138657770493e-01
6.075572671141496539e+04 9.783378116168094385e-01
6.075572697147566214e+04 1.000161787257681123e+00
6.075572723153635889e+04 9.641666233482675263e-01
6.075572749159706291e+04 1.009109378240895971e+00
6.075572775165775965e+04 1.010455991643243401e+00
6.075572801171844912e+04 9.871269295938115418e-01
6.075572827177915315e+04 9.898503136497217580e-01
6.075572853183984989e+04 1.036656116084292645e+00
6.075572879190053936e+04 9.785051950887916350e-01
6.075572905196125066e+04 9.940977251036468010e-01
6.075572931202194013e+04 1.000932041746564582e+00
6.075572957208263688e+04 1.007596497885891784e+00
6.075572983214334090e+04 9.875865198604537598e-01
6.075573009220403037e+04 1.012505687645923302e+00
6.075573035226472712e+04 1.006632147805230693e+00
6.075573061232543114e+04 1.032852696623534516e+00
6.075573087238612788e+04 1.001039077278432554e+00
6.075573113244682463e+04 9.841916713916523118e-01
6.075573139250752138e+04 1.002519191510935936e+00
6.075573165256821812e+04 9.888121377196258388e-01
6.075573191262891487e+04 9.980801231866076595e-01
6.075573217268961889e+04 9.677441557092264501e-01
6.075573243275031564e+04 9.607910032326504313e-01
6.075573269281100511e+04 9.709065719258369587e-01
6.075573295287170913e+04 1.000079724374332901e+00
6.075573321293240588e+04 1.009708850905461031e+00
6.075573347299309535e+04 1.006385666901736364e+00
6.075573373305379937e+04 9.954751094212296314e-01
6.075573399311449612e+04 1.009450147058771341e+00
6.075573425317519286e+04 9.674998728621828636e-01
6.075573451323589688e+04 1.015170317350998053e+00
6.075573477329658635e+04 9.756390537263001095e-01
6.075573503335728310e+04 9.824130453028183663e-01
6.075573529341798712e+04 9.867223209024899022e-01
6.075573555347868387e+04 9.931602761858580042e-01
6.075573581353938062e+04 1.022609065667121842e+00
6.075573607360007736e+04 9.706533523638541938e-01
6.075573633366077411e+04 1.002338850341794485e+00
6.075573659372147085e+04 9.809010236922309778e-01
6.075573685378216760e+04 9.855531233103855815e-01
6.075573711384286435e+04 1.007817060603945825e+00
6.075573737390356837e+04 9.933710469351358929e-01
6.075573763396426511e+04 1.032895357412336734e+00
6.075573789402496186e+04 1.012284837539767723e+00
6.075573815408565861e+04 9.996755866855596695e-01
6.075573841414635535e+04 1.022901044898096412e+00
6.075573867420705210e+04 1.016913241941476809e+00
6.075573893426775612e+04 1.005858269689214435e+00
6.075573919432845287e+04 9.976089384820221451e-01
6.075573945438914234e+04 1.026427945883689796e+00
6.075573971444984636e+04 9.902243180401162359e-01
6.075573997451054311e+04 1.027295126867827868e+00
6.075574023457123985e+04 9.998555218356478536e-01
6.075574049463194387e+04 1.006692397975597064e+00
6.075574075469263335e+04 9.914477318632101133e-01
6.075574101475333737e+04 1.004918471871204089e+00
6.075574127481403411e+04 1.012425153310139825e+00
6.075574153487472358e+04 9.961307220639561422e-01
6.075574179493542761e+04 1.050882830287857450e+00
6.075574205499612435e+04 1.034392017729099056e+00
6.075574231505682837e+04 1.009817437173650578e+00
6.075574257511752512e+04 1.003708166924621059e+00
6.075574283517821459e+04 9.833167842065135833e-01
6.075574309523891861e+04 9.948337497009664965e-01
6.075574483009459800e+04 1.019013070008559563e+00
6.075574509014838986e+04 1.024125024047702892e+00
6.075574535020218900e+04 1.016899352314001526e+00
6.075574561025598086e+04 1.033319935894944530e+00
6.075574587030978000e+04 9.438222857915048447e-01
6.075574613036357187e+04 9.846296490452144390e-01
6.075574639041737100e+04 1.000435212785152794e+00
6.075574665047117742e+04 1.003333711063975064e+00
6.075574691052496928e+04 1.017697912714803143e+00
6.075574717057876842e+04 1.011784293648815058e+00
6.075574743063256028e+04 1.044446235261104805e+00
6.075574769068635942e+04 9.836634413072071759e-01
6.075574795074015128e+04 1.002691350451577756e+00
6.075574821079394314e+04 1.020293811732061684e+00
6.075574847084774228e+04 1.008659861509119127e+00
6.075574873090153415e+04 1.025528014939353527e+00
6.075574899095533328e+04 1.000997610398521198e+00
6.075574925100912515e+04 1.005832191636074624e+00
6.075574951106292428e+04 1.033163973874852815e+00
6.075574977111673070e+04 9.854414606961746648e-01
6.075575003117052256e+04 1.044734517599753776e+00
6.075575029122432170e+04 9.811287419204520743e-01
6.075575055127811356e+04 9.830608839768133489e-01
6.075575081133191270e+04 1.003791115379548016e+00
6.075575107138570456e+04 9.771295243569811939e-01
6.075575133143949643e+04 9.734229098339491904e-01
6.075575159149329556e+04 1.025882348172935998e+00
6.075575185154708743e+04 9.713210798611202623e-01
6.075575211160088656e+04 9.989841535886536672e-01
6.075575237165468570e+04 1.018859171212042947e+00
6.075575263170849212e+04 1.014843737663194911e+00
6.075575289176228398e+04 9.972762979259421900e-01
6.075575315181608312e+04 9.941578156610553219e-01
6.075575341186987498e+04 1.006588386597584206e+00
6.075575367192366684e+04 1.054740907137575734e+00
6.075575393197746598e+04 1.006917196267788972e+00
6.075575419203125784e+04 1.036673176860543055e+00
6.075575445208505698e+04 1.008943947572137123e+00
6.075575471213884884e+04 1.033535242053621017e+00
6.075575497219264798e+04 1.010386657296318047e+00
6.075575523224643985e+04 1.005101522600248432e+00
6.075575549230023898e+04 9.996159158602037076e-01
6.075575575235404540e+04 1.017680066522603122e+00
6.075575601240783726e+04 1.025632999367527942e+00
6.075575627246163640e+04 9.987287280507953779e-01
6.075575653251542826e+04 9.919844910538471172e-01
6.075575679256922740e+04 9.927732788556238308e-01
6.075575705262301926e+04 9.962028333949206615e-01
6.075575731267681840e+04 1.036490889718188813e+00
6.075575757273061026e+04 9.913317599314845907e-01
6.075575783278440940e+04 1.030136138770046061e+00
6.075575809283820126e+04 9.931425971142630038e-01
6.075575835289200040e+04 1.038227923899417871e+00
6.075575861294580682e+04 1.025215862197675465e+00
6.075575887299959868e+04 9.958210837900228762e-01
6.075575913305339782e+04 1.052165882048457846e+00
6.075575939310718968e+04 9.942331098421495206e-01
6.075575965316098882e+04 1.035695241919218024e+00
6.075575991321478068e+04 1.040139877232107324e+00
6.075576017326857982e+04 1.000986789213775596e+00
6.075576043332237168e+04 1.033488873183746160e+00
6.075576069337617082e+04 1.028231762385213521e+00
6.075576095342996268e+04 9.703924927116880372e-01
6.075576121348375455e+04 1.042971628718710964e+00
6.075576147353756096e+04 9.938684421179582174e-01
6.075576173359136010e+04 1.015489268005769219e+00
6.075576199364515924e+04 1.011868782840827929e+00
6.075576225369895110e+04 9.997597133813203030e-01
6.075576251375275024e+04 1.038440413070082835e+00
6.075576277380654210e+04 1.055120624862364132e+00
6.075576303386034124e+04 9.732113325822847605e-01
6.075576329391413310e+04 9.953856229426215618e-01
6.075576355396793224e+04 9.769285449636279095e-01
6.075576381402172410e+04 1.040249734097596468e+00
6.075576407407552324e+04 9.983070657558551497e-01
6.075576433412932238e+04 1.004687812754674558e+00
6.075576459418312879e+04 9.971208197394935135e-01
6.075576485423692066e+04 9.957115119168228334e-01
6.075576511429071252e+04 9.803524141469575071e-01
6.075576537434451166e+04 1.002571412736476208e+00
6.075576563439830352e+04 1.012897618596863225e+00
6.075576589445210266e+04 1.025497619989453213e+00
6.075576615450589452e+04 1.010981446106824500e+00
6.075576641455969366e+04 1.005361684219580054e+00
6.075576667461348552e+04 9.892856023738954008e-01
6.075576693466728466e+04 1.016078640888478546e+00
6.075576719472107652e+04 1.003355244853369355e+00
6.075576745477488294e+04 9.920737946311927180e-01
6.075576771482868207e+04 9.870426534724890955e-01
6.075576797488248121e+04 1.030115121452523042e+00
6.075576823493627307e+04 9.921951882606255824e-01
6.075576849499007221e+04 1.019951242650322998e+00
6.075576875504386408e+04 1.012150659650532081e+00
6.075576901509766321e+04 1.012635741436999970e+00
6.075576927515145508e+04 1.015938732315795567e+00
6.075576953520525421e+04 1.032621954518699869e+00
6.075576979525904608e+04 1.020324227779245696e+00
6.075577005531284522e+04 1.023833172340222308e+00
6.075577031536664435e+04 1.015690562240577854e+00
6.075577057542045077e+04 1.006931869871044549e+00
6.075577083547424263e+04 9.926987014524989439e-01
6.075577109552804177e+04 1.051958676817171146e+00
6.075577135558183363e+04 1.007529918111354617e+00
6.075577161563563277e+04 1.002014246130875419e+00
6.075577187568942463e+04 1.045876313351144393e+00
6.075577213574322377e+04 1.024191250347738613e+00
6.075577239579701563e+04 1.034487514205589820e+00
6.075577265585081477e+04 9.853687063353584463e-01
6.075577291590460663e+04 1.034941350186670661e+00
6.075577317595840577e+04 1.004064221584193506e+00
