6.075547523418369383e+04 9.849680406242560249e-01
6.075547549424438330e+04 9.558751923566470854e-01
6.075547575430508005e+04 9.648230115487435032e-01
6.075547601436576224e+04 9.518128869979607387e-01
6.075547627442645899e+04 9.751122534780050088e-01
6.075547653448714846e+04 9.708516679833910645e-01
6.075547679454784520e+04 9.818934890528749904e-01
6.075547705460853467e+04 9.690334665788941093e-01
6.075547731466922414e+04 9.715180728613075356e-01
6.075547757472991361e+04 9.671162679794502726e-01
6.075547783479061036e+04 9.833283826850081066e-01
6.075547809485129255e+04 9.956754384908436117e-01
6.075547835491198930e+04 9.620304500163529005e-01
6.075547861497267877e+04 9.802200406307568503e-01
6.075547887503337552e+04 9.751112829426324957e-01
6.075547913509406499e+04 9.412605489076643073e-01
6.075547939515475446e+04 9.665339764247417031e-01
6.075547965521544393e+04 9.383903578598064010e-01
6.075547991527614067e+04 9.698884321773100226e-01
6.075548017533683014e+04 9.768044279746463943e-01
6.075548043539752689e+04 9.777954182195003341e-01
6.075548069545820908e+04 9.553506511175479110e-01
6.075548095551890583e+04 9.684508990646539806e-01
6.075548121557959530e+04 9.749127003475037689e-01
6.075548147564028477e+04 9.681365751111449258e-01
6.075548173570098152e+04 9.727314798930806194e-01
6.075548199576167099e+04 9.655313793127396904e-01
6.075548225582236773e+04 9.498923216356014443e-01
6.075548251588305720e+04 9.862412686906036896e-01
6.075548277594374667e+04 9.514375310585596601e-01
6.075548303600443614e+04 9.531347872064190874e-01
6.075548329606513289e+04 9.526811920938873524e-01
6.075548355612582236e+04 9.799317588068424678e-01
6.075548381618651911e+04 9.505580331370897529e-01
6.075548407624720130e+04 9.718149138229192907e-01
6.075548433630789805e+04 9.821891713241895916e-01
6.075548459636858752e+04 9.681143408527560501e-01
6.075548485642928426e+04 9.562295858394977977e-01
6.075548511648997373e+04 9.767633109247948475e-01
6.075548537655066320e+04 9.707717822002922547e-01
6.075548563661135267e+04 9.766035588781506460e-01
6.075548589667204942e+04 9.684338398869991593e-01
6.075548615673273162e+04 9.756515637260602114e-01
6.075548641679342836e+04 9.596262731460591944e-01
6.075548667685411783e+04 9.932123227885987227e-01
6.075548693691481458e+04 9.698256629814917540e-01
6.075548719697551132e+04 9.932558939935383080e-01
6.075548745703619352e+04 9.720236733795543094e-01
6.075548771709689026e+04 9.824774560961330172e-01
6.075548797715757973e+04 9.606186707227611921e-01
6.075548823721827648e+04 9.971903007445742650e-01
6.075548849727896595e+04 9.629120369195405260e-01
6.075548875733965542e+04 9.844054017030314796e-01
6.075548901740034489e+04 1.007469614942816616e+00
6.075548927746104164e+04 9.717368655971909686e-01
6.075548953752172383e+04 9.829570146565960176e-01
6.075548979758242058e+04 9.578291156646984161e-01
6.075549005764311732e+04 9.622162735890806839e-01
6.075549031770380680e+04 9.833909974951284827e-01
6.075549057776450354e+04 9.686726932649762922e-01
6.075549083782518574e+04 9.644481929896470129e-01
6.075549109788588248e+04 1.005459291584105408e+00
6.075549135794657195e+04 9.559887154836641532e-01
6.075549161800726870e+04 9.762349831762531238e-01
6.075549187806795817e+04 1.007160438900592814e+00
6.075549213812864764e+04 9.469356655803071732e-01
6.075549239818933711e+04 9.582748039230256643e-01
6.075549265825003386e+04 9.513244008312350397e-01
6.075549291831072333e+04 9.761685191914919457e-01
6.075549317837142007e+04 9.882705707905841130e-01
6.075549343843210954e+04 9.782724281065763305e-01
6.075549369849279901e+04 9.671657604689133381e-01
6.075549395855349576e+04 9.815278482701701446e-01
6.075549421861417795e+04 9.486722565727815359e-01
6.075549447867487470e+04 9.784424230860687688e-01
6.075549473873556417e+04 9.957840425605156698e-01
6.075549499879626092e+04 9.762602937564025529e-01
6.075549525885695766e+04 9.777418157176652747e-01
6.075549551891763986e+04 9.448666731456938361e-01
6.075549577897833660e+04 9.748599613831568922e-01
6.075549603903902607e+04 9.732541685281387300e-01
6.075549629909972282e+04 9.830859011686411408e-01
6.075549655916041229e+04 9.623142082129435559e-01
6.075549681922110176e+04 9.558589877928556078e-01
6.075549707928179851e+04 9.769992683329770111e-01
6.075549733934248798e+04 9.775467832957068781e-01
6.075549759940317745e+04 9.857781733352386500e-01
6.075549785946386692e+04 9.514427804898988317e-01
6.075549811952456366e+04 9.975964623423350108e-01
6.075549837958525313e+04 9.963398798685837443e-01
6.075549863964594988e+04 9.729795752717091961e-01
6.075549889970663935e+04 9.709615882281121824e-01
6.075549915976732882e+04 9.651994167782836920e-01
6.075549941982802557e+04 9.836955692107227645e-01
6.075549967988871504e+04 1.012967544953893295e+00
6.075549993994941178e+04 9.686065150516016686e-01
6.075550020001009398e+04 9.695997460177874228e-01
6.075550046007079072e+04 9.905568960188630978e-01
6.075550072013148747e+04 9.728794692847042569e-01
6.075550098019216966e+04 9.548324504101931565e-01
6.075550124025286641e+04 9.861205575290039604e-01
6.075550150031355588e+04 9.492530932762123230e-01
6.075550176037425263e+04 9.604750452260553129e-01
6.075550202043494210e+04 9.755980120847103088e-01
6.075550228049563157e+04 9.993948251883382206e-01
6.075550254055632831e+04 9.799083157711817593e-01
6.075550280061701778e+04 9.413441640357036455e-01
6.075550306067771453e+04 9.924061140892094235e-01
6.075550332073840400e+04 9.756794697944543016e-01
6.075550358079909347e+04 9.763898140397451186e-01
6.075550513883041276e+04 9.495705795105916502e-01
6.075550539889110951e+04 9.684314106526097365e-01
6.075550565895179898e+04 1.007154427271517161e+00
6.075550591901248845e+04 9.565077231969366656e-01
6.075550617907318519e+04 1.000468428948648292e+00
6.075550643913387466e+04 9.857352398897789580e-01
6.075550669919457141e+04 9.524874100377376251e-01
6.075550695925526088e+04 9.783552056491300331e-01
6.075550721931595035e+04 9.693028306830221430e-01
6.075550747937664710e+04 9.592966893859373734e-01
6.075550773943733657e+04 9.546814272897464759e-01
6.075550799949803331e+04 9.617011518791698244e-01
6.075550825955872278e+04 9.988737194812752351e-01
6.075550851961941225e+04 9.987454816870926511e-01
6.075550877968010900e+04 9.601649952890737305e-01
6.075550903974079847e+04 9.526011931070856864e-01
6.075550929980148794e+04 9.786819033900635567e-01
6.075550955986217741e+04 9.732937131520739138e-01
6.075550981992287416e+04 1.013477400456023858e+00
6.075551007998357090e+04 1.030048921642002124e+00
6.075551034004426037e+04 1.031336107200523156e+00
6.075551060010494984e+04 1.000230808342466249e+00
6.075551086016564659e+04 9.122102686008929373e-01
6.075551112022633606e+04 9.835583839984074483e-01
6.075551138028703281e+04 9.843011968142195700e-01
6.075551164034772228e+04 9.648687278447599658e-01
6.075551190040841175e+04 9.515967150372723893e-01
6.075551216046910849e+04 9.780080724569378825e-01
6.075551242052979796e+04 9.736962996923689273e-01
6.075551268059049471e+04 9.542620744377949826e-01
6.075551294065118418e+04 9.787044365783552635e-01
6.075551320071187365e+04 9.901438915902994742e-01
6.075551346077257040e+04 1.003783041209559190e+00
6.075551372083325987e+04 9.873295467895008004e-01
6.075551398089394934e+04 9.741474267344635285e-01
6.075551424095464608e+04 9.806783021624266850e-01
6.075551450101533555e+04 1.018417778932143358e+00
6.075551476107603230e+04 9.831242280187230120e-01
6.075551502113672177e+04 9.932722321831622958e-01
6.075551528119741124e+04 9.848369302530951552e-01
6.075551554125810799e+04 9.504879550508847919e-01
6.075551580131879746e+04 1.014084237971354163e+00
6.075551606137949420e+04 9.718943445990706476e-01
6.075551632144019095e+04 1.000545365208367343e+00
6.075551658150087314e+04 9.823353050493974781e-01
6.075551684156156989e+04 9.654066744687909152e-01
6.075551710162226664e+04 1.011653774559872154e+00
6.075551736168294883e+04 9.973363046893601869e-01
6.075551762174364558e+04 9.955952369245558708e-01
6.075551788180433505e+04 9.726453973361376404e-01
6.075551814186503179e+04 9.579090069526720042e-01
6.075551840192572854e+04 9.754052433792300691e-01
6.075551866198641073e+04 9.758271619452214551e-01
6.075551892204710748e+04 9.788446691134397026e-01
6.075551918210780423e+04 9.964876000616615936e-01
6.075551944216849370e+04 1.001285628081108436e+00
6.075551970222919044e+04 9.392643020943558518e-01
6.075551996228987991e+04 1.002309716118133576e+00
6.075552022235056938e+04 9.846506764502250819e-01
6.075552048241126613e+04 9.620703448683084469e-01
6.075552074247194832e+04 1.004068603417928029e+00
6.075552100253265235e+04 9.485621699270725404e-01
6.075552126259334182e+04 1.007278905146809400e+00
6.075552152265403129e+04 9.886076038504952868e-01
6.075552178271472803e+04 9.960196491947140851e-01
6.075552204277541750e+04 9.648571706506140488e-01
6.075552230283610697e+04 9.516692024591719701e-01
6.075552256289680372e+04 9.744434679896749607e-01
6.075552282295750047e+04 9.882424972417793718e-01
6.075552308301818994e+04 9.774901721109506836e-01
6.075552334307887941e+04 9.944809994052365987e-01
6.075552360313957615e+04 9.778830323951203107e-01
6.075552386320026562e+04 9.814016822858817601e-01
6.075552412326096237e+04 9.491134765745774526e-01
6.075552438332165912e+04 9.616085900352351334e-01
6.075552464338234131e+04 9.839443725859974288e-01
6.075552490344303806e+04 9.835912136622951829e-01
6.075552516350373480e+04 1.000096578963947103e+00
6.075552542356441700e+04 1.012300688823671857e+00
6.075552568362511374e+04 9.776009094924301701e-01
6.075552594368581049e+04 9.901156794167438324e-01
6.075552620374649996e+04 9.471647767434927534e-01
6.075552646380719671e+04 9.801437025191646057e-01
6.075552672386788618e+04 1.012529387667071346e+00
6.075552698392857565e+04 9.652063069110261573e-01
6.075552724398927239e+04 9.817469368119022821e-01
6.075552750404996914e+04 9.993342083888675509e-01
6.075552776411065861e+04 9.804513885914148963e-01
6.075552802417134808e+04 9.898086835432442498e-01
6.075552828423204483e+04 9.825355545142868685e-01
6.075552854429273430e+04 9.988305086660353993e-01
6.075552880435342377e+04 1.030540821813608732e+00
6.075552906441412051e+04 9.876604709943284099e-01
6.075552932447480998e+04 9.804249358948804449e-01
6.075552958453550673e+04 1.000756667372745046e+00
6.075552984459620347e+04 9.544275032054649888e-01
6.075553010465688567e+04 1.000477033771171476e+00
6.075553036471758242e+04 9.760107646953295468e-01
6.075553062477827916e+04 9.700533705871892121e-01
6.075553088483896863e+04 1.006965092658206551e+00
6.075553114489966538e+04 9.520494559264680579e-01
6.075553140496035485e+04 9.776680276830095329e-01
6.075553166502104432e+04 9.918006353916495321e-01
6.075553192508174106e+04 9.814376051787871980e-01
6.075553218514243054e+04 1.001962234293025444e+00
6.075553244520312728e+04 1.001967966540674215e+00
6.075553270526381675e+04 9.897772717553990907e-01
6.075553296532451350e+04 1.014858131919166517e+00
6.075553322538520297e+04 9.844434014038474512e-01
6.075553348544589244e+04 9.947829764056954627e-01
6.075553503087646095e+04 1.006343405189738638e+00
6.075553529093715770e+04 9.949743492018739977e-01
6.075553555099784717e+04 9.904214119499034075e-01
6.075553581105853664e+04 9.945886712862573864e-01
6.075553607111923338e+04 9.712642842338596871e-01
6.075553633117992285e+04 1.014060105312053039e+00
6.075553659124061960e+04 9.758991969548704848e-01
6.075553685130131635e+04 9.634300758813673093e-01
6.075553711136199854e+04 9.610473450436443077e-01
6.075553737142269529e+04 1.014658905623158525e+00
6.075553763148339203e+04 1.006852867447999733e+00
6.075553789154408878e+04 1.016226789264032870e+00
6.075553815160477825e+04 1.005984431440413163e+00
6.075553841166546772e+04 9.531710684801557587e-01
6.075553867172616447e+04 9.944695289184791731e-01
6.075553893178685394e+04 9.934047442458316945e-01
6.075553919184754341e+04 9.906655221835687364e-01
6.075553945190824015e+04 9.865801914966915165e-01
6.075553971196892962e+04 1.027775660635765753e+00
6.075553997202962637e+04 9.723942267344602985e-01
6.075554023209032312e+04 9.637242793250497819e-01
6.075554049215101259e+04 1.012263364420252110e+00
6.075554075221170206e+04 9.270652982731040215e-01
6.075554101227239880e+04 9.476782724239268818e-01
6.075554127233309555e+04 9.888845373804799888e-01
6.075554153239378502e+04 9.559422161139415897e-01
6.075554179245447449e+04 1.010499503817589018e+00
6.075554205251517124e+04 9.650596248242562236e-01
6.075554231257586798e+04 9.763946180592349977e-01
6.075554257263655018e+04 9.975214372697970289e-01
6.075554283269725420e+04 9.766095855780267954e-01
6.075554309275794367e+04 9.576491960919448765e-01
6.075554335281863314e+04 9.738768405469083733e-01
6.075554361287932988e+04 9.926567785616321471e-01
6.075554387294001936e+04 9.959693501762109102e-01
6.075554413300071610e+04 1.008301013562747261e+00
6.075554439306140557e+04 9.939522203654753696e-01
6.075554465312210232e+04 9.501633460330518588e-01
6.075554491318279906e+04 9.953634842675174177e-01
6.075554517324348853e+04 9.586010823285076032e-01
6.075554543330417800e+04 9.525600164014875748e-01
6.075554569336487475e+04 9.695771600551352787e-01
6.075554595342557150e+04 9.857566626175614521e-01
6.075554621348626097e+04 9.533482190926283462e-01
6.075554647354695044e+04 9.954837720727909289e-01
6.075554673360764718e+04 9.717845472941335494e-01
6.075554699366834393e+04 9.872735383579901436e-01
6.075554725372902612e+04 9.818773688689153012e-01
6.075554751378972287e+04 9.775904512892876763e-01
6.075554777385041962e+04 9.787922268346939125e-01
6.075554803391111636e+04 9.721364039257178735e-01
6.075554829397180583e+04 9.430962135817964054e-01
6.075554855403249530e+04 9.717190340755159639e-01
6.075554881409319205e+04 9.753344767189644493e-01
6.075554907415388152e+04 9.810544773982703415e-01
6.075554933421457827e+04 9.604839994181266771e-01
6.075554959427527501e+04 9.571450055284494995e-01
6.075554985433596448e+04 9.521631957541301094e-01
6.075555011439665395e+04 9.618210819583339344e-01
6.075555037445735070e+04 9.766304304706385775e-01
6.075555063451804017e+04 9.893010172432429306e-01
6.075555089457873692e+04 1.005145180345737632e+00
6.075555115463942639e+04 1.012086980330627162e+00
6.075555141470012313e+04 9.661077720464753549e-01
6.075555167476081988e+04 9.815593661464983022e-01
6.075555193482150935e+04 1.002336117456499975e+00
6.075555219488219882e+04 9.853970453230571636e-01
6.075555245494289557e+04 1.006643543250186568e+00
6.075555271500359231e+04 9.556453748200912646e-01
6.075555297506428906e+04 9.671195818755642382e-01
6.075555323512497125e+04 1.004717678370847578e+00
6.075555349518566800e+04 9.619272450974926114e-01
6.075555375524636474e+04 1.015541242534337307e+00
6.075555401530705421e+04 9.864742830949073671e-01
6.075555427536775096e+04 9.716847457967862089e-01
6.075555453542844043e+04 9.668549827019076170e-01
6.075555479548913718e+04 9.864423747608781490e-01
6.075555505554983392e+04 9.873667492895562559e-01
6.075555531561051612e+04 9.939928775535701311e-01
6.075555557567121286e+04 9.887822443468721190e-01
6.075555583573190961e+04 1.000201711288096540e+00
6.075555609579260636e+04 9.851665761909002006e-01
6.075555635585329583e+04 9.754832692672340544e-01
6.075555661591398530e+04 1.010401625635126477e+00
6.075555687597468204e+04 9.672113835575968377e-01
6.075555713603537879e+04 9.799477228303159482e-01
6.075555739609607554e+04 9.393233405054198792e-01
6.075555765615676501e+04 9.834722720560533649e-01
6.075555791621745448e+04 9.845789588166222739e-01
6.075555817627815122e+04 9.683015705541923035e-01
6.075555843633884797e+04 1.009795781856952512e+00
6.075555869639953016e+04 1.000479082254185359e+00
6.075555895646022691e+04 1.003399600987618046e+00
6.075555921652092366e+04 1.000491227762734914e+00
6.075555947658162040e+04 9.671640953193467727e-01
6.075555973664230987e+04 9.919758839964264441e-01
6.075555999670299934e+04 1.014223394459798255e+00
6.075556025676369609e+04 9.734037759643876520e-01
6.075556051682439283e+04 9.975621698889922673e-01
6.075556077688508958e+04 9.996922978082588562e-01
6.075556103694577905e+04 9.913206022967919750e-01
6.075556129700646852e+04 9.958355281079588339e-01
6.075556155706716527e+04 9.972889383694235610e-01
6.075556181712786201e+04 9.375604276297667683e-01
6.075556207718854421e+04 9.569444803670671407e-01
6.075556233724924095e+04 9.477418048319856680e-01
6.075556259730993770e+04 9.849350124003508622e-01
6.075556285737063445e+04 9.686205912535296170e-01
6.075556311743133119e+04 9.724982459788428235e-01
6.075556337749201339e+04 9.550997363137561091e-01
6.075556504896522529e+04 9.823601073162282482e-01
6.075556530902591476e+04 9.435863704497223781e-01
6.075556556908661150e+04 9.833841254902907503e-01
6.075556582914730097e+04 9.994547121200114681e-01
6.075556608920799772e+04 9.707419524192122395e-01
6.075556634926869447e+04 9.772884001605396387e-01
6.075556660932938394e+04 9.955102690966748380e-01
6.075556686939008068e+04 9.669826114489453728e-01
6.075556712945077015e+04 9.618119613526840972e-01
6.075556738951146690e+04 9.672075690995122210e-01
6.075556764957216365e+04 9.758729248482285179e-01
6.075556790963285312e+04 1.014780861708241000e+00
6.075556816969354986e+04 1.003954788480390103e+00
6.075556842975423933e+04 1.008546907300465811e+00
6.075556868981492880e+04 1.016919247056683018e+00
6.075556894987563282e+04 9.884344257231920672e-01
6.075556920993632230e+04 9.913324313509060959e-01
6.075556946999701904e+04 9.622109831797214241e-01
6.075556973005770851e+04 9.856451225372793168e-01
6.075556999011839798e+04 1.009163468656326668e+00
6.075557025017909473e+04 1.022619321556616168e+00
6.075557051023979147e+04 1.000957308456414063e+00
6.075557077030048822e+04 9.879135859007057707e-01
6.075557103036117769e+04 9.545453207219842806e-01
6.075557129042186716e+04 9.743750979391933020e-01
6.075557155048256391e+04 9.631901851385090696e-01
6.075557181054326065e+04 9.969566490657911784e-01
6.075557207060395740e+04 9.827441600520846476e-01
6.075557233066464687e+04 1.000824091973788299e+00
6.075557259072533634e+04 9.760783805501744848e-01
6.075557285078603309e+04 9.846677865520341300e-01
6.075557311084672983e+04 9.749255036864128421e-01
6.075557337090741930e+04 9.905949268325094925e-01
6.075557363096811605e+04 9.695706617701557173e-01
6.075557389102880552e+04 9.631265993502751144e-01
6.075557415108950227e+04 9.778407494522122212e-01
6.075557441115019901e+04 9.876179895275084553e-01
6.075557467121088848e+04 1.025282370726361858e+00
6.075557493127158523e+04 9.706963988639256691e-01
6.075557519133227470e+04 1.001569184907942889e+00
6.075557545139297144e+04 9.879231269702629659e-01
6.075557571145366819e+04 9.727685143846107607e-01
6.075557597151435766e+04 9.927204643610888501e-01
6.075557623157505441e+04 9.997888869015935098e-01
6.075557649163575115e+04 9.664766987756565619e-01
6.075557675169643335e+04 9.951791066373442129e-01
6.075557701175713009e+04 9.795700643966797072e-01
6.075557727181782684e+04 1.005158982580405480e+00
6.075557753187852359e+04 9.695513668310714595e-01
6.075557779193922033e+04 9.534419946505835464e-01
6.075557805199990980e+04 1.007067848464997972e+00
6.075557831206059927e+04 9.936575440952145621e-01
6.075557857212129602e+04 9.873351405746620957e-01
6.075557883218199277e+04 9.864849679286679107e-01
6.075557909224268951e+04 1.029578684254322196e+00
6.075557935230337898e+04 9.818376962130483943e-01
6.075557961236407573e+04 9.706618686378928329e-01
6.075557987242476520e+04 9.780998229091618645e-01
6.075558013248546195e+04 1.002315804867484283e+00
6.075558039254615869e+04 9.851167564340600480e-01
6.075558065260684816e+04 9.782359791176257202e-01
6.075558091266754491e+04 1.011840091082050641e+00
6.075558117272824165e+04 9.532866093146409314e-01
6.075558143278892385e+04 9.881628588561576221e-01
6.075558169284962059e+04 1.003726495445919964e+00
6.075558195291031734e+04 9.987047902397439003e-01
6.075558221297101409e+04 9.798380441347338543e-01
6.075558247303171083e+04 1.006776015208838304e+00
6.075558273309240030e+04 9.835183937996966330e-01
6.075558299315309705e+04 9.866690058755492876e-01
6.075558325321378652e+04 9.981771593820285560e-01
6.075558351327448327e+04 9.919933928787241229e-01
6.075558377333518001e+04 9.865408048024030263e-01
6.075558403339586948e+04 9.949865728041679125e-01
6.075558429345656623e+04 9.907374592624180742e-01
6.075558455351726298e+04 9.993963329687062247e-01
6.075558481357794517e+04 9.587550643512301463e-01
6.075558507363864192e+04 9.770808968527586735e-01
6.075558533369933866e+04 1.003709886966118070e+00
6.075558559376003541e+04 1.026001203071760459e+00
6.075558585382073215e+04 9.846975941574316327e-01
6.075558611388142162e+04 9.968922704526085310e-01
6.075558637394211837e+04 1.010189494549990963e+00
6.075558663400280784e+04 1.002077001046506322e+00
6.075558689406350459e+04 1.024335544947192700e+00
6.075558715412420133e+04 9.949455372723979840e-01
6.075558741418489080e+04 1.000981313023882935e+00
6.075558767424558755e+04 9.787881462696575996e-01
6.075558793430628430e+04 9.821398595757865335e-01
6.075558819436697377e+04 1.014983213840960685e+00
6.075558845442767051e+04 9.857971632829058972e-01
6.075558871448835998e+04 1.015444017569942847e+00
6.075558897454905673e+04 9.892220537245680623e-01
6.075558923460975348e+04 9.858740627446768157e-01
6.075558949467044295e+04 9.712380251928888208e-01
6.075558975473113969e+04 9.841758068668823300e-01
6.075559001479183644e+04 9.857934007819314504e-01
6.075559027485253318e+04 1.003839782891678301e+00
6.075559053491322265e+04 9.511698979125121634e-01
6.075559079497391212e+04 1.027366458674299432e+00
6.075559105503460887e+04 9.992839248995555312e-01
6.075559131509530562e+04 9.600765176515636545e-01
6.075559157515600236e+04 9.995859246409857235e-01
6.075559183521669911e+04 9.802498073637743170e-01
6.075559209527738858e+04 1.013919916918575304e+00
6.075559235533808533e+04 9.660162737833718483e-01
6.075559261539877480e+04 9.828019116428036162e-01
6.075559287545946427e+04 1.002242634320592352e+00
6.075559313552016101e+04 1.005502249748958077e+00
6.075559339558085776e+04 9.625347545109931291e-01
6.075559494101491873e+04 9.972513718289282014e-01
6.075559520107561548e+04 1.028497011676011264e+00
6.075559546113631222e+04 9.574963383039377662e-01
6.075559572119700897e+04 9.687594024772167023e-01
6.075559598125769844e+04 9.799694062991562982e-01
6.075559624131839519e+04 1.019739182355957841e+00
6.075559650137908466e+04 9.743493860018476171e-01
6.075559676143977413e+04 1.000334687835294334e+00
6.075559702150047087e+04 9.836783248263026858e-01
6.075559728156116762e+04 9.945498695891535901e-01
6.075559754162186437e+04 9.870706182960294894e-01
6.075559780168256111e+04 9.780715455686052051e-01
6.075559806174325058e+04 9.848168368577859821e-01
6.075559832180394733e+04 9.925765908810555427e-01
6.075559858186464407e+04 9.700568779215738013e-01
6.075559884192533355e+04 1.000861076623987378e+00
6.075559910198603029e+04 1.020255462860365059e+00
6.075559936204671976e+04 9.785819872249534868e-01
6.075559962210741651e+04 9.920905846837497766e-01
6.075559988216811325e+04 9.742024391023552665e-01
6.075560014222880272e+04 9.725177632469159672e-01
6.075560040228950675e+04 9.652676929959904673e-01
6.075560066235019622e+04 9.989771008416237219e-01
6.075560092241089296e+04 9.977870641144785946e-01
6.075560118247158971e+04 9.952290249807633771e-01
6.075560144253227918e+04 9.772649493382967734e-01
6.075560170259296865e+04 1.002056815524486222e+00
6.075560196265366540e+04 9.726086441363073209e-01
6.075560222271436214e+04 9.809059788611406150e-01
6.075560248277505889e+04 9.744879098774797965e-01
6.075560274283574836e+04 9.969636001135789849e-01
6.075560300289644510e+04 9.681846104310366519e-01
6.075560326295714185e+04 1.021334017210336675e+00
6.075560352301783860e+04 1.016190517779863578e+00
6.075560378307853534e+04 9.916379293255898064e-01
6.075560404313922481e+04 9.816495389135960759e-01
6.075560430319992156e+04 1.017841886148641128e+00
6.075560456326061831e+04 9.360540262807380829e-01
6.075560482332130050e+04 9.954081953855260512e-01
6.075560508338199725e+04 9.769144755016597736e-01
6.075560534344269399e+04 9.844625696516300373e-01
6.075560560350339074e+04 9.794168620832880423e-01
6.075560586356408749e+04 9.551638184083200978e-01
6.075560612362477696e+04 1.024092088928457711e+00
6.075560638368547370e+04 9.926125043406945903e-01
6.075560664374617045e+04 9.765996025771600531e-01
6.075560690380686719e+04 9.653244325695053973e-01
6.075560716386756394e+04 9.480205146136211347e-01
6.075560742392825341e+04 9.541738670057563487e-01
6.075560768398895016e+04 9.901118279076921436e-01
6.075560794404964690e+04 9.807997585748309266e-01
6.075560820411032910e+04 9.886132911616957175e-01
6.075560846417102584e+04 9.840019337953600509e-01
6.075560872423172259e+04 9.830874747478089981e-01
6.075560898429241934e+04 9.881274513528747194e-01
6.075560924435311608e+04 9.975574336762580430e-01
6.075560950441380555e+04 1.028605761735236879e+00
6.075560976447450230e+04 9.822543041052789192e-01
6.075561002453519905e+04 9.964403521361241411e-01
6.075561028459589579e+04 9.836273810875849621e-01
6.075561054465659254e+04 9.857124408634423407e-01
6.075561080471728201e+04 1.030079666410188555e+00
6.075561106477797875e+04 9.863403585486897329e-01
6.075561132483867550e+04 9.949073222215986112e-01
6.075561158489937225e+04 9.999770992895240518e-01
6.075561184496006899e+04 9.841171510476672823e-01
6.075561210502075846e+04 1.013930363979493654e+00
6.075561236508144793e+04 1.019399010069930389e+00
6.075561262514214468e+04 9.914340754933383959e-01
6.075561288520283415e+04 9.825968348992065726e-01
6.075561314526353090e+04 9.681739498916198672e-01
6.075561340532422764e+04 9.695145454013400776e-01
6.075561366538492439e+04 9.793528043242829551e-01
6.075561392544562113e+04 9.710909317484995862e-01
6.075561418550631060e+04 1.008343944640689438e+00
6.075561444556700735e+04 9.961123492360817178e-01
6.075561470562770410e+04 9.908527179178451272e-01
6.075561496568840084e+04 9.543462173556435113e-01
6.075561522574909759e+04 1.012036291864925941e+00
6.075561548580978706e+04 1.001337142668959901e+00
6.075561574587048381e+04 1.000631825385376983e+00
6.075561600593118055e+04 1.003404200525427559e+00
6.075561626599187002e+04 9.456677409515878985e-01
6.075561652605256677e+04 9.940620580168388898e-01
6.075561678611326352e+04 9.919618323492501721e-01
6.075561704617396026e+04 9.687169774842385728e-01
6.075561730623465701e+04 9.963232336311304005e-01
6.075561756629534648e+04 9.941870223237100346e-01
6.075561782635604322e+04 9.875314430409699584e-01
6.075561808641673269e+04 9.735365516323601920e-01
6.075561834647742944e+04 9.937351441031215815e-01
6.075561860653812619e+04 9.930241904102677930e-01
6.075561886659881566e+04 9.685660947753619299e-01
6.075561912665951240e+04 9.610374031968180741e-01
6.075561938672020915e+04 9.713056752166804309e-01
6.075561964678089862e+04 9.859847331200292109e-01
6.075561990684160264e+04 9.700820103982846776e-01
6.075562016690229211e+04 9.828363572908042078e-01
6.075562042696298886e+04 9.835598220245704848e-01
6.075562068702368560e+04 1.003688707267361702e+00
6.075562094708437508e+04 9.690004921650990921e-01
6.075562120714507182e+04 9.855333401957043771e-01
6.075562146720576857e+04 9.763369913228040486e-01
6.075562172726646531e+04 9.959322760532750562e-01
6.075562198732716206e+04 9.770034087781144239e-01
6.075562224738785153e+04 9.630559406458992777e-01
6.075562250744854828e+04 1.007181535441814768e+00
6.075562276750924502e+04 9.767129242423090441e-01
6.075562302756994177e+04 9.928062742548567909e-01
6.075562328763063852e+04 1.026232761829274365e+00
6.075562490904599690e+04 9.664736329064892439e-01
6.075562516909990518e+04 9.800706741084240781e-01
6.075562542915379890e+04 1.016062797020519159e+00
6.075562568920769263e+04 9.953395704105200137e-01
6.075562594926160091e+04 9.792834920401620735e-01
6.075562620931549463e+04 9.871308146878413625e-01
6.075562646936939564e+04 9.975841113719758901e-01
6.075562672942329664e+04 9.706892429412872225e-01
6.075562698947719036e+04 9.965265750768375064e-01
6.075562724953109864e+04 9.624995794236759217e-01
6.075562750958499237e+04 9.810420946110849361e-01
6.075562776963889337e+04 9.769289015077394778e-01
6.075562802969280165e+04 9.963051454554419095e-01
6.075562828974669537e+04 9.598768584947278137e-01
6.075562854980059637e+04 9.908880330928080404e-01
6.075562880985449738e+04 1.003961619995157761e+00
6.075562906990839110e+04 9.775255437589334129e-01
6.075562932996229938e+04 9.883804970428716752e-01
6.075562959001619311e+04 9.927766591718324429e-01
6.075562985007009411e+04 9.734623481104216491e-01
6.075563011012399511e+04 9.586091703078528647e-01
6.075563037017788884e+04 9.785655978077950623e-01
6.075563063023179711e+04 9.972855959038646745e-01
6.075563089028569084e+04 9.657153512826065489e-01
6.075563115033958456e+04 9.975900871878256027e-01
6.075563141039349284e+04 1.013298905950766438e+00
6.075563167044738657e+04 9.930791966235489321e-01
6.075563193050128757e+04 9.620366601026850706e-01
6.075563219055518857e+04 9.806457720718598781e-01
6.075563245060908230e+04 1.008991222294509882e+00
6.075563271066299058e+04 9.657611085481685453e-01
6.075563297071688430e+04 9.893658451460940473e-01
6.075563323077078530e+04 9.875245415979819752e-01
6.075563349082468631e+04 9.983962428070887185e-01
6.075563375087858003e+04 1.000760596916306921e+00
6.075563401093248831e+04 9.681658137570898770e-01
6.075563427098638203e+04 9.873560096055479240e-01
6.075563453104027576e+04 1.023883784656922202e+00
6.075563479109418404e+04 9.695310829319105927e-01
6.075563505114807776e+04 9.932488516562227865e-01
6.075563531120197877e+04 9.665696488419996957e-01
6.075563557125588704e+04 9.820024605012994678e-01
6.075563583130978077e+04 1.016974653992120725e+00
6.075563609136368905e+04 9.743928147948386354e-01
6.075563635141758277e+04 9.584659327249006600e-01
6.075563661147148377e+04 9.990539744623164742e-01
6.075563687152538478e+04 1.001886449876922658e+00
6.075563713157927850e+04 9.581566992528505189e-01
6.075563739163318678e+04 9.766307191128064114e-01
6.075563765168708051e+04 9.888820635790439573e-01
6.075563791174097423e+04 9.955046381642036479e-01
6.075563817179488251e+04 9.819177161235085327e-01
6.075563843184877624e+04 1.009189554596810368e+00
6.075563869190267724e+04 9.787966160761122358e-01
6.075563895195657824e+04 9.878165681346687821e-01
6.075563921201047197e+04 1.024580338126236612e+00
6.075563947206438024e+04 9.790313148858679204e-01
6.075563973211827397e+04 1.008466876252512856e+00
6.075563999217217497e+04 9.791901226871710939e-01
6.075564025222608325e+04 9.848916109420483567e-01
6.075564051227997697e+04 9.988313574824422281e-01
6.075564077233388525e+04 9.810064263841858923e-01
6.075564103238777898e+04 1.010815198171423290e+00
6.075564129244167270e+04 9.872487580479568647e-01
6.075564155249558098e+04 1.004275150205687028e+00
6.075564181254947471e+04 1.014124431341177246e+00
6.075564207260337571e+04 9.678476183628764717e-01
6.075564233265727671e+04 9.656391482098178880e-01
6.075564259271117044e+04 9.833803475460149990e-01
6.075564285276507871e+04 9.934549665769801807e-01
6.075564311281897244e+04 9.713611973997707816e-01
6.075564337287286617e+04 9.756407081453087882e-01
6.075564363292677444e+04 1.009723640763420471e+00
6.075564389298066817e+04 1.000477876698356861e+00
6.075564415303458372e+04 9.688007168620661469e-01
6.075564441308847745e+04 9.665385658620280207e-01
6.075564467314237118e+04 9.727173896540778353e-01
6.075564493319627945e+04 9.982375401847527474e-01
6.075564519325017318e+04 1.028487783558679203e+00
6.075564545330407418e+04 9.979713844485110785e-01
6.075564571335797518e+04 9.651807312447486797e-01
6.075564597341186891e+04 9.803206057516301586e-01
6.075564623346577719e+04 1.013232415785373153e+00
6.075564649351967091e+04 9.674675880238887693e-01
6.075564675357356464e+04 9.754200444499228073e-01
6.075564701362747292e+04 9.630876931369174443e-01
6.075564727368136664e+04 9.882769256538802560e-01
6.075564753373527492e+04 9.755939289626663902e-01
6.075564779378917592e+04 1.016393251544162268e+00
6.075564805384306965e+04 1.007832729709627673e+00
6.075564831389697792e+04 9.906084281209335263e-01
6.075564857395087165e+04 9.632189723821268368e-01
6.075564883400477265e+04 9.953596294355060436e-01
6.075564909405867365e+04 1.009974646775693152e+00
6.075564935411256738e+04 9.810749815289041553e-01
6.075564961416647566e+04 9.697521139710945093e-01
6.075564987422036938e+04 9.848702897657662936e-01
6.075565013427426311e+04 9.820216671658280605e-01
6.075565039432817866e+04 9.651327839720796886e-01
6.075565065438207239e+04 9.534724209698288711e-01
6.075565091443597339e+04 9.610238942701797571e-01
6.075565117448987439e+04 9.918065778024954815e-01
6.075565143454376812e+04 9.928547618776319972e-01
6.075565169459767640e+04 9.987844532699419187e-01
6.075565195465157012e+04 1.002781453812102042e+00
6.075565221470547112e+04 1.022439853315398883e+00
6.075565247475937213e+04 9.989831190091001956e-01
6.075565273481326585e+04 9.874858142394056237e-01
6.075565299486718141e+04 1.020645429432325502e+00
6.075565325492107513e+04 1.004851478596182401e+00
6.075565492676799477e+04 9.828943214623626634e-01
6.075565518682868424e+04 9.879459582685283792e-01
6.075565544688938098e+04 9.959276634570795039e-01
6.075565570695007773e+04 9.812277789517221960e-01
6.075565596701077448e+04 9.785657756116568073e-01
6.075565622707147122e+04 9.659805736174388313e-01
6.075565648713216069e+04 1.003001162774254773e+00
6.075565674719285744e+04 1.000082761785063390e+00
6.075565700725356146e+04 9.993304406673811924e-01
6.075565726731425821e+04 9.838551252769253130e-01
6.075565752737495495e+04 1.014624309257986967e+00
6.075565778743564442e+04 9.609076827366540563e-01
6.075565804749634117e+04 9.996996646677507314e-01
6.075565830755703792e+04 9.911298138470971963e-01
6.075565856761772739e+04 9.923984974766747458e-01
6.075565882767842413e+04 1.021215098087084661e+00
6.075565908773912088e+04 9.673695871027576665e-01
6.075565934779981762e+04 9.861892727489731669e-01
6.075565960786051437e+04 9.911799534692466995e-01
6.075565986792121112e+04 9.799826785182993438e-01
6.075566012798190786e+04 1.009893646494117059e+00
6.075566038804260461e+04 9.705833431287758106e-01
6.075566064810330136e+04 9.752359182743681743e-01
6.075566090816399810e+04 9.780988543637247901e-01
6.075566116822468757e+04 1.013478593214248713e+00
6.075566142828538432e+04 9.933331085618090084e-01
6.075566168834608106e+04 1.006766409518033312e+00
6.075566194840677781e+04 9.965141635732156500e-01
6.075566220846748183e+04 9.937494651821665581e-01
6.075566246852817130e+04 1.007714902727218531e+00
6.075566272858886805e+04 1.003419080098195026e+00
6.075566298864956480e+04 9.882824763236709442e-01
6.075566324871025427e+04 9.836697445361686221e-01
6.075566350877095101e+04 9.661471619218198192e-01
6.075566376883164776e+04 1.026529420209072452e+00
6.075566402889234450e+04 9.844171045848076895e-01
6.075566428895304125e+04 1.000944154920232254e+00
6.075566454901373800e+04 1.019583285482397184e+00
6.075566480907443474e+04 9.789289529005267276e-01
6.075566506913513149e+04 9.865917610310177555e-01
6.075566532919582824e+04 9.713814854090561113e-01
6.075566558925652498e+04 1.001450667693849272e+00
6.075566584931721445e+04 1.027305068071278304e+00
6.075566610937791120e+04 1.013222651068580227e+00
6.075566636943860794e+04 9.898633107187234659e-01
6.075566662949930469e+04 1.019156987176161433e+00
6.075566688956000144e+04 1.000072458066141978e+00
6.075566714962069818e+04 1.022864823643840015e+00
6.075566740968139493e+04 9.882685586757217200e-01
6.075566766974209168e+04 9.730428338957057832e-01
6.075566792980278115e+04 1.031857829469520871e+00
6.075566818986347789e+04 1.008566784996278498e+00
6.075566844992417464e+04 9.849438631518883103e-01
6.075566870998487866e+04 9.692247626657891635e-01
6.075566897004557541e+04 1.011581105965140726e+00
6.075566923010626488e+04 1.010715693345134447e+00
6.075566949016696162e+04 9.821030944110121785e-01
6.075566975022765837e+04 1.034763712353257148e+00
6.075567001028834784e+04 1.010643623193956175e+00
6.075567027034905186e+04 9.978980378744555235e-01
6.075567053040974133e+04 1.012478947931878093e+00
6.075567079047044535e+04 1.000222093765426257e+00
6.075567105053114210e+04 9.781514697569031469e-01
6.075567131059183157e+04 1.015603103539483021e+00
6.075567157065252832e+04 9.947438900419027785e-01
6.075567183071322506e+04 9.636719317406812202e-01
6.075567209077392181e+04 1.010901072343672435e+00
6.075567235083461856e+04 1.006315324786015708e+00
6.075567261089531530e+04 1.014612085275257147e+00
6.075567287095601205e+04 1.009357496274348343e+00
6.075567313101670879e+04 9.854245438627307063e-01
6.075567339107740554e+04 9.844419068964688213e-01
6.075567365113810229e+04 1.009203847884976524e+00
6.075567391119879176e+04 1.008508021651252529e+00
6.075567417125948850e+04 1.002396178150864792e+00
6.075567443132019253e+04 1.024796811995932533e+00
6.075567469138088200e+04 9.996069719216098548e-01
6.075567495144157874e+04 9.934773111016229619e-01
6.075567521150227549e+04 1.025388218631066772e+00
6.075567547156297223e+04 9.846509164495823585e-01
6.075567573162366898e+04 1.000510062490527874e+00
6.075567599168436573e+04 1.001587785543699871e+00
6.075567625174506247e+04 1.034413643041154574e+00
6.075567651180575922e+04 9.482372362402642363e-01
6.075567677186645597e+04 1.022324531320597529e+00
6.075567703192715271e+04 9.916532982152379549e-01
6.075567729198784218e+04 1.002019578163057201e+00
6.075567755204853893e+04 9.996269576651308775e-01
6.075567781210924295e+04 1.000277923230376009e+00
6.075567807216993242e+04 9.768041486686049879e-01
6.075567833223062917e+04 1.013742076444884566e+00
6.075567859229132591e+04 1.028170488711431352e+00
6.075567885235202266e+04 1.036053943188462778e+00
6.075567911241271941e+04 9.969890955234426144e-01
6.075567937247341615e+04 9.861162304462367523e-01
6.075567963253411290e+04 1.010264328090008101e+00
6.075567989259480964e+04 9.845759182461114589e-01
6.075568015265550639e+04 1.000450712177207491e+00
6.075568041271620314e+04 9.969768578314701646e-01
6.075568067277689261e+04 9.690923022941254628e-01
6.075568093283759663e+04 9.782095833151971398e-01
6.075568119289829338e+04 1.008657527565142598e+00
6.075568145295898285e+04 9.988585719812096420e-01
6.075568171301968687e+04 1.016585464918254189e+00
6.075568197308037634e+04 1.012758479284863844e+00
6.075568223314107308e+04 9.843029486748602341e-01
6.075568249320177711e+04 1.001012325302779171e+00
6.075568275326246658e+04 9.850910303221588338e-01
6.075568301332316332e+04 1.002333157708675149e+00
6.075568327338386007e+04 1.008083592955908214e+00
6.075568483179301256e+04 1.014638859505238910e+00
6.075568509184680443e+04 9.789243006182376527e-01
6.075568535190059629e+04 9.697944921768005822e-01
6.075568561195438815e+04 1.008012031739422332e+00
6.075568587200818729e+04 9.852429682845434966e-01
6.075568613206199370e+04 9.779559665294388360e-01
6.075568639211578557e+04 1.014036630144712792e+00
6.075568665216957743e+04 1.007465027380412215e+00
6.075568691222336929e+04 9.881894165634996785e-01
6.075568717227716115e+04 9.997232007414356136e-01
6.075568743233096029e+04 1.010323019066435624e+00
6.075568769238475215e+04 1.027676082442049665e+00
6.075568795243854402e+04 1.021485296715746838e+00
6.075568821249233588e+04 1.016159901211519223e+00
6.075568847254613502e+04 1.000383971575118602e+00
6.075568873259992688e+04 1.023201840310250743e+00
6.075568899265372602e+04 9.907884863473660486e-01
6.075568925270752516e+04 9.755589074366184388e-01
6.075568951276131702e+04 9.908191734931369732e-01
6.075568977281511616e+04 1.004937180066430846e+00
6.075569003286890802e+04 1.021596833153536998e+00
6.075569029292269988e+04 9.978078153022872376e-01
6.075569055297649174e+04 1.033310775513909707e+00
6.075569081303029088e+04 9.961587557766067302e-01
6.075569107308408275e+04 1.020026185753542647e+00
6.075569133313787461e+04 1.037955074357889806e+00
6.075569159319166647e+04 9.680235863388608752e-01
6.075569185324547288e+04 1.002315823876928746e+00
6.075569211329927202e+04 1.001954277451702957e+00
6.075569237335306389e+04 1.030491516066747160e+00
6.075569263340685575e+04 9.593208339352327085e-01
6.075569289346064761e+04 1.013939189819396569e+00
6.075569315351444675e+04 1.034173644304288375e+00
6.075569341356823861e+04 9.988268008745176951e-01
6.075569367362203047e+04 9.844770866695172762e-01
6.075569393367582234e+04 1.021218740623678345e+00
6.075569419372962147e+04 1.043058621568976330e+00
6.075569445378341334e+04 1.007400424335573197e+00
6.075569471383720520e+04 1.004786770823929531e+00
6.075569497389100434e+04 1.011191804138833916e+00
6.075569523394481075e+04 9.827216175691680933e-01
6.075569549399860261e+04 1.017136655494827124e+00
6.075569575405239448e+04 1.014847758713362857e+00
6.075569601410618634e+04 1.015864577352250331e+00
6.075569627415998548e+04 1.004208255748503920e+00
6.075569653421377734e+04 1.004309183269823880e+00
6.075569679426756920e+04 1.005239142018063969e+00
6.075569705432136107e+04 1.024689559121779281e+00
6.075569731437516020e+04 1.021914859973375833e+00
6.075569757442895207e+04 1.014905749202647200e+00
6.075569783448274393e+04 1.024997969567516432e+00
6.075569809453654307e+04 9.858874904682780604e-01
6.075569835459034948e+04 9.924058417807175569e-01
6.075569861464414134e+04 1.015727652663902747e+00
6.075569887469793321e+04 1.013648301168578181e+00
6.075569913475172507e+04 1.045390515053434610e+00
6.075569939480552421e+04 1.031347754664397876e+00
6.075569965485931607e+04 1.010685466559479107e+00
6.075569991491310793e+04 9.857344460598330693e-01
6.075570017496689979e+04 9.947584960600940329e-01
6.075570043502069893e+04 9.972905525287402151e-01
6.075570069507449080e+04 1.015404117032759235e+00
6.075570095512828993e+04 1.006829112417234606e+00
6.075570121518208907e+04 9.899214559291389381e-01
6.075570147523588821e+04 9.832783471213594195e-01
6.075570173528968007e+04 9.792902706621284814e-01
6.075570199534347194e+04 1.016552264373117298e+00
6.075570225539727107e+04 1.002567654522560803e+00
6.075570251545106294e+04 9.985067914915420895e-01
6.075570277550485480e+04 1.009621966926296688e+00
6.075570303555864666e+04 1.018643904999099181e+00
6.075570329561244580e+04 1.015915574869250326e+00
6.075570355566623766e+04 1.024932470172710941e+00
6.075570381572002952e+04 1.019329092840578710e+00
6.075570407577382866e+04 1.001777685324725997e+00
6.075570433582763508e+04 1.010622699356581666e+00
6.075570459588142694e+04 1.018444602360747409e+00
6.075570485593521880e+04 9.952952513818419389e-01
6.075570511598901066e+04 9.926616489008581734e-01
6.075570537604280980e+04 9.960321687797802914e-01
6.075570563609660167e+04 9.753738933995029781e-01
6.075570589615039353e+04 1.031400080240810535e+00
6.075570615620419267e+04 1.004504669539134198e+00
6.075570641625798453e+04 1.000725625020382648e+00
6.075570667631177639e+04 9.809142984057477310e-01
6.075570693636557553e+04 1.010861415406335340e+00
6.075570719641938194e+04 9.893541339074743979e-01
6.075570745647317381e+04 1.010161234984683576e+00
6.075570771652696567e+04 1.005249454065001435e+00
6.075570797658076481e+04 9.879729994914837610e-01
6.075570823663455667e+04 1.013098757842285647e+00
6.075570849668834853e+04 1.016132940459072653e+00
6.075570875674214039e+04 1.008534685002040021e+00
6.075570901679593953e+04 1.040572184658316468e+00
6.075570927684973140e+04 1.018316017944659313e+00
6.075570953690352326e+04 1.020438047185914465e+00
6.075570979695732240e+04 1.020119297189787444e+00
6.075571005701112153e+04 9.915745233521577884e-01
6.075571031706492067e+04 1.016141391788808468e+00
6.075571057711871254e+04 1.024590302605828729e+00
6.075571083717251167e+04 9.856117420194270284e-01
6.075571109722630354e+04 1.011565356239886970e+00
6.075571135728009540e+04 1.031410806359514876e+00
6.075571161733389454e+04 1.024996005761652285e+00
6.075571187738768640e+04 1.012086689321560318e+00
6.075571213744147826e+04 1.038455089265247322e+00
6.075571239749527740e+04 1.010139454234180834e+00
6.075571265754906926e+04 1.040698306042017407e+00
6.075571291760286840e+04 1.000699353748695675e+00
6.075571317765666754e+04 1.016683391942015513e+00
6.075571474868715450e+04 1.032956654401636420e+00
6.075571500874785124e+04 1.039449986691391326e+00
6.075571526880854799e+04 1.004655701754738617e+00
6.075571552886924474e+04 1.003696242741233036e+00
6.075571578892994148e+04 1.000252974982308363e+00
6.075571604899063823e+04 1.006988151116469776e+00
6.075571630905133497e+04 1.024800165292091503e+00
6.075571656911203172e+04 1.000681126028002854e+00
6.075571682917273574e+04 1.018619924655897346e+00
6.075571708923342521e+04 1.028098480560760697e+00
6.075571734929412196e+04 9.931926290563664050e-01
6.075571760935482598e+04 1.037822905526417872e+00
6.075571786941552273e+04 1.005389162752198029e+00
6.075571812947621947e+04 1.005861542441540912e+00
6.075571838953690894e+04 1.016063017484846842e+00
6.075571864959761297e+04 1.035152604098592111e+00
6.075571890965830971e+04 1.013375522976398768e+00
6.075571916971899918e+04 1.000721123666065138e+00
6.075571942977970320e+04 1.022165148043634453e+00
6.075571968984039995e+04 1.002832061734359348e+00
6.075571994990109670e+04 1.013818509971506687e+00
6.075572020996180072e+04 1.029706466280514876e+00
6.075572047002249019e+04 1.007227419971438831e+00
6.075572073008318694e+04 9.993503686308520262e-01
6.075572099014388368e+04 1.002899724858873576e+00
6.075572125020458770e+04 1.017063179589328570e+00
6.075572151026528445e+04 1.007915636241291768e+00
6.075572177032597392e+04 1.010482459594799876e+00
6.075572203038667794e+04 1.028398114030478760e+00
6.075572229044737469e+04 1.033009672494068276e+00
6.075572255050806416e+04 1.056357968778822265e+00
6.075572281056877546e+04 1.013348478789007245e+00
6.075572307062946493e+04 1.030297492180973107e+00
6.075572333069016167e+04 1.026324924054857313e+00
6.075572359075086570e+04 9.860054354780803942e-01
6.075572385081155517e+04 1.020178729645905724e+00
6.075572411087225191e+04 9.991789228524905475e-01
6.075572437093294866e+04 9.899917023546771500e-01
6.075572463099365268e+04 1.014856697619186399e+00
6.075572489105434943e+04 1.015968533329532519e+00
6.075572515111503890e+04 9.901417703572275020e-01
6.075572541117574292e+04 1.033384220042568469e+00
6.075572567123643967e+04 1.013559344775033955e+00
6.075572593129713641e+04 1.029556314316583565e+00
6.075572619135784043e+04 1.021074774581022471e+00
6.075572645141852990e+04 1.044456700118726378e+00
6.075572671147922665e+04 1.020598057479604748e+00
6.075572697153993067e+04 1.034653169969462105e+00
6.075572723160062014e+04 1.027985526323229148e+00
6.075572749166131689e+04 1.034054995905244523e+00
6.075572775172202091e+04 1.007684886799436796e+00
6.075572801178271766e+04 1.027568508939846303e+00
6.075572827184341440e+04 1.031177950977365532e+00
6.075572853190411115e+04 1.030372943364282534e+00
6.075572879196480790e+04 1.015648214342697697e+00
6.075572905202550464e+04 1.007740920062913936e+00
6.075572931208620867e+04 1.018766261477177748e+00
6.075572957214690541e+04 1.023590550865530080e+00
6.075572983220759488e+04 1.031007140964700586e+00
6.075573009226829890e+04 1.022329470024425424e+00
6.075573035232899565e+04 1.037845674134547203e+00
6.075573061238968512e+04 9.972073094033137020e-01
6.075573087245038914e+04 1.016311482358210005e+00
6.075573113251108589e+04 1.058049101927073687e+00
6.075573139257178264e+04 1.013102725190711872e+00
6.075573165263248666e+04 1.022051214441697109e+00
6.075573191269317613e+04 9.949279503974722827e-01
6.075573217275387287e+04 1.058039483124059599e+00
6.075573243281457690e+04 1.024423992297782471e+00
6.075573269287527364e+04 1.008016977376965162e+00
6.075573295293597039e+04 9.899731100817810159e-01
6.075573321299666713e+04 1.012662144846525836e+00
6.075573347305736388e+04 1.034764976562271066e+00
6.075573373311806063e+04 1.022198489490427242e+00
6.075573399317875737e+04 1.022279941411244009e+00
6.075573425323946140e+04 1.014993671369726069e+00
6.075573451330015087e+04 1.076269776391019395e+00
6.075573477336085489e+04 9.945440146267086057e-01
6.075573503342155163e+04 1.013699447259352127e+00
6.075573529348224110e+04 1.034185811136041133e+00
6.075573555354294513e+04 1.039401248516442999e+00
6.075573581360364187e+04 1.005207059623610233e+00
6.075573607366434589e+04 1.053514634511560244e+00
6.075573633372504264e+04 1.000165128931031377e+00
6.075573659378573211e+04 1.012357278734752564e+00
6.075573685384643613e+04 1.043827722810514169e+00
6.075573711390713288e+04 1.044726259759195974e+00
6.075573737396782963e+04 1.018197033816711450e+00
6.075573763402853365e+04 1.016381891953385352e+00
6.075573789408922312e+04 1.027783109239059245e+00
6.075573815414991986e+04 1.020956807837400060e+00
6.075573841421062389e+04 1.023757229387294077e+00
6.075573867427131336e+04 1.059972294949733662e+00
6.075573893433201010e+04 1.055178749416706641e+00
6.075573919439271413e+04 1.028242270515859147e+00
6.075573945445341087e+04 1.000243089526519746e+00
6.075573971451411489e+04 9.942053593139920098e-01
6.075573997457480436e+04 1.036948120664311856e+00
6.075574023463550111e+04 1.049415709646607686e+00
6.075574049469620513e+04 9.965645595696711601e-01
6.075574075475690188e+04 1.007208631993242953e+00
6.075574101481759863e+04 1.045835171076581416e+00
6.075574127487829537e+04 9.964787513112457473e-01
6.075574153493899212e+04 1.001680446816767045e+00
6.075574179499969614e+04 1.037572002297986851e+00
6.075574205506038561e+04 1.023710757301809382e+00
6.075574231512108236e+04 1.028788674804038461e+00
6.075574257518178638e+04 1.044663352603051765e+00
6.075574283524248312e+04 1.018415531925491058e+00
6.075574309530317987e+04 1.036457298782023084e+00
6.075574483016229351e+04 1.002492728622406570e+00
6.075574509021608537e+04 1.012336235518860539e+00
6.075574535026989179e+04 1.044568291781845737e+00
6.075574561032369093e+04 1.020755550292531844e+00
6.075574587037748279e+04 1.023760789825743478e+00
6.075574613043128193e+04 1.006103498620593228e+00
6.075574639048507379e+04 1.028833350313285599e+00
6.075574665053887293e+04 1.049480065408192386e+00
6.075574691059266479e+04 1.007633966050330621e+00
6.075574717064645665e+04 1.021304716825703451e+00
6.075574743070025579e+04 9.754080868033889740e-01
6.075574769075404765e+04 1.020919023499236022e+00
6.075574795080784679e+04 1.010554436853914995e+00
6.075574821086163865e+04 9.870140334553213490e-01
6.075574847091544507e+04 1.025861979519106626e+00
6.075574873096924421e+04 9.768378182589849690e-01
6.075574899102303607e+04 1.024907395129272647e+00
6.075574925107683521e+04 1.029354047153676399e+00
6.075574951113062707e+04 1.010034369279290578e+00
6.075574977118442621e+04 1.017446916072355823e+00
6.075575003123821807e+04 9.983705622520234746e-01
6.075575029129201721e+04 1.030696636596301285e+00
6.075575055134580907e+04 1.010893405068178819e+00
6.075575081139960093e+04 1.024162461901579002e+00
6.075575107145340007e+04 1.041445836419505833e+00
6.075575133150719921e+04 1.025352195112096743e+00
6.075575159156100563e+04 1.024854485992242381e+00
6.075575185161479749e+04 1.024882342528585788e+00
6.075575211166859663e+04 1.018813923981941372e+00
6.075575237172238849e+04 1.040025794881564991e+00
6.075575263177618035e+04 1.036548872748475958e+00
6.075575289182997949e+04 1.008887547358440218e+00
6.075575315188377135e+04 1.044457178962252764e+00
6.075575341193757049e+04 1.029055072593165088e+00
6.075575367199136235e+04 1.015303266976650409e+00
6.075575393204516149e+04 1.034083683850543833e+00
6.075575419209895335e+04 9.908000524629682060e-01
6.075575445215275249e+04 1.010529828780342365e+00
6.075575471220655891e+04 9.933538513833692907e-01
6.075575497226035077e+04 1.038772022346994062e+00
6.075575523231414991e+04 1.007082114443479393e+00
6.075575549236794177e+04 9.887321710705985200e-01
6.075575575242174091e+04 1.017279063289303176e+00
6.075575601247553277e+04 1.011671685980777946e+00
6.075575627252933191e+04 1.011636726459844482e+00
6.075575653258312377e+04 1.022689813716717300e+00
6.075575679263691563e+04 1.016977053299913392e+00
6.075575705269071477e+04 1.036023153373152539e+00
6.075575731274451391e+04 1.005428739042316000e+00
6.075575757279832033e+04 1.012827010715829257e+00
6.075575783285211219e+04 1.017179926403585677e+00
6.075575809290591133e+04 1.017241937470548363e+00
6.075575835295970319e+04 1.025244305444556137e+00
6.075575861301350233e+04 1.009751712686403291e+00
6.075575887306729419e+04 1.021337775815534643e+00
6.075575913312109333e+04 1.040852732295955319e+00
6.075575939317488519e+04 1.020840751437716243e+00
6.075575965322867705e+04 9.914267456835859083e-01
6.075575991328247619e+04 1.044417634870712597e+00
6.075576017333626805e+04 1.042210875733120989e+00
6.075576043339007447e+04 1.023827005449226890e+00
6.075576069344387361e+04 1.038102290691240714e+00
6.075576095349767274e+04 9.911631416157511421e-01
6.075576121355146461e+04 1.030955736728024874e+00
6.075576147360526375e+04 1.008047642280955225e+00
6.075576173365905561e+04 1.038454419053624678e+00
6.075576199371285475e+04 9.970094087325037657e-01
6.075576225376664661e+04 1.006537446976015548e+00
6.075576251382044575e+04 1.035570321497821578e+00
6.075576277387423761e+04 1.009244492758943235e+00
6.075576303392802947e+04 1.007805236712828068e+00
6.075576329398183589e+04 1.028745345578453874e+00
6.075576355403563502e+04 1.011093959496728978e+00
6.075576381408943416e+04 9.872812493156181146e-01
6.075576407414322603e+04 1.030450155546001501e+00
6.075576433419702516e+04 1.016268390641202890e+00
6.075576459425081703e+04 1.031279211490249370e+00
6.075576485430461616e+04 1.011029449514550427e+00
6.075576511435840803e+04 9.892358898988102833e-01
6.075576537441220717e+04 1.016912553846222922e+00
6.075576563446599903e+04 1.033318364738936790e+00
6.075576589451979817e+04 1.026062390126766921e+00
6.075576615457359003e+04 1.030813417045587155e+00
6.075576641462739644e+04 1.011181921971636921e+00
6.075576667468119558e+04 9.978286290105945477e-01
6.075576693473499472e+04 1.004357359950792228e+00
6.075576719478878658e+04 1.005667380515918863e+00
6.075576745484258572e+04 1.030159294198308650e+00
6.075576771489637758e+04 1.021137618891529764e+00
6.075576797495017672e+04 1.029839186249396077e+00
6.075576823500396858e+04 9.954258489870809745e-01
6.075576849505776045e+04 1.025387658169981897e+00
6.075576875511155959e+04 1.016856739174620605e+00
6.075576901516535145e+04 1.008536086596345971e+00
6.075576927521915786e+04 1.048525007081699822e+00
6.075576953527295700e+04 1.005981686016052645e+00
6.075576979532675614e+04 9.975479729232654691e-01
6.075577005538054800e+04 1.013463404665607248e+00
6.075577031543434714e+04 1.016651772809910925e+00
6.075577057548813900e+04 9.969904684205809220e-01
6.075577083554193814e+04 1.013751882324443576e+00
6.075577109559573000e+04 1.030453132066888378e+00
6.075577135564952914e+04 1.006753788272869432e+00
6.075577161570332100e+04 1.024330256710896503e+00
6.075577187575712014e+04 1.000871197806238122e+00
6.075577213581091200e+04 1.024037619298667767e+00
6.075577239586471842e+04 1.058781422940690220e+00
6.075577265591851756e+04 1.025012756932694113e+00
6.075577291597231670e+04 1.011426695942408749e+00
6.075577317602610856e+04 1.004418026149369370e+00
