6.075585120116569306e+04 9.840257096831950268e-01
6.075585146121949219e+04 9.684217943595139211e-01
6.075585172127328406e+04 9.905549849479279301e-01
6.075585198132708319e+04 1.004018178794827243e+00
6.075585224138088233e+04 9.936224156487055703e-01
6.075585250143468147e+04 9.727600183259891287e-01
6.075585276148847333e+04 9.584378637410794211e-01
6.075585302154227247e+04 1.053142695141338958e+00
6.075585328159607161e+04 9.622674110787170498e-01
6.075585354164987803e+04 1.020312877556552422e+00
6.075585380170368444e+04 9.936137494341967802e-01
6.075585406175747630e+04 1.008230150310712947e+00
6.075585432181127544e+04 9.906066338595710397e-01
6.075585458186507458e+04 1.011858497136086221e+00
6.075585484191887372e+04 1.002810747186701157e+00
6.075585510197266558e+04 1.036350514196986650e+00
6.075585536202646472e+04 1.008194815581465731e+00
6.075585562208026386e+04 9.747786755569399775e-01
6.075585588213406299e+04 1.018020969174088242e+00
6.075585614218786213e+04 1.000510111995237539e+00
6.075585640224165400e+04 9.931060051617076612e-01
6.075585666229546041e+04 1.002390882064037259e+00
6.075585692234926682e+04 1.016066155262572712e+00
6.075585718240306596e+04 9.794414961694216659e-01
6.075585744245685783e+04 9.828421103239395329e-01
6.075585770251065696e+04 1.030593875909916468e+00
6.075585796256445610e+04 1.019706793674181933e+00
6.075585822261825524e+04 1.014051751246831001e+00
6.075585848267205438e+04 9.921232315553375480e-01
6.075585874272584624e+04 9.971662116315215263e-01
6.075585900277964538e+04 9.671645959004400162e-01
6.075585926283344452e+04 9.684856812301447793e-01
6.075585952288725093e+04 9.458318660225211172e-01
6.075585978294105735e+04 1.000890478323066324e+00
6.075586004299484921e+04 9.917733372544139669e-01
6.075586030304864835e+04 1.020689742052117488e+00
6.075586056310244749e+04 9.838919701574480037e-01
6.075586082315624662e+04 9.926471971061938682e-01
6.075586108321004576e+04 9.399339512830597876e-01
6.075586134326383763e+04 1.039454538929692529e+00
6.075586160331763676e+04 1.002452567207921197e+00
6.075586186337143590e+04 9.901198894011710161e-01
6.075586212342523504e+04 9.844819869141007151e-01
6.075586238347903418e+04 9.800704239987912958e-01
6.075586264353283332e+04 9.716982664788023083e-01
6.075586290358663973e+04 9.684285666249951019e-01
6.075586316364043887e+04 1.007999558495347836e+00
6.075586342369423801e+04 9.782084297482412927e-01
6.075586368374803715e+04 9.977728623627331039e-01
6.075586394380182901e+04 9.668855895104312426e-01
6.075586420385562815e+04 9.692053941074141310e-01
6.075586446390942729e+04 9.706954310593484125e-01
6.075586472396322642e+04 9.664066570095853903e-01
6.075586498401702556e+04 9.669539191639746623e-01
6.075586524407081743e+04 1.005536801605005914e+00
6.075586550412462384e+04 9.563785707918781576e-01
6.075586576417843025e+04 1.012568989886103221e+00
6.075586602423222939e+04 1.013172696295973507e+00
6.075586628428602853e+04 9.968424736551616538e-01
6.075586654433982039e+04 9.972336048202563585e-01
6.075586680439361953e+04 1.013938799764996013e+00
6.075586706444741867e+04 9.443073252035526499e-01
6.075586732450121781e+04 9.837626077792058776e-01
6.075586758455501695e+04 9.827367842743999216e-01
6.075586784460881609e+04 9.947184374485692482e-01
6.075586810466260795e+04 9.691490323751220659e-01
6.075586836471640709e+04 1.009686426177874186e+00
6.075586862477021350e+04 9.808933390216372228e-01
6.075586888482401991e+04 9.988434068146763156e-01
6.075586914487781905e+04 9.785127481329487509e-01
6.075586940493161092e+04 9.811134142155729654e-01
6.075586966498541005e+04 9.732681344159238579e-01
6.075586992503920919e+04 9.983274552973597782e-01
6.075587018509300833e+04 9.822075779491233893e-01
6.075587044514680747e+04 9.851530342750579594e-01
6.075587070520060661e+04 9.895636849415158087e-01
6.075587096525439847e+04 9.954320929930360329e-01
6.075587122530819761e+04 1.018077816396611102e+00
6.075587148536199675e+04 1.000151054595576960e+00
6.075587174541581044e+04 9.640967764982547594e-01
6.075587200546960958e+04 9.847294113412554672e-01
6.075587226552340871e+04 9.870254304522453337e-01
6.075587252557720058e+04 9.768215468312821947e-01
6.075587278563099972e+04 9.945261660679117766e-01
6.075587304568479885e+04 1.019367104782239686e+00
6.075587330573859799e+04 9.933290837228013759e-01
6.075587356579239713e+04 9.659676795061880039e-01
6.075587382584619627e+04 1.000404962136793197e+00
6.075587408589998813e+04 9.698907310181327235e-01
6.075587434595378727e+04 9.618530034210832635e-01
6.075587460600759368e+04 1.000641882916479153e+00
6.075587486606140010e+04 9.538090001268114682e-01
6.075587512611519924e+04 9.763531294611976774e-01
6.075587538616899838e+04 1.015764259807744541e+00
6.075587564622279751e+04 9.814734411924868063e-01
6.075587590627658938e+04 1.026951701580060883e+00
6.075587616633038851e+04 9.797916946681315409e-01
6.075587642638418765e+04 9.742871283112006786e-01
6.075587668643798679e+04 9.707849002730689625e-01
6.075587694649178593e+04 9.446040699541411456e-01
6.075587720654558507e+04 9.856366508085776523e-01
6.075587746659937693e+04 9.988969687247409857e-01
6.075587772665318334e+04 9.588971890093960226e-01
6.075587798670698976e+04 9.669455317201628430e-01
6.075587824676078890e+04 9.514508534657566408e-01
6.075587850681458804e+04 1.017145612864312820e+00
6.075587876686838717e+04 9.775242561146483267e-01
6.075587902692218631e+04 9.802604679704476354e-01
6.075587928697597818e+04 1.006325192142408120e+00
6.075587954702977731e+04 9.665336169478008221e-01
6.075588115586427011e+04 9.728259940378861659e-01
6.075588141592496686e+04 9.669666877394230697e-01
6.075588167598567088e+04 1.011629100784844359e+00
6.075588193604636763e+04 9.684741259168463401e-01
6.075588219610707165e+04 9.983506717754817572e-01
6.075588245616777567e+04 1.013500060247832790e+00
6.075588271622847242e+04 9.913716906520877448e-01
6.075588297628917644e+04 9.337856932671628751e-01
6.075588323634988046e+04 9.547154606607067828e-01
6.075588349641056993e+04 9.621583282517677249e-01
6.075588375647127395e+04 9.742055755768183056e-01
6.075588401653197798e+04 9.521587703695433280e-01
6.075588427659268200e+04 9.793502799497572076e-01
6.075588453665338602e+04 1.005656668491723194e+00
6.075588479671408277e+04 9.598143593161966303e-01
6.075588505677478679e+04 9.844953246539327463e-01
6.075588531683548354e+04 9.732566287875458189e-01
6.075588557689618756e+04 9.696978752715113004e-01
6.075588583695689158e+04 9.600132223979279678e-01
6.075588609701758833e+04 9.938130658176627108e-01
6.075588635707829235e+04 9.394831356972737080e-01
6.075588661713899637e+04 9.599024221298113613e-01
6.075588687719969312e+04 9.774577319891808447e-01
6.075588713726038986e+04 9.773669611853167405e-01
6.075588739732109389e+04 9.417473693735703977e-01
6.075588765738179791e+04 9.623659143022561535e-01
6.075588791744250193e+04 9.664354077514311081e-01
6.075588817750319868e+04 9.687910608233217813e-01
6.075588843756390270e+04 9.829447103898595328e-01
6.075588869762460672e+04 9.432455484278253754e-01
6.075588895768530347e+04 9.494629256169423437e-01
6.075588921774600749e+04 9.547880572681788358e-01
6.075588947780670424e+04 9.678776630144699800e-01
6.075588973786740826e+04 9.730283368328898064e-01
6.075588999792811228e+04 9.990758752078454652e-01
6.075589025798880903e+04 9.822502404232962281e-01
6.075589051804952032e+04 9.676795225319259064e-01
6.075589077811021707e+04 9.838684225937489591e-01
6.075589103817091382e+04 9.702259816520362179e-01
6.075589129823161784e+04 9.753960820099462081e-01
6.075589155829231458e+04 9.796509273929073780e-01
6.075589181835301861e+04 9.832829988156771561e-01
6.075589207841372263e+04 1.016262945339888590e+00
6.075589233847442665e+04 9.587516530952718830e-01
6.075589259853513067e+04 9.903806726752345524e-01
6.075589285859582742e+04 9.554740501667311481e-01
6.075589311865652417e+04 9.625793439214699321e-01
6.075589337871722819e+04 9.389015242517828597e-01
6.075589363877793221e+04 1.015953970417351027e+00
6.075589389883863623e+04 9.275820759887618561e-01
6.075589415889933298e+04 9.851326791875065769e-01
6.075589441896003700e+04 9.820818313478653083e-01
6.075589467902074102e+04 9.819094846973379642e-01
6.075589493908143777e+04 9.725014540914141969e-01
6.075589519914213452e+04 9.625798607745026381e-01
6.075589545920283854e+04 9.906762945045507474e-01
6.075589571926354256e+04 9.721113223774641154e-01
6.075589597932424658e+04 9.702294786456718834e-01
6.075589623938494333e+04 9.754495065702858403e-01
6.075589649944564735e+04 1.009253397465999624e+00
6.075589675950635137e+04 9.690238381446704130e-01
6.075589701956705539e+04 9.633326655149493378e-01
6.075589727962775942e+04 9.669429916797676050e-01
6.075589753968844889e+04 1.003711556996808918e+00
6.075589779974915291e+04 9.733154553229610428e-01
6.075589805980985693e+04 9.848203965222581679e-01
6.075589831987055368e+04 9.545446861945208195e-01
6.075589857993125770e+04 9.744717246623493256e-01
6.075589883999196172e+04 9.861853427436160224e-01
6.075589910005266574e+04 9.647830443418565771e-01
6.075589936011336977e+04 9.925370755599707273e-01
6.075589962017406651e+04 9.697574893214994107e-01
6.075589988023477054e+04 1.000559327810699228e+00
6.075590014029546728e+04 9.607213518643197281e-01
6.075590040035617130e+04 9.243518218935342645e-01
6.075590066041687533e+04 9.781707405901827190e-01
6.075590092047757207e+04 9.742002160868022953e-01
6.075590118053827609e+04 9.550828324319701190e-01
6.075590144059898012e+04 9.759278271314387743e-01
6.075590170065967686e+04 9.329867377772067538e-01
6.075590196072038816e+04 9.547385303128030909e-01
6.075590222078108491e+04 9.288942270694469094e-01
6.075590248084178893e+04 9.327345746151270989e-01
6.075590274090249295e+04 9.898050399081300688e-01
6.075590300096318242e+04 9.712845839045609608e-01
6.075590326102388644e+04 9.642935715646601125e-01
6.075590352108459047e+04 9.999406970722677368e-01
6.075590378114529449e+04 9.149990769691703774e-01
6.075590404120599851e+04 9.636981271163466145e-01
6.075590430126669526e+04 9.537112227785838892e-01
6.075590456132739928e+04 9.655337287175855820e-01
6.075590482138810330e+04 9.889917898347839742e-01
6.075590508144880732e+04 9.638261665656711052e-01
6.075590534150951135e+04 9.629148684393920021e-01
6.075590560157020809e+04 9.929778529634154527e-01
6.075590586163091211e+04 1.001664714592519267e+00
6.075590612169160886e+04 9.816796158805969341e-01
6.075590638175230561e+04 9.476580179061925291e-01
6.075590664181300963e+04 9.802507189585615288e-01
6.075590690187371365e+04 9.814348937670274164e-01
6.075590716193441767e+04 9.261420919408009933e-01
6.075590742199512169e+04 1.006433769525799660e+00
6.075590768205581844e+04 9.902488455767279873e-01
6.075590794211652246e+04 9.503127975602325694e-01
6.075590820217722649e+04 9.565900759042547108e-01
6.075590846223793051e+04 9.739766559914567745e-01
6.075590872229863453e+04 9.705930607048365300e-01
6.075590898235933128e+04 9.919508416049225286e-01
6.075590924242003530e+04 9.837907539494163967e-01
6.075590950248073932e+04 9.937550786696272009e-01
6.075591106051386305e+04 9.859565865989564637e-01
6.075591132057445793e+04 9.763661266896400681e-01
6.075591158063505281e+04 1.005842417396404898e+00
6.075591184069564770e+04 9.907093859976101591e-01
6.075591210075624258e+04 9.807288390576407444e-01
6.075591236081683746e+04 9.277612354722816201e-01
6.075591262087743235e+04 9.807944236792766057e-01
6.075591288093802723e+04 9.542054440937164372e-01
6.075591314099862211e+04 9.701679044055376844e-01
6.075591340105922427e+04 9.969336012495328969e-01
6.075591366111981915e+04 9.810841671355500226e-01
6.075591392118041404e+04 9.940455527671020475e-01
6.075591418124100892e+04 9.805067688660947800e-01
6.075591444130160380e+04 9.525798538305373375e-01
6.075591470136219868e+04 9.697852330996962200e-01
6.075591496142279357e+04 9.725113919721418698e-01
6.075591522148338845e+04 9.932542222808200538e-01
6.075591548154399061e+04 9.402105851351370003e-01
6.075591574160458549e+04 9.512534165636084005e-01
6.075591600166518037e+04 9.592395135390523464e-01
6.075591626172577526e+04 9.871407862973998748e-01
6.075591652178637742e+04 9.949122129134855275e-01
6.075591678184697230e+04 9.417841387820770072e-01
6.075591704190756718e+04 9.797763174853857393e-01
6.075591730196816206e+04 9.785998029473040871e-01
6.075591756202875695e+04 9.735832128080862402e-01
6.075591782208935183e+04 9.803847310873661236e-01
6.075591808214994671e+04 9.606595404392077597e-01
6.075591834221054160e+04 9.627722418067916621e-01
6.075591860227113648e+04 9.645879525702849566e-01
6.075591886233173136e+04 9.502336160881923455e-01
6.075591912239232624e+04 9.639057707213923853e-01
6.075591938245292840e+04 9.812492357765552065e-01
6.075591964251352329e+04 9.825269035187155220e-01
6.075591990257411817e+04 9.657407014939953793e-01
6.075592016263471305e+04 9.824162054624975271e-01
6.075592042269530793e+04 9.645969736222403945e-01
6.075592068275590282e+04 9.826223588162965594e-01
6.075592094281649770e+04 9.653938498169926108e-01
6.075592120287709986e+04 9.920009549644753788e-01
6.075592146293769474e+04 9.683610339607705564e-01
6.075592172299828962e+04 1.002503252882525064e+00
6.075592198305888451e+04 9.585630275895092867e-01
6.075592224311948667e+04 9.904235336951373592e-01
6.075592250318008155e+04 9.547680435623301376e-01
6.075592276324067643e+04 9.912715021424490791e-01
6.075592302330127131e+04 9.732609210501450558e-01
6.075592328336186620e+04 1.006959237904009319e+00
6.075592354342246108e+04 1.010785244669077487e+00
6.075592380348305596e+04 9.340655687465255763e-01
6.075592406354365812e+04 9.767728362202910963e-01
6.075592432360425300e+04 9.880096877317732229e-01
6.075592458366484789e+04 9.991285394050689606e-01
6.075592484372544277e+04 9.779520153658566306e-01
6.075592510378604493e+04 9.814108678647961437e-01
6.075592536384663981e+04 9.770154513672737462e-01
6.075592562390723469e+04 9.720198648116380458e-01
6.075592588396782958e+04 9.753521519635039994e-01
6.075592614402842446e+04 9.923232548339231407e-01
6.075592640408901934e+04 9.440396424170138800e-01
6.075592666414961423e+04 9.752923707144460774e-01
6.075592692421020911e+04 9.579249208109360536e-01
6.075592718427081127e+04 9.518848712310877813e-01
6.075592744433140615e+04 9.509658010344272938e-01
6.075592770439200103e+04 9.610645313426682268e-01
6.075592796445260319e+04 9.922279153185259437e-01
6.075592822451319807e+04 9.526477096475310935e-01
6.075592848457379296e+04 9.514240505946781612e-01
6.075592874463438784e+04 9.924251132382898577e-01
6.075592900469498272e+04 9.646131341835703088e-01
6.075592926475557761e+04 1.010210314383763741e+00
6.075592952481617249e+04 9.684200130526250394e-01
6.075592978487676737e+04 1.000111204000164067e+00
6.075593004493736953e+04 9.787059744590769217e-01
6.075593030499796441e+04 9.436099121502888876e-01
6.075593056505855930e+04 1.003361015269391032e+00
6.075593082511916145e+04 9.991346826983596996e-01
6.075593108517975634e+04 1.002244601835377225e+00
6.075593134524035122e+04 9.781869154103276509e-01
6.075593160530094610e+04 9.987759263950719557e-01
6.075593186536154099e+04 9.742614668842874970e-01
6.075593212542213587e+04 9.613136751894217902e-01
6.075593238548273075e+04 9.791329007342802759e-01
6.075593264554332563e+04 9.790768800682019268e-01
6.075593290560392779e+04 9.472238394249857807e-01
6.075593316566452268e+04 9.132508809296653318e-01
6.075593342572511756e+04 9.866871823915202011e-01
6.075593368578571244e+04 9.671279277726319012e-01
6.075593394584631460e+04 9.804388233717732382e-01
6.075593420590690948e+04 9.823543403937223806e-01
6.075593446596750437e+04 9.633785381154087446e-01
6.075593472602809925e+04 9.801814246778774997e-01
6.075593498608869413e+04 9.675812744910966545e-01
6.075593524614928901e+04 9.529917500012455855e-01
6.075593550620988390e+04 9.846228847401763407e-01
6.075593576627048606e+04 9.612676452834746366e-01
6.075593602633108094e+04 9.807800881846757690e-01
6.075593628639167582e+04 1.009448989572796496e+00
6.075593654645227070e+04 9.561030780291964737e-01
6.075593680651287286e+04 9.794190063018977099e-01
6.075593706657346775e+04 9.706386126910369061e-01
6.075593732663406263e+04 9.860331566908311363e-01
6.075593758669465751e+04 9.714816888710358089e-01
6.075593784675525239e+04 9.689800173833792440e-01
6.075593810681584728e+04 9.915126817955081107e-01
6.075593836687644216e+04 9.869222610300756315e-01
6.075593862693704432e+04 9.988082558240479747e-01
6.075593888699763920e+04 9.586313405454440773e-01
6.075593914705823408e+04 1.001797900328638802e+00
6.075593940711883624e+04 9.861892392728919265e-01
6.075594106598430517e+04 9.809932008482806776e-01
6.075594132604500919e+04 9.936822496232049495e-01
6.075594158610571321e+04 9.771541228347776498e-01
6.075594184616640996e+04 9.794435209639987816e-01
6.075594210622711398e+04 9.777146398417425610e-01
6.075594236628781800e+04 9.894955801807493456e-01
6.075594262634852203e+04 9.892008951274335882e-01
6.075594288640922605e+04 9.636906466143004835e-01
6.075594314646992279e+04 9.881572994599143733e-01
6.075594340653063409e+04 9.501031256906377065e-01
6.075594366659133811e+04 9.738956968269846248e-01
6.075594392665203486e+04 1.048128277414932308e+00
6.075594418671273888e+04 9.927528742061363376e-01
6.075594444677344291e+04 9.741462047582520878e-01
6.075594470683414693e+04 9.860501832617956097e-01
6.075594496689485095e+04 9.664708278699278843e-01
6.075594522695554770e+04 9.734144890193592303e-01
6.075594548701625172e+04 9.756925517424651639e-01
6.075594574707695574e+04 9.390777208114274854e-01
6.075594600713765976e+04 9.991882330722021699e-01
6.075594626719836378e+04 9.898397379833698828e-01
6.075594652725906053e+04 1.013792164157968578e+00
6.075594678731976455e+04 9.671791361686954414e-01
6.075594704738046858e+04 9.970587742758675320e-01
6.075594730744116532e+04 9.968826971393544012e-01
6.075594756750187662e+04 9.848316404653084666e-01
6.075594782756257337e+04 9.851782118761648332e-01
6.075594808762328466e+04 9.903955543764108027e-01
6.075594834768398869e+04 9.995401895819863158e-01
6.075594860774468543e+04 1.010174747122910555e+00
6.075594886780538945e+04 1.013008816913842258e+00
6.075594912786609348e+04 9.709723178268306887e-01
6.075594938792679750e+04 1.000666913460205310e+00
6.075594964798750152e+04 9.865721974355495805e-01
6.075594990804819827e+04 9.527184303367429719e-01
6.075595016810890229e+04 1.008428857577319260e+00
6.075595042816960631e+04 1.007582012917227043e+00
6.075595068823031033e+04 1.024920407251458165e+00
6.075595094829101436e+04 9.784983094770087764e-01
6.075595120835171110e+04 9.725534458302160790e-01
6.075595146841241512e+04 1.003199652589597202e+00
6.075595172847312642e+04 9.729468119397425285e-01
6.075595198853382317e+04 1.005927698454975205e+00
6.075595224859452719e+04 9.887801346406617231e-01
6.075595250865523121e+04 9.522427109046344151e-01
6.075595276871593524e+04 9.482938444266046929e-01
6.075595302877663926e+04 9.992570305632931804e-01
6.075595328883733600e+04 1.028474297019424277e+00
6.075595354889804003e+04 1.002088178736581847e+00
6.075595380895874405e+04 9.903015489032499508e-01
6.075595406901944807e+04 1.013792947810504330e+00
6.075595432908015209e+04 1.032665132254890539e+00
6.075595458914084884e+04 9.995442991171007430e-01
6.075595484920156014e+04 9.486859936812810368e-01
6.075595510926226416e+04 9.642212751051675301e-01
6.075595536932296091e+04 1.003972807798910516e+00
6.075595562938366493e+04 9.759878524430329882e-01
6.075595588944436895e+04 1.035902983830264912e+00
6.075595614950507297e+04 9.841308574715874613e-01
6.075595640956577699e+04 9.757551841125727821e-01
6.075595666962647374e+04 9.764392891835406152e-01
6.075595692968717776e+04 9.982616648490683087e-01
6.075595718974788178e+04 9.969329353045321973e-01
6.075595744980858581e+04 1.015749311227313711e+00
6.075595770986929710e+04 9.992699555434014780e-01
6.075595796992999385e+04 9.760048028115320129e-01
6.075595822999069787e+04 1.027878711630187958e+00
6.075595849005140190e+04 9.972259313757355637e-01
6.075595875011209864e+04 9.895157435953725322e-01
6.075595901017280994e+04 1.018592808395234472e+00
6.075595927023350669e+04 9.905025069173480912e-01
6.075595953029421071e+04 9.768119736404103914e-01
6.075595979035491473e+04 9.809365383033653574e-01
6.075596005041561148e+04 9.754481730522880367e-01
6.075596031047632277e+04 1.008639887334604301e+00
6.075596057053702680e+04 1.002548555723609569e+00
6.075596083059773082e+04 9.921151012559161764e-01
6.075596109065843484e+04 9.983209293334814882e-01
6.075596135071913159e+04 1.013179443941028435e+00
6.075596161077983561e+04 9.681642257101045201e-01
6.075596187084053963e+04 9.664126863172326498e-01
6.075596213090124365e+04 1.002980039842786830e+00
6.075596239096194768e+04 9.861109306703180755e-01
6.075596265102265170e+04 9.781039788915307787e-01
6.075596291108335572e+04 9.858917920900529541e-01
6.075596317114405974e+04 1.005805556370596765e+00
6.075596343120475649e+04 9.953136057035805173e-01
6.075596369126546051e+04 1.011270549926869711e+00
6.075596395132616453e+04 9.869899347253522359e-01
6.075596421138686856e+04 9.540321250618803983e-01
6.075596447144757258e+04 9.973413018225100179e-01
6.075596473150827660e+04 9.755772100703952177e-01
6.075596499156898062e+04 1.044112527347308861e+00
6.075596525162968464e+04 9.796407401577295060e-01
6.075596551169038867e+04 1.014453859164036187e+00
6.075596577175109269e+04 9.981600695774540677e-01
6.075596603181178943e+04 9.646975908501911334e-01
6.075596629187249346e+04 9.816644084345860222e-01
6.075596655193319748e+04 9.891380058923392449e-01
6.075596681199390150e+04 9.914438705411728892e-01
6.075596707205460552e+04 1.020024133180506665e+00
6.075596733211530955e+04 9.823698527393736057e-01
6.075596759217601357e+04 9.942130730736643551e-01
6.075596785223671759e+04 1.019136143627158653e+00
6.075596811229741434e+04 1.012810628265917057e+00
6.075596837235811836e+04 1.019144936317609718e+00
6.075596863241882238e+04 9.996583989517161539e-01
6.075596889247953368e+04 9.725108789235201723e-01
6.075596915254023770e+04 1.010703810969786787e+00
6.075596941260093445e+04 9.599006167521018096e-01
6.075597102105359954e+04 1.015674110242886785e+00
6.075597128111420170e+04 1.006067074427012598e+00
6.075597154117479658e+04 9.610743905879792770e-01
6.075597180123539147e+04 9.968112143688312443e-01
6.075597206129598635e+04 1.006651026932394499e+00
6.075597232135658123e+04 9.932195470514892932e-01
6.075597258141718339e+04 9.899877557799638961e-01
6.075597284147777827e+04 1.014447164893478748e+00
6.075597310153837316e+04 9.845095758105875117e-01
6.075597336159897532e+04 9.989268978955808675e-01
6.075597362165957020e+04 1.001094449530689490e+00
6.075597388172016508e+04 1.016503418878985432e+00
6.075597414178077452e+04 9.925586614037149591e-01
6.075597440184136940e+04 9.662569638434516106e-01
6.075597466190196428e+04 1.003579464668540311e+00
6.075597492196255916e+04 9.718072420826953106e-01
6.075597518202315405e+04 9.974770959500169898e-01
6.075597544208374893e+04 9.947383460226604246e-01
6.075597570214434381e+04 1.003569033507989872e+00
6.075597596220494597e+04 9.549488399553963669e-01
6.075597622226554813e+04 9.834140365715433596e-01
6.075597648232614301e+04 1.001460049465425550e+00
6.075597674238673790e+04 1.008612545071271516e+00
6.075597700244734006e+04 9.639478807496093538e-01
6.075597726250793494e+04 9.828750779306673069e-01
6.075597752256853710e+04 9.816029368093501795e-01
6.075597778262913198e+04 9.910048452100342908e-01
6.075597804268972686e+04 1.021734631232913859e+00
6.075597830275032175e+04 9.942944904800034012e-01
6.075597856281091663e+04 9.972618162235429295e-01
6.075597882287151151e+04 9.636790013428279122e-01
6.075597908293212095e+04 1.036126913224263646e+00
6.075597934299271583e+04 9.798232810409743809e-01
6.075597960305331071e+04 1.039497578286003865e+00
6.075597986311390559e+04 1.021586434561359891e+00
6.075598012317450775e+04 1.001369871258282140e+00
6.075598038323510264e+04 9.820260880113310664e-01
6.075598064329570479e+04 9.928273957618819479e-01
6.075598090335629968e+04 9.791611944652984789e-01
6.075598116341689456e+04 1.007044123812929737e+00
6.075598142347748944e+04 9.926325761631202838e-01
6.075598168353808433e+04 1.029098278945685285e+00
6.075598194359869376e+04 1.009973639360723485e+00
6.075598220365928864e+04 1.035463897217816731e+00
6.075598246371988353e+04 1.025980146954289074e+00
6.075598272378047841e+04 9.693941803620966802e-01
6.075598298384108057e+04 9.682233885018457498e-01
6.075598324390167545e+04 1.006942155513778303e+00
6.075598350396227761e+04 9.997216598942467725e-01
6.075598376402287249e+04 9.926344605951082922e-01
6.075598402408346738e+04 1.010982958823331890e+00
6.075598428414406226e+04 1.009405622646418976e+00
6.075598454420465714e+04 9.660208101322789176e-01
6.075598480426526658e+04 9.910222523832382668e-01
6.075598506432586146e+04 1.018914391877604020e+00
6.075598532438645634e+04 9.639283956857453983e-01
6.075598558444705122e+04 1.008537896286092028e+00
6.075598584450765338e+04 1.015516327781285755e+00
6.075598610456825554e+04 1.017737415056105155e+00
6.075598636462885042e+04 1.038010017757877268e+00
6.075598662468944531e+04 1.019473799662499625e+00
6.075598688475004019e+04 9.913789792678620039e-01
6.075598714481063507e+04 9.813473075788151645e-01
6.075598740487123723e+04 1.009826256309795278e+00
6.075598766493183211e+04 1.016452017875256519e+00
6.075598792499243427e+04 9.856288466578693175e-01
6.075598818505302916e+04 1.021249819627256583e+00
6.075598844511362404e+04 9.806442347718926644e-01
6.075598870517423347e+04 1.014828212723673628e+00
6.075598896523482836e+04 9.731943163654667162e-01
6.075598922529542324e+04 1.033203323571985965e+00
6.075598948535601812e+04 1.012969418628000495e+00
6.075598974541661300e+04 1.027909000806823014e+00
6.075599000547721516e+04 1.005157336177550764e+00
6.075599026553781005e+04 1.032744747103335303e+00
6.075599052559840493e+04 9.911389078265233632e-01
6.075599078565900709e+04 1.035968806036378087e+00
6.075599104571960197e+04 9.924076964241717036e-01
6.075599130578020413e+04 1.000660221599860122e+00
6.075599156584080629e+04 1.026774389897018969e+00
6.075599182590140117e+04 1.042635004719836722e+00
6.075599208596199605e+04 9.996272734073015087e-01
6.075599234602259094e+04 1.020318816912173965e+00
6.075599260608319310e+04 1.016259559931092626e+00
6.075599286614378798e+04 1.018454103125247201e+00
6.075599312620438286e+04 9.832119236920030536e-01
6.075599338626497774e+04 9.803720724980580226e-01
6.075599364632558718e+04 1.009685811788548104e+00
6.075599390638618206e+04 9.982789309042374715e-01
6.075599416644677694e+04 9.850234710525301862e-01
6.075599442650737910e+04 1.008765968976921723e+00
6.075599468656797399e+04 9.949689311739152719e-01
6.075599494662857614e+04 1.018180296361521853e+00
6.075599520668917103e+04 1.010424385857222607e+00
6.075599546674976591e+04 9.817129687293932871e-01
6.075599572681036079e+04 1.038233681350173354e+00
6.075599598687096295e+04 9.825950097111261217e-01
6.075599624693155783e+04 1.018814803879016795e+00
6.075599650699215999e+04 9.891120377522372165e-01
6.075599676705275488e+04 1.003502123204192076e+00
6.075599702711334976e+04 1.016933247396821560e+00
6.075599728717395192e+04 9.965452527354039525e-01
6.075599754723455408e+04 1.058446789870319371e+00
6.075599780729514896e+04 9.668623918375168769e-01
6.075599806735574384e+04 1.028890079780273581e+00
6.075599832741634600e+04 9.655562325535281820e-01
6.075599858747694088e+04 1.018502562034445891e+00
6.075599884753753577e+04 1.023117255094738720e+00
6.075599910759813065e+04 1.009991128085857337e+00
6.075599936765874008e+04 1.009222471933616028e+00
6.075600091310295102e+04 1.000011261743435131e+00
6.075600117316365504e+04 1.018287196049218801e+00
6.075600143322435179e+04 9.805024298229070290e-01
6.075600169328505581e+04 1.012071530915534145e+00
6.075600195334576711e+04 1.010765128789345768e+00
6.075600221340647113e+04 1.017231502561018797e+00
6.075600247346717515e+04 1.000849520281299476e+00
6.075600273352787190e+04 1.000060114789112165e+00
6.075600299358858319e+04 1.010853755740760196e+00
6.075600325364928722e+04 1.036773162741998489e+00
6.075600351370998396e+04 1.025308208336375149e+00
6.075600377377069526e+04 1.019327034041911162e+00
6.075600403383139928e+04 1.006185783703847036e+00
6.075600429389210331e+04 1.027253989826127478e+00
6.075600455395280733e+04 9.778240416181116501e-01
6.075600481401350407e+04 1.015922530125102696e+00
6.075600507407421537e+04 1.015084173341165075e+00
6.075600533413491939e+04 1.012566996470183334e+00
6.075600559419562342e+04 1.020747519093815558e+00
6.075600585425632744e+04 9.827406691936129146e-01
6.075600611431703146e+04 9.798461056632638000e-01
6.075600637437773548e+04 9.929672558857199904e-01
6.075600663443843951e+04 9.994708845613091697e-01
6.075600689449914353e+04 1.023794915658284843e+00
6.075600715455985483e+04 1.037276006406481654e+00
6.075600741462055157e+04 1.045676548707607401e+00
6.075600767468125559e+04 1.017890268331699710e+00
6.075600793474195962e+04 1.036069335670318114e+00
6.075600819480266364e+04 1.016121377031569573e+00
6.075600845486336766e+04 1.009129382246946482e+00
6.075600871492407168e+04 1.009207938520876091e+00
6.075600897498478298e+04 1.018370528823010268e+00
6.075600923504548700e+04 1.011372612037259699e+00
6.075600949510618375e+04 1.005371564977538323e+00
6.075600975516688777e+04 1.001149252472128603e+00
6.075601001522759907e+04 1.020778493734758152e+00
6.075601027528830309e+04 1.003121501883539102e+00
6.075601053534900711e+04 1.015603555883654474e+00
6.075601079540970386e+04 1.013191242524245306e+00
6.075601105547041516e+04 1.001493315308527032e+00
6.075601131553111918e+04 1.023660148090636435e+00
6.075601157559181593e+04 9.999403796162408264e-01
6.075601183565252722e+04 1.032971964541604448e+00
6.075601209571323125e+04 1.040883420892612543e+00
6.075601235577393527e+04 9.822213465595840409e-01
6.075601261583463929e+04 1.028970881588711306e+00
6.075601287589534331e+04 1.018519977230204265e+00
6.075601313595604734e+04 9.757852801692376010e-01
6.075601339601675136e+04 1.022491160856522141e+00
6.075601365607746266e+04 1.013466765240723211e+00
6.075601391613816668e+04 1.051961172899051666e+00
6.075601417619886342e+04 9.924561673379581617e-01
6.075601443625956745e+04 1.020672503766818062e+00
6.075601469632027874e+04 9.872716742222632513e-01
6.075601495638097549e+04 1.024973913715651497e+00
6.075601521644168679e+04 9.930882816965335147e-01
6.075601547650239081e+04 9.946682250942359138e-01
6.075601573656309483e+04 9.925402817974345870e-01
6.075601599662379886e+04 1.017517434404580312e+00
6.075601625668450288e+04 1.054778262847809733e+00
6.075601651674520690e+04 1.017059216344608163e+00
6.075601677680591092e+04 9.920019324545102934e-01
6.075601703686661494e+04 1.021931733082436011e+00
6.075601729692732624e+04 1.025084828677419013e+00
6.075601755698802299e+04 1.025946338594314389e+00
6.075601781704872701e+04 1.029706125333445632e+00
6.075601807710943831e+04 9.924813710539686085e-01
6.075601833717014233e+04 1.004159217905243651e+00
6.075601859723084635e+04 1.049557503024546756e+00
6.075601885729155038e+04 1.060437515319892832e+00
6.075601911735225440e+04 1.000443807368405436e+00
6.075601937741295842e+04 9.798547777487228716e-01
6.075601963747365517e+04 1.021683589593284314e+00
6.075601989753436646e+04 1.027507007391555538e+00
6.075602015759507049e+04 1.019917438147871058e+00
6.075602041765577451e+04 9.783897768321372368e-01
6.075602067771648581e+04 1.001711505835147120e+00
6.075602093777718255e+04 1.052261821522123997e+00
6.075602119783788658e+04 9.936574753559924700e-01
6.075602145789859787e+04 9.801425907719476527e-01
6.075602171795930190e+04 9.910804575074707579e-01
6.075602197802000592e+04 9.947855773769908039e-01
6.075602223808070994e+04 1.010625383034549074e+00
6.075602249814141396e+04 1.014128707106625393e+00
6.075602275820211798e+04 1.003785504904828985e+00
6.075602301826282201e+04 1.001983667171834513e+00
6.075602327832352603e+04 9.810271989383108071e-01
6.075602353838423005e+04 1.028581592706220738e+00
6.075602379844494135e+04 9.811739154637313387e-01
6.075602405850564537e+04 1.025710828084167803e+00
6.075602431856634212e+04 9.884226040885483178e-01
6.075602457862704614e+04 1.028618801796513882e+00
6.075602483868775744e+04 1.008356829633695551e+00
6.075602509874846146e+04 1.015569864348361051e+00
6.075602535880916548e+04 9.790960687422451958e-01
6.075602561886986950e+04 9.975812816173187381e-01
6.075602587893057353e+04 9.896707618666049644e-01
6.075602613899127755e+04 1.004165920860774053e+00
6.075602639905198885e+04 1.018353733720297694e+00
6.075602665911269287e+04 1.022150659475132395e+00
6.075602691917338962e+04 9.752275738915928693e-01
6.075602717923410091e+04 1.010452704968863857e+00
6.075602743929480494e+04 9.849285488787641318e-01
6.075602769935550168e+04 9.626399097442320807e-01
6.075602795941621298e+04 1.006293415921916123e+00
6.075602821947691700e+04 1.042425844775495936e+00
6.075602847953762102e+04 9.825751590175473282e-01
6.075602873959833232e+04 1.013132855797943987e+00
6.075602899965902907e+04 1.011703547837211392e+00
6.075602925971973309e+04 9.885699009718921237e-01
6.075603093119423283e+04 9.974938877753705135e-01
6.075603119125482772e+04 9.906784191541669893e-01
6.075603145131542988e+04 9.885254308021220737e-01
6.075603171137602476e+04 9.995540617882020529e-01
6.075603197143662692e+04 1.004500719628333982e+00
6.075603223149722908e+04 9.876720824897188278e-01
6.075603249155782396e+04 1.008447286937293574e+00
6.075603275161842612e+04 1.021630692885778124e+00
6.075603301167902100e+04 1.009357847339409586e+00
6.075603327173962316e+04 1.015003209491989411e+00
6.075603353180022532e+04 1.006725298213132280e+00
6.075603379186082020e+04 9.843353176210892785e-01
6.075603405192141508e+04 1.004470665118637918e+00
6.075603431198201724e+04 1.020251170787816575e+00
6.075603457204261213e+04 1.009254693443712991e+00
6.075603483210320701e+04 1.000311626920763475e+00
6.075603509216381644e+04 1.007523340458821748e+00
6.075603535222441133e+04 1.028560367182915547e+00
6.075603561228501349e+04 9.986820801556346439e-01
6.075603587234560837e+04 1.034145427270099171e+00
6.075603613240621053e+04 9.993171724765779196e-01
6.075603639246681269e+04 1.020041359599388464e+00
6.075603665252740757e+04 1.032211266367775382e+00
6.075603691258800245e+04 9.963670998624349906e-01
6.075603717264860461e+04 1.011312907372850178e+00
6.075603743270919949e+04 9.946350669425927382e-01
6.075603769276979438e+04 1.001375828050921069e+00
6.075603795283040381e+04 1.022605891871560813e+00
6.075603821289099869e+04 1.006827345088081582e+00
6.075603847295160085e+04 1.035366354944683875e+00
6.075603873301219573e+04 9.789255698596857069e-01
6.075603899307279789e+04 1.031757213422332509e+00
6.075603925313340005e+04 1.007774472610784233e+00
6.075603951319399494e+04 1.022356074846708873e+00
6.075603977325458982e+04 1.010082953354308088e+00
6.075604003331519198e+04 1.033573338025169264e+00
6.075604029337578686e+04 9.845641062494828732e-01
6.075604055343638902e+04 1.050292041328236614e+00
6.075604081349698390e+04 9.911078284094105850e-01
6.075604107355758606e+04 9.867375511003391164e-01
6.075604133361818822e+04 1.006465762665375019e+00
6.075604159367878310e+04 1.031351324688427162e+00
6.075604185373938526e+04 1.036410680656148164e+00
6.075604211379998742e+04 9.656265548604355820e-01
6.075604237386058230e+04 1.039362707572723421e+00
6.075604263392118446e+04 9.942984273117007055e-01
6.075604289398177934e+04 1.066896156505560356e+00
6.075604315404237423e+04 1.010018443218157369e+00
6.075604341410297639e+04 1.007187933895058229e+00
6.075604367416357127e+04 1.009975840635506605e+00
6.075604393422418070e+04 1.007446807226812124e+00
6.075604419428477559e+04 9.861866628544535551e-01
6.075604445434537047e+04 9.980033697427399542e-01
6.075604471440597990e+04 1.002320730581455877e+00
6.075604497446657479e+04 9.724936535575600116e-01
6.075604523452717694e+04 9.920464271359701325e-01
6.075604549458777183e+04 1.001354227606836567e+00
6.075604575464836671e+04 9.968424278346131873e-01
6.075604601470896887e+04 9.697300537871972326e-01
6.075604627476956375e+04 1.003940820352642538e+00
6.075604653483016591e+04 9.753762312106375454e-01
6.075604679489076807e+04 1.000233030656757505e+00
6.075604705495136295e+04 1.058430516317801828e+00
6.075604731501196511e+04 1.007645986564217777e+00
6.075604757507256727e+04 1.030266545551090651e+00
6.075604783513316943e+04 1.047703826589605924e+00
6.075604809519376431e+04 1.009923379832249335e+00
6.075604835525435919e+04 1.028913106677595835e+00
6.075604861531496135e+04 9.797522328788650370e-01
6.075604887537555624e+04 9.929099125428546557e-01
6.075604913543615839e+04 9.712774653831526273e-01
6.075604939549675328e+04 1.002593201660446409e+00
6.075604965555735544e+04 1.021226657022888507e+00
6.075604991561795759e+04 1.014268118485799564e+00
6.075605017567855248e+04 1.018917299478624416e+00
6.075605043573915464e+04 9.885709182774621295e-01
6.075605069579975680e+04 1.048964320188730426e+00
6.075605095586035168e+04 1.036434782445139202e+00
6.075605121592095384e+04 1.022225283091360737e+00
6.075605147598154872e+04 1.043481693383481179e+00
6.075605173604215088e+04 1.031101231659790063e+00
6.075605199610274576e+04 1.023614959353361664e+00
6.075605225616334792e+04 1.005593043997197400e+00
6.075605251622395008e+04 1.011098379800030589e+00
6.075605277628454496e+04 9.813097872087017670e-01
6.075605303634514712e+04 1.001199938850755977e+00
6.075605329640574200e+04 1.034130916570286773e+00
6.075605355646635144e+04 1.036180449234177958e+00
6.075605381652694632e+04 1.001755620451535211e+00
6.075605407658754848e+04 1.024248924595425603e+00
6.075605433664814336e+04 1.022262191233157536e+00
6.075605459670873825e+04 9.867566234728044616e-01
6.075605485676934040e+04 1.025151537290318160e+00
6.075605511682993529e+04 1.004255767832499258e+00
6.075605537689054472e+04 9.970150734443464779e-01
6.075605563695113960e+04 1.001804071895974868e+00
6.075605589701174176e+04 1.004933127215611899e+00
6.075605615707233665e+04 1.018216721007978665e+00
6.075605641713293880e+04 1.009809632327872686e+00
6.075605667719354096e+04 1.024579682965595318e+00
6.075605693725413585e+04 1.021616724276951382e+00
6.075605719731473800e+04 9.798439008254645755e-01
6.075605745737533289e+04 9.655887884340192961e-01
6.075605771743593505e+04 1.000231862079009160e+00
6.075605797749652993e+04 1.027044682231074146e+00
6.075605823755713209e+04 9.912737291058376643e-01
6.075605849761773425e+04 1.016542805909482761e+00
6.075605875767832913e+04 9.963736599818120432e-01
6.075605901773893129e+04 9.973054511441731274e-01
6.075605927779953345e+04 1.006671441131361533e+00
6.075606082322710427e+04 1.023109537066825281e+00
6.075606108328780829e+04 1.040957482692822733e+00
6.075606134334851231e+04 1.007731238844314037e+00
6.075606160340922361e+04 1.016020363583388209e+00
6.075606186346992035e+04 1.054487723344333716e+00
6.075606212353063165e+04 1.025116509838640111e+00
6.075606238359133567e+04 1.019380266335748519e+00
6.075606264365204697e+04 1.009747443176769455e+00
6.075606290371275099e+04 1.010084384603951779e+00
6.075606316377345502e+04 1.008808132177486216e+00
6.075606342383415904e+04 1.016270619669972008e+00
6.075606368389486306e+04 1.003730557446250726e+00
6.075606394395557436e+04 1.042134293022985103e+00
6.075606420401627838e+04 1.059564048664980440e+00
6.075606446407698240e+04 1.027570102655256834e+00
6.075606472413768643e+04 9.960632811942565779e-01
6.075606498419839772e+04 9.734402617112289935e-01
6.075606524425910175e+04 1.017094136217643108e+00
6.075606550431981304e+04 9.801997971026856771e-01
6.075606576438050979e+04 1.055481380150784076e+00
6.075606602444122109e+04 1.038823856696112768e+00
6.075606628450192511e+04 1.047059655506381359e+00
6.075606654456262913e+04 1.062376005283648617e+00
6.075606680462333316e+04 9.830928287351217154e-01
6.075606706468404445e+04 9.658799494901925131e-01
6.075606732474474848e+04 1.030381059827306212e+00
6.075606758480545250e+04 1.000448437389936052e+00
6.075606784486615652e+04 1.022379907088782680e+00
6.075606810492686054e+04 9.919833808308327061e-01
6.075606836498757184e+04 1.001027897202146910e+00
6.075606862504827586e+04 1.034129823476755528e+00
6.075606888510898716e+04 1.014688881565617207e+00
6.075606914516968391e+04 1.017148636598435241e+00
6.075606940523039520e+04 1.007899034461318788e+00
6.075606966529109923e+04 1.024843880800073936e+00
6.075606992535180325e+04 1.007521309445649660e+00
6.075607018541250727e+04 1.029835452733266932e+00
6.075607044547321857e+04 1.005027316509742974e+00
6.075607070553392259e+04 1.007184505010602082e+00
6.075607096559463389e+04 1.038574281527999910e+00
6.075607122565533064e+04 1.017579342410647625e+00
6.075607148571604193e+04 1.005299301216722174e+00
6.075607174577674596e+04 1.042207283557804232e+00
6.075607200583745725e+04 1.006059336604950394e+00
6.075607226589816128e+04 1.025039954020639188e+00
6.075607252595886530e+04 1.035583318349882820e+00
6.075607278601956932e+04 9.809014143638127292e-01
6.075607304608028062e+04 1.051397842721084386e+00
6.075607330614097737e+04 1.010138023849229683e+00
6.075607356620169594e+04 1.046531646749679023e+00
6.075607382626239269e+04 1.055028765398113855e+00
6.075607408632310398e+04 1.028033850993622433e+00
6.075607434638380801e+04 1.022495460778086063e+00
6.075607460644451203e+04 1.017197933915658714e+00
6.075607486650521605e+04 1.029636730955538981e+00
6.075607512656592735e+04 9.790477797193327669e-01
6.075607538662663137e+04 9.909734686934166259e-01
6.075607564668734267e+04 9.881092331124109451e-01
6.075607590674803942e+04 9.826301913754018624e-01
6.075607616680875071e+04 1.014189380494995518e+00
6.075607642686945474e+04 1.014537237699444372e+00
6.075607668693016603e+04 1.041087666918411481e+00
6.075607694699087006e+04 9.916415184026312613e-01
6.075607720705157408e+04 1.013803705757178042e+00
6.075607746711227810e+04 9.908755241999414043e-01
6.075607772717298940e+04 1.035542554439358609e+00
6.075607798723368614e+04 1.018623681874658127e+00
6.075607824729439744e+04 9.692062332386954804e-01
6.075607850735510146e+04 1.035884067099966721e+00
6.075607876741581276e+04 1.004204570207916980e+00
6.075607902747651679e+04 9.717539402465931175e-01
6.075607928753722081e+04 9.872929284234586156e-01
6.075607954759792483e+04 1.043094201861785253e+00
6.075607980765863613e+04 1.032262048096587392e+00
6.075608006771934015e+04 1.006216086153227218e+00
6.075608032778005145e+04 1.008516033493144226e+00
6.075608058784074819e+04 1.011497071506143097e+00
6.075608084790145949e+04 1.029071126401819303e+00
6.075608110796216351e+04 1.034583877024071619e+00
6.075608136802286754e+04 1.007946255851105866e+00
6.075608162808357156e+04 9.894367269112621655e-01
6.075608188814428286e+04 1.013146857596838091e+00
6.075608214820498688e+04 9.992812299442850321e-01
6.075608240826569818e+04 1.012162079826574912e+00
6.075608266832639492e+04 1.022353041903593107e+00
6.075608292838710622e+04 1.003017900981023613e+00
6.075608318844781024e+04 1.019841863696221651e+00
6.075608344850852154e+04 1.019895012502292087e+00
6.075608370856922556e+04 1.028304880378634101e+00
6.075608396862992959e+04 1.002378807266297356e+00
6.075608422869064088e+04 1.027756589349716254e+00
6.075608448875134491e+04 1.023768575943079018e+00
6.075608474881204893e+04 1.015942797485433147e+00
6.075608500887276023e+04 1.049739339940573668e+00
6.075608526893346425e+04 1.012863132336205840e+00
6.075608552899416827e+04 9.757423211883889946e-01
6.075608578905487957e+04 1.012897271818452127e+00
6.075608604911557632e+04 9.998386870138327165e-01
6.075608630917628761e+04 1.003825679894924772e+00
6.075608656923699164e+04 1.009774212145088335e+00
6.075608682929770293e+04 1.053658767628761650e+00
6.075608708935840696e+04 1.018041300614166644e+00
6.075608734941911098e+04 1.026585377864297266e+00
6.075608760947981500e+04 1.025218254088762659e+00
6.075608786954052630e+04 1.009287862951179005e+00
6.075608812960123760e+04 1.041343638910456670e+00
6.075608838966194162e+04 1.042068328381787312e+00
6.075608864972264564e+04 1.009890924598703554e+00
6.075608890978334966e+04 1.028171951650480809e+00
6.075608916984406096e+04 1.010671871541241496e+00
6.075609076569380704e+04 1.013064899879077663e+00
6.075609102575441648e+04 1.000138525961283609e+00
6.075609128581501136e+04 1.014399302224136878e+00
6.075609154587561352e+04 9.935834226007834724e-01
6.075609180593621568e+04 1.019015928446004970e+00
6.075609206599681784e+04 9.767107049770881178e-01
6.075609232605741272e+04 1.006385818556157608e+00
6.075609258611801488e+04 1.025925722735789858e+00
6.075609284617860976e+04 9.819990995030444259e-01
6.075609310623921192e+04 9.755598621335973553e-01
6.075609336629981408e+04 1.027063007842637710e+00
6.075609362636040896e+04 1.023830527537366031e+00
6.075609388642101840e+04 9.970558812304629592e-01
6.075609414648161328e+04 1.017025563958657619e+00
6.075609440654221544e+04 1.019201454618043234e+00
6.075609466660281760e+04 1.021437129124828536e+00
6.075609492666341976e+04 9.995222688910079256e-01
6.075609518672402191e+04 9.850257623637515003e-01
6.075609544678461680e+04 1.004508619536152780e+00
6.075609570684521896e+04 1.026532516592224331e+00
6.075609596690581384e+04 1.050536706283551336e+00
6.075609622696641600e+04 9.789236881131995194e-01
6.075609648702701088e+04 1.008673823509387724e+00
6.075609674708762032e+04 9.989115835488951989e-01
6.075609700714822247e+04 1.005726383453514838e+00
6.075609726720881736e+04 1.027252089770939181e+00
6.075609752726942679e+04 1.047512615157367488e+00
6.075609778733002167e+04 1.038257224847782378e+00
6.075609804739062383e+04 1.013085499695789204e+00
6.075609830745121872e+04 1.002256148881519149e+00
6.075609856751182087e+04 1.013318212937865281e+00
6.075609882757242303e+04 9.963295914449634694e-01
6.075609908763301792e+04 1.000583276038803815e+00
6.075609934769362008e+04 1.038681955540447399e+00
6.075609960775422223e+04 1.004274340182797598e+00
6.075609986781482439e+04 1.015443596697073625e+00
6.075610012787541928e+04 1.030904187745736778e+00
6.075610038793602143e+04 1.025102033649630595e+00
6.075610064799663087e+04 1.017010643728194719e+00
6.075610090805722575e+04 1.052326510760934308e+00
6.075610116811782791e+04 1.034297552490934358e+00
6.075610142817842279e+04 1.014595348683693832e+00
6.075610168823902495e+04 1.015827112935434817e+00
6.075610194829962711e+04 9.998369671652959090e-01
6.075610220836022199e+04 1.033059384745166787e+00
6.075610246842083143e+04 1.028429334381366411e+00
6.075610272848142631e+04 9.768510354807643514e-01
6.075610298854202847e+04 1.014642530790550445e+00
6.075610324860263063e+04 1.020302654882084381e+00
6.075610350866323279e+04 1.006695618179072937e+00
6.075610376872383495e+04 1.034918228257367678e+00
6.075610402878442983e+04 1.026305542295252504e+00
6.075610428884503199e+04 1.038497388456719017e+00
6.075610454890563415e+04 1.033981765104180939e+00
6.075610480896622903e+04 1.008717627092627911e+00
6.075610506902683119e+04 9.971171784996032406e-01
6.075610532908743335e+04 9.828813245333295479e-01
6.075610558914803551e+04 1.025021923210607921e+00
6.075610584920863766e+04 1.007785848601498557e+00
6.075610610926923255e+04 1.025970173512643857e+00
6.075610636932984198e+04 1.019924050894732481e+00
6.075610662939043686e+04 9.763975848435231253e-01
6.075610688945103902e+04 9.988178906720932559e-01
6.075610714951164118e+04 1.018405735903900045e+00
6.075610740957223607e+04 1.029054865396161311e+00
6.075610766963283822e+04 1.015003804192147419e+00
6.075610792969343311e+04 9.950858051885196343e-01
6.075610818975403527e+04 1.029354091681448757e+00
6.075610844981464470e+04 1.003979073687433221e+00
6.075610870987523958e+04 9.891187047707987734e-01
6.075610896993584174e+04 1.016060781861149787e+00
6.075610922999644390e+04 1.017263515852945277e+00
6.075610949005704606e+04 1.012724170527813827e+00
6.075610975011764822e+04 1.026636437042502514e+00
6.075611001017824310e+04 1.016155267791124972e+00
6.075611027023884526e+04 1.015386549282719431e+00
6.075611053029944742e+04 1.010359230212759751e+00
6.075611079036004230e+04 1.003093719969816222e+00
6.075611105042064446e+04 1.060063281024617998e+00
6.075611131048124662e+04 1.010746110515922780e+00
6.075611157054184878e+04 9.951333366727636021e-01
6.075611183060245094e+04 9.948777879509383970e-01
6.075611209066305310e+04 9.950816735424580228e-01
6.075611235072365525e+04 1.000335455262932216e+00
6.075611261078425741e+04 1.042917229821086478e+00
6.075611287084485230e+04 1.031085179481533665e+00
6.075611313090545445e+04 1.013255173525083430e+00
6.075611339096604934e+04 9.962842505542373051e-01
6.075611365102665150e+04 1.034868791106866137e+00
6.075611391108725365e+04 9.805524429108173345e-01
6.075611417114785581e+04 1.016208898526421489e+00
6.075611443120845797e+04 1.006963631933467163e+00
6.075611469126906013e+04 1.010875469154731920e+00
6.075611495132966229e+04 1.025774883132096527e+00
6.075611521139026445e+04 1.031987609607814438e+00
6.075611547145085933e+04 1.012396806461170140e+00
6.075611573151146149e+04 9.969944296057492439e-01
6.075611599157206365e+04 1.036861644545267636e+00
6.075611625163265853e+04 1.006010042824501127e+00
6.075611651169326069e+04 1.005862993630045610e+00
6.075611677175386285e+04 1.020612859256045279e+00
6.075611703181446501e+04 1.003325217247469370e+00
6.075611729187506717e+04 9.707513722873730710e-01
6.075611755193566933e+04 1.008857994892944143e+00
6.075611781199626421e+04 1.054120715735286096e+00
6.075611807205687364e+04 1.047461184891329555e+00
6.075611833211747580e+04 9.779987597928064824e-01
6.075611859217807068e+04 1.031268167430650307e+00
6.075611885223867284e+04 9.927488192345492735e-01
6.075611911229926773e+04 1.026723212278903175e+00
6.075612077117233275e+04 9.827395331492698727e-01
6.075612103123303677e+04 9.987452290706637648e-01
6.075612129129374080e+04 1.015213437682548792e+00
6.075612155135445209e+04 1.027531090315269013e+00
6.075612181141516339e+04 9.810177827910127046e-01
6.075612207147586741e+04 1.049177830413478896e+00
6.075612233153657144e+04 9.981645184981052799e-01
6.075612259159728274e+04 1.052030994713292866e+00
6.075612285165798676e+04 1.031741497022288678e+00
6.075612311171869806e+04 9.776455786125808345e-01
6.075612337177940935e+04 1.023917787989810035e+00
6.075612363184010610e+04 1.031872709783692166e+00
6.075612389190081740e+04 9.937069954398624061e-01
6.075612415196152870e+04 9.900882734162568255e-01
6.075612441202222544e+04 1.013661764351273087e+00
6.075612467208293674e+04 1.037076310275804936e+00
6.075612493214364804e+04 9.986416163531508516e-01
6.075612519220435206e+04 1.018589816362996725e+00
6.075612545226506336e+04 1.016760123556488704e+00
6.075612571232576738e+04 1.047580664114313942e+00
6.075612597238647140e+04 1.021090623363716032e+00
6.075612623244718270e+04 9.961109164306487518e-01
6.075612649250789400e+04 1.062771417015720754e+00
6.075612675256859802e+04 1.012185892967396805e+00
6.075612701262930204e+04 1.014283688732349198e+00
6.075612727269001334e+04 1.035187694183397289e+00
6.075612753275071736e+04 1.012672420947337004e+00
6.075612779281142139e+04 1.018325999032577478e+00
6.075612805287213268e+04 9.999291556826067628e-01
6.075612831293283671e+04 9.968940020565086879e-01
6.075612857299354800e+04 1.015440474082304867e+00
6.075612883305425930e+04 1.032202049699509683e+00
6.075612909311495605e+04 9.973872146950263362e-01
6.075612935317566735e+04 1.038487571548416755e+00
6.075612961323637865e+04 1.030338063465547460e+00
6.075612987329708267e+04 1.013146066087278419e+00
6.075613013335779397e+04 1.019577661471311902e+00
6.075613039341849799e+04 1.058876728751958263e+00
6.075613065347920201e+04 1.009681221937148710e+00
6.075613091353991331e+04 1.000005079999674251e+00
6.075613117360061733e+04 1.026104839598384277e+00
6.075613143366133590e+04 1.005585301494126949e+00
6.075613169372203265e+04 1.037122343003478386e+00
6.075613195378274395e+04 1.009155655396078988e+00
6.075613221384345525e+04 1.015055066682212237e+00
6.075613247390415199e+04 1.011568394942857552e+00
6.075613273396486329e+04 1.014004733381569157e+00
6.075613299402557459e+04 9.768853817180832566e-01
6.075613325408627861e+04 1.007667637300560637e+00
6.075613351414698991e+04 1.023506416781152728e+00
6.075613377420769393e+04 1.002954993351158119e+00
6.075613403426840523e+04 1.001070017152614344e+00
6.075613429432910925e+04 1.015760846232785619e+00
6.075613455438982055e+04 1.003809555896434835e+00
6.075613481445053185e+04 1.010004020011527448e+00
6.075613507451122859e+04 1.050791250219442086e+00
6.075613533457193989e+04 1.020094591047197463e+00
6.075613559463265119e+04 1.017481072883405169e+00
6.075613585469334794e+04 1.030111064587911018e+00
6.075613611475405924e+04 1.032368563538731632e+00
6.075613637481477053e+04 1.014270328919349762e+00
6.075613663487548183e+04 1.060590644676573824e+00
6.075613689493618585e+04 1.054455303196486948e+00
6.075613715499688988e+04 1.041719133668405295e+00
6.075613741505760117e+04 1.036170705660519387e+00
6.075613767511830520e+04 1.027470920149035072e+00
6.075613793517901649e+04 1.041135984874655751e+00
6.075613819523972779e+04 1.022404128543531021e+00
6.075613845530043181e+04 1.036408273678573355e+00
6.075613871536113584e+04 1.066067051800539955e+00
6.075613897542184714e+04 1.014793728116270000e+00
6.075613923548255116e+04 1.046116868311345094e+00
6.075613949554325518e+04 1.031676468539028724e+00
6.075613975560396648e+04 1.045005442297877396e+00
6.075614001566467778e+04 1.024000616868774971e+00
6.075614027572538907e+04 1.035492372775331127e+00
6.075614053578608582e+04 1.032352260274419731e+00
6.075614079584679712e+04 1.019461457759835321e+00
6.075614105590750842e+04 1.025847960031329720e+00
6.075614131596821244e+04 1.043659150636337962e+00
6.075614157602892374e+04 1.042089894653121407e+00
6.075614183608962776e+04 1.031888276485918521e+00
6.075614209615033906e+04 1.021590483541486405e+00
6.075614235621104308e+04 1.039749212909936604e+00
6.075614261627174710e+04 1.005129119869197618e+00
6.075614287633246568e+04 1.018765902541110213e+00
6.075614313639316970e+04 1.025250972949671269e+00
6.075614339645387372e+04 1.044487255544222393e+00
6.075614365651458502e+04 1.034092370889558632e+00
6.075614391657528904e+04 1.031178824658855575e+00
6.075614417663600034e+04 1.037451998860795532e+00
6.075614443669670436e+04 1.033998529238628228e+00
6.075614469675741566e+04 1.033291928496239631e+00
6.075614495681812696e+04 1.051603495335892369e+00
6.075614521687882370e+04 9.942130229732175639e-01
6.075614547693953500e+04 1.024588127876473465e+00
6.075614573700024630e+04 1.059155405395182159e+00
6.075614599706095760e+04 1.023709368753016546e+00
6.075614625712166162e+04 1.029678063287406742e+00
6.075614651718236564e+04 1.036370248967405372e+00
6.075614677724307694e+04 1.058990670394593714e+00
6.075614703730378824e+04 1.023393002451733702e+00
6.075614729736448498e+04 9.814883875664767166e-01
6.075614755742519628e+04 1.022211219605149157e+00
6.075614781748590758e+04 1.050636875941305393e+00
6.075614807754661888e+04 1.017119241434782939e+00
6.075614833760732290e+04 1.041157053326153603e+00
6.075614859766802692e+04 1.046980686186633758e+00
6.075614885772873822e+04 1.018047460398328496e+00
6.075614911778944952e+04 1.054294049765798658e+00
