6.075547523418369383e+04 1.002440099445386812e+00
6.075547549424438330e+04 9.995427507494681896e-01
6.075547575430508005e+04 1.006488549745913508e+00
6.075547601436576224e+04 1.009303006658216928e+00
6.075547627442645899e+04 9.958083159735497958e-01
6.075547653448714846e+04 9.793762605085339912e-01
6.075547679454784520e+04 9.993651897062341138e-01
6.075547705460853467e+04 9.969404745497966180e-01
6.075547731466922414e+04 1.005967679068173970e+00
6.075547757472991361e+04 1.001172323600687752e+00
6.075547783479061036e+04 1.008872326588144075e+00
6.075547809485129255e+04 9.935628147438793079e-01
6.075547835491198930e+04 9.955307648531992459e-01
6.075547861497267877e+04 1.002986132046514101e+00
6.075547887503337552e+04 9.991944249743913709e-01
6.075547913509406499e+04 1.007757608195921861e+00
6.075547939515475446e+04 1.001162162881576334e+00
6.075547965521544393e+04 1.009418480073569491e+00
6.075547991527614067e+04 9.938706314015431920e-01
6.075548017533683014e+04 1.005529547984834959e+00
6.075548043539752689e+04 9.972378876703739126e-01
6.075548069545820908e+04 1.010736365485443766e+00
6.075548095551890583e+04 9.979676208126453396e-01
6.075548121557959530e+04 9.985973437045799761e-01
6.075548147564028477e+04 1.000070578478689631e+00
6.075548173570098152e+04 9.960634553945960645e-01
6.075548199576167099e+04 9.901380288687692266e-01
6.075548225582236773e+04 1.000578135534271773e+00
6.075548251588305720e+04 9.989535803495547261e-01
6.075548277594374667e+04 9.990413786571530341e-01
6.075548303600443614e+04 1.002659667724001169e+00
6.075548329606513289e+04 9.977417796809467943e-01
6.075548355612582236e+04 9.975637018546688051e-01
6.075548381618651911e+04 9.976913285701859424e-01
6.075548407624720130e+04 9.922083111159388791e-01
6.075548433630789805e+04 9.966082423639902599e-01
6.075548459636858752e+04 9.960527945815128570e-01
6.075548485642928426e+04 9.992011851661777300e-01
6.075548511648997373e+04 9.989577623791332517e-01
6.075548537655066320e+04 9.928085868758248500e-01
6.075548563661135267e+04 1.004824345384867756e+00
6.075548589667204942e+04 9.943509974547364294e-01
6.075548615673273162e+04 1.001797296109331104e+00
6.075548641679342836e+04 1.010651586569191407e+00
6.075548667685411783e+04 9.979352667032087565e-01
6.075548693691481458e+04 9.956756011504372950e-01
6.075548719697551132e+04 9.888255785041213386e-01
6.075548745703619352e+04 1.000727929212726242e+00
6.075548771709689026e+04 1.001703609112665205e+00
6.075548797715757973e+04 1.002599633474747121e+00
6.075548823721827648e+04 1.000136831825783723e+00
6.075548849727896595e+04 9.975517858466841359e-01
6.075548875733965542e+04 9.930993572272122094e-01
6.075548901740034489e+04 1.006546142951322498e+00
6.075548927746104164e+04 9.976937348740998468e-01
6.075548953752172383e+04 1.016921183830158837e+00
6.075548979758242058e+04 9.967686245740332573e-01
6.075549005764311732e+04 9.947821504634960510e-01
6.075549031770380680e+04 9.981627206070841085e-01
6.075549057776450354e+04 9.975913488091203707e-01
6.075549083782518574e+04 1.002824302073462182e+00
6.075549109788588248e+04 9.951488368653841343e-01
6.075549135794657195e+04 1.000669409074530058e+00
6.075549161800726870e+04 1.001345832244599388e+00
6.075549187806795817e+04 1.004093490166920732e+00
6.075549213812864764e+04 9.901459403913359658e-01
6.075549239818933711e+04 9.943650913277459757e-01
6.075549265825003386e+04 1.009926096438360288e+00
6.075549291831072333e+04 1.003383004044883009e+00
6.075549317837142007e+04 9.986928623955197981e-01
6.075549343843210954e+04 9.954231165414264559e-01
6.075549369849279901e+04 1.017482316022723987e+00
6.075549395855349576e+04 1.009368177812172807e+00
6.075549421861417795e+04 9.983896758175507813e-01
6.075549447867487470e+04 1.000190998273281284e+00
6.075549473873556417e+04 9.966482187805798532e-01
6.075549499879626092e+04 1.011980477744241602e+00
6.075549525885695766e+04 9.904873713965500759e-01
6.075549551891763986e+04 9.950041755381313635e-01
6.075549577897833660e+04 1.001095507657578043e+00
6.075549603903902607e+04 9.954107430440050086e-01
6.075549629909972282e+04 1.004232207472172123e+00
6.075549655916041229e+04 9.957355038104672706e-01
6.075549681922110176e+04 1.001163052897071415e+00
6.075549707928179851e+04 9.957254715855827776e-01
6.075549733934248798e+04 1.002694043069757512e+00
6.075549759940317745e+04 9.923574917107975679e-01
6.075549785946386692e+04 1.009701261564323493e+00
6.075549811952456366e+04 1.001987864774594783e+00
6.075549837958525313e+04 9.894082374500096089e-01
6.075549863964594988e+04 1.000630884661132036e+00
6.075549889970663935e+04 1.004328180566283368e+00
6.075549915976732882e+04 9.985605910688242215e-01
6.075549941982802557e+04 1.003718487665409942e+00
6.075549967988871504e+04 1.002590333352152863e+00
6.075549993994941178e+04 1.007578695532370006e+00
6.075550020001009398e+04 1.000660718142262873e+00
6.075550046007079072e+04 9.949120750114404110e-01
6.075550072013148747e+04 1.002694697987741801e+00
6.075550098019216966e+04 1.002602314299755104e+00
6.075550124025286641e+04 9.967207078981484836e-01
6.075550150031355588e+04 9.963629263480762166e-01
6.075550176037425263e+04 9.947645636661296420e-01
6.075550202043494210e+04 9.980252243211528151e-01
6.075550228049563157e+04 9.860974221362251990e-01
6.075550254055632831e+04 9.930024133442535428e-01
6.075550280061701778e+04 9.910837368986650242e-01
6.075550306067771453e+04 9.948416429977982034e-01
6.075550332073840400e+04 9.921842679219575745e-01
6.075550358079909347e+04 9.984584069581390331e-01
6.075550513883041276e+04 9.968198670818003704e-01
6.075550539889110951e+04 9.998596638629724254e-01
6.075550565895179898e+04 9.956501751363440178e-01
6.075550591901248845e+04 9.969389609889117709e-01
6.075550617907318519e+04 9.922409935166436323e-01
6.075550643913387466e+04 1.000505780212589846e+00
6.075550669919457141e+04 1.004470426163910801e+00
6.075550695925526088e+04 9.907444227704302886e-01
6.075550721931595035e+04 1.005835938434017196e+00
6.075550747937664710e+04 9.928746687012863781e-01
6.075550773943733657e+04 1.005217475356306567e+00
6.075550799949803331e+04 9.964566186160460637e-01
6.075550825955872278e+04 1.003654665322169182e+00
6.075550851961941225e+04 9.984017727671896658e-01
6.075550877968010900e+04 1.003683899739256757e+00
6.075550903974079847e+04 9.963990041825686594e-01
6.075550929980148794e+04 9.951267583706174813e-01
6.075550955986217741e+04 1.012133329927686232e+00
6.075550981992287416e+04 9.934863795643965600e-01
6.075551007998357090e+04 9.975248650171216758e-01
6.075551034004426037e+04 9.904944377766593533e-01
6.075551060010494984e+04 9.944648876779068614e-01
6.075551086016564659e+04 9.890559165274427356e-01
6.075551112022633606e+04 1.007940198543500587e+00
6.075551138028703281e+04 1.001588794464888910e+00
6.075551164034772228e+04 1.003308962580975905e+00
6.075551190040841175e+04 9.998455249378479515e-01
6.075551216046910849e+04 9.832945676766761123e-01
6.075551242052979796e+04 9.957598842016927021e-01
6.075551268059049471e+04 9.979968424703590246e-01
6.075551294065118418e+04 1.005284750490023971e+00
6.075551320071187365e+04 9.935082955254365134e-01
6.075551346077257040e+04 1.009331482618131881e+00
6.075551372083325987e+04 1.006841542413667190e+00
6.075551398089394934e+04 9.980601920051122011e-01
6.075551424095464608e+04 1.012679020406347385e+00
6.075551450101533555e+04 1.006532951155965749e+00
6.075551476107603230e+04 9.897690080637311372e-01
6.075551502113672177e+04 9.921767465711028855e-01
6.075551528119741124e+04 1.007323951364784698e+00
6.075551554125810799e+04 1.001007040876675136e+00
6.075551580131879746e+04 9.942764697221674330e-01
6.075551606137949420e+04 9.962580136081178317e-01
6.075551632144019095e+04 9.929803389735685215e-01
6.075551658150087314e+04 9.942164604710784781e-01
6.075551684156156989e+04 9.897933973272002861e-01
6.075551710162226664e+04 1.002111045387301003e+00
6.075551736168294883e+04 1.004971864587890007e+00
6.075551762174364558e+04 9.927027094488941605e-01
6.075551788180433505e+04 1.003602008963488723e+00
6.075551814186503179e+04 1.000548153384570593e+00
6.075551840192572854e+04 9.925084132068513476e-01
6.075551866198641073e+04 9.943593611654142350e-01
6.075551892204710748e+04 9.974617499846848423e-01
6.075551918210780423e+04 9.967228724328586198e-01
6.075551944216849370e+04 9.993040939775161835e-01
6.075551970222919044e+04 1.001389063569167126e+00
6.075551996228987991e+04 9.859711798160554208e-01
6.075552022235056938e+04 9.873423494623934094e-01
6.075552048241126613e+04 9.945376616881600462e-01
6.075552074247194832e+04 9.868005892088800302e-01
6.075552100253265235e+04 9.983041793661364682e-01
6.075552126259334182e+04 1.000625580750637678e+00
6.075552152265403129e+04 9.922052627979224271e-01
6.075552178271472803e+04 9.996460622829203002e-01
6.075552204277541750e+04 9.840238105049550210e-01
6.075552230283610697e+04 9.940888805285804652e-01
6.075552256289680372e+04 1.001759959034745240e+00
6.075552282295750047e+04 9.942215598200011550e-01
6.075552308301818994e+04 9.931857989923927876e-01
6.075552334307887941e+04 9.964412755125277021e-01
6.075552360313957615e+04 9.939587512834188177e-01
6.075552386320026562e+04 1.004522370526044650e+00
6.075552412326096237e+04 1.000405795317548696e+00
6.075552438332165912e+04 9.901238970246760696e-01
6.075552464338234131e+04 9.958544757470713105e-01
6.075552490344303806e+04 1.000827398099834120e+00
6.075552516350373480e+04 9.984444380425437915e-01
6.075552542356441700e+04 9.975589371711740538e-01
6.075552568362511374e+04 1.003939740860512186e+00
6.075552594368581049e+04 9.965890330926742147e-01
6.075552620374649996e+04 9.976086909037750194e-01
6.075552646380719671e+04 9.995088426383612612e-01
6.075552672386788618e+04 1.000694987319510787e+00
6.075552698392857565e+04 9.901547126361150974e-01
6.075552724398927239e+04 9.936375247860604887e-01
6.075552750404996914e+04 1.002395780668669412e+00
6.075552776411065861e+04 1.009654102730523695e+00
6.075552802417134808e+04 9.868369077093674946e-01
6.075552828423204483e+04 9.922061607606313949e-01
6.075552854429273430e+04 9.949974059507834534e-01
6.075552880435342377e+04 9.974456786484862114e-01
6.075552906441412051e+04 9.960741785966341633e-01
6.075552932447480998e+04 9.907589869289342710e-01
6.075552958453550673e+04 9.740366724125817388e-01
6.075552984459620347e+04 9.991233807056093541e-01
6.075553010465688567e+04 1.004201302740404200e+00
6.075553036471758242e+04 9.932342179790140113e-01
6.075553062477827916e+04 9.846075364528471541e-01
6.075553088483896863e+04 9.980258554730624398e-01
6.075553114489966538e+04 9.954247923353103378e-01
6.075553140496035485e+04 9.924033609797494604e-01
6.075553166502104432e+04 9.930747242557218524e-01
6.075553192508174106e+04 1.011709797763288510e+00
6.075553218514243054e+04 9.995359251108265619e-01
6.075553244520312728e+04 9.989230462222223883e-01
6.075553270526381675e+04 9.897836002504267761e-01
6.075553296532451350e+04 9.924528844054099075e-01
6.075553322538520297e+04 1.001937035420745081e+00
6.075553348544589244e+04 9.897272640690166767e-01
6.075553503087646095e+04 9.893261475147798745e-01
6.075553529093715770e+04 9.948629345081714259e-01
6.075553555099784717e+04 9.997007788327976208e-01
6.075553581105853664e+04 9.991666547066918591e-01
6.075553607111923338e+04 9.898732616721708233e-01
6.075553633117992285e+04 9.982629310971953274e-01
6.075553659124061960e+04 9.957088007180813216e-01
6.075553685130131635e+04 9.975514573172948873e-01
6.075553711136199854e+04 1.008742268094821704e+00
6.075553737142269529e+04 1.002152565141239293e+00
6.075553763148339203e+04 9.945471478409337873e-01
6.075553789154408878e+04 9.995406227768683927e-01
6.075553815160477825e+04 1.005402763779330799e+00
6.075553841166546772e+04 9.948563325176684735e-01
6.075553867172616447e+04 9.914741656759205046e-01
6.075553893178685394e+04 1.000467829796095165e+00
6.075553919184754341e+04 9.939245336451703050e-01
6.075553945190824015e+04 9.917562600446373500e-01
6.075553971196892962e+04 9.977946938572400670e-01
6.075553997202962637e+04 1.007102579919170626e+00
6.075554023209032312e+04 9.957855380164685188e-01
6.075554049215101259e+04 9.998368243437876224e-01
6.075554075221170206e+04 9.909327875741276159e-01
6.075554101227239880e+04 9.964846733354145725e-01
6.075554127233309555e+04 9.993433332993687523e-01
6.075554153239378502e+04 9.888416995974177448e-01
6.075554179245447449e+04 9.929756881490127141e-01
6.075554205251517124e+04 1.001331121667544233e+00
6.075554231257586798e+04 9.945816198965593546e-01
6.075554257263655018e+04 1.010940239733390866e+00
6.075554283269725420e+04 1.003614965537454662e+00
6.075554309275794367e+04 1.005101114096938142e+00
6.075554335281863314e+04 9.984820297815529822e-01
6.075554361287932988e+04 9.976849886901340003e-01
6.075554387294001936e+04 1.003161098075570523e+00
6.075554413300071610e+04 9.949786655353777265e-01
6.075554439306140557e+04 9.947392563641704877e-01
6.075554465312210232e+04 9.954610004836824677e-01
6.075554491318279906e+04 9.956769864842398565e-01
6.075554517324348853e+04 1.008818067427863285e+00
6.075554543330417800e+04 9.974851459017173294e-01
6.075554569336487475e+04 9.936168327410405121e-01
6.075554595342557150e+04 9.898286386396251135e-01
6.075554621348626097e+04 1.002114600702942449e+00
6.075554647354695044e+04 9.979556220793556198e-01
6.075554673360764718e+04 1.008074900908423555e+00
6.075554699366834393e+04 9.972991764634311362e-01
6.075554725372902612e+04 9.919972507830402408e-01
6.075554751378972287e+04 1.005618998349756321e+00
6.075554777385041962e+04 1.000129306732832735e+00
6.075554803391111636e+04 1.000563521968534930e+00
6.075554829397180583e+04 1.005239747203385159e+00
6.075554855403249530e+04 9.994477545956278464e-01
6.075554881409319205e+04 1.007938760653025900e+00
6.075554907415388152e+04 1.003169414887839617e+00
6.075554933421457827e+04 1.002143200318712513e+00
6.075554959427527501e+04 9.924309385494819447e-01
6.075554985433596448e+04 1.002957927737178068e+00
6.075555011439665395e+04 9.988553947844251990e-01
6.075555037445735070e+04 1.005540461003791464e+00
6.075555063451804017e+04 1.004688622405215392e+00
6.075555089457873692e+04 1.002870133072457426e+00
6.075555115463942639e+04 9.940976513199591968e-01
6.075555141470012313e+04 1.001885583825081083e+00
6.075555167476081988e+04 1.000074908189002132e+00
6.075555193482150935e+04 9.960579955618396042e-01
6.075555219488219882e+04 9.987131285936845515e-01
6.075555245494289557e+04 9.956971516984148840e-01
6.075555271500359231e+04 9.941598940712247368e-01
6.075555297506428906e+04 9.951484455320174227e-01
6.075555323512497125e+04 1.002018261858761861e+00
6.075555349518566800e+04 1.002464842289098268e+00
6.075555375524636474e+04 9.994019558902381695e-01
6.075555401530705421e+04 1.002813762309872292e+00
6.075555427536775096e+04 9.954339479013339931e-01
6.075555453542844043e+04 9.970262993398892881e-01
6.075555479548913718e+04 1.000120128064237335e+00
6.075555505554983392e+04 1.002688064747059737e+00
6.075555531561051612e+04 9.917597840640495210e-01
6.075555557567121286e+04 9.932078208318413370e-01
6.075555583573190961e+04 1.006162565964808353e+00
6.075555609579260636e+04 1.007793381171343539e+00
6.075555635585329583e+04 9.868701880384224134e-01
6.075555661591398530e+04 1.001662625497260040e+00
6.075555687597468204e+04 9.953547428555317156e-01
6.075555713603537879e+04 1.001791428665787409e+00
6.075555739609607554e+04 9.992377504410562272e-01
6.075555765615676501e+04 9.984892279945608573e-01
6.075555791621745448e+04 1.003573606619495351e+00
6.075555817627815122e+04 1.002685123872970818e+00
6.075555843633884797e+04 9.908006016257003834e-01
6.075555869639953016e+04 1.009951858137933645e+00
6.075555895646022691e+04 1.000711345360991267e+00
6.075555921652092366e+04 9.991688678853326566e-01
6.075555947658162040e+04 9.957427812998215222e-01
6.075555973664230987e+04 9.921494299307760389e-01
6.075555999670299934e+04 1.003640940778259605e+00
6.075556025676369609e+04 1.002689079811966311e+00
6.075556051682439283e+04 9.980794479126823271e-01
6.075556077688508958e+04 9.993985900897772723e-01
6.075556103694577905e+04 9.978955928042657630e-01
6.075556129700646852e+04 1.003508934582478807e+00
6.075556155706716527e+04 1.001247748828604234e+00
6.075556181712786201e+04 1.002669528709542179e+00
6.075556207718854421e+04 9.975155206248305095e-01
6.075556233724924095e+04 1.008591187588509852e+00
6.075556259730993770e+04 1.002199638846423158e+00
6.075556285737063445e+04 1.006308725010704119e+00
6.075556311743133119e+04 1.000622171198171984e+00
6.075556337749201339e+04 1.005185851982891787e+00
6.075556504896522529e+04 1.009548260163770195e+00
6.075556530902591476e+04 1.008613779539243360e+00
6.075556556908661150e+04 9.918418072985863976e-01
6.075556582914730097e+04 1.001967286033472737e+00
6.075556608920799772e+04 1.002552696304177315e+00
6.075556634926869447e+04 9.998013988980672950e-01
6.075556660932938394e+04 1.006754415063498831e+00
6.075556686939008068e+04 1.001899511079253235e+00
6.075556712945077015e+04 1.011723547908266907e+00
6.075556738951146690e+04 9.926143887136331667e-01
6.075556764957216365e+04 1.005943776282417712e+00
6.075556790963285312e+04 1.019818444771351640e+00
6.075556816969354986e+04 9.871093688698435731e-01
6.075556842975423933e+04 1.011892033805283031e+00
6.075556868981492880e+04 9.983064237802680152e-01
6.075556894987563282e+04 1.000934581904705745e+00
6.075556920993632230e+04 1.011994022114013125e+00
6.075556946999701904e+04 1.003046946141414875e+00
6.075556973005770851e+04 9.996306218617041495e-01
6.075556999011839798e+04 1.000067678310209374e+00
6.075557025017909473e+04 1.019592139748258797e+00
6.075557051023979147e+04 1.003255475031475052e+00
6.075557077030048822e+04 1.007763142886775265e+00
6.075557103036117769e+04 1.001930282822771856e+00
6.075557129042186716e+04 1.006569498828833398e+00
6.075557155048256391e+04 1.005161519268103376e+00
6.075557181054326065e+04 9.990758343473280512e-01
6.075557207060395740e+04 1.007917617756909578e+00
6.075557233066464687e+04 9.923605679097201593e-01
6.075557259072533634e+04 9.982535959520215663e-01
6.075557285078603309e+04 9.976724766424479585e-01
6.075557311084672983e+04 9.990463170256734804e-01
6.075557337090741930e+04 1.006632293314472015e+00
6.075557363096811605e+04 1.006809208921599641e+00
6.075557389102880552e+04 9.981608235519559003e-01
6.075557415108950227e+04 9.964599657565088586e-01
6.075557441115019901e+04 1.002573405416766317e+00
6.075557467121088848e+04 1.006630155545376715e+00
6.075557493127158523e+04 1.006381704704428337e+00
6.075557519133227470e+04 9.976406788219984723e-01
6.075557545139297144e+04 9.946957303226382496e-01
6.075557571145366819e+04 1.006356468284254957e+00
6.075557597151435766e+04 1.000637229346300616e+00
6.075557623157505441e+04 1.002543064605043499e+00
6.075557649163575115e+04 1.009282373066642036e+00
6.075557675169643335e+04 1.006400938709425485e+00
6.075557701175713009e+04 1.001646380904114064e+00
6.075557727181782684e+04 1.004462932488253690e+00
6.075557753187852359e+04 1.014972968052975766e+00
6.075557779193922033e+04 9.985941821178633271e-01
6.075557805199990980e+04 1.009966118580291061e+00
6.075557831206059927e+04 1.007414184915471855e+00
6.075557857212129602e+04 1.006757083694182819e+00
6.075557883218199277e+04 1.008470262841224097e+00
6.075557909224268951e+04 1.008289874543077946e+00
6.075557935230337898e+04 1.003758162941189358e+00
6.075557961236407573e+04 1.002851377054070570e+00
6.075557987242476520e+04 1.008921777515436657e+00
6.075558013248546195e+04 9.936438193780920969e-01
6.075558039254615869e+04 1.002577380085247993e+00
6.075558065260684816e+04 1.005483853954287632e+00
6.075558091266754491e+04 1.001109776896920378e+00
6.075558117272824165e+04 9.926706919361887316e-01
6.075558143278892385e+04 1.003823099019103271e+00
6.075558169284962059e+04 1.013331347598927845e+00
6.075558195291031734e+04 1.008849631419414861e+00
6.075558221297101409e+04 1.000761368038037169e+00
6.075558247303171083e+04 1.008098540126956211e+00
6.075558273309240030e+04 1.009734497610086601e+00
6.075558299315309705e+04 1.009312369572239465e+00
6.075558325321378652e+04 1.003434456880041070e+00
6.075558351327448327e+04 9.961430476378753118e-01
6.075558377333518001e+04 9.981709716725976067e-01
6.075558403339586948e+04 1.005663477451705035e+00
6.075558429345656623e+04 9.952036389334130151e-01
6.075558455351726298e+04 1.021403349944963068e+00
6.075558481357794517e+04 1.012580667400404533e+00
6.075558507363864192e+04 1.000021317946646171e+00
6.075558533369933866e+04 1.008545264940026387e+00
6.075558559376003541e+04 9.909726146631399057e-01
6.075558585382073215e+04 9.983125912892557574e-01
6.075558611388142162e+04 1.011658936901023376e+00
6.075558637394211837e+04 1.004911046072174852e+00
6.075558663400280784e+04 1.001744287837814884e+00
6.075558689406350459e+04 1.002497634233212365e+00
6.075558715412420133e+04 1.010330534660455193e+00
6.075558741418489080e+04 1.010654366518818126e+00
6.075558767424558755e+04 9.926824694139627647e-01
6.075558793430628430e+04 1.002821465040431681e+00
6.075558819436697377e+04 1.002283558858355850e+00
6.075558845442767051e+04 1.003831529333653938e+00
6.075558871448835998e+04 9.987823995897527896e-01
6.075558897454905673e+04 1.008404393206844274e+00
6.075558923460975348e+04 1.004346729639200575e+00
6.075558949467044295e+04 1.001064349643500107e+00
6.075558975473113969e+04 1.010399269817007006e+00
6.075559001479183644e+04 9.966615513368140000e-01
6.075559027485253318e+04 9.975437489366543176e-01
6.075559053491322265e+04 1.001747373804091179e+00
6.075559079497391212e+04 1.004442670084906064e+00
6.075559105503460887e+04 1.005543092649298975e+00
6.075559131509530562e+04 9.991797971437728076e-01
6.075559157515600236e+04 1.002105780637259080e+00
6.075559183521669911e+04 9.962362167828145987e-01
6.075559209527738858e+04 1.002757879334434943e+00
6.075559235533808533e+04 9.975016701366449245e-01
6.075559261539877480e+04 1.008674114811884071e+00
6.075559287545946427e+04 1.001213496282985060e+00
6.075559313552016101e+04 1.007647164029578546e+00
6.075559339558085776e+04 1.013201487839546111e+00
6.075559494101491873e+04 9.979309068538899652e-01
6.075559520107561548e+04 1.005083532570716587e+00
6.075559546113631222e+04 1.010283012905275779e+00
6.075559572119700897e+04 1.005882576760259051e+00
6.075559598125769844e+04 9.947598605415282069e-01
6.075559624131839519e+04 1.008866742663405702e+00
6.075559650137908466e+04 9.880792678358166770e-01
6.075559676143977413e+04 9.949853679006076534e-01
6.075559702150047087e+04 1.001836619110800131e+00
6.075559728156116762e+04 9.986008751927647475e-01
6.075559754162186437e+04 1.000099572448369001e+00
6.075559780168256111e+04 1.003958473918850069e+00
6.075559806174325058e+04 9.946127091525475139e-01
6.075559832180394733e+04 9.992512111698265143e-01
6.075559858186464407e+04 1.002651305333637444e+00
6.075559884192533355e+04 9.959937985786729842e-01
6.075559910198603029e+04 1.009982787058187448e+00
6.075559936204671976e+04 9.865421649617541755e-01
6.075559962210741651e+04 1.010185403771595380e+00
6.075559988216811325e+04 1.003247708913295844e+00
6.075560014222880272e+04 9.972809020345807518e-01
6.075560040228950675e+04 9.903204123114215385e-01
6.075560066235019622e+04 1.006501544548466631e+00
6.075560092241089296e+04 1.010599710648173222e+00
6.075560118247158971e+04 1.003824858616748861e+00
6.075560144253227918e+04 1.004343160943457658e+00
6.075560170259296865e+04 1.004003853562054349e+00
6.075560196265366540e+04 1.002431442745593815e+00
6.075560222271436214e+04 1.003616013041648714e+00
6.075560248277505889e+04 1.011325059968401607e+00
6.075560274283574836e+04 1.001514200918030895e+00
6.075560300289644510e+04 1.001148714845487619e+00
6.075560326295714185e+04 9.975155979705839782e-01
6.075560352301783860e+04 1.003121146979890410e+00
6.075560378307853534e+04 1.001296158867965191e+00
6.075560404313922481e+04 1.004764729802033019e+00
6.075560430319992156e+04 1.002730661312043914e+00
6.075560456326061831e+04 1.002742677708799102e+00
6.075560482332130050e+04 1.000945825049622151e+00
6.075560508338199725e+04 9.953799625845533017e-01
6.075560534344269399e+04 9.941296427478848452e-01
6.075560560350339074e+04 9.934122102894877848e-01
6.075560586356408749e+04 1.003018844882367144e+00
6.075560612362477696e+04 9.955049009726715248e-01
6.075560638368547370e+04 1.003372257814564739e+00
6.075560664374617045e+04 1.005409555751670458e+00
6.075560690380686719e+04 9.902671528129647349e-01
6.075560716386756394e+04 9.983586979953167351e-01
6.075560742392825341e+04 9.963367948910989425e-01
6.075560768398895016e+04 1.004745712429980564e+00
6.075560794404964690e+04 9.943832560097575213e-01
6.075560820411032910e+04 9.969679359435311694e-01
6.075560846417102584e+04 9.985141257734418962e-01
6.075560872423172259e+04 1.000967492788710222e+00
6.075560898429241934e+04 1.000288446296033751e+00
6.075560924435311608e+04 9.904243532696108687e-01
6.075560950441380555e+04 1.006822182317322012e+00
6.075560976447450230e+04 1.004545369814963118e+00
6.075561002453519905e+04 1.003709379024692483e+00
6.075561028459589579e+04 9.989911955518829823e-01
6.075561054465659254e+04 1.002625629761846326e+00
6.075561080471728201e+04 1.000480524952143124e+00
6.075561106477797875e+04 1.001262212405791718e+00
6.075561132483867550e+04 1.002042516729910737e+00
6.075561158489937225e+04 1.007215803544327715e+00
6.075561184496006899e+04 9.991565526930167307e-01
6.075561210502075846e+04 9.991129816805359720e-01
6.075561236508144793e+04 1.006703591601450620e+00
6.075561262514214468e+04 9.980020021230205929e-01
6.075561288520283415e+04 1.003083513772139224e+00
6.075561314526353090e+04 9.999394042952380879e-01
6.075561340532422764e+04 9.981956599976663513e-01
6.075561366538492439e+04 9.970330370789042274e-01
6.075561392544562113e+04 9.914569115921070264e-01
6.075561418550631060e+04 9.955631316965305455e-01
6.075561444556700735e+04 9.956941136911410251e-01
6.075561470562770410e+04 9.992674682876001580e-01
6.075561496568840084e+04 9.962541897642734900e-01
6.075561522574909759e+04 9.944444122851269219e-01
6.075561548580978706e+04 9.994274413190316064e-01
6.075561574587048381e+04 1.010103511168620072e+00
6.075561600593118055e+04 9.955157490540359477e-01
6.075561626599187002e+04 9.917681415180454874e-01
6.075561652605256677e+04 9.934695776033288794e-01
6.075561678611326352e+04 1.005093810315807135e+00
6.075561704617396026e+04 9.960543396779465430e-01
6.075561730623465701e+04 9.984246039271361672e-01
6.075561756629534648e+04 1.004642308212391866e+00
6.075561782635604322e+04 9.998694339009241983e-01
6.075561808641673269e+04 1.006110469082636572e+00
6.075561834647742944e+04 9.991752085665454031e-01
6.075561860653812619e+04 9.946120212955044115e-01
6.075561886659881566e+04 9.968957119847020598e-01
6.075561912665951240e+04 9.986121410291886047e-01
6.075561938672020915e+04 1.004758369300922993e+00
6.075561964678089862e+04 9.903836051968968324e-01
6.075561990684160264e+04 1.004204809346088023e+00
6.075562016690229211e+04 9.986088918891872224e-01
6.075562042696298886e+04 9.946436041921631332e-01
6.075562068702368560e+04 9.910349127388490276e-01
6.075562094708437508e+04 9.984843327937837909e-01
6.075562120714507182e+04 1.002017793518671374e+00
6.075562146720576857e+04 9.948047449332557690e-01
6.075562172726646531e+04 1.004715366412738620e+00
6.075562198732716206e+04 1.000807494640902240e+00
6.075562224738785153e+04 9.892016668607666041e-01
6.075562250744854828e+04 9.891894664490598066e-01
6.075562276750924502e+04 1.001146358079708198e+00
6.075562302756994177e+04 9.967857246597350285e-01
6.075562328763063852e+04 1.006329337674961355e+00
6.075562490904599690e+04 9.945609176755593195e-01
6.075562516909990518e+04 1.002821611667605639e+00
6.075562542915379890e+04 9.983709532097151396e-01
6.075562568920769263e+04 1.008896830740905859e+00
6.075562594926160091e+04 9.983732666989396654e-01
6.075562620931549463e+04 1.004438747980655355e+00
6.075562646936939564e+04 1.004353965804798632e+00
6.075562672942329664e+04 1.000353765797712180e+00
6.075562698947719036e+04 9.986548482953706563e-01
6.075562724953109864e+04 1.006329491410261401e+00
6.075562750958499237e+04 9.899262114192713957e-01
6.075562776963889337e+04 1.003413983146791200e+00
6.075562802969280165e+04 9.944063985237929781e-01
6.075562828974669537e+04 9.962108463590498841e-01
6.075562854980059637e+04 9.975787331659700108e-01
6.075562880985449738e+04 9.893612923856399677e-01
6.075562906990839110e+04 1.006980673532799075e+00
6.075562932996229938e+04 1.004899678693818021e+00
6.075562959001619311e+04 9.979137874505618067e-01
6.075562985007009411e+04 1.004182756919255182e+00
6.075563011012399511e+04 9.955924163183348385e-01
6.075563037017788884e+04 1.012065700890272035e+00
6.075563063023179711e+04 1.005371051413699313e+00
6.075563089028569084e+04 9.951763506102271339e-01
6.075563115033958456e+04 9.841013299271241799e-01
6.075563141039349284e+04 9.921457556251844778e-01
6.075563167044738657e+04 9.975941221684995197e-01
6.075563193050128757e+04 9.903717127014834976e-01
6.075563219055518857e+04 1.000484126273626373e+00
6.075563245060908230e+04 1.003096856212008836e+00
6.075563271066299058e+04 1.003909668180815729e+00
6.075563297071688430e+04 9.943588540629296757e-01
6.075563323077078530e+04 9.957221157987306004e-01
6.075563349082468631e+04 1.019420461413819590e+00
6.075563375087858003e+04 1.002777200625004861e+00
6.075563401093248831e+04 9.958599159533305656e-01
6.075563427098638203e+04 9.954417048830671577e-01
6.075563453104027576e+04 9.967287105857439711e-01
6.075563479109418404e+04 1.004178860573159415e+00
6.075563505114807776e+04 9.891339412318700397e-01
6.075563531120197877e+04 9.850732710097103162e-01
6.075563557125588704e+04 9.966575597135781672e-01
6.075563583130978077e+04 9.982513065904828897e-01
6.075563609136368905e+04 9.935673903894960413e-01
6.075563635141758277e+04 1.002416641922887042e+00
6.075563661147148377e+04 1.000886527462590880e+00
6.075563687152538478e+04 1.003750465817053517e+00
6.075563713157927850e+04 1.003516478786150135e+00
6.075563739163318678e+04 1.002535177231472119e+00
6.075563765168708051e+04 1.011270286790241668e+00
6.075563791174097423e+04 9.992061202753632632e-01
6.075563817179488251e+04 9.984050802559010229e-01
6.075563843184877624e+04 1.001030724943637873e+00
6.075563869190267724e+04 9.896791800138888817e-01
6.075563895195657824e+04 1.004859083920680796e+00
6.075563921201047197e+04 1.002353767579523547e+00
6.075563947206438024e+04 1.002013457534664864e+00
6.075563973211827397e+04 1.003495973894856341e+00
6.075563999217217497e+04 9.913779344421734807e-01
6.075564025222608325e+04 1.000601836857829774e+00
6.075564051227997697e+04 1.000782158450842951e+00
6.075564077233388525e+04 9.987565870609529384e-01
6.075564103238777898e+04 9.950105041691592600e-01
6.075564129244167270e+04 1.016067231283377170e+00
6.075564155249558098e+04 9.958385217220491192e-01
6.075564181254947471e+04 1.010086580419159663e+00
6.075564207260337571e+04 9.979405579876753363e-01
6.075564233265727671e+04 9.941874529765426516e-01
6.075564259271117044e+04 1.007643813196171356e+00
6.075564285276507871e+04 1.006015583934203317e+00
6.075564311281897244e+04 9.944858269568946918e-01
6.075564337287286617e+04 9.925841579115088908e-01
6.075564363292677444e+04 1.001337901475470193e+00
6.075564389298066817e+04 9.945417389028019528e-01
6.075564415303458372e+04 1.016843687877433622e+00
6.075564441308847745e+04 9.964005472275935249e-01
6.075564467314237118e+04 9.999008199867386315e-01
6.075564493319627945e+04 1.012396560523908029e+00
6.075564519325017318e+04 1.001867237712234182e+00
6.075564545330407418e+04 1.007120368267419463e+00
6.075564571335797518e+04 9.977598040478514729e-01
6.075564597341186891e+04 1.008622968670390474e+00
6.075564623346577719e+04 9.981946486589072798e-01
6.075564649351967091e+04 9.970707430635239454e-01
6.075564675357356464e+04 1.005737450804798261e+00
6.075564701362747292e+04 9.830121050363602730e-01
6.075564727368136664e+04 1.001947233717494390e+00
6.075564753373527492e+04 9.964025074917320923e-01
6.075564779378917592e+04 9.943207071277846421e-01
6.075564805384306965e+04 1.007224369329115410e+00
6.075564831389697792e+04 9.952328789873908788e-01
6.075564857395087165e+04 9.935513076667087384e-01
6.075564883400477265e+04 1.008837281070916081e+00
6.075564909405867365e+04 9.969370806389959982e-01
6.075564935411256738e+04 9.994967894666808572e-01
6.075564961416647566e+04 1.007833373928726184e+00
6.075564987422036938e+04 1.007338062454894878e+00
6.075565013427426311e+04 1.004531900474437967e+00
6.075565039432817866e+04 9.870714258124821949e-01
6.075565065438207239e+04 9.993108227112329489e-01
6.075565091443597339e+04 9.969019311944554707e-01
6.075565117448987439e+04 1.004331845766658349e+00
6.075565143454376812e+04 1.008670594129573717e+00
6.075565169459767640e+04 9.970874043753046312e-01
6.075565195465157012e+04 1.009192539346482675e+00
6.075565221470547112e+04 1.005770852154989958e+00
6.075565247475937213e+04 9.987831377743381367e-01
6.075565273481326585e+04 9.927438763991890402e-01
6.075565299486718141e+04 1.004022970811466298e+00
6.075565325492107513e+04 9.982041703689227274e-01
6.075565492676799477e+04 1.009826106621536823e+00
6.075565518682868424e+04 1.000528780393549644e+00
6.075565544688938098e+04 1.005999954962543130e+00
6.075565570695007773e+04 1.008510379810281687e+00
6.075565596701077448e+04 1.003633473969888223e+00
6.075565622707147122e+04 9.990180538828266066e-01
6.075565648713216069e+04 1.006339217887766591e+00
6.075565674719285744e+04 1.003674718137955058e+00
6.075565700725356146e+04 1.000582407554606146e+00
6.075565726731425821e+04 1.013251090002071919e+00
6.075565752737495495e+04 1.001399385614234916e+00
6.075565778743564442e+04 1.001771998817125198e+00
6.075565804749634117e+04 1.012207976450921754e+00
6.075565830755703792e+04 1.010665050373589002e+00
6.075565856761772739e+04 9.940981673508568761e-01
6.075565882767842413e+04 1.005130389827727955e+00
6.075565908773912088e+04 1.000773654071292595e+00
6.075565934779981762e+04 1.003882591390189427e+00
6.075565960786051437e+04 1.008276145391755030e+00
6.075565986792121112e+04 9.963304657143040588e-01
6.075566012798190786e+04 1.005456633129427901e+00
6.075566038804260461e+04 9.981492697856526597e-01
6.075566064810330136e+04 1.001294473005687635e+00
6.075566090816399810e+04 1.000848024518733670e+00
6.075566116822468757e+04 9.985225619270913233e-01
6.075566142828538432e+04 1.000172379693379243e+00
6.075566168834608106e+04 1.005904138349377197e+00
6.075566194840677781e+04 1.006800235251972930e+00
6.075566220846748183e+04 9.941098811589079709e-01
6.075566246852817130e+04 1.008553704237274085e+00
6.075566272858886805e+04 9.968947399811716181e-01
6.075566298864956480e+04 1.002593451236168942e+00
6.075566324871025427e+04 1.001478115803985602e+00
6.075566350877095101e+04 9.910459537140827724e-01
6.075566376883164776e+04 1.005027710305772759e+00
6.075566402889234450e+04 1.018608307309211591e+00
6.075566428895304125e+04 9.906763135015234090e-01
6.075566454901373800e+04 1.001158878362962357e+00
6.075566480907443474e+04 1.010599688146572861e+00
6.075566506913513149e+04 1.010625426202968802e+00
6.075566532919582824e+04 9.997823160452089519e-01
6.075566558925652498e+04 1.009222142026970470e+00
6.075566584931721445e+04 1.002881035449066260e+00
6.075566610937791120e+04 1.013952415825822184e+00
6.075566636943860794e+04 9.950570825356751525e-01
6.075566662949930469e+04 1.008945722138755885e+00
6.075566688956000144e+04 1.008829091072378725e+00
6.075566714962069818e+04 1.005531321958492263e+00
6.075566740968139493e+04 9.965166601368297128e-01
6.075566766974209168e+04 1.004510222567892797e+00
6.075566792980278115e+04 1.031807331331997091e+00
6.075566818986347789e+04 1.003493541371217601e+00
6.075566844992417464e+04 1.007132482001072971e+00
6.075566870998487866e+04 1.008784205717296656e+00
6.075566897004557541e+04 1.008703806615954379e+00
6.075566923010626488e+04 9.995585514776537117e-01
6.075566949016696162e+04 1.010084704436687852e+00
6.075566975022765837e+04 1.009075610027825975e+00
6.075567001028834784e+04 9.974732693350916168e-01
6.075567027034905186e+04 1.001394869635439333e+00
6.075567053040974133e+04 9.954818399958340613e-01
6.075567079047044535e+04 9.962241956203776727e-01
6.075567105053114210e+04 1.006683591597643757e+00
6.075567131059183157e+04 9.982993140376152930e-01
6.075567157065252832e+04 1.005574533751480093e+00
6.075567183071322506e+04 1.006508225097527909e+00
6.075567209077392181e+04 1.007342727213269118e+00
6.075567235083461856e+04 1.006738896573727615e+00
6.075567261089531530e+04 1.006935143032297031e+00
6.075567287095601205e+04 1.011083785648107858e+00
6.075567313101670879e+04 1.008517610202240844e+00
6.075567339107740554e+04 1.011697719801294415e+00
6.075567365113810229e+04 1.004035724883647784e+00
6.075567391119879176e+04 1.008215495119967997e+00
6.075567417125948850e+04 9.984910730861999983e-01
6.075567443132019253e+04 1.001267248295311552e+00
6.075567469138088200e+04 1.003577353695886965e+00
6.075567495144157874e+04 1.009294316415920267e+00
6.075567521150227549e+04 1.003792488585409259e+00
6.075567547156297223e+04 1.005593013965526028e+00
6.075567573162366898e+04 1.002336513506902227e+00
6.075567599168436573e+04 9.963553633271882148e-01
6.075567625174506247e+04 1.001116505443111260e+00
6.075567651180575922e+04 1.005071491587599342e+00
6.075567677186645597e+04 9.903851740464842957e-01
6.075567703192715271e+04 1.004516951386505319e+00
6.075567729198784218e+04 1.002199685531769191e+00
6.075567755204853893e+04 1.004175549266001610e+00
6.075567781210924295e+04 1.008012328143420566e+00
6.075567807216993242e+04 1.008448253521428972e+00
6.075567833223062917e+04 9.943410368909264552e-01
6.075567859229132591e+04 1.008114460683198876e+00
6.075567885235202266e+04 9.991336897192826250e-01
6.075567911241271941e+04 9.967592444212557412e-01
6.075567937247341615e+04 1.006866513671404784e+00
6.075567963253411290e+04 1.009774348181148973e+00
6.075567989259480964e+04 1.007911537423912041e+00
6.075568015265550639e+04 1.003218672577494974e+00
6.075568041271620314e+04 1.005851929436728076e+00
6.075568067277689261e+04 9.945423635176610100e-01
6.075568093283759663e+04 9.971328925876680183e-01
6.075568119289829338e+04 1.012546207717118341e+00
6.075568145295898285e+04 1.003024656555076000e+00
6.075568171301968687e+04 1.006942657453658407e+00
6.075568197308037634e+04 1.004776852738491266e+00
6.075568223314107308e+04 9.980784026205059556e-01
6.075568249320177711e+04 1.006468022451957545e+00
6.075568275326246658e+04 1.008847323116749406e+00
6.075568301332316332e+04 1.005520592981869132e+00
6.075568327338386007e+04 1.002038627994882525e+00
6.075568483179301256e+04 1.011942148480353465e+00
6.075568509184680443e+04 1.008969927643787567e+00
6.075568535190059629e+04 9.901247923318508004e-01
6.075568561195438815e+04 9.948599305401442106e-01
6.075568587200818729e+04 1.001782182173039715e+00
6.075568613206199370e+04 9.993574552869992633e-01
6.075568639211578557e+04 1.005068770727561622e+00
6.075568665216957743e+04 1.001020597013670965e+00
6.075568691222336929e+04 9.946016637067126576e-01
6.075568717227716115e+04 9.952426455979024311e-01
6.075568743233096029e+04 9.929267304602423794e-01
6.075568769238475215e+04 1.003423456300223782e+00
6.075568795243854402e+04 1.014480295144514654e+00
6.075568821249233588e+04 9.961909533381466675e-01
6.075568847254613502e+04 1.002970338308353471e+00
6.075568873259992688e+04 9.996998889911850039e-01
6.075568899265372602e+04 9.905360947192245469e-01
6.075568925270752516e+04 9.953900869942564622e-01
6.075568951276131702e+04 9.992477575065416007e-01
6.075568977281511616e+04 1.007003941456879881e+00
6.075569003286890802e+04 1.001650079527271586e+00
6.075569029292269988e+04 1.006877068155689336e+00
6.075569055297649174e+04 1.001713075042568457e+00
6.075569081303029088e+04 9.923792190219836717e-01
6.075569107308408275e+04 9.962876843083383616e-01
6.075569133313787461e+04 9.971240515227111079e-01
6.075569159319166647e+04 1.001089464113490202e+00
6.075569185324547288e+04 9.924629987216693205e-01
6.075569211329927202e+04 9.942003748720168455e-01
6.075569237335306389e+04 1.000826332620167181e+00
6.075569263340685575e+04 9.916573694934430749e-01
6.075569289346064761e+04 9.994936846396188512e-01
6.075569315351444675e+04 9.950912573506227599e-01
6.075569341356823861e+04 9.876350470325191422e-01
6.075569367362203047e+04 1.006042011946361114e+00
6.075569393367582234e+04 9.965720853509238975e-01
6.075569419372962147e+04 1.005818639984458640e+00
6.075569445378341334e+04 9.998430357519529910e-01
6.075569471383720520e+04 9.937137093609595961e-01
6.075569497389100434e+04 1.002151606259526817e+00
6.075569523394481075e+04 1.001735313708571384e+00
6.075569549399860261e+04 1.000334416087190981e+00
6.075569575405239448e+04 1.009805244074695185e+00
6.075569601410618634e+04 9.982803860554791964e-01
6.075569627415998548e+04 9.926951369993746166e-01
6.075569653421377734e+04 1.001872928830734422e+00
6.075569679426756920e+04 1.003495755988331739e+00
6.075569705432136107e+04 1.007364753713827943e+00
6.075569731437516020e+04 1.002670879667663995e+00
6.075569757442895207e+04 1.005189635245553381e+00
6.075569783448274393e+04 1.004135739217930867e+00
6.075569809453654307e+04 9.915517890394307532e-01
6.075569835459034948e+04 1.003645277182193318e+00
6.075569861464414134e+04 9.906362306385736449e-01
6.075569887469793321e+04 1.002926286022116420e+00
6.075569913475172507e+04 1.006591876096684768e+00
6.075569939480552421e+04 9.909202458029450211e-01
6.075569965485931607e+04 1.002443853080997149e+00
6.075569991491310793e+04 9.808234088102977255e-01
6.075570017496689979e+04 1.000378683845863481e+00
6.075570043502069893e+04 1.004233297356331045e+00
6.075570069507449080e+04 1.002551091004564521e+00
6.075570095512828993e+04 1.003708101068853109e+00
6.075570121518208907e+04 1.009486224896769979e+00
6.075570147523588821e+04 9.962878733012596744e-01
6.075570173528968007e+04 9.977543174263038273e-01
6.075570199534347194e+04 1.004753522358312834e+00
6.075570225539727107e+04 9.886636799153422084e-01
6.075570251545106294e+04 1.002138489798754195e+00
6.075570277550485480e+04 1.008982895177561678e+00
6.075570303555864666e+04 1.000368917497876042e+00
6.075570329561244580e+04 9.966584611713567021e-01
6.075570355566623766e+04 9.935640766278214242e-01
6.075570381572002952e+04 1.002831175440159983e+00
6.075570407577382866e+04 9.924569400539376973e-01
6.075570433582763508e+04 9.912498483487448553e-01
6.075570459588142694e+04 1.003647773002068311e+00
6.075570485593521880e+04 9.905203840371044066e-01
6.075570511598901066e+04 9.990921932649690085e-01
6.075570537604280980e+04 9.993137212985092610e-01
6.075570563609660167e+04 9.992827533988759559e-01
6.075570589615039353e+04 1.005428699123267489e+00
6.075570615620419267e+04 9.910520902566939405e-01
6.075570641625798453e+04 1.006261275748282058e+00
6.075570667631177639e+04 9.962937855369121687e-01
6.075570693636557553e+04 1.004122757277966071e+00
6.075570719641938194e+04 9.935812364508591621e-01
6.075570745647317381e+04 9.915552565541034813e-01
6.075570771652696567e+04 9.998268058170073358e-01
6.075570797658076481e+04 9.933487836269032645e-01
6.075570823663455667e+04 9.971075543663026064e-01
6.075570849668834853e+04 9.938563690037490739e-01
6.075570875674214039e+04 9.992542623445409555e-01
6.075570901679593953e+04 9.960354729931754081e-01
6.075570927684973140e+04 9.947757361716682567e-01
6.075570953690352326e+04 1.005750717342152489e+00
6.075570979695732240e+04 9.990663752748586424e-01
6.075571005701112153e+04 9.965177314936192188e-01
6.075571031706492067e+04 9.943298536704705537e-01
6.075571057711871254e+04 9.958935709495578825e-01
6.075571083717251167e+04 1.012206821183492922e+00
6.075571109722630354e+04 1.002264869891860144e+00
6.075571135728009540e+04 9.887526645922817270e-01
6.075571161733389454e+04 1.005696252343399433e+00
6.075571187738768640e+04 1.000438133204511582e+00
6.075571213744147826e+04 1.002281001288547246e+00
6.075571239749527740e+04 1.010105359969933669e+00
6.075571265754906926e+04 9.957770928180592618e-01
6.075571291760286840e+04 1.000267506726482791e+00
6.075571317765666754e+04 1.007735473962611206e+00
6.075571474868715450e+04 9.912201322558189531e-01
6.075571500874785124e+04 1.002837411430316905e+00
6.075571526880854799e+04 9.967927291258537048e-01
6.075571552886924474e+04 9.954259374807076233e-01
6.075571578892994148e+04 9.921609312593261398e-01
6.075571604899063823e+04 9.916667106239563934e-01
6.075571630905133497e+04 1.000305108930603204e+00
6.075571656911203172e+04 9.882592777099729053e-01
6.075571682917273574e+04 9.951038928807345307e-01
6.075571708923342521e+04 9.933467585065588468e-01
6.075571734929412196e+04 9.945088889896556150e-01
6.075571760935482598e+04 9.882847815539250735e-01
6.075571786941552273e+04 1.005544060973442955e+00
6.075571812947621947e+04 1.000146408648345364e+00
6.075571838953690894e+04 1.010915768007261573e+00
6.075571864959761297e+04 9.960301926180725740e-01
6.075571890965830971e+04 9.946697048809708397e-01
6.075571916971899918e+04 1.010635981452519427e+00
6.075571942977970320e+04 1.006612896057568207e+00
6.075571968984039995e+04 9.985956513344432794e-01
6.075571994990109670e+04 9.913021061476325890e-01
6.075572020996180072e+04 1.007286677664392283e+00
6.075572047002249019e+04 9.951688568507002230e-01
6.075572073008318694e+04 9.979454063610718739e-01
6.075572099014388368e+04 9.953144712478952938e-01
6.075572125020458770e+04 9.944876719281661170e-01
6.075572151026528445e+04 9.947476216681299110e-01
6.075572177032597392e+04 1.004500115167858310e+00
6.075572203038667794e+04 1.001033407869904357e+00
6.075572229044737469e+04 9.999319417701005852e-01
6.075572255050806416e+04 9.894797885736786869e-01
6.075572281056877546e+04 1.000653056560533605e+00
6.075572307062946493e+04 9.964215996645238160e-01
6.075572333069016167e+04 9.894164171710768674e-01
6.075572359075086570e+04 1.006240253380272787e+00
6.075572385081155517e+04 1.000691874677527515e+00
6.075572411087225191e+04 1.004922119240626133e+00
6.075572437093294866e+04 1.004752421712234112e+00
6.075572463099365268e+04 9.960363130514753305e-01
6.075572489105434943e+04 9.919942220759313534e-01
6.075572515111503890e+04 9.885850266394565766e-01
6.075572541117574292e+04 1.003139135376489355e+00
6.075572567123643967e+04 1.004064868469574545e+00
6.075572593129713641e+04 9.984170583208177296e-01
6.075572619135784043e+04 1.007050193522982529e+00
6.075572645141852990e+04 9.982343538134803573e-01
6.075572671147922665e+04 9.955787280514536430e-01
6.075572697153993067e+04 9.994272847954279726e-01
6.075572723160062014e+04 9.913799570920563964e-01
6.075572749166131689e+04 9.998453893743054488e-01
6.075572775172202091e+04 1.011888823303870533e+00
6.075572801178271766e+04 1.006885043828292359e+00
6.075572827184341440e+04 1.002135661440424652e+00
6.075572853190411115e+04 9.919464823290138344e-01
6.075572879196480790e+04 1.000720332679188251e+00
6.075572905202550464e+04 1.010376488233386993e+00
6.075572931208620867e+04 1.003951951351225391e+00
6.075572957214690541e+04 9.992424306850203886e-01
6.075572983220759488e+04 9.980739102734419443e-01
6.075573009226829890e+04 9.933672413946804669e-01
6.075573035232899565e+04 1.000905944333748909e+00
6.075573061238968512e+04 9.924069227724148234e-01
6.075573087245038914e+04 1.009158651622339864e+00
6.075573113251108589e+04 9.979801921284180422e-01
6.075573139257178264e+04 1.006838323441475280e+00
6.075573165263248666e+04 9.986927331792537776e-01
6.075573191269317613e+04 9.997665657619800861e-01
6.075573217275387287e+04 1.006666045123165487e+00
6.075573243281457690e+04 9.874957054857776972e-01
6.075573269287527364e+04 1.004234081366811360e+00
6.075573295293597039e+04 9.983277000788571831e-01
6.075573321299666713e+04 9.988890265886551934e-01
6.075573347305736388e+04 1.003525862958417392e+00
6.075573373311806063e+04 9.988496517888233450e-01
6.075573399317875737e+04 1.001528571102594078e+00
6.075573425323946140e+04 9.943059371179158168e-01
6.075573451330015087e+04 9.910542515062900071e-01
6.075573477336085489e+04 9.919378047128470932e-01
6.075573503342155163e+04 1.006126451971442348e+00
6.075573529348224110e+04 9.952881833153502944e-01
6.075573555354294513e+04 1.001703437415567555e+00
6.075573581360364187e+04 1.014754715953051001e+00
6.075573607366434589e+04 1.006393045247372386e+00
6.075573633372504264e+04 1.010626654786383138e+00
6.075573659378573211e+04 1.003931999542884812e+00
6.075573685384643613e+04 1.001301767097613427e+00
6.075573711390713288e+04 1.006375921947070928e+00
6.075573737396782963e+04 1.001251261159787909e+00
6.075573763402853365e+04 1.002200554530094267e+00
6.075573789408922312e+04 1.008042410108903830e+00
6.075573815414991986e+04 1.001458635672882513e+00
6.075573841421062389e+04 9.978534459854671024e-01
6.075573867427131336e+04 1.007564379792569742e+00
6.075573893433201010e+04 9.947460001592018930e-01
6.075573919439271413e+04 1.008558067291398075e+00
6.075573945445341087e+04 1.014168074059797364e+00
6.075573971451411489e+04 1.000415483493712898e+00
6.075573997457480436e+04 9.930058789555116228e-01
6.075574023463550111e+04 9.964991076914760937e-01
6.075574049469620513e+04 1.009675377392492024e+00
6.075574075475690188e+04 1.001121701923174179e+00
6.075574101481759863e+04 1.015592172828612583e+00
6.075574127487829537e+04 1.001534034469024226e+00
6.075574153493899212e+04 1.001432735833506671e+00
6.075574179499969614e+04 1.001920244608902166e+00
6.075574205506038561e+04 1.007248556598700828e+00
6.075574231512108236e+04 1.004949647081171626e+00
6.075574257518178638e+04 1.004720655142524510e+00
6.075574283524248312e+04 1.005634554961818194e+00
6.075574309530317987e+04 1.004376548266928459e+00
6.075574483016229351e+04 9.984548177036702832e-01
6.075574509021608537e+04 1.011176088176268584e+00
6.075574535026989179e+04 1.006843601586469017e+00
6.075574561032369093e+04 1.008571832495121168e+00
6.075574587037748279e+04 1.002689262926161229e+00
6.075574613043128193e+04 1.006885240908131696e+00
6.075574639048507379e+04 9.972384675613406024e-01
6.075574665053887293e+04 9.931353082544869260e-01
6.075574691059266479e+04 1.006357136147699505e+00
6.075574717064645665e+04 1.001474818425297508e+00
6.075574743070025579e+04 1.009084622160697275e+00
6.075574769075404765e+04 1.001363506995186725e+00
6.075574795080784679e+04 1.009803133702023237e+00
6.075574821086163865e+04 1.011922114670487982e+00
6.075574847091544507e+04 1.014558336597921162e+00
6.075574873096924421e+04 1.001175703260559047e+00
6.075574899102303607e+04 1.005396702647561646e+00
6.075574925107683521e+04 1.004000174001393741e+00
6.075574951113062707e+04 1.010506946525308924e+00
6.075574977118442621e+04 1.007246357286234906e+00
6.075575003123821807e+04 1.003142622378181859e+00
6.075575029129201721e+04 1.001579246853067984e+00
6.075575055134580907e+04 9.979115346265412523e-01
6.075575081139960093e+04 9.915809034457053750e-01
6.075575107145340007e+04 1.007142573476357716e+00
6.075575133150719921e+04 1.000337137801177168e+00
6.075575159156100563e+04 1.014541737742542749e+00
6.075575185161479749e+04 1.010161524346502304e+00
6.075575211166859663e+04 1.000359337426850237e+00
6.075575237172238849e+04 9.945907518981357276e-01
6.075575263177618035e+04 1.012603643727091773e+00
6.075575289182997949e+04 1.000931065599801828e+00
6.075575315188377135e+04 1.003337994912229858e+00
6.075575341193757049e+04 1.027464116714653430e+00
6.075575367199136235e+04 1.002656612476313658e+00
6.075575393204516149e+04 1.007990758800977549e+00
6.075575419209895335e+04 1.002570747150465902e+00
6.075575445215275249e+04 9.901941472151842838e-01
6.075575471220655891e+04 1.007326197479745389e+00
6.075575497226035077e+04 1.005943365188794347e+00
6.075575523231414991e+04 9.998293922930661104e-01
6.075575549236794177e+04 1.017127039041414660e+00
6.075575575242174091e+04 1.002368058133032758e+00
6.075575601247553277e+04 1.010072917243637791e+00
6.075575627252933191e+04 1.000469059800432214e+00
6.075575653258312377e+04 1.008387055961976086e+00
6.075575679263691563e+04 1.001773786690528523e+00
6.075575705269071477e+04 9.973786607047430142e-01
6.075575731274451391e+04 9.959464589633404419e-01
6.075575757279832033e+04 1.003858829799469277e+00
6.075575783285211219e+04 1.002183963866847716e+00
6.075575809290591133e+04 9.918912816506432195e-01
6.075575835295970319e+04 1.008151737362797951e+00
6.075575861301350233e+04 1.006810891315793599e+00
6.075575887306729419e+04 1.000729446361585229e+00
6.075575913312109333e+04 9.968217832531136580e-01
6.075575939317488519e+04 1.008878522278625400e+00
6.075575965322867705e+04 1.008289985231962005e+00
6.075575991328247619e+04 1.004468997659981433e+00
6.075576017333626805e+04 1.003116795587414956e+00
6.075576043339007447e+04 9.976939172606537065e-01
6.075576069344387361e+04 1.000503691744461188e+00
6.075576095349767274e+04 9.974868910027966384e-01
6.075576121355146461e+04 9.951370433236023105e-01
6.075576147360526375e+04 1.001028068612473731e+00
6.075576173365905561e+04 1.001325476655687829e+00
6.075576199371285475e+04 9.999720343328065697e-01
6.075576225376664661e+04 9.986367457779391499e-01
6.075576251382044575e+04 1.004095716594718191e+00
6.075576277387423761e+04 9.965391859714680667e-01
6.075576303392802947e+04 9.941554615143093354e-01
6.075576329398183589e+04 1.000566932257242581e+00
6.075576355403563502e+04 9.946775291450178358e-01
6.075576381408943416e+04 1.005361790574214043e+00
6.075576407414322603e+04 9.898474024984761366e-01
6.075576433419702516e+04 1.006451544893754546e+00
6.075576459425081703e+04 1.009685334165633774e+00
6.075576485430461616e+04 9.931474290391631987e-01
6.075576511435840803e+04 1.008589328312670341e+00
6.075576537441220717e+04 1.002281689103346141e+00
6.075576563446599903e+04 1.001507383988123223e+00
6.075576589451979817e+04 9.969433475017992485e-01
6.075576615457359003e+04 1.005603670440983644e+00
6.075576641462739644e+04 9.988649918437877417e-01
6.075576667468119558e+04 1.007569691399480494e+00
6.075576693473499472e+04 1.000889599704050781e+00
6.075576719478878658e+04 9.982719064512305396e-01
6.075576745484258572e+04 1.012175602439574496e+00
6.075576771489637758e+04 1.015286136451138299e+00
6.075576797495017672e+04 1.000531540738686331e+00
6.075576823500396858e+04 9.946491144594227229e-01
6.075576849505776045e+04 1.005538604197543151e+00
6.075576875511155959e+04 1.003999002667987916e+00
6.075576901516535145e+04 9.993675454806237868e-01
6.075576927521915786e+04 1.006400712067665237e+00
6.075576953527295700e+04 9.934546229797689421e-01
6.075576979532675614e+04 1.000420720483650827e+00
6.075577005538054800e+04 9.923681573882191520e-01
6.075577031543434714e+04 1.004819200237678789e+00
6.075577057548813900e+04 1.006473483285558412e+00
6.075577083554193814e+04 9.998621574405397450e-01
6.075577109559573000e+04 9.914147499277430331e-01
6.075577135564952914e+04 9.980014479692986828e-01
6.075577161570332100e+04 1.005421190649979701e+00
6.075577187575712014e+04 9.994277603300959489e-01
6.075577213581091200e+04 1.001441192302088723e+00
6.075577239586471842e+04 9.921518715223982543e-01
6.075577265591851756e+04 9.973839464398659427e-01
6.075577291597231670e+04 9.933523112633910745e-01
6.075577317602610856e+04 1.010112173416268577e+00
