6.075585120116569306e+04 9.951069813505922790e-01
6.075585146121949219e+04 1.007348115146498913e+00
6.075585172127328406e+04 1.002333196271820270e+00
6.075585198132708319e+04 9.958540061617112693e-01
6.075585224138088233e+04 9.998345880723747969e-01
6.075585250143468147e+04 1.006470706935465698e+00
6.075585276148847333e+04 1.003894047700197856e+00
6.075585302154227247e+04 9.965118340582304057e-01
6.075585328159607161e+04 9.994671499889761224e-01
6.075585354164987803e+04 9.987557175917003427e-01
6.075585380170368444e+04 1.008748207588615609e+00
6.075585406175747630e+04 9.984327568410645837e-01
6.075585432181127544e+04 1.011250325125379712e+00
6.075585458186507458e+04 9.981403388735724524e-01
6.075585484191887372e+04 9.972221468504199882e-01
6.075585510197266558e+04 9.974650512798334256e-01
6.075585536202646472e+04 1.000282221257956294e+00
6.075585562208026386e+04 1.002026043465009453e+00
6.075585588213406299e+04 1.000040168609311220e+00
6.075585614218786213e+04 9.976235404887753289e-01
6.075585640224165400e+04 1.002175166694515340e+00
6.075585666229546041e+04 1.007981563874530861e+00
6.075585692234926682e+04 9.938613639489557450e-01
6.075585718240306596e+04 1.000942058735191154e+00
6.075585744245685783e+04 1.003878929842973555e+00
6.075585770251065696e+04 1.009567226129281181e+00
6.075585796256445610e+04 9.945622198000144687e-01
6.075585822261825524e+04 1.001355012752468632e+00
6.075585848267205438e+04 9.985989408153235214e-01
6.075585874272584624e+04 9.998381203102026937e-01
6.075585900277964538e+04 9.956757061626654304e-01
6.075585926283344452e+04 9.930260348774934132e-01
6.075585952288725093e+04 1.009094975611249279e+00
6.075585978294105735e+04 1.007178838409352517e+00
6.075586004299484921e+04 9.952696814371561063e-01
6.075586030304864835e+04 9.935299574821245816e-01
6.075586056310244749e+04 1.002645389896289041e+00
6.075586082315624662e+04 9.988570391100081158e-01
6.075586108321004576e+04 9.997532206031729540e-01
6.075586134326383763e+04 1.011497532475497785e+00
6.075586160331763676e+04 9.962164071154013811e-01
6.075586186337143590e+04 9.983622632714234113e-01
6.075586212342523504e+04 9.991529847370724804e-01
6.075586238347903418e+04 9.989852216553868347e-01
6.075586264353283332e+04 9.946288399340309505e-01
6.075586290358663973e+04 9.915149686486107727e-01
6.075586316364043887e+04 9.915937880546430438e-01
6.075586342369423801e+04 9.982075368102012458e-01
6.075586368374803715e+04 9.917429486899985713e-01
6.075586394380182901e+04 1.000382166362655090e+00
6.075586420385562815e+04 9.908199834779294335e-01
6.075586446390942729e+04 9.937915118904452338e-01
6.075586472396322642e+04 1.005128333503170435e+00
6.075586498401702556e+04 9.966283686587624757e-01
6.075586524407081743e+04 1.005157873783047773e+00
6.075586550412462384e+04 9.957520938364460283e-01
6.075586576417843025e+04 9.973786642468727148e-01
6.075586602423222939e+04 9.900353850290859459e-01
6.075586628428602853e+04 1.004832033047881268e+00
6.075586654433982039e+04 9.924306420459353406e-01
6.075586680439361953e+04 9.972004886534751034e-01
6.075586706444741867e+04 9.965487912413000249e-01
6.075586732450121781e+04 1.003891813910962494e+00
6.075586758455501695e+04 1.061340701391888075e+00
6.075586784460881609e+04 1.006157152671275590e+00
6.075586810466260795e+04 9.939784382142666797e-01
6.075586836471640709e+04 1.005238789612628691e+00
6.075586862477021350e+04 9.974657174668486448e-01
6.075586888482401991e+04 9.980890244481378515e-01
6.075586914487781905e+04 9.909404278603254346e-01
6.075586940493161092e+04 9.901472182910604491e-01
6.075586966498541005e+04 1.010680628846082119e+00
6.075586992503920919e+04 9.986429871944345615e-01
6.075587018509300833e+04 9.930318241832036819e-01
6.075587044514680747e+04 9.983969528094029933e-01
6.075587070520060661e+04 9.955545291225569304e-01
6.075587096525439847e+04 9.930436886345712644e-01
6.075587122530819761e+04 9.902953203456709153e-01
6.075587148536199675e+04 9.919654878583183955e-01
6.075587174541581044e+04 9.986788809262485689e-01
6.075587200546960958e+04 9.954292837628511137e-01
6.075587226552340871e+04 1.000237847453111062e+00
6.075587252557720058e+04 9.961919515730980335e-01
6.075587278563099972e+04 9.965540093673055377e-01
6.075587304568479885e+04 9.887623134648240164e-01
6.075587330573859799e+04 1.006451899610797840e+00
6.075587356579239713e+04 9.939210084005716261e-01
6.075587382584619627e+04 9.948606597754049430e-01
6.075587408589998813e+04 1.006176163689990632e+00
6.075587434595378727e+04 9.952996933105107136e-01
6.075587460600759368e+04 9.944561455873603961e-01
6.075587486606140010e+04 9.998200208170641146e-01
6.075587512611519924e+04 1.000732948893514385e+00
6.075587538616899838e+04 9.930112399346384677e-01
6.075587564622279751e+04 9.930472911444379047e-01
6.075587590627658938e+04 1.004720525048842683e+00
6.075587616633038851e+04 9.982020572650326384e-01
6.075587642638418765e+04 9.896746628834470760e-01
6.075587668643798679e+04 9.981845456533084970e-01
6.075587694649178593e+04 9.911891108610159096e-01
6.075587720654558507e+04 1.000862958846245210e+00
6.075587746659937693e+04 1.006662059430006195e+00
6.075587772665318334e+04 9.972732366664184278e-01
6.075587798670698976e+04 9.932933888825009605e-01
6.075587824676078890e+04 1.000252743240090947e+00
6.075587850681458804e+04 1.003093365952067106e+00
6.075587876686838717e+04 9.978229301245070682e-01
6.075587902692218631e+04 9.918256556053864914e-01
6.075587928697597818e+04 9.964651617227570091e-01
6.075587954702977731e+04 1.002256775825827617e+00
6.075588115586427011e+04 9.905463978979074380e-01
6.075588141592496686e+04 9.971970314295581783e-01
6.075588167598567088e+04 9.973219714816978776e-01
6.075588193604636763e+04 9.932033977330915198e-01
6.075588219610707165e+04 9.965381004981929136e-01
6.075588245616777567e+04 1.000441775446322179e+00
6.075588271622847242e+04 9.921900562749550456e-01
6.075588297628917644e+04 9.952940033495421002e-01
6.075588323634988046e+04 1.003896049807268875e+00
6.075588349641056993e+04 1.002907093479281864e+00
6.075588375647127395e+04 9.997824255849701025e-01
6.075588401653197798e+04 9.856333286573135677e-01
6.075588427659268200e+04 1.004321076682439529e+00
6.075588453665338602e+04 9.949484957125854789e-01
6.075588479671408277e+04 9.905834674151084984e-01
6.075588505677478679e+04 9.985592270878332899e-01
6.075588531683548354e+04 9.969787120051617491e-01
6.075588557689618756e+04 9.945993004244561009e-01
6.075588583695689158e+04 9.954082770050515228e-01
6.075588609701758833e+04 1.000996828488244228e+00
6.075588635707829235e+04 9.999477090806151436e-01
6.075588661713899637e+04 1.000320168719719849e+00
6.075588687719969312e+04 9.958608585953069303e-01
6.075588713726038986e+04 9.882063753223205849e-01
6.075588739732109389e+04 1.000372239546621245e+00
6.075588765738179791e+04 1.005461929842736524e+00
6.075588791744250193e+04 1.000227082373366994e+00
6.075588817750319868e+04 9.977578336395628300e-01
6.075588843756390270e+04 1.003196688105187029e+00
6.075588869762460672e+04 1.001694623893397473e+00
6.075588895768530347e+04 1.003277196360168322e+00
6.075588921774600749e+04 9.881332787433148024e-01
6.075588947780670424e+04 9.896712071277987688e-01
6.075588973786740826e+04 1.010336605631046103e+00
6.075588999792811228e+04 9.974983920034886653e-01
6.075589025798880903e+04 9.891025493997220863e-01
6.075589051804952032e+04 9.915034574836028014e-01
6.075589077811021707e+04 9.994472382924149967e-01
6.075589103817091382e+04 9.913281933723367967e-01
6.075589129823161784e+04 9.905733931646437673e-01
6.075589155829231458e+04 9.930176924810273364e-01
6.075589181835301861e+04 9.923251685959352253e-01
6.075589207841372263e+04 9.958077693025548793e-01
6.075589233847442665e+04 9.953183170333502749e-01
6.075589259853513067e+04 1.000574574442087528e+00
6.075589285859582742e+04 9.978317786570647385e-01
6.075589311865652417e+04 1.000258241064902576e+00
6.075589337871722819e+04 1.000457754946784128e+00
6.075589363877793221e+04 1.002585295211787741e+00
6.075589389883863623e+04 9.915839466292251103e-01
6.075589415889933298e+04 9.918096275154355546e-01
6.075589441896003700e+04 1.002629927133580123e+00
6.075589467902074102e+04 1.002794931651763255e+00
6.075589493908143777e+04 9.981607204231578434e-01
6.075589519914213452e+04 9.963415673364232061e-01
6.075589545920283854e+04 9.995891714620452895e-01
6.075589571926354256e+04 1.001339899647667675e+00
6.075589597932424658e+04 1.000244434609765420e+00
6.075589623938494333e+04 1.001118773478802737e+00
6.075589649944564735e+04 1.001071413794863751e+00
6.075589675950635137e+04 9.981522324558241843e-01
6.075589701956705539e+04 1.003254833506647348e+00
6.075589727962775942e+04 1.001893256034169344e+00
6.075589753968844889e+04 9.959397785055992269e-01
6.075589779974915291e+04 9.996991022479073674e-01
6.075589805980985693e+04 1.005058379538269486e+00
6.075589831987055368e+04 9.915050252207266990e-01
6.075589857993125770e+04 1.005875967870284438e+00
6.075589883999196172e+04 9.984705981836731192e-01
6.075589910005266574e+04 1.010855888619951237e+00
6.075589936011336977e+04 1.010888535745381622e+00
6.075589962017406651e+04 1.004400584101053484e+00
6.075589988023477054e+04 1.001720805102968015e+00
6.075590014029546728e+04 1.005049823480319793e+00
6.075590040035617130e+04 9.956710220912327047e-01
6.075590066041687533e+04 1.003211555805152422e+00
6.075590092047757207e+04 9.994410306746002171e-01
6.075590118053827609e+04 1.005586018806112092e+00
6.075590144059898012e+04 9.992462000766785257e-01
6.075590170065967686e+04 1.003560644474798424e+00
6.075590196072038816e+04 1.002072623577139998e+00
6.075590222078108491e+04 9.971618943210740493e-01
6.075590248084178893e+04 1.002411497178777866e+00
6.075590274090249295e+04 9.978383121071952022e-01
6.075590300096318242e+04 1.001991694720310688e+00
6.075590326102388644e+04 1.003996469020053794e+00
6.075590352108459047e+04 1.003800253103406703e+00
6.075590378114529449e+04 9.987176030865683174e-01
6.075590404120599851e+04 9.999005785475415520e-01
6.075590430126669526e+04 9.990874055927144726e-01
6.075590456132739928e+04 1.002620699809377181e+00
6.075590482138810330e+04 1.002336907016638134e+00
6.075590508144880732e+04 1.001622891897504086e+00
6.075590534150951135e+04 1.003749671719382786e+00
6.075590560157020809e+04 9.987814293827842471e-01
6.075590586163091211e+04 1.004904515357490036e+00
6.075590612169160886e+04 1.003799455600696611e+00
6.075590638175230561e+04 9.910449357340315180e-01
6.075590664181300963e+04 1.000679269450811981e+00
6.075590690187371365e+04 1.008039496441655691e+00
6.075590716193441767e+04 9.992945466270709565e-01
6.075590742199512169e+04 1.009319642144763662e+00
6.075590768205581844e+04 1.001052365427881785e+00
6.075590794211652246e+04 1.000859900628271459e+00
6.075590820217722649e+04 1.003206721702836646e+00
6.075590846223793051e+04 9.916847287080629014e-01
6.075590872229863453e+04 9.992367514416177210e-01
6.075590898235933128e+04 9.975821005617244719e-01
6.075590924242003530e+04 1.002212804127240897e+00
6.075590950248073932e+04 1.003930554786462315e+00
6.075591106051386305e+04 1.004401539899407059e+00
6.075591132057445793e+04 9.988468841311548552e-01
6.075591158063505281e+04 1.011623754931483710e+00
6.075591184069564770e+04 1.001570996411380809e+00
6.075591210075624258e+04 1.000506401903549225e+00
6.075591236081683746e+04 1.013644298277061484e+00
6.075591262087743235e+04 1.013751071060642328e+00
6.075591288093802723e+04 1.001772156104934641e+00
6.075591314099862211e+04 1.003833471901544483e+00
6.075591340105922427e+04 1.006648332888906205e+00
6.075591366111981915e+04 1.005134657668415477e+00
6.075591392118041404e+04 1.004339894234893782e+00
6.075591418124100892e+04 1.006697655637801780e+00
6.075591444130160380e+04 9.927090498724405743e-01
6.075591470136219868e+04 1.001974103674163619e+00
6.075591496142279357e+04 9.959547757796707312e-01
6.075591522148338845e+04 1.000474158172352190e+00
6.075591548154399061e+04 1.003991291614876991e+00
6.075591574160458549e+04 9.913924408353893547e-01
6.075591600166518037e+04 1.006804349781476482e+00
6.075591626172577526e+04 1.005864851597091825e+00
6.075591652178637742e+04 1.006886738521510782e+00
6.075591678184697230e+04 9.954281592831701886e-01
6.075591704190756718e+04 9.998373517827253698e-01
6.075591730196816206e+04 1.002523955177975656e+00
6.075591756202875695e+04 1.002586784452247803e+00
6.075591782208935183e+04 1.004824401135171463e+00
6.075591808214994671e+04 9.955798720851588568e-01
6.075591834221054160e+04 9.923719254639751242e-01
6.075591860227113648e+04 1.011094583543574510e+00
6.075591886233173136e+04 1.005677989876954559e+00
6.075591912239232624e+04 1.001767893132194498e+00
6.075591938245292840e+04 1.004782043988894591e+00
6.075591964251352329e+04 1.009896705355613822e+00
6.075591990257411817e+04 1.000534085500785597e+00
6.075592016263471305e+04 1.004110146926223024e+00
6.075592042269530793e+04 1.001104363014606147e+00
6.075592068275590282e+04 1.005979106194482942e+00
6.075592094281649770e+04 9.953573380180167351e-01
6.075592120287709986e+04 9.996248962353442291e-01
6.075592146293769474e+04 1.007852993744505765e+00
6.075592172299828962e+04 1.007084443954006314e+00
6.075592198305888451e+04 1.002322793380083343e+00
6.075592224311948667e+04 9.958464910716465779e-01
6.075592250318008155e+04 1.007954164148775256e+00
6.075592276324067643e+04 1.009331087605171318e+00
6.075592302330127131e+04 1.004937411307333717e+00
6.075592328336186620e+04 9.965630903699772558e-01
6.075592354342246108e+04 1.013741860410391604e+00
6.075592380348305596e+04 1.008877762322988980e+00
6.075592406354365812e+04 1.001868080965010899e+00
6.075592432360425300e+04 1.001459577659133071e+00
6.075592458366484789e+04 1.002343987871061159e+00
6.075592484372544277e+04 9.998555703536504691e-01
6.075592510378604493e+04 9.995703183522974822e-01
6.075592536384663981e+04 1.007441137861608826e+00
6.075592562390723469e+04 9.948927378059434501e-01
6.075592588396782958e+04 1.007721653925132577e+00
6.075592614402842446e+04 1.004301299330679687e+00
6.075592640408901934e+04 1.009392375115739648e+00
6.075592666414961423e+04 1.004152729564470770e+00
6.075592692421020911e+04 9.951082352074027693e-01
6.075592718427081127e+04 1.000064045702715676e+00
6.075592744433140615e+04 1.006658011461577740e+00
6.075592770439200103e+04 1.001895072313028212e+00
6.075592796445260319e+04 1.009874142908353978e+00
6.075592822451319807e+04 1.003075490470687114e+00
6.075592848457379296e+04 1.012063712990070030e+00
6.075592874463438784e+04 1.001003668208790831e+00
6.075592900469498272e+04 1.004987385123063737e+00
6.075592926475557761e+04 1.002225505841918274e+00
6.075592952481617249e+04 9.964091563191156409e-01
6.075592978487676737e+04 1.004687777833206619e+00
6.075593004493736953e+04 9.983087191696131679e-01
6.075593030499796441e+04 9.947685347076573592e-01
6.075593056505855930e+04 1.008768576703250597e+00
6.075593082511916145e+04 1.002434832277363963e+00
6.075593108517975634e+04 9.936641651445576873e-01
6.075593134524035122e+04 1.000358411540165582e+00
6.075593160530094610e+04 1.001496072004750104e+00
6.075593186536154099e+04 9.983752896307644953e-01
6.075593212542213587e+04 9.963904554344880093e-01
6.075593238548273075e+04 1.000765640619602381e+00
6.075593264554332563e+04 1.005205816342034764e+00
6.075593290560392779e+04 1.002521845788824306e+00
6.075593316566452268e+04 1.009705634195028567e+00
6.075593342572511756e+04 1.006423447433425045e+00
6.075593368578571244e+04 1.003800993290484556e+00
6.075593394584631460e+04 1.002164259441969074e+00
6.075593420590690948e+04 1.003422639725050525e+00
6.075593446596750437e+04 1.007968247790450356e+00
6.075593472602809925e+04 9.964590895832852180e-01
6.075593498608869413e+04 9.920793876333156014e-01
6.075593524614928901e+04 1.008837235539435051e+00
6.075593550620988390e+04 1.011120681672928567e+00
6.075593576627048606e+04 1.000432767970428571e+00
6.075593602633108094e+04 9.975992202703836131e-01
6.075593628639167582e+04 9.982440612879263098e-01
6.075593654645227070e+04 9.963713610775299934e-01
6.075593680651287286e+04 9.962462649136862858e-01
6.075593706657346775e+04 1.005873917892300407e+00
6.075593732663406263e+04 9.988095727410531977e-01
6.075593758669465751e+04 9.892918153535167347e-01
6.075593784675525239e+04 1.003967023745826692e+00
6.075593810681584728e+04 1.006006576100082484e+00
6.075593836687644216e+04 1.003439646836693289e+00
6.075593862693704432e+04 9.982565446585841551e-01
6.075593888699763920e+04 9.968377502694220071e-01
6.075593914705823408e+04 1.003369546584714334e+00
6.075593940711883624e+04 9.971829129383064094e-01
6.075594106598430517e+04 9.987362272381854478e-01
6.075594132604500919e+04 1.004978261056964417e+00
6.075594158610571321e+04 1.000419867646370475e+00
6.075594184616640996e+04 9.960409125888173287e-01
6.075594210622711398e+04 1.001680848208505781e+00
6.075594236628781800e+04 9.949600422595925586e-01
6.075594262634852203e+04 1.008666246866906313e+00
6.075594288640922605e+04 9.938700746357589377e-01
6.075594314646992279e+04 1.009609332084032918e+00
6.075594340653063409e+04 9.961914826272263435e-01
6.075594366659133811e+04 9.925729240250451557e-01
6.075594392665203486e+04 1.003296106333760207e+00
6.075594418671273888e+04 9.996138284860680567e-01
6.075594444677344291e+04 9.986464595604749306e-01
6.075594470683414693e+04 1.006191202768013992e+00
6.075594496689485095e+04 9.964609604387778541e-01
6.075594522695554770e+04 9.928725491752599108e-01
6.075594548701625172e+04 9.952915375324010716e-01
6.075594574707695574e+04 9.995607472624195022e-01
6.075594600713765976e+04 9.907976373784023183e-01
6.075594626719836378e+04 1.010874051838791754e+00
6.075594652725906053e+04 1.010569612673407613e+00
6.075594678731976455e+04 9.955399769500083984e-01
6.075594704738046858e+04 1.002791284983816755e+00
6.075594730744116532e+04 9.866322717659598007e-01
6.075594756750187662e+04 1.000232515433353564e+00
6.075594782756257337e+04 1.004786557731052632e+00
6.075594808762328466e+04 9.932429735370278401e-01
6.075594834768398869e+04 9.973187390115684225e-01
6.075594860774468543e+04 9.948943766260682775e-01
6.075594886780538945e+04 9.963228495688257746e-01
6.075594912786609348e+04 1.001505161898986307e+00
6.075594938792679750e+04 9.992585526076794844e-01
6.075594964798750152e+04 9.999030342689724238e-01
6.075594990804819827e+04 9.989861303075987520e-01
6.075595016810890229e+04 9.941302848325428432e-01
6.075595042816960631e+04 9.986238322014120428e-01
6.075595068823031033e+04 9.995523282356486572e-01
6.075595094829101436e+04 1.000099440829551156e+00
6.075595120835171110e+04 1.000895903490719885e+00
6.075595146841241512e+04 9.937442802898546201e-01
6.075595172847312642e+04 9.917099150517584283e-01
6.075595198853382317e+04 1.005226471274735189e+00
6.075595224859452719e+04 1.002694862060272030e+00
6.075595250865523121e+04 9.922652861237133415e-01
6.075595276871593524e+04 1.005959337713528523e+00
6.075595302877663926e+04 9.985371416642619957e-01
6.075595328883733600e+04 1.006819504478634775e+00
6.075595354889804003e+04 1.004381926637029077e+00
6.075595380895874405e+04 1.012894186185766987e+00
6.075595406901944807e+04 9.919438968704004100e-01
6.075595432908015209e+04 9.983582105487340819e-01
6.075595458914084884e+04 9.947163951169198937e-01
6.075595484920156014e+04 9.971525689227211942e-01
6.075595510926226416e+04 9.890185119495960020e-01
6.075595536932296091e+04 1.006515093243430803e+00
6.075595562938366493e+04 1.001521988602794178e+00
6.075595588944436895e+04 9.924004515676534410e-01
6.075595614950507297e+04 9.925638903128003454e-01
6.075595640956577699e+04 1.000071738992970749e+00
6.075595666962647374e+04 1.000069491562478596e+00
6.075595692968717776e+04 1.000430237086733065e+00
6.075595718974788178e+04 9.996880457435440848e-01
6.075595744980858581e+04 1.002695806317096094e+00
6.075595770986929710e+04 9.991841705151566222e-01
6.075595796992999385e+04 9.934270274024618042e-01
6.075595822999069787e+04 1.002165194094242429e+00
6.075595849005140190e+04 9.974380225398346012e-01
6.075595875011209864e+04 9.969378676523152905e-01
6.075595901017280994e+04 1.003102769023210161e+00
6.075595927023350669e+04 1.003194494986064944e+00
6.075595953029421071e+04 1.000693465169073315e+00
6.075595979035491473e+04 1.006323934231398765e+00
6.075596005041561148e+04 9.994526485644726899e-01
6.075596031047632277e+04 9.976446690524988226e-01
6.075596057053702680e+04 9.998593428241958625e-01
6.075596083059773082e+04 1.008587373122582731e+00
6.075596109065843484e+04 9.962436338434581540e-01
6.075596135071913159e+04 1.003714493654978446e+00
6.075596161077983561e+04 9.938061595475231602e-01
6.075596187084053963e+04 9.973021427258803584e-01
6.075596213090124365e+04 9.939337308386281267e-01
6.075596239096194768e+04 9.976724977689379603e-01
6.075596265102265170e+04 9.928491467238503843e-01
6.075596291108335572e+04 9.981944829093846172e-01
6.075596317114405974e+04 9.919102768805875270e-01
6.075596343120475649e+04 9.876707980051229185e-01
6.075596369126546051e+04 9.999022449936488810e-01
6.075596395132616453e+04 9.932095132912501789e-01
6.075596421138686856e+04 9.864359418706332150e-01
6.075596447144757258e+04 9.915033741699521563e-01
6.075596473150827660e+04 9.920262000474878716e-01
6.075596499156898062e+04 9.916850227647980853e-01
6.075596525162968464e+04 9.934750712609367040e-01
6.075596551169038867e+04 1.001822567069052816e+00
6.075596577175109269e+04 9.944400267441864116e-01
6.075596603181178943e+04 9.932693318760685841e-01
6.075596629187249346e+04 9.959939301561719915e-01
6.075596655193319748e+04 9.965452290961910320e-01
6.075596681199390150e+04 1.000940328935652657e+00
6.075596707205460552e+04 9.963440852290595950e-01
6.075596733211530955e+04 9.953251164973316856e-01
6.075596759217601357e+04 1.001467090123238757e+00
6.075596785223671759e+04 1.006055320673648890e+00
6.075596811229741434e+04 9.995340321932801864e-01
6.075596837235811836e+04 1.004842577086665800e+00
6.075596863241882238e+04 9.992356493219394231e-01
6.075596889247953368e+04 9.996191373464970997e-01
6.075596915254023770e+04 1.005328121001017427e+00
6.075596941260093445e+04 1.001118444213804803e+00
6.075597102105359954e+04 1.002497464053476062e+00
6.075597128111420170e+04 9.984820497673088102e-01
6.075597154117479658e+04 9.929256895046763010e-01
6.075597180123539147e+04 9.959202753585207901e-01
6.075597206129598635e+04 1.002548225618627331e+00
6.075597232135658123e+04 9.944633460666073566e-01
6.075597258141718339e+04 9.962981001491175714e-01
6.075597284147777827e+04 9.899807593212228696e-01
6.075597310153837316e+04 9.934121651835641220e-01
6.075597336159897532e+04 9.969974758170870865e-01
6.075597362165957020e+04 9.956297182899713771e-01
6.075597388172016508e+04 9.985321029448116503e-01
6.075597414178077452e+04 9.967213726132413409e-01
6.075597440184136940e+04 9.969534109001317868e-01
6.075597466190196428e+04 9.986338493854359788e-01
6.075597492196255916e+04 9.965339169208566883e-01
6.075597518202315405e+04 1.002442365351928100e+00
6.075597544208374893e+04 9.924571137653558361e-01
6.075597570214434381e+04 9.949049415912555316e-01
6.075597596220494597e+04 1.002211544325034565e+00
6.075597622226554813e+04 9.916401135587239457e-01
6.075597648232614301e+04 9.930810446989551954e-01
6.075597674238673790e+04 9.955556127672949840e-01
6.075597700244734006e+04 1.001867033226242709e+00
6.075597726250793494e+04 9.984537448447268204e-01
6.075597752256853710e+04 1.002445967573782459e+00
6.075597778262913198e+04 1.008707732598755680e+00
6.075597804268972686e+04 1.001004126485278034e+00
6.075597830275032175e+04 1.004833719315124663e+00
6.075597856281091663e+04 9.852613125663892690e-01
6.075597882287151151e+04 1.007629513754869199e+00
6.075597908293212095e+04 9.990091577853598137e-01
6.075597934299271583e+04 1.005952366866210479e+00
6.075597960305331071e+04 9.927493802062170580e-01
6.075597986311390559e+04 9.983802548809150856e-01
6.075598012317450775e+04 1.001750398082566607e+00
6.075598038323510264e+04 9.918567760396443944e-01
6.075598064329570479e+04 9.946817750603321739e-01
6.075598090335629968e+04 9.956023474989199595e-01
6.075598116341689456e+04 9.952487978622563958e-01
6.075598142347748944e+04 1.006624047171371439e+00
6.075598168353808433e+04 9.941998482168106221e-01
6.075598194359869376e+04 9.945251005480553186e-01
6.075598220365928864e+04 1.001932389090750330e+00
6.075598246371988353e+04 9.903422994711098548e-01
6.075598272378047841e+04 9.929369702870617376e-01
6.075598298384108057e+04 9.976481446109396467e-01
6.075598324390167545e+04 1.001638907338795681e+00
6.075598350396227761e+04 1.003225390643982085e+00
6.075598376402287249e+04 1.000461936150287334e+00
6.075598402408346738e+04 9.960926337967955790e-01
6.075598428414406226e+04 1.010877443223503480e+00
6.075598454420465714e+04 9.907184378704285699e-01
6.075598480426526658e+04 9.987275102467185750e-01
6.075598506432586146e+04 9.999923184705253876e-01
6.075598532438645634e+04 1.002647991565737362e+00
6.075598558444705122e+04 1.006288505990121207e+00
6.075598584450765338e+04 1.010374450623183540e+00
6.075598610456825554e+04 9.980598519943278957e-01
6.075598636462885042e+04 9.947776509532564315e-01
6.075598662468944531e+04 1.000522899462175541e+00
6.075598688475004019e+04 9.945025697104272755e-01
6.075598714481063507e+04 1.000272955659554874e+00
6.075598740487123723e+04 1.001653413684692184e+00
6.075598766493183211e+04 1.001596799530918513e+00
6.075598792499243427e+04 9.997801579493157398e-01
6.075598818505302916e+04 9.989382917876942214e-01
6.075598844511362404e+04 1.002632916222692128e+00
6.075598870517423347e+04 1.008565991435959708e+00
6.075598896523482836e+04 1.000108038588031878e+00
6.075598922529542324e+04 9.909470063816974150e-01
6.075598948535601812e+04 9.997133805958341446e-01
6.075598974541661300e+04 1.005748936345447486e+00
6.075599000547721516e+04 1.003220808172403888e+00
6.075599026553781005e+04 9.992275444354073999e-01
6.075599052559840493e+04 1.000001955852499957e+00
6.075599078565900709e+04 9.988359031441795821e-01
6.075599104571960197e+04 1.005846492435197304e+00
6.075599130578020413e+04 1.005085458669773280e+00
6.075599156584080629e+04 9.958473601303349243e-01
6.075599182590140117e+04 1.001777494959955161e+00
6.075599208596199605e+04 1.003966873960088657e+00
6.075599234602259094e+04 1.003062433169854772e+00
6.075599260608319310e+04 1.002845625530175200e+00
6.075599286614378798e+04 9.970498537480978474e-01
6.075599312620438286e+04 1.005486128035622873e+00
6.075599338626497774e+04 1.002381023184717002e+00
6.075599364632558718e+04 1.000100989178719146e+00
6.075599390638618206e+04 1.003258012991552262e+00
6.075599416644677694e+04 9.968160548893709727e-01
6.075599442650737910e+04 9.933532715119961498e-01
6.075599468656797399e+04 1.006280013432053311e+00
6.075599494662857614e+04 1.003750778657996223e+00
6.075599520668917103e+04 1.004811000435386736e+00
6.075599546674976591e+04 9.940764601580636128e-01
6.075599572681036079e+04 1.000721050558325054e+00
6.075599598687096295e+04 9.945467437400145050e-01
6.075599624693155783e+04 9.930101039172101185e-01
6.075599650699215999e+04 1.000325781790990964e+00
6.075599676705275488e+04 9.949736419361731032e-01
6.075599702711334976e+04 1.005502614999178590e+00
6.075599728717395192e+04 1.006801008330536540e+00
6.075599754723455408e+04 9.999125075356840586e-01
6.075599780729514896e+04 1.001702764719154093e+00
6.075599806735574384e+04 1.004060742823170482e+00
6.075599832741634600e+04 1.006561705111556737e+00
6.075599858747694088e+04 9.991423061615319900e-01
6.075599884753753577e+04 9.976526912889615017e-01
6.075599910759813065e+04 9.991277060885153105e-01
6.075599936765874008e+04 9.959708166801354290e-01
6.075600091310295102e+04 1.003955184288831459e+00
6.075600117316365504e+04 9.983633592815805979e-01
6.075600143322435179e+04 9.987130164743305283e-01
6.075600169328505581e+04 1.001768364169927761e+00
6.075600195334576711e+04 1.000472204900264561e+00
6.075600221340647113e+04 1.009080488355349692e+00
6.075600247346717515e+04 9.992510125377705998e-01
6.075600273352787190e+04 1.006182354890114095e+00
6.075600299358858319e+04 9.919454513149773556e-01
6.075600325364928722e+04 1.010045225647217659e+00
6.075600351370998396e+04 1.002185765132767026e+00
6.075600377377069526e+04 1.006262226170597351e+00
6.075600403383139928e+04 1.013554409458927941e+00
6.075600429389210331e+04 1.008017181250514760e+00
6.075600455395280733e+04 1.003543600384987133e+00
6.075600481401350407e+04 1.005032384048323291e+00
6.075600507407421537e+04 1.007226974339142656e+00
6.075600533413491939e+04 1.003093307903520470e+00
6.075600559419562342e+04 1.003892832228220344e+00
6.075600585425632744e+04 1.002882876437033444e+00
6.075600611431703146e+04 1.005644786848201022e+00
6.075600637437773548e+04 9.987899297275031341e-01
6.075600663443843951e+04 1.006782246711228845e+00
6.075600689449914353e+04 9.995350685784480937e-01
6.075600715455985483e+04 9.929657568594139061e-01
6.075600741462055157e+04 9.958553117029215196e-01
6.075600767468125559e+04 1.005786324711932522e+00
6.075600793474195962e+04 1.000876334704180470e+00
6.075600819480266364e+04 9.944374541577611915e-01
6.075600845486336766e+04 1.000108192877174673e+00
6.075600871492407168e+04 1.004631822193704060e+00
6.075600897498478298e+04 1.008525615213141879e+00
6.075600923504548700e+04 1.001673115563908256e+00
6.075600949510618375e+04 1.006602264258818380e+00
6.075600975516688777e+04 1.000612659049291198e+00
6.075601001522759907e+04 1.005029026606034437e+00
6.075601027528830309e+04 1.007318771151765269e+00
6.075601053534900711e+04 9.901178494829875332e-01
6.075601079540970386e+04 9.992745433054480708e-01
6.075601105547041516e+04 1.004331330011031254e+00
6.075601131553111918e+04 9.964426465498129604e-01
6.075601157559181593e+04 1.011277113834984309e+00
6.075601183565252722e+04 9.994461591405163770e-01
6.075601209571323125e+04 1.000578558224248349e+00
6.075601235577393527e+04 1.002177447300407698e+00
6.075601261583463929e+04 1.000058250093748047e+00
6.075601287589534331e+04 1.000607908257968415e+00
6.075601313595604734e+04 9.907271319726230763e-01
6.075601339601675136e+04 9.948391341160819357e-01
6.075601365607746266e+04 1.004643441747486321e+00
6.075601391613816668e+04 1.004294760292319566e+00
6.075601417619886342e+04 1.001234652993674867e+00
6.075601443625956745e+04 1.007465342196492752e+00
6.075601469632027874e+04 9.961438546345635636e-01
6.075601495638097549e+04 1.002578187803984555e+00
6.075601521644168679e+04 1.012197972250707956e+00
6.075601547650239081e+04 1.003397118750857020e+00
6.075601573656309483e+04 1.000185025702200914e+00
6.075601599662379886e+04 1.003043363522851283e+00
6.075601625668450288e+04 1.013543504367446557e+00
6.075601651674520690e+04 9.964077497799334049e-01
6.075601677680591092e+04 1.000721714540094620e+00
6.075601703686661494e+04 9.913727539916777909e-01
6.075601729692732624e+04 9.992679728895131896e-01
6.075601755698802299e+04 9.999678572660701814e-01
6.075601781704872701e+04 1.007434545509984902e+00
6.075601807710943831e+04 9.985348965520057796e-01
6.075601833717014233e+04 1.022094268608701118e+00
6.075601859723084635e+04 1.009554473828284449e+00
6.075601885729155038e+04 1.013744943078113359e+00
6.075601911735225440e+04 1.006443873425434621e+00
6.075601937741295842e+04 1.005086333738947735e+00
6.075601963747365517e+04 9.970736528978393354e-01
6.075601989753436646e+04 1.000984347610425429e+00
6.075602015759507049e+04 9.967871092906950281e-01
6.075602041765577451e+04 9.933116100738685894e-01
6.075602067771648581e+04 9.925963076202496405e-01
6.075602093777718255e+04 9.959514049203850306e-01
6.075602119783788658e+04 9.935633971691170130e-01
6.075602145789859787e+04 9.991815922327497157e-01
6.075602171795930190e+04 1.001126296626283496e+00
6.075602197802000592e+04 1.005032551744407643e+00
6.075602223808070994e+04 9.985909831767614264e-01
6.075602249814141396e+04 1.008166573200106386e+00
6.075602275820211798e+04 9.965806777618329004e-01
6.075602301826282201e+04 1.001227371982101433e+00
6.075602327832352603e+04 1.003447717445792531e+00
6.075602353838423005e+04 1.001130563095552928e+00
6.075602379844494135e+04 1.001046736301618223e+00
6.075602405850564537e+04 9.990882612218781045e-01
6.075602431856634212e+04 1.002229089522442607e+00
6.075602457862704614e+04 9.979717121520628176e-01
6.075602483868775744e+04 9.988043368185715032e-01
6.075602509874846146e+04 9.987890141284746504e-01
6.075602535880916548e+04 9.909894242734379466e-01
6.075602561886986950e+04 1.007893046012425353e+00
6.075602587893057353e+04 9.931001641446071115e-01
6.075602613899127755e+04 9.948052606516609719e-01
6.075602639905198885e+04 9.963802301580807486e-01
6.075602665911269287e+04 9.955147945387611275e-01
6.075602691917338962e+04 9.959327520101740605e-01
6.075602717923410091e+04 9.970350270515262459e-01
6.075602743929480494e+04 1.009042164914063733e+00
6.075602769935550168e+04 1.004163344575986550e+00
6.075602795941621298e+04 9.870698181995419818e-01
6.075602821947691700e+04 1.004770444054737810e+00
6.075602847953762102e+04 9.856735576266526522e-01
6.075602873959833232e+04 1.000671595387371493e+00
6.075602899965902907e+04 1.005965788832553054e+00
6.075602925971973309e+04 9.927451745080215773e-01
6.075603093119423283e+04 9.967638161262261098e-01
6.075603119125482772e+04 9.922523225922397216e-01
6.075603145131542988e+04 9.969568923653683301e-01
6.075603171137602476e+04 9.941778987837828208e-01
6.075603197143662692e+04 9.996529887217153743e-01
6.075603223149722908e+04 9.979841881348878729e-01
6.075603249155782396e+04 9.953951062829585750e-01
6.075603275161842612e+04 1.002915568233096577e+00
6.075603301167902100e+04 9.915831547344260422e-01
6.075603327173962316e+04 9.931756928104781279e-01
6.075603353180022532e+04 9.923142949930271461e-01
6.075603379186082020e+04 9.969291437070723072e-01
6.075603405192141508e+04 9.990144314443291096e-01
6.075603431198201724e+04 9.901778805901431113e-01
6.075603457204261213e+04 9.936027801465394660e-01
6.075603483210320701e+04 1.001279189572527262e+00
6.075603509216381644e+04 1.000329781606463353e+00
6.075603535222441133e+04 9.933091510841723926e-01
6.075603561228501349e+04 1.003023369204868898e+00
6.075603587234560837e+04 9.918780926227922512e-01
6.075603613240621053e+04 9.968852787176409880e-01
6.075603639246681269e+04 9.957048839117480510e-01
6.075603665252740757e+04 9.953459521633074569e-01
6.075603691258800245e+04 9.959734805653571721e-01
6.075603717264860461e+04 9.915533979074928617e-01
6.075603743270919949e+04 9.944189342861615710e-01
6.075603769276979438e+04 9.991536542764403173e-01
6.075603795283040381e+04 9.994537735386463950e-01
6.075603821289099869e+04 1.000029845888591895e+00
6.075603847295160085e+04 1.002855552523487015e+00
6.075603873301219573e+04 9.955109961422570208e-01
6.075603899307279789e+04 9.953852171452727271e-01
6.075603925313340005e+04 9.966238266411574509e-01
6.075603951319399494e+04 9.968933587404730234e-01
6.075603977325458982e+04 1.000070893332236199e+00
6.075604003331519198e+04 9.977748903828496108e-01
6.075604029337578686e+04 9.931824501969718222e-01
6.075604055343638902e+04 9.976857667737127899e-01
6.075604081349698390e+04 1.000983433195323125e+00
6.075604107355758606e+04 9.926269050160897445e-01
6.075604133361818822e+04 9.885100399443093044e-01
6.075604159367878310e+04 1.000798110745175773e+00
6.075604185373938526e+04 9.896556125493559675e-01
6.075604211379998742e+04 9.989321623042655141e-01
6.075604237386058230e+04 9.917743814863010376e-01
6.075604263392118446e+04 9.967524487241247177e-01
6.075604289398177934e+04 9.919091350384331429e-01
6.075604315404237423e+04 9.991312622673942379e-01
6.075604341410297639e+04 1.043264378757053690e+00
6.075604367416357127e+04 9.993459572017617809e-01
6.075604393422418070e+04 9.925211845812992317e-01
6.075604419428477559e+04 9.964000905951831966e-01
6.075604445434537047e+04 9.983540546483949951e-01
6.075604471440597990e+04 9.993174950297570858e-01
6.075604497446657479e+04 1.002684946246200859e+00
6.075604523452717694e+04 9.927806667197989210e-01
6.075604549458777183e+04 9.955943017920864113e-01
6.075604575464836671e+04 9.896356471474937466e-01
6.075604601470896887e+04 1.001394464402012519e+00
6.075604627476956375e+04 1.002724703119821870e+00
6.075604653483016591e+04 9.932905569823466951e-01
6.075604679489076807e+04 9.985200892329537670e-01
6.075604705495136295e+04 1.001336772976220590e+00
6.075604731501196511e+04 9.867919644816472990e-01
6.075604757507256727e+04 9.933539865588744133e-01
6.075604783513316943e+04 9.976483117824773705e-01
6.075604809519376431e+04 9.985178705708678271e-01
6.075604835525435919e+04 1.003097294513111137e+00
6.075604861531496135e+04 9.945761686610322672e-01
6.075604887537555624e+04 9.985530573191132575e-01
6.075604913543615839e+04 9.907107132552316342e-01
6.075604939549675328e+04 1.000119830167588431e+00
6.075604965555735544e+04 9.951576787875725527e-01
6.075604991561795759e+04 9.979902842923609185e-01
6.075605017567855248e+04 9.936350002248883762e-01
6.075605043573915464e+04 9.927384676106982830e-01
6.075605069579975680e+04 1.004329807155390775e+00
6.075605095586035168e+04 9.873087933861598442e-01
6.075605121592095384e+04 9.917609884838528567e-01
6.075605147598154872e+04 9.971167560779116146e-01
6.075605173604215088e+04 9.995903229955979130e-01
6.075605199610274576e+04 9.976461600639302540e-01
6.075605225616334792e+04 1.008858522768061761e+00
6.075605251622395008e+04 9.997461633201081277e-01
6.075605277628454496e+04 9.955633811461118698e-01
6.075605303634514712e+04 9.923661682667742623e-01
6.075605329640574200e+04 9.974555084503875513e-01
6.075605355646635144e+04 1.007778814797489542e+00
6.075605381652694632e+04 9.957254282236202014e-01
6.075605407658754848e+04 9.953907086641378132e-01
6.075605433664814336e+04 1.003560371856916822e+00
6.075605459670873825e+04 9.966631189058916540e-01
6.075605485676934040e+04 9.965131838787774088e-01
6.075605511682993529e+04 9.959231504467042084e-01
6.075605537689054472e+04 1.001359622375823211e+00
6.075605563695113960e+04 9.955427100743875490e-01
6.075605589701174176e+04 9.948226956110715058e-01
6.075605615707233665e+04 1.008232178883655017e+00
6.075605641713293880e+04 9.965698129977602626e-01
6.075605667719354096e+04 1.007888787747269310e+00
6.075605693725413585e+04 1.002328636767714665e+00
6.075605719731473800e+04 1.000499674712822973e+00
6.075605745737533289e+04 9.967043862656023157e-01
6.075605771743593505e+04 1.000321241521213045e+00
6.075605797749652993e+04 9.952857610800802668e-01
6.075605823755713209e+04 1.003143572309473264e+00
6.075605849761773425e+04 9.976881755796687123e-01
6.075605875767832913e+04 1.000764059474595902e+00
6.075605901773893129e+04 1.000876307834632106e+00
6.075605927779953345e+04 1.000687997625683723e+00
6.075606082322710427e+04 9.978230127124313453e-01
6.075606108328780829e+04 9.942103233459205214e-01
6.075606134334851231e+04 1.003066047058706056e+00
6.075606160340922361e+04 1.004765769734188297e+00
6.075606186346992035e+04 9.960683827507547106e-01
6.075606212353063165e+04 9.982594585600204073e-01
6.075606238359133567e+04 9.971136277310141960e-01
6.075606264365204697e+04 1.006969517046941265e+00
6.075606290371275099e+04 9.977907409268016448e-01
6.075606316377345502e+04 1.002177495633825410e+00
6.075606342383415904e+04 9.958847189380303222e-01
6.075606368389486306e+04 9.934094820402626924e-01
6.075606394395557436e+04 1.004226765849862257e+00
6.075606420401627838e+04 9.988645501312393149e-01
6.075606446407698240e+04 9.996437119461585308e-01
6.075606472413768643e+04 9.978633436301090898e-01
6.075606498419839772e+04 9.921670405826084060e-01
6.075606524425910175e+04 1.001032631199467060e+00
6.075606550431981304e+04 9.925355301963957322e-01
6.075606576438050979e+04 9.924681380701637634e-01
6.075606602444122109e+04 9.973703397531636927e-01
6.075606628450192511e+04 1.001577935163548760e+00
6.075606654456262913e+04 9.938774647290239406e-01
6.075606680462333316e+04 1.002701209855340503e+00
6.075606706468404445e+04 1.011736091626632250e+00
6.075606732474474848e+04 1.002310924719836738e+00
6.075606758480545250e+04 1.000746735643085694e+00
6.075606784486615652e+04 9.989147980175699937e-01
6.075606810492686054e+04 9.975720252274593580e-01
6.075606836498757184e+04 1.009602231641954395e+00
6.075606862504827586e+04 1.002011042788306439e+00
6.075606888510898716e+04 1.001570628367141724e+00
6.075606914516968391e+04 1.005903037230524211e+00
6.075606940523039520e+04 1.005216659271159996e+00
6.075606966529109923e+04 9.976155934813292214e-01
6.075606992535180325e+04 9.971908129211567440e-01
6.075607018541250727e+04 9.984117646562361559e-01
6.075607044547321857e+04 9.976023769230458749e-01
6.075607070553392259e+04 1.003294343431225810e+00
6.075607096559463389e+04 1.007169579504651136e+00
6.075607122565533064e+04 1.004187842590118063e+00
6.075607148571604193e+04 1.004432065966782917e+00
6.075607174577674596e+04 9.998463539426002411e-01
6.075607200583745725e+04 1.007926769641092735e+00
6.075607226589816128e+04 1.008267787042691710e+00
6.075607252595886530e+04 1.002534116684019594e+00
6.075607278601956932e+04 1.002725502626464538e+00
6.075607304608028062e+04 9.904993050255884723e-01
6.075607330614097737e+04 1.002361540258979611e+00
6.075607356620169594e+04 1.001818799768223744e+00
6.075607382626239269e+04 9.973929485338233203e-01
6.075607408632310398e+04 1.012174624913086962e+00
6.075607434638380801e+04 9.944554291313301153e-01
6.075607460644451203e+04 9.892913889915357917e-01
6.075607486650521605e+04 9.919885114823620009e-01
6.075607512656592735e+04 1.006550238818404219e+00
6.075607538662663137e+04 9.993101775779631435e-01
6.075607564668734267e+04 9.999782966836558984e-01
6.075607590674803942e+04 9.983262976823946699e-01
6.075607616680875071e+04 1.001550041745870034e+00
6.075607642686945474e+04 1.005800460987648082e+00
6.075607668693016603e+04 1.002711270146846356e+00
6.075607694699087006e+04 1.003672318081469061e+00
6.075607720705157408e+04 1.002784380292460531e+00
6.075607746711227810e+04 9.993396810416899090e-01
6.075607772717298940e+04 1.010274987034094130e+00
6.075607798723368614e+04 1.004630450373188211e+00
6.075607824729439744e+04 1.002848972543130657e+00
6.075607850735510146e+04 9.998750860067529000e-01
6.075607876741581276e+04 1.007579685951563331e+00
6.075607902747651679e+04 1.002379371434680921e+00
6.075607928753722081e+04 9.984247987921140988e-01
6.075607954759792483e+04 1.001562501449538622e+00
6.075607980765863613e+04 1.007766508979370146e+00
6.075608006771934015e+04 1.006146914560440031e+00
6.075608032778005145e+04 1.007948035371561968e+00
6.075608058784074819e+04 1.000918044071881896e+00
6.075608084790145949e+04 1.007899989073095082e+00
6.075608110796216351e+04 9.954634856051939318e-01
6.075608136802286754e+04 1.007417778081017179e+00
6.075608162808357156e+04 1.001980645229886502e+00
6.075608188814428286e+04 9.925195012784431281e-01
6.075608214820498688e+04 1.005933456828572936e+00
6.075608240826569818e+04 9.961670694754793942e-01
6.075608266832639492e+04 9.962405078772270661e-01
6.075608292838710622e+04 9.981751351269604333e-01
6.075608318844781024e+04 1.008866816791511134e+00
6.075608344850852154e+04 1.007285748031937933e+00
6.075608370856922556e+04 1.002558069203133950e+00
6.075608396862992959e+04 9.992680618134549553e-01
6.075608422869064088e+04 1.005109957890505168e+00
6.075608448875134491e+04 1.010980537860527884e+00
6.075608474881204893e+04 1.007424045381367206e+00
6.075608500887276023e+04 9.979034523075751562e-01
6.075608526893346425e+04 1.003474538961123042e+00
6.075608552899416827e+04 1.007821638342784265e+00
6.075608578905487957e+04 1.007605820888738846e+00
6.075608604911557632e+04 1.002830440703436965e+00
6.075608630917628761e+04 9.979185196497725174e-01
6.075608656923699164e+04 1.001203439982601973e+00
6.075608682929770293e+04 9.966915267487801433e-01
6.075608708935840696e+04 1.003574013458145231e+00
6.075608734941911098e+04 1.005162705867180817e+00
6.075608760947981500e+04 1.002973269133627943e+00
6.075608786954052630e+04 1.003136441279719682e+00
6.075608812960123760e+04 1.007881290877460589e+00
6.075608838966194162e+04 1.005403874896039218e+00
6.075608864972264564e+04 1.003877419382026792e+00
6.075608890978334966e+04 9.960914403226377445e-01
6.075608916984406096e+04 9.985398158062062102e-01
6.075609076569380704e+04 1.004727200206785520e+00
6.075609102575441648e+04 1.008197955858297190e+00
6.075609128581501136e+04 1.007117565139330928e+00
6.075609154587561352e+04 1.001512098178549248e+00
6.075609180593621568e+04 1.004176542995855126e+00
6.075609206599681784e+04 1.009265939910261700e+00
6.075609232605741272e+04 1.006604334298414560e+00
6.075609258611801488e+04 9.997953599702114058e-01
6.075609284617860976e+04 9.991365441874280329e-01
6.075609310623921192e+04 9.981598615913782613e-01
6.075609336629981408e+04 1.012536791033836092e+00
6.075609362636040896e+04 1.000536372239148486e+00
6.075609388642101840e+04 1.002987909082026396e+00
6.075609414648161328e+04 9.999273710036847840e-01
6.075609440654221544e+04 1.001902050424426038e+00
6.075609466660281760e+04 1.006034847600328241e+00
6.075609492666341976e+04 9.962345321040463331e-01
6.075609518672402191e+04 1.011550748656174559e+00
6.075609544678461680e+04 1.007962534992375980e+00
6.075609570684521896e+04 9.996872557987609431e-01
6.075609596690581384e+04 1.006592070561591390e+00
6.075609622696641600e+04 1.009209091172702522e+00
6.075609648702701088e+04 9.992662400764216191e-01
6.075609674708762032e+04 9.985989286822790634e-01
6.075609700714822247e+04 1.002743125087447895e+00
6.075609726720881736e+04 1.005185170272073991e+00
6.075609752726942679e+04 1.003003568903579223e+00
6.075609778733002167e+04 9.985356413163872791e-01
6.075609804739062383e+04 1.007060172503020601e+00
6.075609830745121872e+04 9.934944925892214007e-01
6.075609856751182087e+04 1.001418884824722078e+00
6.075609882757242303e+04 1.004846620585418515e+00
6.075609908763301792e+04 1.007287591044031094e+00
6.075609934769362008e+04 9.938864190793019748e-01
6.075609960775422223e+04 1.003679439096789805e+00
6.075609986781482439e+04 1.004608042394576239e+00
6.075610012787541928e+04 1.012441184724370169e+00
6.075610038793602143e+04 9.903914075762474400e-01
6.075610064799663087e+04 1.003991414437664931e+00
6.075610090805722575e+04 1.009301449120277638e+00
6.075610116811782791e+04 9.995641037689708686e-01
6.075610142817842279e+04 9.954915037663826238e-01
6.075610168823902495e+04 9.952450324925705694e-01
6.075610194829962711e+04 1.014196803516051126e+00
6.075610220836022199e+04 1.013972034954967461e+00
6.075610246842083143e+04 9.981833088752504191e-01
6.075610272848142631e+04 1.001595058208023969e+00
6.075610298854202847e+04 1.005083299203048508e+00
6.075610324860263063e+04 1.012481253697307571e+00
6.075610350866323279e+04 1.005300687198443788e+00
6.075610376872383495e+04 1.004188808941756772e+00
6.075610402878442983e+04 1.001030428071571832e+00
6.075610428884503199e+04 1.000913738948753684e+00
6.075610454890563415e+04 9.974610353459151257e-01
6.075610480896622903e+04 1.003225338322752069e+00
6.075610506902683119e+04 9.978507197855202016e-01
6.075610532908743335e+04 1.005785102743975923e+00
6.075610558914803551e+04 1.000151256762932483e+00
6.075610584920863766e+04 1.007091589388263708e+00
6.075610610926923255e+04 1.002823180918288593e+00
6.075610636932984198e+04 1.004493407166575647e+00
6.075610662939043686e+04 9.995254669812194681e-01
6.075610688945103902e+04 9.998694174940512269e-01
6.075610714951164118e+04 9.948204058737125655e-01
6.075610740957223607e+04 1.006924840637776430e+00
6.075610766963283822e+04 1.001889335254087854e+00
6.075610792969343311e+04 1.000968267748087781e+00
6.075610818975403527e+04 9.992375306496347198e-01
6.075610844981464470e+04 1.005309786681236162e+00
6.075610870987523958e+04 9.975352009481266435e-01
6.075610896993584174e+04 1.005551723629446670e+00
6.075610922999644390e+04 1.004734836428475164e+00
6.075610949005704606e+04 9.921237135496109305e-01
6.075610975011764822e+04 9.946738678127666766e-01
6.075611001017824310e+04 1.002324016148524954e+00
6.075611027023884526e+04 9.982761184714925573e-01
6.075611053029944742e+04 9.974804110320553141e-01
6.075611079036004230e+04 1.001106387554195676e+00
6.075611105042064446e+04 9.984428257304850396e-01
6.075611131048124662e+04 1.001660990340874635e+00
6.075611157054184878e+04 1.000078393610972061e+00
6.075611183060245094e+04 9.953524853309183573e-01
6.075611209066305310e+04 9.961679564005067045e-01
6.075611235072365525e+04 1.002265899254231041e+00
6.075611261078425741e+04 1.002873178071294058e+00
6.075611287084485230e+04 9.917296198994864920e-01
6.075611313090545445e+04 1.000297167811393662e+00
6.075611339096604934e+04 1.003703427069807974e+00
6.075611365102665150e+04 9.934511715165911250e-01
6.075611391108725365e+04 1.002960363184042469e+00
6.075611417114785581e+04 9.994304493069074979e-01
6.075611443120845797e+04 9.994473679471217453e-01
6.075611469126906013e+04 9.937740460798051290e-01
6.075611495132966229e+04 9.898693524534878385e-01
6.075611521139026445e+04 9.964830422027920465e-01
6.075611547145085933e+04 9.964125300647904693e-01
6.075611573151146149e+04 1.008352633789843189e+00
6.075611599157206365e+04 1.002660391067907053e+00
6.075611625163265853e+04 1.000482206384554651e+00
6.075611651169326069e+04 1.004150361902618638e+00
6.075611677175386285e+04 1.005507874717545436e+00
6.075611703181446501e+04 9.975389494893557307e-01
6.075611729187506717e+04 9.979044813033900452e-01
6.075611755193566933e+04 1.000266088096455785e+00
6.075611781199626421e+04 1.000302789773308998e+00
6.075611807205687364e+04 9.942074049478427655e-01
6.075611833211747580e+04 1.001636114441415648e+00
6.075611859217807068e+04 1.005313453052729677e+00
6.075611885223867284e+04 9.967091352921111369e-01
6.075611911229926773e+04 9.971447359163834179e-01
6.075612077117233275e+04 9.969718478309088638e-01
6.075612103123303677e+04 1.001596936125026538e+00
6.075612129129374080e+04 9.968814094307313356e-01
6.075612155135445209e+04 9.978195792071982151e-01
6.075612181141516339e+04 1.002214367337770362e+00
6.075612207147586741e+04 9.987353255160629217e-01
6.075612233153657144e+04 1.009889284369616336e+00
6.075612259159728274e+04 9.878623572541649356e-01
6.075612285165798676e+04 1.001096722105805581e+00
6.075612311171869806e+04 9.991149034724216005e-01
6.075612337177940935e+04 9.942591840092024347e-01
6.075612363184010610e+04 1.001164376267042355e+00
6.075612389190081740e+04 9.869858060654168597e-01
6.075612415196152870e+04 9.953114283732792389e-01
6.075612441202222544e+04 9.999492364137155809e-01
6.075612467208293674e+04 1.001659453334077687e+00
6.075612493214364804e+04 9.974022971502520818e-01
6.075612519220435206e+04 1.001366914061171176e+00
6.075612545226506336e+04 1.000786756357239460e+00
6.075612571232576738e+04 1.000542662778420855e+00
6.075612597238647140e+04 9.934700836604594132e-01
6.075612623244718270e+04 1.003963694518583694e+00
6.075612649250789400e+04 9.915580680474161968e-01
6.075612675256859802e+04 9.919783111715196888e-01
6.075612701262930204e+04 1.003754567213262394e+00
6.075612727269001334e+04 1.003422851021048112e+00
6.075612753275071736e+04 9.974523304382435507e-01
6.075612779281142139e+04 9.989637224237745139e-01
6.075612805287213268e+04 1.003744061721075775e+00
6.075612831293283671e+04 9.881024532019557771e-01
6.075612857299354800e+04 1.008986319680210908e+00
6.075612883305425930e+04 9.927566239991637564e-01
6.075612909311495605e+04 9.989141597726299837e-01
6.075612935317566735e+04 9.967743302717863019e-01
6.075612961323637865e+04 1.001679346625703015e+00
6.075612987329708267e+04 1.002074758114313902e+00
6.075613013335779397e+04 9.968288194698542437e-01
6.075613039341849799e+04 9.969154536875965977e-01
6.075613065347920201e+04 9.951071229115820982e-01
6.075613091353991331e+04 1.001756260039367463e+00
6.075613117360061733e+04 9.945688068345814870e-01
6.075613143366133590e+04 9.962953429106166103e-01
6.075613169372203265e+04 1.001258721365322568e+00
6.075613195378274395e+04 1.001971177475926122e+00
6.075613221384345525e+04 9.853283959583412077e-01
6.075613247390415199e+04 9.943890823908472232e-01
6.075613273396486329e+04 9.944952792069959857e-01
6.075613299402557459e+04 1.002143344956041293e+00
6.075613325408627861e+04 9.996939856362365706e-01
6.075613351414698991e+04 9.831938703251301703e-01
6.075613377420769393e+04 9.962325809477428074e-01
6.075613403426840523e+04 1.001380282271945976e+00
6.075613429432910925e+04 1.000606856915827292e+00
6.075613455438982055e+04 9.911278352112298240e-01
6.075613481445053185e+04 1.001257568507561091e+00
6.075613507451122859e+04 1.004879273266121587e+00
6.075613533457193989e+04 9.954925932062729244e-01
6.075613559463265119e+04 1.000647198677764083e+00
6.075613585469334794e+04 9.973158872678516973e-01
6.075613611475405924e+04 1.005622266744266913e+00
6.075613637481477053e+04 1.004874408528136476e+00
6.075613663487548183e+04 1.000108314274801513e+00
6.075613689493618585e+04 9.975560424868485931e-01
6.075613715499688988e+04 9.969321853333815708e-01
6.075613741505760117e+04 9.973349920115345268e-01
6.075613767511830520e+04 9.928603134072530034e-01
6.075613793517901649e+04 1.004957155409460734e+00
6.075613819523972779e+04 9.930336253298617244e-01
6.075613845530043181e+04 9.964943152834603302e-01
6.075613871536113584e+04 1.000395249339316894e+00
6.075613897542184714e+04 1.006034392307269876e+00
6.075613923548255116e+04 1.001314838860267953e+00
6.075613949554325518e+04 9.969997349902501860e-01
6.075613975560396648e+04 1.000163478307940501e+00
6.075614001566467778e+04 1.003081586427392091e+00
6.075614027572538907e+04 1.000058356943775761e+00
6.075614053578608582e+04 9.932270404164013078e-01
6.075614079584679712e+04 9.954370953346920459e-01
6.075614105590750842e+04 9.988413159742016711e-01
6.075614131596821244e+04 9.960284724714576488e-01
6.075614157602892374e+04 1.003960357650160784e+00
6.075614183608962776e+04 1.007056863341253772e+00
6.075614209615033906e+04 1.005801488442596092e+00
6.075614235621104308e+04 9.973925782990437083e-01
6.075614261627174710e+04 1.002260110449066044e+00
6.075614287633246568e+04 9.902824505350663609e-01
6.075614313639316970e+04 9.965153110014748350e-01
6.075614339645387372e+04 9.898052822187916044e-01
6.075614365651458502e+04 9.956617849272736409e-01
6.075614391657528904e+04 9.964619862935919503e-01
6.075614417663600034e+04 9.934655926373406887e-01
6.075614443669670436e+04 1.003809420425824550e+00
6.075614469675741566e+04 1.006027229307280058e+00
6.075614495681812696e+04 1.007561687878141266e+00
6.075614521687882370e+04 1.000519858428445152e+00
6.075614547693953500e+04 1.000039382586281445e+00
6.075614573700024630e+04 1.004194122264385092e+00
6.075614599706095760e+04 1.000624320966781333e+00
6.075614625712166162e+04 1.004867141446583734e+00
6.075614651718236564e+04 1.004506588557763092e+00
6.075614677724307694e+04 1.005520769877740195e+00
6.075614703730378824e+04 9.966482083702402628e-01
6.075614729736448498e+04 9.960902981343989770e-01
6.075614755742519628e+04 1.002081442557118285e+00
6.075614781748590758e+04 1.003708543743561554e+00
6.075614807754661888e+04 1.001210494988860944e+00
6.075614833760732290e+04 1.001065361553254984e+00
6.075614859766802692e+04 1.020404758403144152e+00
6.075614885772873822e+04 9.963302156377256136e-01
6.075614911778944952e+04 9.965173840770472635e-01
