6.075547523418369383e+04 9.895624544342563889e-01
6.075547549424438330e+04 9.808302931543491088e-01
6.075547575430508005e+04 9.888645268632734187e-01
6.075547601436576224e+04 9.915134113254455706e-01
6.075547627442645899e+04 9.831458629949821892e-01
6.075547653448714846e+04 9.833365095985515669e-01
6.075547679454784520e+04 9.887222586199257979e-01
6.075547705460853467e+04 1.002449877683724511e+00
6.075547731466922414e+04 1.003032939831095982e+00
6.075547757472991361e+04 9.964104934459169227e-01
6.075547783479061036e+04 9.989802992443086449e-01
6.075547809485129255e+04 9.889059132052544498e-01
6.075547835491198930e+04 9.869598787864808376e-01
6.075547861497267877e+04 9.829195573370800298e-01
6.075547887503337552e+04 9.971539917134581987e-01
6.075547913509406499e+04 9.824006816470470804e-01
6.075547939515475446e+04 9.937638374991237811e-01
6.075547965521544393e+04 1.006003496832615474e+00
6.075547991527614067e+04 1.014469592816469978e+00
6.075548017533683014e+04 9.999810792833501161e-01
6.075548043539752689e+04 9.977693234884352780e-01
6.075548069545820908e+04 9.946899158700895915e-01
6.075548095551890583e+04 1.003315143286028110e+00
6.075548121557959530e+04 1.002606113212901384e+00
6.075548147564028477e+04 9.862957776169450907e-01
6.075548173570098152e+04 9.986989689699292683e-01
6.075548199576167099e+04 1.001576338826438484e+00
6.075548225582236773e+04 9.976383563003187183e-01
6.075548251588305720e+04 1.003417927984297631e+00
6.075548277594374667e+04 9.935608381768115116e-01
6.075548303600443614e+04 1.010720246623663110e+00
6.075548329606513289e+04 9.997035897158577100e-01
6.075548355612582236e+04 1.003639066137953728e+00
6.075548381618651911e+04 1.008455015589949877e+00
6.075548407624720130e+04 9.942371829379622605e-01
6.075548433630789805e+04 1.001791437122262929e+00
6.075548459636858752e+04 1.001312683385553237e+00
6.075548485642928426e+04 9.960016317666602337e-01
6.075548511648997373e+04 9.909631056766837753e-01
6.075548537655066320e+04 1.008508063685863654e+00
6.075548563661135267e+04 1.001943676433739272e+00
6.075548589667204942e+04 9.832961733052317799e-01
6.075548615673273162e+04 1.000295348140202378e+00
6.075548641679342836e+04 9.883133066980945847e-01
6.075548667685411783e+04 9.973377505074945137e-01
6.075548693691481458e+04 1.001526155269352181e+00
6.075548719697551132e+04 1.013111527390700095e+00
6.075548745703619352e+04 9.914186559224806849e-01
6.075548771709689026e+04 1.007791339406324482e+00
6.075548797715757973e+04 1.007049097169630203e+00
6.075548823721827648e+04 1.003022123649256248e+00
6.075548849727896595e+04 9.945281448202053509e-01
6.075548875733965542e+04 1.022137084671584928e+00
6.075548901740034489e+04 1.011367750215993011e+00
6.075548927746104164e+04 9.954485713962984983e-01
6.075548953752172383e+04 1.000510744262270713e+00
6.075548979758242058e+04 1.001731171522907360e+00
6.075549005764311732e+04 9.920604698633531671e-01
6.075549031770380680e+04 1.008240893593677523e+00
6.075549057776450354e+04 1.000878530338433325e+00
6.075549083782518574e+04 9.983195332612857520e-01
6.075549109788588248e+04 9.893174545427777522e-01
6.075549135794657195e+04 9.958355966333651832e-01
6.075549161800726870e+04 1.007627718253246929e+00
6.075549187806795817e+04 9.988202170913650368e-01
6.075549213812864764e+04 9.974118074819958712e-01
6.075549239818933711e+04 1.018307949796995793e+00
6.075549265825003386e+04 1.007482692524622081e+00
6.075549291831072333e+04 1.004260878892430542e+00
6.075549317837142007e+04 9.997334996474021018e-01
6.075549343843210954e+04 1.003551621169117114e+00
6.075549369849279901e+04 1.011372760713378005e+00
6.075549395855349576e+04 1.007275839989013377e+00
6.075549421861417795e+04 1.026827798089092969e+00
6.075549447867487470e+04 1.011042695476880526e+00
6.075549473873556417e+04 1.012187746425264434e+00
6.075549499879626092e+04 1.010772576012268331e+00
6.075549525885695766e+04 9.932297389952053912e-01
6.075549551891763986e+04 1.009551539223420225e+00
6.075549577897833660e+04 1.026667778806106490e+00
6.075549603903902607e+04 1.013069776304173164e+00
6.075549629909972282e+04 1.020218950651403444e+00
6.075549655916041229e+04 9.972715609250359936e-01
6.075549681922110176e+04 1.006614859551401953e+00
6.075549707928179851e+04 1.018206052986255106e+00
6.075549733934248798e+04 9.970112890881921430e-01
6.075549759940317745e+04 1.005803185979982972e+00
6.075549785946386692e+04 1.001285291082733231e+00
6.075549811952456366e+04 1.010579969722033011e+00
6.075549837958525313e+04 9.910803309555872298e-01
6.075549863964594988e+04 1.003506880817309099e+00
6.075549889970663935e+04 1.008645995926794825e+00
6.075549915976732882e+04 9.977745534578018605e-01
6.075549941982802557e+04 9.946399757778697781e-01
6.075549967988871504e+04 1.001381062476850436e+00
6.075549993994941178e+04 9.922654257407729217e-01
6.075550020001009398e+04 9.981379697286606456e-01
6.075550046007079072e+04 9.922052854398879518e-01
6.075550072013148747e+04 1.016541368922617039e+00
6.075550098019216966e+04 1.002693149467948519e+00
6.075550124025286641e+04 1.000469915854853786e+00
6.075550150031355588e+04 9.935574675831997382e-01
6.075550176037425263e+04 1.012754327470441584e+00
6.075550202043494210e+04 1.031967781151328589e+00
6.075550228049563157e+04 1.004553560363403486e+00
6.075550254055632831e+04 1.005064995736087319e+00
6.075550280061701778e+04 1.006829573867178418e+00
6.075550306067771453e+04 1.004315114658571373e+00
6.075550332073840400e+04 1.024849946470023587e+00
6.075550358079909347e+04 1.017740057565611478e+00
6.075550513883041276e+04 9.954191797978871881e-01
6.075550539889110951e+04 1.012896108380171523e+00
6.075550565895179898e+04 9.977605963757991692e-01
6.075550591901248845e+04 1.012958001612837000e+00
6.075550617907318519e+04 1.015469265898728990e+00
6.075550643913387466e+04 1.002426731697485973e+00
6.075550669919457141e+04 1.003039323994002086e+00
6.075550695925526088e+04 9.807004231400383576e-01
6.075550721931595035e+04 1.016675268269100929e+00
6.075550747937664710e+04 9.793161532329351937e-01
6.075550773943733657e+04 1.008087108653393349e+00
6.075550799949803331e+04 9.872579965005725544e-01
6.075550825955872278e+04 1.000656388607768843e+00
6.075550851961941225e+04 1.002796482072922934e+00
6.075550877968010900e+04 1.017910531492507209e+00
6.075550903974079847e+04 9.938693576080150915e-01
6.075550929980148794e+04 1.001285391929969570e+00
6.075550955986217741e+04 1.004913995492083378e+00
6.075550981992287416e+04 9.910927264932413161e-01
6.075551007998357090e+04 1.003448324299292871e+00
6.075551034004426037e+04 1.006200993178659076e+00
6.075551060010494984e+04 1.002781282349016090e+00
6.075551086016564659e+04 9.927709887215683260e-01
6.075551112022633606e+04 1.015022448097538055e+00
6.075551138028703281e+04 1.010806979626839741e+00
6.075551164034772228e+04 9.979124450466307916e-01
6.075551190040841175e+04 1.002675913172921929e+00
6.075551216046910849e+04 9.852858909394826004e-01
6.075551242052979796e+04 9.995633349501733544e-01
6.075551268059049471e+04 1.005212646290745582e+00
6.075551294065118418e+04 9.984680648602560771e-01
6.075551320071187365e+04 9.935048631760694526e-01
6.075551346077257040e+04 9.964975714419893604e-01
6.075551372083325987e+04 1.025942592572201884e+00
6.075551398089394934e+04 9.998001519506477530e-01
6.075551424095464608e+04 9.993131536728498965e-01
6.075551450101533555e+04 9.957872305661679135e-01
6.075551476107603230e+04 9.956489103911403404e-01
6.075551502113672177e+04 9.967727758950181149e-01
6.075551528119741124e+04 9.930922124791009553e-01
6.075551554125810799e+04 1.010938973894615289e+00
6.075551580131879746e+04 9.928255340777188964e-01
6.075551606137949420e+04 9.975161716585723148e-01
6.075551632144019095e+04 9.962316574922154278e-01
6.075551658150087314e+04 9.963323836300639336e-01
6.075551684156156989e+04 9.993739956651569445e-01
6.075551710162226664e+04 9.999135327426174058e-01
6.075551736168294883e+04 1.011062292157142828e+00
6.075551762174364558e+04 9.751409548061757970e-01
6.075551788180433505e+04 9.926073327775472022e-01
6.075551814186503179e+04 9.991789476782078072e-01
6.075551840192572854e+04 9.891208462410010505e-01
6.075551866198641073e+04 9.919331130043866906e-01
6.075551892204710748e+04 1.004101326684713413e+00
6.075551918210780423e+04 1.001302454962879285e+00
6.075551944216849370e+04 1.003438958685251015e+00
6.075551970222919044e+04 9.913068354594462006e-01
6.075551996228987991e+04 1.000116273882238671e+00
6.075552022235056938e+04 9.966674099196369818e-01
6.075552048241126613e+04 9.783234758691246036e-01
6.075552074247194832e+04 9.798595164229954024e-01
6.075552100253265235e+04 9.938622348320526045e-01
6.075552126259334182e+04 1.008692597265455904e+00
6.075552152265403129e+04 9.854873922633057282e-01
6.075552178271472803e+04 9.849648906255670244e-01
6.075552204277541750e+04 1.009002673075300782e+00
6.075552230283610697e+04 1.010361293585792186e+00
6.075552256289680372e+04 9.933430366672463263e-01
6.075552282295750047e+04 9.777761791196910579e-01
6.075552308301818994e+04 9.907708199513238778e-01
6.075552334307887941e+04 9.715137845731119937e-01
6.075552360313957615e+04 9.710966916374648150e-01
6.075552386320026562e+04 9.885171603945238639e-01
6.075552412326096237e+04 9.872927133272604294e-01
6.075552438332165912e+04 9.975638853350091706e-01
6.075552464338234131e+04 1.006762279495207135e+00
6.075552490344303806e+04 9.754677957976327640e-01
6.075552516350373480e+04 1.018248078289667680e+00
6.075552542356441700e+04 1.019091129431123344e+00
6.075552568362511374e+04 9.901846633341555570e-01
6.075552594368581049e+04 9.904546851373705607e-01
6.075552620374649996e+04 9.998379426006442916e-01
6.075552646380719671e+04 9.889425809315524063e-01
6.075552672386788618e+04 1.008123297753720449e+00
6.075552698392857565e+04 9.875020850698942310e-01
6.075552724398927239e+04 9.787295264906229475e-01
6.075552750404996914e+04 9.954734831729848965e-01
6.075552776411065861e+04 9.794422433401503980e-01
6.075552802417134808e+04 9.832157048806717814e-01
6.075552828423204483e+04 9.901561190046895833e-01
6.075552854429273430e+04 9.845942523631329157e-01
6.075552880435342377e+04 9.877489646360707587e-01
6.075552906441412051e+04 9.664558864524149806e-01
6.075552932447480998e+04 9.737395302169108424e-01
6.075552958453550673e+04 1.000912223692367320e+00
6.075552984459620347e+04 9.806765087748584575e-01
6.075553010465688567e+04 9.817600165448600036e-01
6.075553036471758242e+04 9.704715505592417246e-01
6.075553062477827916e+04 9.637182847742288283e-01
6.075553088483896863e+04 9.889684603229357274e-01
6.075553114489966538e+04 9.731645489842057906e-01
6.075553140496035485e+04 9.800927891374254797e-01
6.075553166502104432e+04 9.803760249265215387e-01
6.075553192508174106e+04 9.978446370752817041e-01
6.075553218514243054e+04 9.963539056108768888e-01
6.075553244520312728e+04 9.823193012732245322e-01
6.075553270526381675e+04 9.882142358180451280e-01
6.075553296532451350e+04 1.003393705415709158e+00
6.075553322538520297e+04 9.787905574494532024e-01
6.075553348544589244e+04 9.840575033892641210e-01
6.075553503087646095e+04 9.864560967155623361e-01
6.075553529093715770e+04 9.883111554005049593e-01
6.075553555099784717e+04 1.000456953220579370e+00
6.075553581105853664e+04 9.905406485125886062e-01
6.075553607111923338e+04 9.887061813536697219e-01
6.075553633117992285e+04 9.800161755900937965e-01
6.075553659124061960e+04 9.731071369210581024e-01
6.075553685130131635e+04 9.801679343647764497e-01
6.075553711136199854e+04 9.827394181795208183e-01
6.075553737142269529e+04 9.954105915238251612e-01
6.075553763148339203e+04 9.946940448842547244e-01
6.075553789154408878e+04 9.988161746498335214e-01
6.075553815160477825e+04 9.720799482746840248e-01
6.075553841166546772e+04 9.785088970065984881e-01
6.075553867172616447e+04 9.876554141971386480e-01
6.075553893178685394e+04 9.723908021687561742e-01
6.075553919184754341e+04 9.748692621423145077e-01
6.075553945190824015e+04 9.849806702738860276e-01
6.075553971196892962e+04 9.978061944803992001e-01
6.075553997202962637e+04 9.814400332746793243e-01
6.075554023209032312e+04 9.909134369909397000e-01
6.075554049215101259e+04 9.810791076067548744e-01
6.075554075221170206e+04 9.831667537039254778e-01
6.075554101227239880e+04 9.846092919162680035e-01
6.075554127233309555e+04 9.875826910373279865e-01
6.075554153239378502e+04 9.938846160020960996e-01
6.075554179245447449e+04 1.006462845082846780e+00
6.075554205251517124e+04 9.995190120380672560e-01
6.075554231257586798e+04 1.001586773142302267e+00
6.075554257263655018e+04 9.825978916521417306e-01
6.075554283269725420e+04 9.883072682691868005e-01
6.075554309275794367e+04 9.839517002175085514e-01
6.075554335281863314e+04 9.785575778240687139e-01
6.075554361287932988e+04 1.000897278310083127e+00
6.075554387294001936e+04 9.703608221184686355e-01
6.075554413300071610e+04 9.879326744501618629e-01
6.075554439306140557e+04 9.799769627945924544e-01
6.075554465312210232e+04 9.800288287040587187e-01
6.075554491318279906e+04 9.925480202564307408e-01
6.075554517324348853e+04 9.952587993983795789e-01
6.075554543330417800e+04 9.876752071489885987e-01
6.075554569336487475e+04 9.929283617318440669e-01
6.075554595342557150e+04 9.864039266987361110e-01
6.075554621348626097e+04 9.858338546601986829e-01
6.075554647354695044e+04 9.739584761904837018e-01
6.075554673360764718e+04 9.993715316666155202e-01
6.075554699366834393e+04 9.919597095341039505e-01
6.075554725372902612e+04 9.983777523527217479e-01
6.075554751378972287e+04 9.878234522704947285e-01
6.075554777385041962e+04 9.980181928194242769e-01
6.075554803391111636e+04 1.000814125976152269e+00
6.075554829397180583e+04 9.815136197402821727e-01
6.075554855403249530e+04 9.887291067140990819e-01
6.075554881409319205e+04 9.975000593847713759e-01
6.075554907415388152e+04 9.935250871369133430e-01
6.075554933421457827e+04 9.717073633448989334e-01
6.075554959427527501e+04 9.959994057785318544e-01
6.075554985433596448e+04 9.896758448626115090e-01
6.075555011439665395e+04 9.901073729548338642e-01
6.075555037445735070e+04 9.979088161582255756e-01
6.075555063451804017e+04 9.841059388040112044e-01
6.075555089457873692e+04 9.907637990266445760e-01
6.075555115463942639e+04 9.905543425327509865e-01
6.075555141470012313e+04 9.902435757294814067e-01
6.075555167476081988e+04 9.858494632027279270e-01
6.075555193482150935e+04 1.013030228084031314e+00
6.075555219488219882e+04 9.722670119168962399e-01
6.075555245494289557e+04 9.984225686773360309e-01
6.075555271500359231e+04 9.894742139184814489e-01
6.075555297506428906e+04 9.659207172905180938e-01
6.075555323512497125e+04 9.891756239412512475e-01
6.075555349518566800e+04 9.873200597409623747e-01
6.075555375524636474e+04 9.791533654803615816e-01
6.075555401530705421e+04 9.752571587792717711e-01
6.075555427536775096e+04 9.878049667795202327e-01
6.075555453542844043e+04 9.868273448596309727e-01
6.075555479548913718e+04 9.779689210382632725e-01
6.075555505554983392e+04 9.972013193352836646e-01
6.075555531561051612e+04 9.864796359309904172e-01
6.075555557567121286e+04 9.901905010111746730e-01
6.075555583573190961e+04 9.888171655977894270e-01
6.075555609579260636e+04 9.778318947439135211e-01
6.075555635585329583e+04 9.927542341474088206e-01
6.075555661591398530e+04 1.003834651807546718e+00
6.075555687597468204e+04 9.980756496222088492e-01
6.075555713603537879e+04 9.926307950778869849e-01
6.075555739609607554e+04 9.938704354097623872e-01
6.075555765615676501e+04 1.000801996550823914e+00
6.075555791621745448e+04 9.813964741633049993e-01
6.075555817627815122e+04 9.904353200160459503e-01
6.075555843633884797e+04 1.011755521710166805e+00
6.075555869639953016e+04 9.875642861101530112e-01
6.075555895646022691e+04 9.978907227226717636e-01
6.075555921652092366e+04 1.000308510713359578e+00
6.075555947658162040e+04 1.008239758996536839e+00
6.075555973664230987e+04 9.819434523916216184e-01
6.075555999670299934e+04 9.819140390933451812e-01
6.075556025676369609e+04 9.976672087687932233e-01
6.075556051682439283e+04 9.905970893743550887e-01
6.075556077688508958e+04 9.968836781554348825e-01
6.075556103694577905e+04 1.001398611740147881e+00
6.075556129700646852e+04 1.017234913402385477e+00
6.075556155706716527e+04 1.009346338861669912e+00
6.075556181712786201e+04 9.958978761699691651e-01
6.075556207718854421e+04 9.840077244948135515e-01
6.075556233724924095e+04 1.018334465732772198e+00
6.075556259730993770e+04 1.000950770801069201e+00
6.075556285737063445e+04 9.980237610214869326e-01
6.075556311743133119e+04 9.900812795205534700e-01
6.075556337749201339e+04 1.003968137641644942e+00
6.075556504896522529e+04 9.867181716303800032e-01
6.075556530902591476e+04 1.007137068467682584e+00
6.075556556908661150e+04 9.925028142185529090e-01
6.075556582914730097e+04 9.985871476498460186e-01
6.075556608920799772e+04 1.013383409931813528e+00
6.075556634926869447e+04 9.919409292492470387e-01
6.075556660932938394e+04 1.020228884927221635e+00
6.075556686939008068e+04 1.001993645356754836e+00
6.075556712945077015e+04 9.907202520741993368e-01
6.075556738951146690e+04 1.010716205655197486e+00
6.075556764957216365e+04 1.001278197800950176e+00
6.075556790963285312e+04 1.016204587692388417e+00
6.075556816969354986e+04 9.898057827581122625e-01
6.075556842975423933e+04 1.012781085110801893e+00
6.075556868981492880e+04 9.978910091833802509e-01
6.075556894987563282e+04 9.979358305631290671e-01
6.075556920993632230e+04 9.935951140544951876e-01
6.075556946999701904e+04 1.011720719540436964e+00
6.075556973005770851e+04 9.996612742358080839e-01
6.075556999011839798e+04 1.002272592141925323e+00
6.075557025017909473e+04 1.032799159193823924e+00
6.075557051023979147e+04 9.965516861684953209e-01
6.075557077030048822e+04 9.896500970003547781e-01
6.075557103036117769e+04 9.979008822410002644e-01
6.075557129042186716e+04 1.004322345754989909e+00
6.075557155048256391e+04 1.019155552463685499e+00
6.075557181054326065e+04 9.883123344313948788e-01
6.075557207060395740e+04 1.002825293241442761e+00
6.075557233066464687e+04 1.006653781630365341e+00
6.075557259072533634e+04 9.970548110427207567e-01
6.075557285078603309e+04 9.977829871089786140e-01
6.075557311084672983e+04 1.009024109218487730e+00
6.075557337090741930e+04 1.000819254373909617e+00
6.075557363096811605e+04 9.966668017245511324e-01
6.075557389102880552e+04 1.008775984870661446e+00
6.075557415108950227e+04 1.002872423484351350e+00
6.075557441115019901e+04 1.001459283085927021e+00
6.075557467121088848e+04 1.003559459796332876e+00
6.075557493127158523e+04 1.020992355864139167e+00
6.075557519133227470e+04 1.047752078158056488e+00
6.075557545139297144e+04 1.006054215233023408e+00
6.075557571145366819e+04 1.020580468660621243e+00
6.075557597151435766e+04 1.021302330249905355e+00
6.075557623157505441e+04 1.007255143919215667e+00
6.075557649163575115e+04 1.006031422547074339e+00
6.075557675169643335e+04 1.006011519634151474e+00
6.075557701175713009e+04 1.001008580416808513e+00
6.075557727181782684e+04 1.002641292703897014e+00
6.075557753187852359e+04 1.011434841441107624e+00
6.075557779193922033e+04 9.956069847747672785e-01
6.075557805199990980e+04 1.009485077908757855e+00
6.075557831206059927e+04 9.900006846708659936e-01
6.075557857212129602e+04 1.017228156472856915e+00
6.075557883218199277e+04 1.015720544565230865e+00
6.075557909224268951e+04 1.003677946567909984e+00
6.075557935230337898e+04 1.007601827349060564e+00
6.075557961236407573e+04 9.926547189982442010e-01
6.075557987242476520e+04 1.011726860487268009e+00
6.075558013248546195e+04 1.006323735544874864e+00
6.075558039254615869e+04 1.005626521171022025e+00
6.075558065260684816e+04 1.018125926892163857e+00
6.075558091266754491e+04 1.002312512622383522e+00
6.075558117272824165e+04 1.002442639561555993e+00
6.075558143278892385e+04 1.004807043170676595e+00
6.075558169284962059e+04 1.008159562339639548e+00
6.075558195291031734e+04 1.013252678669640305e+00
6.075558221297101409e+04 1.000103188780139263e+00
6.075558247303171083e+04 1.001907134131097887e+00
6.075558273309240030e+04 1.015678864942811011e+00
6.075558299315309705e+04 1.005008835601455708e+00
6.075558325321378652e+04 1.001363032937087061e+00
6.075558351327448327e+04 1.021408686283599598e+00
6.075558377333518001e+04 1.001455676635351066e+00
6.075558403339586948e+04 1.008488494578562822e+00
6.075558429345656623e+04 1.011543653419448408e+00
6.075558455351726298e+04 1.005385305902448678e+00
6.075558481357794517e+04 1.013867693656673952e+00
6.075558507363864192e+04 9.939263063219778704e-01
6.075558533369933866e+04 1.001613856710972694e+00
6.075558559376003541e+04 1.022918953303533884e+00
6.075558585382073215e+04 1.004704304936674175e+00
6.075558611388142162e+04 1.011323947357662068e+00
6.075558637394211837e+04 1.008627905720353546e+00
6.075558663400280784e+04 1.017711382740782655e+00
6.075558689406350459e+04 1.026311907870931517e+00
6.075558715412420133e+04 1.012323740356469326e+00
6.075558741418489080e+04 1.016944463373070873e+00
6.075558767424558755e+04 1.000769599504175211e+00
6.075558793430628430e+04 1.007854599140710405e+00
6.075558819436697377e+04 1.009226527243087146e+00
6.075558845442767051e+04 1.002278952539986445e+00
6.075558871448835998e+04 1.000346754304685115e+00
6.075558897454905673e+04 1.030943310202188323e+00
6.075558923460975348e+04 1.012039036890253652e+00
6.075558949467044295e+04 1.028192782272187911e+00
6.075558975473113969e+04 1.003083708221796932e+00
6.075559001479183644e+04 1.018010547852024272e+00
6.075559027485253318e+04 1.000141828761157647e+00
6.075559053491322265e+04 1.017840130877552429e+00
6.075559079497391212e+04 1.001971405364008971e+00
6.075559105503460887e+04 1.003046190409095040e+00
6.075559131509530562e+04 9.837685788045580360e-01
6.075559157515600236e+04 9.974091932479400846e-01
6.075559183521669911e+04 1.013110018431090165e+00
6.075559209527738858e+04 1.014108629504108627e+00
6.075559235533808533e+04 1.007096416506395808e+00
6.075559261539877480e+04 1.004008931014396033e+00
6.075559287545946427e+04 9.976466666793354365e-01
6.075559313552016101e+04 9.973358185890034422e-01
6.075559339558085776e+04 1.014455964869787952e+00
6.075559494101491873e+04 9.903243698247423676e-01
6.075559520107561548e+04 1.007820024001035319e+00
6.075559546113631222e+04 1.031972963928887932e+00
6.075559572119700897e+04 9.869694742510339847e-01
6.075559598125769844e+04 9.875057526363069105e-01
6.075559624131839519e+04 9.961506642499554642e-01
6.075559650137908466e+04 1.004970613217695874e+00
6.075559676143977413e+04 1.002409772777976382e+00
6.075559702150047087e+04 1.015665001013158486e+00
6.075559728156116762e+04 1.013861391877249440e+00
6.075559754162186437e+04 9.965759605249701059e-01
6.075559780168256111e+04 9.958270072185332333e-01
6.075559806174325058e+04 9.985770359070158531e-01
6.075559832180394733e+04 9.873770719278547325e-01
6.075559858186464407e+04 9.984032264272381108e-01
6.075559884192533355e+04 1.005647844767030730e+00
6.075559910198603029e+04 9.858226211888551083e-01
6.075559936204671976e+04 9.887100153688946902e-01
6.075559962210741651e+04 1.000044648434863737e+00
6.075559988216811325e+04 9.980085255667197064e-01
6.075560014222880272e+04 1.000303374900608722e+00
6.075560040228950675e+04 9.907533532342474025e-01
6.075560066235019622e+04 9.815568662107055919e-01
6.075560092241089296e+04 9.991739735795365229e-01
6.075560118247158971e+04 1.010645439610580842e+00
6.075560144253227918e+04 9.846798457378517222e-01
6.075560170259296865e+04 9.926824818571000630e-01
6.075560196265366540e+04 9.988722071916878997e-01
6.075560222271436214e+04 1.004903280451160397e+00
6.075560248277505889e+04 9.940880260064773877e-01
6.075560274283574836e+04 1.011067221930987303e+00
6.075560300289644510e+04 9.917491249784757823e-01
6.075560326295714185e+04 9.850703953176581651e-01
6.075560352301783860e+04 1.009446402720435509e+00
6.075560378307853534e+04 9.907822861934250103e-01
6.075560404313922481e+04 9.900824096692664167e-01
6.075560430319992156e+04 1.004293691135754285e+00
6.075560456326061831e+04 9.981086134519555619e-01
6.075560482332130050e+04 9.912147705911932283e-01
6.075560508338199725e+04 9.809886974342522103e-01
6.075560534344269399e+04 9.967098227739699112e-01
6.075560560350339074e+04 1.000537746960334928e+00
6.075560586356408749e+04 9.806913370295805565e-01
6.075560612362477696e+04 9.909722132522006399e-01
6.075560638368547370e+04 9.854473515139247075e-01
6.075560664374617045e+04 9.806655668456037978e-01
6.075560690380686719e+04 9.798752275264875911e-01
6.075560716386756394e+04 9.865588512389362741e-01
6.075560742392825341e+04 9.902797445776156948e-01
6.075560768398895016e+04 9.799880645533560752e-01
6.075560794404964690e+04 9.958942065388513010e-01
6.075560820411032910e+04 9.713240759507268951e-01
6.075560846417102584e+04 1.005172481012544861e+00
6.075560872423172259e+04 9.949170564276883511e-01
6.075560898429241934e+04 1.002571263890263520e+00
6.075560924435311608e+04 9.904982578065245624e-01
6.075560950441380555e+04 9.834829292336059181e-01
6.075560976447450230e+04 9.946403741494486139e-01
6.075561002453519905e+04 9.985719709385443288e-01
6.075561028459589579e+04 9.886261680187808931e-01
6.075561054465659254e+04 9.880371926056744636e-01
6.075561080471728201e+04 9.760889845010884969e-01
6.075561106477797875e+04 9.969703850361243402e-01
6.075561132483867550e+04 9.784963397428168008e-01
6.075561158489937225e+04 1.001085452201643688e+00
6.075561184496006899e+04 1.005672556569892739e+00
6.075561210502075846e+04 9.856036284529988700e-01
6.075561236508144793e+04 9.848936397043419610e-01
6.075561262514214468e+04 1.001594500215515104e+00
6.075561288520283415e+04 9.873386471302781908e-01
6.075561314526353090e+04 9.951609194927437674e-01
6.075561340532422764e+04 9.828854264025251863e-01
6.075561366538492439e+04 9.869661076724295379e-01
6.075561392544562113e+04 9.811553983660032952e-01
6.075561418550631060e+04 9.915026569894956898e-01
6.075561444556700735e+04 9.744156672658881302e-01
6.075561470562770410e+04 9.908365224739024146e-01
6.075561496568840084e+04 9.908812155594758364e-01
6.075561522574909759e+04 9.749716415933835645e-01
6.075561548580978706e+04 9.790674378134920364e-01
6.075561574587048381e+04 9.868422740352463807e-01
6.075561600593118055e+04 9.949154116750622556e-01
6.075561626599187002e+04 9.855845830813253494e-01
6.075561652605256677e+04 9.976824730805285979e-01
6.075561678611326352e+04 9.894523722318471215e-01
6.075561704617396026e+04 9.827470729169546226e-01
6.075561730623465701e+04 9.956529331539543115e-01
6.075561756629534648e+04 9.849736825281001362e-01
6.075561782635604322e+04 9.943670347400174192e-01
6.075561808641673269e+04 9.901862325767426531e-01
6.075561834647742944e+04 1.000548056280728293e+00
6.075561860653812619e+04 9.860019556759069825e-01
6.075561886659881566e+04 1.004115780263394653e+00
6.075561912665951240e+04 9.836953824709462335e-01
6.075561938672020915e+04 9.951330943249482308e-01
6.075561964678089862e+04 9.936994168018074003e-01
6.075561990684160264e+04 9.974892176600058669e-01
6.075562016690229211e+04 1.000889234497668312e+00
6.075562042696298886e+04 9.810882047458953092e-01
6.075562068702368560e+04 9.765412350345256121e-01
6.075562094708437508e+04 9.919868551350047303e-01
6.075562120714507182e+04 9.843938273612168333e-01
6.075562146720576857e+04 9.840230105744223188e-01
6.075562172726646531e+04 9.865549022022981340e-01
6.075562198732716206e+04 9.836560266248013384e-01
6.075562224738785153e+04 1.005967839294049648e+00
6.075562250744854828e+04 1.022892138268602924e+00
6.075562276750924502e+04 1.006535360686177549e+00
6.075562302756994177e+04 9.855754803201935976e-01
6.075562328763063852e+04 9.850759863034868058e-01
6.075562490904599690e+04 1.004714637505919939e+00
6.075562516909990518e+04 1.000798854881435496e+00
6.075562542915379890e+04 9.867190643185774768e-01
6.075562568920769263e+04 9.878111804518203698e-01
6.075562594926160091e+04 9.958265866784933307e-01
6.075562620931549463e+04 9.801524481364449759e-01
6.075562646936939564e+04 9.750649051190065641e-01
6.075562672942329664e+04 9.862676629205677781e-01
6.075562698947719036e+04 9.865909786951427840e-01
6.075562724953109864e+04 9.860526383474762513e-01
6.075562750958499237e+04 1.001130783548001668e+00
6.075562776963889337e+04 1.012379023863240191e+00
6.075562802969280165e+04 9.718374976815031818e-01
6.075562828974669537e+04 9.917961256625756894e-01
6.075562854980059637e+04 9.901608707603392068e-01
6.075562880985449738e+04 1.006180164730201110e+00
6.075562906990839110e+04 9.855780327788785655e-01
6.075562932996229938e+04 9.890206039036596453e-01
6.075562959001619311e+04 1.003428081461963384e+00
6.075562985007009411e+04 9.877621870410436822e-01
6.075563011012399511e+04 9.934112242904540313e-01
6.075563037017788884e+04 9.866451618851078686e-01
6.075563063023179711e+04 9.830852004047915260e-01
6.075563089028569084e+04 9.898677174619636698e-01
6.075563115033958456e+04 9.811016446377326394e-01
6.075563141039349284e+04 9.957181761280977650e-01
6.075563167044738657e+04 1.000336168445524088e+00
6.075563193050128757e+04 9.963963125356858352e-01
6.075563219055518857e+04 9.814283446894792595e-01
6.075563245060908230e+04 9.760014653252148120e-01
6.075563271066299058e+04 1.000168493539935533e+00
6.075563297071688430e+04 9.746884696282664962e-01
6.075563323077078530e+04 9.867453078190048243e-01
6.075563349082468631e+04 1.004017994154229321e+00
6.075563375087858003e+04 9.944728169991007283e-01
6.075563401093248831e+04 9.731072869728836228e-01
6.075563427098638203e+04 9.941465287824927666e-01
6.075563453104027576e+04 9.974624970263642476e-01
6.075563479109418404e+04 9.953770654075027036e-01
6.075563505114807776e+04 9.925703637493790144e-01
6.075563531120197877e+04 9.968075005079914952e-01
6.075563557125588704e+04 9.971050188844887696e-01
6.075563583130978077e+04 9.918891831091325439e-01
6.075563609136368905e+04 9.756069840053613884e-01
6.075563635141758277e+04 9.691795070518188782e-01
6.075563661147148377e+04 9.900587750493544670e-01
6.075563687152538478e+04 9.872470696080667407e-01
6.075563713157927850e+04 9.848037990396936170e-01
6.075563739163318678e+04 9.888128242001879009e-01
6.075563765168708051e+04 9.951737386951301501e-01
6.075563791174097423e+04 1.012019337227682669e+00
6.075563817179488251e+04 9.753861621681789718e-01
6.075563843184877624e+04 9.774176489794481615e-01
6.075563869190267724e+04 1.006608931651250094e+00
6.075563895195657824e+04 9.850741925061985427e-01
6.075563921201047197e+04 1.013212474526464568e+00
6.075563947206438024e+04 9.819297314026337320e-01
6.075563973211827397e+04 1.002298071409237545e+00
6.075563999217217497e+04 9.913924547378974994e-01
6.075564025222608325e+04 9.910621691162633251e-01
6.075564051227997697e+04 1.003929019522987298e+00
6.075564077233388525e+04 9.839040771911182759e-01
6.075564103238777898e+04 9.941057795487863169e-01
6.075564129244167270e+04 9.925012944336464304e-01
6.075564155249558098e+04 1.006833160228675306e+00
6.075564181254947471e+04 9.973668472621024517e-01
6.075564207260337571e+04 1.000247803038902594e+00
6.075564233265727671e+04 9.988830477014111198e-01
6.075564259271117044e+04 1.003781662801586316e+00
6.075564285276507871e+04 9.848072811581043418e-01
6.075564311281897244e+04 9.922018914951525881e-01
6.075564337287286617e+04 1.000841779181860236e+00
6.075564363292677444e+04 9.894401838768547286e-01
6.075564389298066817e+04 9.963605658855043679e-01
6.075564415303458372e+04 9.938840144020372191e-01
6.075564441308847745e+04 1.003618192182647029e+00
6.075564467314237118e+04 9.981865165119726546e-01
6.075564493319627945e+04 1.016910008347053918e+00
6.075564519325017318e+04 9.884600731645717397e-01
6.075564545330407418e+04 1.017222296942533077e+00
6.075564571335797518e+04 1.016845626589758522e+00
6.075564597341186891e+04 1.001634208731913445e+00
6.075564623346577719e+04 9.923391131272620846e-01
6.075564649351967091e+04 9.841012880967089371e-01
6.075564675357356464e+04 1.007111218622642967e+00
6.075564701362747292e+04 1.002235202084667209e+00
6.075564727368136664e+04 9.969174531677568174e-01
6.075564753373527492e+04 9.906843914477108104e-01
6.075564779378917592e+04 9.929589061784255266e-01
6.075564805384306965e+04 1.006344836430138612e+00
6.075564831389697792e+04 9.982755414024563345e-01
6.075564857395087165e+04 1.008938494901941985e+00
6.075564883400477265e+04 1.000949124128240220e+00
6.075564909405867365e+04 9.879946408535753566e-01
6.075564935411256738e+04 9.911125305220677140e-01
6.075564961416647566e+04 1.011163964361003975e+00
6.075564987422036938e+04 1.008835352204962676e+00
6.075565013427426311e+04 1.004441087878684025e+00
6.075565039432817866e+04 9.901355671401659286e-01
6.075565065438207239e+04 1.003006310541908030e+00
6.075565091443597339e+04 1.004388263932747272e+00
6.075565117448987439e+04 9.933005978172440020e-01
6.075565143454376812e+04 1.020344285029961995e+00
6.075565169459767640e+04 9.977480273375092246e-01
6.075565195465157012e+04 1.001337304251241456e+00
6.075565221470547112e+04 1.003784223768449557e+00
6.075565247475937213e+04 9.854114148329057299e-01
6.075565273481326585e+04 1.007489876045893906e+00
6.075565299486718141e+04 1.011807821219190773e+00
6.075565325492107513e+04 1.004277073810968757e+00
6.075565492676799477e+04 9.913664453458728154e-01
6.075565518682868424e+04 1.019430188043728425e+00
6.075565544688938098e+04 9.885502740033191849e-01
6.075565570695007773e+04 1.010743640346215999e+00
6.075565596701077448e+04 9.947245160888340543e-01
6.075565622707147122e+04 1.012541733681098011e+00
6.075565648713216069e+04 1.015947431968815984e+00
6.075565674719285744e+04 1.009309401688420538e+00
6.075565700725356146e+04 9.958050293710717371e-01
6.075565726731425821e+04 9.971768176925651650e-01
6.075565752737495495e+04 9.964844723698847995e-01
6.075565778743564442e+04 1.006581130147816250e+00
6.075565804749634117e+04 1.010290324118442440e+00
6.075565830755703792e+04 1.000137645094432370e+00
6.075565856761772739e+04 1.012947082475043281e+00
6.075565882767842413e+04 1.015346115871992305e+00
6.075565908773912088e+04 9.959980198048120625e-01
6.075565934779981762e+04 9.937877050852250704e-01
6.075565960786051437e+04 1.008014121365467641e+00
6.075565986792121112e+04 1.006884902247349167e+00
6.075566012798190786e+04 1.004876369367117217e+00
6.075566038804260461e+04 1.005726043726645091e+00
6.075566064810330136e+04 1.013437209938526928e+00
6.075566090816399810e+04 9.994501704870809577e-01
6.075566116822468757e+04 9.976929597478447764e-01
6.075566142828538432e+04 1.007122036281601796e+00
6.075566168834608106e+04 9.957701763743195267e-01
6.075566194840677781e+04 1.022299604114349725e+00
6.075566220846748183e+04 1.010498030441531636e+00
6.075566246852817130e+04 1.001746463342616522e+00
6.075566272858886805e+04 1.020423906947538262e+00
6.075566298864956480e+04 1.017819029909645234e+00
6.075566324871025427e+04 9.978077434604801788e-01
6.075566350877095101e+04 1.007224290351898865e+00
6.075566376883164776e+04 1.009097662974973497e+00
6.075566402889234450e+04 1.016787948734384051e+00
6.075566428895304125e+04 1.012527265502036755e+00
6.075566454901373800e+04 1.012065597243300585e+00
6.075566480907443474e+04 1.012682952610655329e+00
6.075566506913513149e+04 1.010213875936193384e+00
6.075566532919582824e+04 1.011138271087006046e+00
6.075566558925652498e+04 1.012449355247316607e+00
6.075566584931721445e+04 9.846960385483634060e-01
6.075566610937791120e+04 1.000517546931480872e+00
6.075566636943860794e+04 1.005763453208294411e+00
6.075566662949930469e+04 1.017995518353394413e+00
6.075566688956000144e+04 9.968781753164454029e-01
6.075566714962069818e+04 9.880022684145225442e-01
6.075566740968139493e+04 9.949943873399359484e-01
6.075566766974209168e+04 1.005989084813516010e+00
6.075566792980278115e+04 9.894373279652709519e-01
6.075566818986347789e+04 9.960811388225041529e-01
6.075566844992417464e+04 9.970634936813399518e-01
6.075566870998487866e+04 1.008156250359872885e+00
6.075566897004557541e+04 1.005153716080231296e+00
6.075566923010626488e+04 1.004763284734182083e+00
6.075566949016696162e+04 1.016432449839503649e+00
6.075566975022765837e+04 1.004405216026030168e+00
6.075567001028834784e+04 9.974477028791649547e-01
6.075567027034905186e+04 9.877121585401911208e-01
6.075567053040974133e+04 1.020801989638512541e+00
6.075567079047044535e+04 1.012991535097618412e+00
6.075567105053114210e+04 1.008074438738565171e+00
6.075567131059183157e+04 9.961316303456181354e-01
6.075567157065252832e+04 1.006761401387145982e+00
6.075567183071322506e+04 1.003471219351865562e+00
6.075567209077392181e+04 1.012304557567638597e+00
6.075567235083461856e+04 9.959477902956386242e-01
6.075567261089531530e+04 1.003940644757995715e+00
6.075567287095601205e+04 1.011228377013996704e+00
6.075567313101670879e+04 1.006314379076987953e+00
6.075567339107740554e+04 1.008181068025803651e+00
6.075567365113810229e+04 9.978414410514410138e-01
6.075567391119879176e+04 1.012751815281435652e+00
6.075567417125948850e+04 9.878698547240202243e-01
6.075567443132019253e+04 1.002666179106188382e+00
6.075567469138088200e+04 1.001444450300867040e+00
6.075567495144157874e+04 1.005735372453522070e+00
6.075567521150227549e+04 1.013172558586695970e+00
6.075567547156297223e+04 1.005329864196131906e+00
6.075567573162366898e+04 1.010160082241917667e+00
6.075567599168436573e+04 1.002261462439187456e+00
6.075567625174506247e+04 1.034495958725687226e+00
6.075567651180575922e+04 1.013747120427967552e+00
6.075567677186645597e+04 1.012593370422461669e+00
6.075567703192715271e+04 1.002396773867800794e+00
6.075567729198784218e+04 1.004480991080676233e+00
6.075567755204853893e+04 1.011169530953616835e+00
6.075567781210924295e+04 9.977667514078106814e-01
6.075567807216993242e+04 1.012742285558888122e+00
6.075567833223062917e+04 9.990013482912656340e-01
6.075567859229132591e+04 1.003591861708044597e+00
6.075567885235202266e+04 1.005421774017499104e+00
6.075567911241271941e+04 1.010451509264853387e+00
6.075567937247341615e+04 1.005688206825978481e+00
6.075567963253411290e+04 9.942995888599508447e-01
6.075567989259480964e+04 9.998949534084258239e-01
6.075568015265550639e+04 1.004366427024653285e+00
6.075568041271620314e+04 9.906726461272896689e-01
6.075568067277689261e+04 9.979209206083224926e-01
6.075568093283759663e+04 1.012116663445975728e+00
6.075568119289829338e+04 1.020415116840053926e+00
6.075568145295898285e+04 9.984960205107556996e-01
6.075568171301968687e+04 1.004635135698249027e+00
6.075568197308037634e+04 1.013596747145346422e+00
6.075568223314107308e+04 9.921763687656436348e-01
6.075568249320177711e+04 1.014258075491547562e+00
6.075568275326246658e+04 1.001902244891986982e+00
6.075568301332316332e+04 1.008772742553934121e+00
6.075568327338386007e+04 1.002447227147386544e+00
6.075568483179301256e+04 9.768702887337327168e-01
6.075568509184680443e+04 1.006316895183000160e+00
6.075568535190059629e+04 9.984094072822855548e-01
6.075568561195438815e+04 9.975582647448196782e-01
6.075568587200818729e+04 9.892464227613180228e-01
6.075568613206199370e+04 9.929714792155482916e-01
6.075568639211578557e+04 9.904182639720335857e-01
6.075568665216957743e+04 1.000142014660239331e+00
6.075568691222336929e+04 9.912222775963015486e-01
6.075568717227716115e+04 9.884136658235114226e-01
6.075568743233096029e+04 1.007784233671987328e+00
6.075568769238475215e+04 9.922703209158127979e-01
6.075568795243854402e+04 9.922186087492316231e-01
6.075568821249233588e+04 1.011745862359574089e+00
6.075568847254613502e+04 9.862294477730314535e-01
6.075568873259992688e+04 9.894631189193241472e-01
6.075568899265372602e+04 9.957633146982172168e-01
6.075568925270752516e+04 9.939064750399343451e-01
6.075568951276131702e+04 9.920322114525708113e-01
6.075568977281511616e+04 9.954363718870985478e-01
6.075569003286890802e+04 9.847622509380289380e-01
6.075569029292269988e+04 9.957806004069238437e-01
6.075569055297649174e+04 9.994842558894940776e-01
6.075569081303029088e+04 1.000612094669632635e+00
6.075569107308408275e+04 9.970511388039030587e-01
6.075569133313787461e+04 9.960360664303532507e-01
6.075569159319166647e+04 9.994405714913178196e-01
6.075569185324547288e+04 1.004550264008571503e+00
6.075569211329927202e+04 9.905360014093156362e-01
6.075569237335306389e+04 1.000156946061155683e+00
6.075569263340685575e+04 9.819223265003825807e-01
6.075569289346064761e+04 9.953559944583195707e-01
6.075569315351444675e+04 1.007899985379233199e+00
6.075569341356823861e+04 9.976987983325491527e-01
6.075569367362203047e+04 9.905390001776028797e-01
6.075569393367582234e+04 9.920285661950110079e-01
6.075569419372962147e+04 9.894093427433049426e-01
6.075569445378341334e+04 1.015086883975442555e+00
6.075569471383720520e+04 1.008770745668669422e+00
6.075569497389100434e+04 9.920797622347049538e-01
6.075569523394481075e+04 9.875563041997499347e-01
6.075569549399860261e+04 9.910750306572739809e-01
6.075569575405239448e+04 9.866516744240249048e-01
6.075569601410618634e+04 9.926539710185561249e-01
6.075569627415998548e+04 9.991137905048018686e-01
6.075569653421377734e+04 1.012619801367276473e+00
6.075569679426756920e+04 9.977508771965835077e-01
6.075569705432136107e+04 9.937613681755679274e-01
6.075569731437516020e+04 1.003651079339995311e+00
6.075569757442895207e+04 9.935963043570225084e-01
6.075569783448274393e+04 9.873529437102112061e-01
6.075569809453654307e+04 9.667937390783213347e-01
6.075569835459034948e+04 9.947090060697652003e-01
6.075569861464414134e+04 9.962492699378892036e-01
6.075569887469793321e+04 9.957304649443732281e-01
6.075569913475172507e+04 9.979665940056193785e-01
6.075569939480552421e+04 9.939881273083162050e-01
6.075569965485931607e+04 1.005464749579390249e+00
6.075569991491310793e+04 9.889611143739772681e-01
6.075570017496689979e+04 9.936575822566846572e-01
6.075570043502069893e+04 1.002132852860396328e+00
6.075570069507449080e+04 1.003468345507716464e+00
6.075570095512828993e+04 1.009557572483879895e+00
6.075570121518208907e+04 9.849343685639887491e-01
6.075570147523588821e+04 9.927853301764509864e-01
6.075570173528968007e+04 9.942889327458425131e-01
6.075570199534347194e+04 9.995921106165084336e-01
6.075570225539727107e+04 9.934066387858815350e-01
6.075570251545106294e+04 9.818099169358485145e-01
6.075570277550485480e+04 9.777580861696498760e-01
6.075570303555864666e+04 9.756336899342124003e-01
6.075570329561244580e+04 9.918999910079696614e-01
6.075570355566623766e+04 9.862883564310360729e-01
6.075570381572002952e+04 9.984141116126140636e-01
6.075570407577382866e+04 9.940286436382890223e-01
6.075570433582763508e+04 9.776326498033554024e-01
6.075570459588142694e+04 9.886301425394306008e-01
6.075570485593521880e+04 9.774594620076032525e-01
6.075570511598901066e+04 9.885563654956573965e-01
6.075570537604280980e+04 9.785945275312682989e-01
6.075570563609660167e+04 9.796917263952001909e-01
6.075570589615039353e+04 9.886758806793686238e-01
6.075570615620419267e+04 9.763885514303723978e-01
6.075570641625798453e+04 9.979755066439081057e-01
6.075570667631177639e+04 9.811317184147477777e-01
6.075570693636557553e+04 9.862029508827199198e-01
6.075570719641938194e+04 9.903679479334711599e-01
6.075570745647317381e+04 9.748203199816473097e-01
6.075570771652696567e+04 9.852443781555498825e-01
6.075570797658076481e+04 9.824384561441513730e-01
6.075570823663455667e+04 9.914765041574535864e-01
6.075570849668834853e+04 9.686888871307389737e-01
6.075570875674214039e+04 9.867805354819617625e-01
6.075570901679593953e+04 9.896411962216425939e-01
6.075570927684973140e+04 1.001961813905936305e+00
6.075570953690352326e+04 9.788083515556678105e-01
6.075570979695732240e+04 9.901828261133156506e-01
6.075571005701112153e+04 9.853934776950171726e-01
6.075571031706492067e+04 9.926527420814943437e-01
6.075571057711871254e+04 1.017132216328545002e+00
6.075571083717251167e+04 9.728797970674520901e-01
6.075571109722630354e+04 9.899108066335996492e-01
6.075571135728009540e+04 1.009466758684523180e+00
6.075571161733389454e+04 9.999363070929027097e-01
6.075571187738768640e+04 1.007256159999449618e+00
6.075571213744147826e+04 9.923210863830157491e-01
6.075571239749527740e+04 9.981620837512419353e-01
6.075571265754906926e+04 9.878206660664627936e-01
6.075571291760286840e+04 9.899044691286514874e-01
6.075571317765666754e+04 9.886112918902881797e-01
6.075571474868715450e+04 9.747021524647419000e-01
6.075571500874785124e+04 1.007590512510103675e+00
6.075571526880854799e+04 9.755094089222631215e-01
6.075571552886924474e+04 9.790102853663076310e-01
6.075571578892994148e+04 1.000746108170979198e+00
6.075571604899063823e+04 9.883369009658500293e-01
6.075571630905133497e+04 9.796697984956735938e-01
6.075571656911203172e+04 9.941325991935745510e-01
6.075571682917273574e+04 1.000718841846062190e+00
6.075571708923342521e+04 9.809277011675785474e-01
6.075571734929412196e+04 9.904615714137592342e-01
6.075571760935482598e+04 9.917390737857023630e-01
6.075571786941552273e+04 9.869496616418131918e-01
6.075571812947621947e+04 1.009650880132016981e+00
6.075571838953690894e+04 9.918320304300303203e-01
6.075571864959761297e+04 1.009110962812301837e+00
6.075571890965830971e+04 9.848666981697844491e-01
6.075571916971899918e+04 1.003681653314985267e+00
6.075571942977970320e+04 9.949081890172010167e-01
6.075571968984039995e+04 9.892480860863500647e-01
6.075571994990109670e+04 9.858842554346569642e-01
6.075572020996180072e+04 9.899129640739048330e-01
6.075572047002249019e+04 9.894433255558195972e-01
6.075572073008318694e+04 1.009720744129024350e+00
6.075572099014388368e+04 9.971460512778526075e-01
6.075572125020458770e+04 1.003677030820577354e+00
6.075572151026528445e+04 9.970588213974806990e-01
6.075572177032597392e+04 1.004062032887324429e+00
6.075572203038667794e+04 9.865611951912336419e-01
6.075572229044737469e+04 9.881374025608967715e-01
6.075572255050806416e+04 9.641728810775882508e-01
6.075572281056877546e+04 9.933766273348108022e-01
6.075572307062946493e+04 9.929289486503131146e-01
6.075572333069016167e+04 9.981837261043277065e-01
6.075572359075086570e+04 9.926107074509551431e-01
6.075572385081155517e+04 9.858725890873373254e-01
6.075572411087225191e+04 9.798554396610905659e-01
6.075572437093294866e+04 9.754195941463580377e-01
6.075572463099365268e+04 9.916225347370517529e-01
6.075572489105434943e+04 9.881842727978108476e-01
6.075572515111503890e+04 9.813367931771393993e-01
6.075572541117574292e+04 1.001839486889914976e+00
6.075572567123643967e+04 9.926879561096410010e-01
6.075572593129713641e+04 9.888563304105306706e-01
6.075572619135784043e+04 9.831437903568317482e-01
6.075572645141852990e+04 9.916622702399162659e-01
6.075572671147922665e+04 9.936529989209080815e-01
6.075572697153993067e+04 9.872343718391376477e-01
6.075572723160062014e+04 9.963107872923568920e-01
6.075572749166131689e+04 9.991573375296914916e-01
6.075572775172202091e+04 1.011423308372967567e+00
6.075572801178271766e+04 1.006327457496581035e+00
6.075572827184341440e+04 1.010085020968841896e+00
6.075572853190411115e+04 9.957262387261816006e-01
6.075572879196480790e+04 9.993370085404335024e-01
6.075572905202550464e+04 1.022698311056982279e+00
6.075572931208620867e+04 9.983034474709104877e-01
6.075572957214690541e+04 9.979389668114561074e-01
6.075572983220759488e+04 1.006910536797548383e+00
6.075573009226829890e+04 9.942983553699478172e-01
6.075573035232899565e+04 9.964611596842648522e-01
6.075573061238968512e+04 1.006132959819443062e+00
6.075573087245038914e+04 9.956317214480858713e-01
6.075573113251108589e+04 9.914339238201582694e-01
6.075573139257178264e+04 9.841403764212716121e-01
6.075573165263248666e+04 1.008641498854045526e+00
6.075573191269317613e+04 1.003859369917112554e+00
6.075573217275387287e+04 1.008473891003257128e+00
6.075573243281457690e+04 9.950052829105455743e-01
6.075573269287527364e+04 9.938912940373558769e-01
6.075573295293597039e+04 9.977117251234792761e-01
6.075573321299666713e+04 9.979253875087523706e-01
6.075573347305736388e+04 9.901192144945795137e-01
6.075573373311806063e+04 1.003601047745668273e+00
6.075573399317875737e+04 9.959372296522336354e-01
6.075573425323946140e+04 9.838758240042170256e-01
6.075573451330015087e+04 9.976944510028381563e-01
6.075573477336085489e+04 9.810989407948713659e-01
6.075573503342155163e+04 9.981330854344343528e-01
6.075573529348224110e+04 1.009170901832395328e+00
6.075573555354294513e+04 9.977465375687927240e-01
6.075573581360364187e+04 9.911724257035506858e-01
6.075573607366434589e+04 1.013717141174087955e+00
6.075573633372504264e+04 9.946438061071157799e-01
6.075573659378573211e+04 1.005257588978238692e+00
6.075573685384643613e+04 1.022820010789606604e+00
6.075573711390713288e+04 9.965346211162340317e-01
6.075573737396782963e+04 1.002364956497878712e+00
6.075573763402853365e+04 9.918204159561364586e-01
6.075573789408922312e+04 1.006633765130156233e+00
6.075573815414991986e+04 1.004214512374304924e+00
6.075573841421062389e+04 9.983457886079676324e-01
6.075573867427131336e+04 1.010387676603590412e+00
6.075573893433201010e+04 9.917627506267813198e-01
6.075573919439271413e+04 1.002586166396335354e+00
6.075573945445341087e+04 1.009160754336974719e+00
6.075573971451411489e+04 1.000866542745698640e+00
6.075573997457480436e+04 1.010532135500691542e+00
6.075574023463550111e+04 1.000407062783016165e+00
6.075574049469620513e+04 1.000583880112834834e+00
6.075574075475690188e+04 1.013705843589948419e+00
6.075574101481759863e+04 1.002994448896889601e+00
6.075574127487829537e+04 1.021983752645635235e+00
6.075574153493899212e+04 1.002325985599631819e+00
6.075574179499969614e+04 9.950492245442813521e-01
6.075574205506038561e+04 9.995960336274788416e-01
6.075574231512108236e+04 9.891031680693211925e-01
6.075574257518178638e+04 1.003143375226075218e+00
6.075574283524248312e+04 1.007042604020640386e+00
6.075574309530317987e+04 1.001391539527485275e+00
6.075574483016229351e+04 1.014846226008358832e+00
6.075574509021608537e+04 1.021521656434186243e+00
6.075574535026989179e+04 1.019853069848436045e+00
6.075574561032369093e+04 9.804577579759364836e-01
6.075574587037748279e+04 1.007385737779251000e+00
6.075574613043128193e+04 1.008720492372763067e+00
6.075574639048507379e+04 1.005726541961978526e+00
6.075574665053887293e+04 1.000542575999064043e+00
6.075574691059266479e+04 1.007906284562090526e+00
6.075574717064645665e+04 1.026827961490256458e+00
6.075574743070025579e+04 9.933682024946405287e-01
6.075574769075404765e+04 1.012118653188324835e+00
6.075574795080784679e+04 1.004524646940586630e+00
6.075574821086163865e+04 9.929717512772813226e-01
6.075574847091544507e+04 9.930832077996972762e-01
6.075574873096924421e+04 9.906365034604804887e-01
6.075574899102303607e+04 1.003261282927639497e+00
6.075574925107683521e+04 9.937821164768357862e-01
6.075574951113062707e+04 9.966441328829552804e-01
6.075574977118442621e+04 1.014459851405637547e+00
6.075575003123821807e+04 9.992616086287515742e-01
6.075575029129201721e+04 1.005731431238096052e+00
6.075575055134580907e+04 1.016941497833580899e+00
6.075575081139960093e+04 1.008797431467612693e+00
6.075575107145340007e+04 1.013910339804290128e+00
6.075575133150719921e+04 1.007616846688668799e+00
6.075575159156100563e+04 1.018473948271839014e+00
6.075575185161479749e+04 1.016486310501462764e+00
6.075575211166859663e+04 1.003179992919638108e+00
6.075575237172238849e+04 1.010255265963275750e+00
6.075575263177618035e+04 9.971028122478615696e-01
6.075575289182997949e+04 1.008965800830237569e+00
6.075575315188377135e+04 9.897559576738153009e-01
6.075575341193757049e+04 1.011535548524576944e+00
6.075575367199136235e+04 1.019517125063424068e+00
6.075575393204516149e+04 1.022938955646801373e+00
6.075575419209895335e+04 9.966114313116133383e-01
6.075575445215275249e+04 1.009821730641109250e+00
6.075575471220655891e+04 9.978956632267623750e-01
6.075575497226035077e+04 1.005669274399494162e+00
6.075575523231414991e+04 1.014253863325234928e+00
6.075575549236794177e+04 1.001498791671826982e+00
6.075575575242174091e+04 9.946967351305737726e-01
6.075575601247553277e+04 1.029411601614813598e+00
6.075575627252933191e+04 1.011703387339485394e+00
6.075575653258312377e+04 1.010766035584281575e+00
6.075575679263691563e+04 1.016951493007847596e+00
6.075575705269071477e+04 1.011156918360654355e+00
6.075575731274451391e+04 1.004162425462550079e+00
6.075575757279832033e+04 1.009573186870714956e+00
6.075575783285211219e+04 1.007995922080499263e+00
6.075575809290591133e+04 9.889513573223830400e-01
6.075575835295970319e+04 1.030479493531357260e+00
6.075575861301350233e+04 1.011801372160046508e+00
6.075575887306729419e+04 1.015789957707083024e+00
6.075575913312109333e+04 1.020178386907310442e+00
6.075575939317488519e+04 1.014894668720675464e+00
6.075575965322867705e+04 1.016807573105449558e+00
6.075575991328247619e+04 9.927497655251629194e-01
6.075576017333626805e+04 9.853185860558396625e-01
6.075576043339007447e+04 1.012220626739020135e+00
6.075576069344387361e+04 9.896582975107928171e-01
6.075576095349767274e+04 1.018828888476720040e+00
6.075576121355146461e+04 1.001680537957647665e+00
6.075576147360526375e+04 9.908274058718045119e-01
6.075576173365905561e+04 1.011540759806301093e+00
6.075576199371285475e+04 9.965737291180943869e-01
6.075576225376664661e+04 1.011517667628705652e+00
6.075576251382044575e+04 1.002794187043116070e+00
6.075576277387423761e+04 9.978932761718155575e-01
6.075576303392802947e+04 9.939812651492953011e-01
6.075576329398183589e+04 1.003702504230709724e+00
6.075576355403563502e+04 1.020744978391206148e+00
6.075576381408943416e+04 1.007977763796467530e+00
6.075576407414322603e+04 9.941558351327142162e-01
6.075576433419702516e+04 1.016360983138304253e+00
6.075576459425081703e+04 1.011748034640133298e+00
6.075576485430461616e+04 9.995877032364293147e-01
6.075576511435840803e+04 9.957656669343444289e-01
6.075576537441220717e+04 9.974574644173008764e-01
6.075576563446599903e+04 9.954654433888936449e-01
6.075576589451979817e+04 1.014850194672518358e+00
6.075576615457359003e+04 9.947227276957831821e-01
6.075576641462739644e+04 9.958413480458222500e-01
6.075576667468119558e+04 1.002567938199784070e+00
6.075576693473499472e+04 9.924767635841510449e-01
6.075576719478878658e+04 9.840240261806720845e-01
6.075576745484258572e+04 9.856475308414600622e-01
6.075576771489637758e+04 1.014402640265441580e+00
6.075576797495017672e+04 9.899309571150162190e-01
6.075576823500396858e+04 1.000311443837240910e+00
6.075576849505776045e+04 9.953155109643926357e-01
6.075576875511155959e+04 9.923989721152055576e-01
6.075576901516535145e+04 9.975174839880617261e-01
6.075576927521915786e+04 9.823947455506372162e-01
6.075576953527295700e+04 1.005491297736229805e+00
6.075576979532675614e+04 9.979546556563423376e-01
6.075577005538054800e+04 9.997083373521438165e-01
6.075577031543434714e+04 9.831826161138654818e-01
6.075577057548813900e+04 9.981959315708727187e-01
6.075577083554193814e+04 9.967399736765921725e-01
6.075577109559573000e+04 1.008622662426690075e+00
6.075577135564952914e+04 1.004193412452527134e+00
6.075577161570332100e+04 9.984773730117504353e-01
6.075577187575712014e+04 9.976735843281275828e-01
6.075577213581091200e+04 9.878326007532514108e-01
6.075577239586471842e+04 9.799858137871882979e-01
6.075577265591851756e+04 9.967371375133683431e-01
6.075577291597231670e+04 9.932245360726302819e-01
6.075577317602610856e+04 1.007972991732624779e+00
