6.075585120116569306e+04 9.996216214170563497e-01
6.075585146121949219e+04 9.949498196664057215e-01
6.075585172127328406e+04 9.977162571646871481e-01
6.075585198132708319e+04 9.990543092441644957e-01
6.075585224138088233e+04 1.011561248721062345e+00
6.075585250143468147e+04 9.863804735397220247e-01
6.075585276148847333e+04 1.018222137232507762e+00
6.075585302154227247e+04 1.005029111962725485e+00
6.075585328159607161e+04 9.990383429689224659e-01
6.075585354164987803e+04 1.002993377001010211e+00
6.075585380170368444e+04 9.979167594911920736e-01
6.075585406175747630e+04 1.009784463668878196e+00
6.075585432181127544e+04 1.008911392141719432e+00
6.075585458186507458e+04 1.021894362291968950e+00
6.075585484191887372e+04 1.002048072815157953e+00
6.075585510197266558e+04 1.007576428366281363e+00
6.075585536202646472e+04 9.930424875679475516e-01
6.075585562208026386e+04 9.930770544496826391e-01
6.075585588213406299e+04 1.002293906165486748e+00
6.075585614218786213e+04 1.008428132793879328e+00
6.075585640224165400e+04 1.001949869244040503e+00
6.075585666229546041e+04 1.018449625512439782e+00
6.075585692234926682e+04 9.973350523358524011e-01
6.075585718240306596e+04 9.964174690904192833e-01
6.075585744245685783e+04 1.003390809847705789e+00
6.075585770251065696e+04 1.004097076681817580e+00
6.075585796256445610e+04 9.977633704973837281e-01
6.075585822261825524e+04 9.971048579558635661e-01
6.075585848267205438e+04 1.000256393007160183e+00
6.075585874272584624e+04 1.005722737058510896e+00
6.075585900277964538e+04 9.865418426448926414e-01
6.075585926283344452e+04 1.000527271313868649e+00
6.075585952288725093e+04 1.003437500010178063e+00
6.075585978294105735e+04 9.953021475769147086e-01
6.075586004299484921e+04 1.014337872072560431e+00
6.075586030304864835e+04 9.980112040340134438e-01
6.075586056310244749e+04 9.882056390184135175e-01
6.075586082315624662e+04 1.018185807516419183e+00
6.075586108321004576e+04 9.868912530035931496e-01
6.075586134326383763e+04 9.974077066668614044e-01
6.075586160331763676e+04 9.990591776019499548e-01
6.075586186337143590e+04 1.009606455761706822e+00
6.075586212342523504e+04 1.000051771551794033e+00
6.075586238347903418e+04 1.000446094378319106e+00
6.075586264353283332e+04 1.007183282730831797e+00
6.075586290358663973e+04 9.989844519795835209e-01
6.075586316364043887e+04 9.828698385039310592e-01
6.075586342369423801e+04 1.004918509007049821e+00
6.075586368374803715e+04 1.005261041954897960e+00
6.075586394380182901e+04 9.920812658998251488e-01
6.075586420385562815e+04 9.820367876004124641e-01
6.075586446390942729e+04 1.006453903072250355e+00
6.075586472396322642e+04 1.003762407365889953e+00
6.075586498401702556e+04 9.898679063876549833e-01
6.075586524407081743e+04 9.757921694547182501e-01
6.075586550412462384e+04 9.958632381462158012e-01
6.075586576417843025e+04 1.007355970453762462e+00
6.075586602423222939e+04 9.755298520659879680e-01
6.075586628428602853e+04 1.001507117434512040e+00
6.075586654433982039e+04 1.001243746853309302e+00
6.075586680439361953e+04 1.001492968679858597e+00
6.075586706444741867e+04 9.814335933457143391e-01
6.075586732450121781e+04 9.852027910347080919e-01
6.075586758455501695e+04 1.007340101064932547e+00
6.075586784460881609e+04 9.999495987710821376e-01
6.075586810466260795e+04 9.972127617242436681e-01
6.075586836471640709e+04 9.871880481911747829e-01
6.075586862477021350e+04 1.008428817982174763e+00
6.075586888482401991e+04 1.002647274862472404e+00
6.075586914487781905e+04 1.005555069271634849e+00
6.075586940493161092e+04 9.913158752830815157e-01
6.075586966498541005e+04 1.007440432593331492e+00
6.075586992503920919e+04 9.885352928237286507e-01
6.075587018509300833e+04 9.993972895755732777e-01
6.075587044514680747e+04 1.001744586971321294e+00
6.075587070520060661e+04 1.007862724189390269e+00
6.075587096525439847e+04 9.920154998014911740e-01
6.075587122530819761e+04 9.849790249666906528e-01
6.075587148536199675e+04 9.913666997129876313e-01
6.075587174541581044e+04 9.998938149330260927e-01
6.075587200546960958e+04 9.943726300301285459e-01
6.075587226552340871e+04 9.884680926625987185e-01
6.075587252557720058e+04 9.898003459344990596e-01
6.075587278563099972e+04 9.870466417594008224e-01
6.075587304568479885e+04 9.924300887983000807e-01
6.075587330573859799e+04 9.796829885749065436e-01
6.075587356579239713e+04 1.000291594332083811e+00
6.075587382584619627e+04 1.002073423566236299e+00
6.075587408589998813e+04 1.017923334688565884e+00
6.075587434595378727e+04 9.945019345683749901e-01
6.075587460600759368e+04 9.801173779324857671e-01
6.075587486606140010e+04 9.910533970164768780e-01
6.075587512611519924e+04 1.003814209874769547e+00
6.075587538616899838e+04 1.016590586305972321e+00
6.075587564622279751e+04 9.896207261863142479e-01
6.075587590627658938e+04 9.911981821000300785e-01
6.075587616633038851e+04 9.845999342984235181e-01
6.075587642638418765e+04 9.994499211823072438e-01
6.075587668643798679e+04 9.912757135042234991e-01
6.075587694649178593e+04 1.010063722809588116e+00
6.075587720654558507e+04 9.866797307461270261e-01
6.075587746659937693e+04 9.989986598624657210e-01
6.075587772665318334e+04 1.005917776872136127e+00
6.075587798670698976e+04 9.921899791641960453e-01
6.075587824676078890e+04 9.976698759719834220e-01
6.075587850681458804e+04 9.913107333707411595e-01
6.075587876686838717e+04 9.825659211244648361e-01
6.075587902692218631e+04 9.853446327170897190e-01
6.075587928697597818e+04 1.006256100804753695e+00
6.075587954702977731e+04 9.969539532250686342e-01
6.075588115586427011e+04 9.926400871574548868e-01
6.075588141592496686e+04 9.901088800035503512e-01
6.075588167598567088e+04 9.936446697947886042e-01
6.075588193604636763e+04 9.905439278412501158e-01
6.075588219610707165e+04 9.972019466383069686e-01
6.075588245616777567e+04 9.906681408888410312e-01
6.075588271622847242e+04 9.808320296235268909e-01
6.075588297628917644e+04 1.006038928755688566e+00
6.075588323634988046e+04 1.002310345472205100e+00
6.075588349641056993e+04 1.014058251288248114e+00
6.075588375647127395e+04 9.880485309933821902e-01
6.075588401653197798e+04 9.894977462710744520e-01
6.075588427659268200e+04 9.935346364204866720e-01
6.075588453665338602e+04 9.978878148425740502e-01
6.075588479671408277e+04 9.872234435788562745e-01
6.075588505677478679e+04 1.004493108541586910e+00
6.075588531683548354e+04 9.895932738234196613e-01
6.075588557689618756e+04 9.889571342224467987e-01
6.075588583695689158e+04 9.944129676446562538e-01
6.075588609701758833e+04 9.991004385107471464e-01
6.075588635707829235e+04 1.002872131007353174e+00
6.075588661713899637e+04 9.910713621587968758e-01
6.075588687719969312e+04 1.013814788107828990e+00
6.075588713726038986e+04 9.819064832305329782e-01
6.075588739732109389e+04 9.950693282472928836e-01
6.075588765738179791e+04 9.993838842588116389e-01
6.075588791744250193e+04 9.798933017582257543e-01
6.075588817750319868e+04 1.006354521237779576e+00
6.075588843756390270e+04 9.890634001970820544e-01
6.075588869762460672e+04 9.927921816840103997e-01
6.075588895768530347e+04 9.947783788001725025e-01
6.075588921774600749e+04 9.983509786437412270e-01
6.075588947780670424e+04 9.922488009003231912e-01
6.075588973786740826e+04 1.015460990992610668e+00
6.075588999792811228e+04 1.005188995654047845e+00
6.075589025798880903e+04 1.003093747649367318e+00
6.075589051804952032e+04 1.018762844465363138e+00
6.075589077811021707e+04 1.005865804736207236e+00
6.075589103817091382e+04 1.004663840029369259e+00
6.075589129823161784e+04 9.813700108529787025e-01
6.075589155829231458e+04 9.979565909458695261e-01
6.075589181835301861e+04 1.001571592425931856e+00
6.075589207841372263e+04 1.005892850057228838e+00
6.075589233847442665e+04 1.015321678204194722e+00
6.075589259853513067e+04 9.899946833139003921e-01
6.075589285859582742e+04 1.007648808801677287e+00
6.075589311865652417e+04 1.014093580849867005e+00
6.075589337871722819e+04 9.975149487133982973e-01
6.075589363877793221e+04 1.008988833624363535e+00
6.075589389883863623e+04 9.978360220558781801e-01
6.075589415889933298e+04 1.011696588851754175e+00
6.075589441896003700e+04 9.891796652074540397e-01
6.075589467902074102e+04 1.010858366617967574e+00
6.075589493908143777e+04 1.010871003917450661e+00
6.075589519914213452e+04 1.004440322533850738e+00
6.075589545920283854e+04 1.011529417755079541e+00
6.075589571926354256e+04 1.003485939961910267e+00
6.075589597932424658e+04 9.978909335128990366e-01
6.075589623938494333e+04 9.933599993591109012e-01
6.075589649944564735e+04 1.014921378903267168e+00
6.075589675950635137e+04 1.008958508701797374e+00
6.075589701956705539e+04 9.929094332701159376e-01
6.075589727962775942e+04 1.004225617269719706e+00
6.075589753968844889e+04 1.027474018529166422e+00
6.075589779974915291e+04 1.028135855398562448e+00
6.075589805980985693e+04 9.929705595820742525e-01
6.075589831987055368e+04 1.011682729802357184e+00
6.075589857993125770e+04 1.003620832887509140e+00
6.075589883999196172e+04 1.002654961333829142e+00
6.075589910005266574e+04 1.007691636320466433e+00
6.075589936011336977e+04 1.016165227003583915e+00
6.075589962017406651e+04 1.013413967812081262e+00
6.075589988023477054e+04 1.007897103669218364e+00
6.075590014029546728e+04 1.007360864108691301e+00
6.075590040035617130e+04 1.006725890276748192e+00
6.075590066041687533e+04 1.030357932970908941e+00
6.075590092047757207e+04 1.015240533397989697e+00
6.075590118053827609e+04 1.000817995560739027e+00
6.075590144059898012e+04 1.013298067350508092e+00
6.075590170065967686e+04 9.903255128651263783e-01
6.075590196072038816e+04 1.003628883862987653e+00
6.075590222078108491e+04 1.008676699352081263e+00
6.075590248084178893e+04 1.012275002136185043e+00
6.075590274090249295e+04 1.014955350153130542e+00
6.075590300096318242e+04 1.016931585800995297e+00
6.075590326102388644e+04 1.002765517268911832e+00
6.075590352108459047e+04 1.014014643921720138e+00
6.075590378114529449e+04 1.020793561692069140e+00
6.075590404120599851e+04 1.012318631288792403e+00
6.075590430126669526e+04 1.007671786169589634e+00
6.075590456132739928e+04 1.011431412109677908e+00
6.075590482138810330e+04 1.018932495755804579e+00
6.075590508144880732e+04 1.010448241146388648e+00
6.075590534150951135e+04 1.011006330445834100e+00
6.075590560157020809e+04 1.029609909771126208e+00
6.075590586163091211e+04 1.013519277718505585e+00
6.075590612169160886e+04 1.015558990009544083e+00
6.075590638175230561e+04 1.005454207940760680e+00
6.075590664181300963e+04 1.029624647462525244e+00
6.075590690187371365e+04 1.007597938320754727e+00
6.075590716193441767e+04 1.030301294667856915e+00
6.075590742199512169e+04 1.017388659041390087e+00
6.075590768205581844e+04 1.012954967941098960e+00
6.075590794211652246e+04 1.023904572184020978e+00
6.075590820217722649e+04 1.021677899538196987e+00
6.075590846223793051e+04 1.025676516063962707e+00
6.075590872229863453e+04 1.017999492097789505e+00
6.075590898235933128e+04 1.016974274722833638e+00
6.075590924242003530e+04 1.025074869303870262e+00
6.075590950248073932e+04 1.010423647649019818e+00
6.075591106051386305e+04 1.007723547184946611e+00
6.075591132057445793e+04 1.013643964235938499e+00
6.075591158063505281e+04 1.004132953276368312e+00
6.075591184069564770e+04 1.025483938766402536e+00
6.075591210075624258e+04 1.006238070963241471e+00
6.075591236081683746e+04 1.009309730335409272e+00
6.075591262087743235e+04 9.977648267894189127e-01
6.075591288093802723e+04 1.020203196877150775e+00
6.075591314099862211e+04 1.012520773170376920e+00
6.075591340105922427e+04 1.004906477181412905e+00
6.075591366111981915e+04 1.000791906640563944e+00
6.075591392118041404e+04 1.030278430715566795e+00
6.075591418124100892e+04 1.017024650109048522e+00
6.075591444130160380e+04 1.012484971484883145e+00
6.075591470136219868e+04 1.015854989875458525e+00
6.075591496142279357e+04 1.028738891337663608e+00
6.075591522148338845e+04 1.014922063591863877e+00
6.075591548154399061e+04 1.000791115268678366e+00
6.075591574160458549e+04 1.021782686241849758e+00
6.075591600166518037e+04 1.013783896804447249e+00
6.075591626172577526e+04 1.011812204759383826e+00
6.075591652178637742e+04 1.010441546350537401e+00
6.075591678184697230e+04 1.011178450195920453e+00
6.075591704190756718e+04 1.015002953942999664e+00
6.075591730196816206e+04 1.030140452414331831e+00
6.075591756202875695e+04 1.031966998241112599e+00
6.075591782208935183e+04 1.014578086086936004e+00
6.075591808214994671e+04 1.024476814047592388e+00
6.075591834221054160e+04 1.016337941114123566e+00
6.075591860227113648e+04 1.031712281303299061e+00
6.075591886233173136e+04 1.033795264791266488e+00
6.075591912239232624e+04 1.006045238144688270e+00
6.075591938245292840e+04 1.017864019497244144e+00
6.075591964251352329e+04 1.016091881102438421e+00
6.075591990257411817e+04 1.008195282542219351e+00
6.075592016263471305e+04 1.031501898335884349e+00
6.075592042269530793e+04 1.000399336681716767e+00
6.075592068275590282e+04 1.013515735106255589e+00
6.075592094281649770e+04 9.894094374056637831e-01
6.075592120287709986e+04 1.012856298017672296e+00
6.075592146293769474e+04 1.032509366348139279e+00
6.075592172299828962e+04 1.010419404678264854e+00
6.075592198305888451e+04 1.010984118295809031e+00
6.075592224311948667e+04 1.031115415935833113e+00
6.075592250318008155e+04 1.010172981114544344e+00
6.075592276324067643e+04 1.011476902661240906e+00
6.075592302330127131e+04 1.007675149869599718e+00
6.075592328336186620e+04 9.875437090091805370e-01
6.075592354342246108e+04 1.032623904239865942e+00
6.075592380348305596e+04 1.004359270432974682e+00
6.075592406354365812e+04 1.026062691594026521e+00
6.075592432360425300e+04 1.015920499706275626e+00
6.075592458366484789e+04 1.015090915262421234e+00
6.075592484372544277e+04 1.017121281667369814e+00
6.075592510378604493e+04 1.002796585130401485e+00
6.075592536384663981e+04 9.915777432198610297e-01
6.075592562390723469e+04 1.010310271300104645e+00
6.075592588396782958e+04 1.010712570947218225e+00
6.075592614402842446e+04 1.007517097065173228e+00
6.075592640408901934e+04 1.012742944299844128e+00
6.075592666414961423e+04 1.016614490983198227e+00
6.075592692421020911e+04 1.011700667438458323e+00
6.075592718427081127e+04 1.009637428225879985e+00
6.075592744433140615e+04 1.014709202746918226e+00
6.075592770439200103e+04 1.022600231532502901e+00
6.075592796445260319e+04 1.014453412457666071e+00
6.075592822451319807e+04 1.015544621164968575e+00
6.075592848457379296e+04 1.016179699680949788e+00
6.075592874463438784e+04 1.010143220375072426e+00
6.075592900469498272e+04 1.014147695645285285e+00
6.075592926475557761e+04 1.031467273669901319e+00
6.075592952481617249e+04 1.013516330255782139e+00
6.075592978487676737e+04 9.896354278416287231e-01
6.075593004493736953e+04 1.006449384097977351e+00
6.075593030499796441e+04 1.019713907118537266e+00
6.075593056505855930e+04 1.014274841057295040e+00
6.075593082511916145e+04 1.019624883473018162e+00
6.075593108517975634e+04 1.018667381977527153e+00
6.075593134524035122e+04 1.017145046846940515e+00
6.075593160530094610e+04 1.026351562765928094e+00
6.075593186536154099e+04 1.006565284565352769e+00
6.075593212542213587e+04 1.003363761380787977e+00
6.075593238548273075e+04 1.006957203429427183e+00
6.075593264554332563e+04 1.002304010377413679e+00
6.075593290560392779e+04 1.012934107333485656e+00
6.075593316566452268e+04 1.017514763613119433e+00
6.075593342572511756e+04 1.018343352918857248e+00
6.075593368578571244e+04 1.007756511033809588e+00
6.075593394584631460e+04 9.982047921529320078e-01
6.075593420590690948e+04 1.022012088690914533e+00
6.075593446596750437e+04 9.924886699051416183e-01
6.075593472602809925e+04 1.010152243239743619e+00
6.075593498608869413e+04 9.875644936001598539e-01
6.075593524614928901e+04 9.974986374142424950e-01
6.075593550620988390e+04 1.017151101000663305e+00
6.075593576627048606e+04 9.950819321957186103e-01
6.075593602633108094e+04 1.000097410884932314e+00
6.075593628639167582e+04 1.012587436715782996e+00
6.075593654645227070e+04 1.005825248707812314e+00
6.075593680651287286e+04 1.000382664695699475e+00
6.075593706657346775e+04 1.006714640153287821e+00
6.075593732663406263e+04 9.921588746512637336e-01
6.075593758669465751e+04 1.010237370976207361e+00
6.075593784675525239e+04 1.020262681562985829e+00
6.075593810681584728e+04 1.001829037115061771e+00
6.075593836687644216e+04 1.020648868094644834e+00
6.075593862693704432e+04 9.988647292689782908e-01
6.075593888699763920e+04 9.859480836546893334e-01
6.075593914705823408e+04 1.017873270037517264e+00
6.075593940711883624e+04 9.990785428225159581e-01
6.075594106598430517e+04 9.968129773152514250e-01
6.075594132604500919e+04 1.016064320412081168e+00
6.075594158610571321e+04 9.979871951671756003e-01
6.075594184616640996e+04 1.007131432285482964e+00
6.075594210622711398e+04 9.944358993648066969e-01
6.075594236628781800e+04 1.002918743625633935e+00
6.075594262634852203e+04 9.892782476340360454e-01
6.075594288640922605e+04 9.943779071939780057e-01
6.075594314646992279e+04 1.007454462531328199e+00
6.075594340653063409e+04 9.933688955170213442e-01
6.075594366659133811e+04 1.020063855211436055e+00
6.075594392665203486e+04 9.904396092453235934e-01
6.075594418671273888e+04 9.952109418117396356e-01
6.075594444677344291e+04 9.819256868260642923e-01
6.075594470683414693e+04 1.000291269383686288e+00
6.075594496689485095e+04 9.872692651673502517e-01
6.075594522695554770e+04 9.887276841311838371e-01
6.075594548701625172e+04 9.894649024857160580e-01
6.075594574707695574e+04 9.996938365973326857e-01
6.075594600713765976e+04 9.924143039110431275e-01
6.075594626719836378e+04 9.959643954771715268e-01
6.075594652725906053e+04 9.960963595648469893e-01
6.075594678731976455e+04 9.923534448639395045e-01
6.075594704738046858e+04 1.006716657567856776e+00
6.075594730744116532e+04 9.992581646823371910e-01
6.075594756750187662e+04 9.913956819221495520e-01
6.075594782756257337e+04 9.998871790617246402e-01
6.075594808762328466e+04 9.963620462652356125e-01
6.075594834768398869e+04 1.015557979464665195e+00
6.075594860774468543e+04 9.981958406476898471e-01
6.075594886780538945e+04 9.817963596955057159e-01
6.075594912786609348e+04 9.923803674226201466e-01
6.075594938792679750e+04 9.970297611714784569e-01
6.075594964798750152e+04 1.012696398106810003e+00
6.075594990804819827e+04 1.011429912760882122e+00
6.075595016810890229e+04 9.841273602377340612e-01
6.075595042816960631e+04 9.824219236626688945e-01
6.075595068823031033e+04 9.926867440976399060e-01
6.075595094829101436e+04 1.001860606250134289e+00
6.075595120835171110e+04 9.988982273095537989e-01
6.075595146841241512e+04 9.973285686847483955e-01
6.075595172847312642e+04 1.018439395621216992e+00
6.075595198853382317e+04 1.010104329786915223e+00
6.075595224859452719e+04 1.011195291167896526e+00
6.075595250865523121e+04 1.001354852184275224e+00
6.075595276871593524e+04 9.916800653795363463e-01
6.075595302877663926e+04 9.996709954506871609e-01
6.075595328883733600e+04 1.000555344466188767e+00
6.075595354889804003e+04 9.872061305429059574e-01
6.075595380895874405e+04 9.882469735224929108e-01
6.075595406901944807e+04 9.937725438141660206e-01
6.075595432908015209e+04 9.893611079439142975e-01
6.075595458914084884e+04 9.918876077154314963e-01
6.075595484920156014e+04 9.775751627475546268e-01
6.075595510926226416e+04 9.967536533451247793e-01
6.075595536932296091e+04 9.976125889165796679e-01
6.075595562938366493e+04 1.003700545739646177e+00
6.075595588944436895e+04 1.009557452969617630e+00
6.075595614950507297e+04 9.928209080046221935e-01
6.075595640956577699e+04 1.004342781595989553e+00
6.075595666962647374e+04 9.845683639835508538e-01
6.075595692968717776e+04 1.004222435748246323e+00
6.075595718974788178e+04 9.938716568258606499e-01
6.075595744980858581e+04 9.964605890859753456e-01
6.075595770986929710e+04 1.002049350077306666e+00
6.075595796992999385e+04 9.785554999264050036e-01
6.075595822999069787e+04 9.958590416769727005e-01
6.075595849005140190e+04 9.956809331622736847e-01
6.075595875011209864e+04 1.007530867301429156e+00
6.075595901017280994e+04 9.987175092586739744e-01
6.075595927023350669e+04 9.833209043984660891e-01
6.075595953029421071e+04 1.003351596565731807e+00
6.075595979035491473e+04 9.897878901626600001e-01
6.075596005041561148e+04 9.942528324920375526e-01
6.075596031047632277e+04 1.013161540795866511e+00
6.075596057053702680e+04 1.021645394241270433e+00
6.075596083059773082e+04 1.014960247220060729e+00
6.075596109065843484e+04 9.838885385588873600e-01
6.075596135071913159e+04 1.004967376666773271e+00
6.075596161077983561e+04 9.941292990274914754e-01
6.075596187084053963e+04 9.986792727033607653e-01
6.075596213090124365e+04 1.000344150381814012e+00
6.075596239096194768e+04 9.910426644879751779e-01
6.075596265102265170e+04 1.002375497563246176e+00
6.075596291108335572e+04 9.958752243333716114e-01
6.075596317114405974e+04 9.831315191034445400e-01
6.075596343120475649e+04 9.915721130140993100e-01
6.075596369126546051e+04 1.009064991702877334e+00
6.075596395132616453e+04 9.999831909196045254e-01
6.075596421138686856e+04 9.882049324078061581e-01
6.075596447144757258e+04 9.839699137498066905e-01
6.075596473150827660e+04 1.007136436440993599e+00
6.075596499156898062e+04 9.966153505734428597e-01
6.075596525162968464e+04 9.954238665387989959e-01
6.075596551169038867e+04 9.993443123948863027e-01
6.075596577175109269e+04 9.918554356977010711e-01
6.075596603181178943e+04 9.949570731032626458e-01
6.075596629187249346e+04 9.905479907601690837e-01
6.075596655193319748e+04 1.001708716211587413e+00
6.075596681199390150e+04 9.886281543922623705e-01
6.075596707205460552e+04 9.830282005187070959e-01
6.075596733211530955e+04 9.931428632864068851e-01
6.075596759217601357e+04 1.005973095953378360e+00
6.075596785223671759e+04 1.008864886074877232e+00
6.075596811229741434e+04 9.860763718145405532e-01
6.075596837235811836e+04 1.008304282453649003e+00
6.075596863241882238e+04 1.006097068213476886e+00
6.075596889247953368e+04 9.867720960861067203e-01
6.075596915254023770e+04 9.874230738645465300e-01
6.075596941260093445e+04 1.004721620430145901e+00
6.075597102105359954e+04 1.004770522275179934e+00
6.075597128111420170e+04 1.008418023786174622e+00
6.075597154117479658e+04 9.850955393892494305e-01
6.075597180123539147e+04 1.010926827063009403e+00
6.075597206129598635e+04 1.005245776326276319e+00
6.075597232135658123e+04 9.971253241404040013e-01
6.075597258141718339e+04 1.004828372709765771e+00
6.075597284147777827e+04 1.004985809933080176e+00
6.075597310153837316e+04 1.005527964366152105e+00
6.075597336159897532e+04 1.013398636979693679e+00
6.075597362165957020e+04 1.012540271999985197e+00
6.075597388172016508e+04 1.003742460465989250e+00
6.075597414178077452e+04 1.004582679113430022e+00
6.075597440184136940e+04 9.946803750273998102e-01
6.075597466190196428e+04 1.001265353992135010e+00
6.075597492196255916e+04 9.821594929968170407e-01
6.075597518202315405e+04 1.006231334174089387e+00
6.075597544208374893e+04 1.000262266228990393e+00
6.075597570214434381e+04 1.012505631311925391e+00
6.075597596220494597e+04 1.017366042196624853e+00
6.075597622226554813e+04 1.012698430837070562e+00
6.075597648232614301e+04 1.003336295305389703e+00
6.075597674238673790e+04 1.003219593960671618e+00
6.075597700244734006e+04 1.007295906928087570e+00
6.075597726250793494e+04 9.846405817243277792e-01
6.075597752256853710e+04 1.019690586652883146e+00
6.075597778262913198e+04 1.002324772354765470e+00
6.075597804268972686e+04 1.013300852211568293e+00
6.075597830275032175e+04 1.006888052663186928e+00
6.075597856281091663e+04 1.005939563274558246e+00
6.075597882287151151e+04 1.011699505445283309e+00
6.075597908293212095e+04 9.843755548319498283e-01
6.075597934299271583e+04 1.008667353659964627e+00
6.075597960305331071e+04 1.015030234345773774e+00
6.075597986311390559e+04 1.016056837401587698e+00
6.075598012317450775e+04 1.016565232490896031e+00
6.075598038323510264e+04 9.972030855066555954e-01
6.075598064329570479e+04 9.932265169994940468e-01
6.075598090335629968e+04 1.002033715807255421e+00
6.075598116341689456e+04 9.962454259879706120e-01
6.075598142347748944e+04 1.007543990532740796e+00
6.075598168353808433e+04 1.012643506812601180e+00
6.075598194359869376e+04 1.023748705484853305e+00
6.075598220365928864e+04 1.008448273366016723e+00
6.075598246371988353e+04 1.007669325792292403e+00
6.075598272378047841e+04 1.011732958039690988e+00
6.075598298384108057e+04 1.006405228039246369e+00
6.075598324390167545e+04 1.004355471939043287e+00
6.075598350396227761e+04 9.956159067253653738e-01
6.075598376402287249e+04 1.015517810464654280e+00
6.075598402408346738e+04 1.008028890513737119e+00
6.075598428414406226e+04 1.019097211910174661e+00
6.075598454420465714e+04 9.983802621899711127e-01
6.075598480426526658e+04 1.016750726709290342e+00
6.075598506432586146e+04 1.008943067950300643e+00
6.075598532438645634e+04 1.012304099544489189e+00
6.075598558444705122e+04 1.011507099501145035e+00
6.075598584450765338e+04 1.008310932290611861e+00
6.075598610456825554e+04 1.005490102467458513e+00
6.075598636462885042e+04 1.005509528467015024e+00
6.075598662468944531e+04 1.024717579277832247e+00
6.075598688475004019e+04 1.024961909437902108e+00
6.075598714481063507e+04 1.017863694853762491e+00
6.075598740487123723e+04 1.029834383553768440e+00
6.075598766493183211e+04 1.015263254260455161e+00
6.075598792499243427e+04 1.013815413579925329e+00
6.075598818505302916e+04 1.003701127172728080e+00
6.075598844511362404e+04 1.016153693522138468e+00
6.075598870517423347e+04 1.005313263090382270e+00
6.075598896523482836e+04 1.003673819264021105e+00
6.075598922529542324e+04 1.020671523426051941e+00
6.075598948535601812e+04 1.026414334995741529e+00
6.075598974541661300e+04 1.011297656286810565e+00
6.075599000547721516e+04 1.016707372240019280e+00
6.075599026553781005e+04 1.022832788943444537e+00
6.075599052559840493e+04 1.018568732140581856e+00
6.075599078565900709e+04 1.000049734530739975e+00
6.075599104571960197e+04 1.033232044899428326e+00
6.075599130578020413e+04 1.014869775925952178e+00
6.075599156584080629e+04 1.014986305513826848e+00
6.075599182590140117e+04 1.004482947462578712e+00
6.075599208596199605e+04 1.004403580002148688e+00
6.075599234602259094e+04 1.011508059301780449e+00
6.075599260608319310e+04 1.013093926769699005e+00
6.075599286614378798e+04 1.021137334314689449e+00
6.075599312620438286e+04 1.002574498041773010e+00
6.075599338626497774e+04 1.013471037422839061e+00
6.075599364632558718e+04 1.011809541224302889e+00
6.075599390638618206e+04 1.011876784519794459e+00
6.075599416644677694e+04 1.017513552063739946e+00
6.075599442650737910e+04 1.018428146938670675e+00
6.075599468656797399e+04 1.011929889052638920e+00
6.075599494662857614e+04 1.034077684598848634e+00
6.075599520668917103e+04 1.003739741734637869e+00
6.075599546674976591e+04 1.006304632429853685e+00
6.075599572681036079e+04 1.017314615839147285e+00
6.075599598687096295e+04 1.004251203136297121e+00
6.075599624693155783e+04 1.019123062756167819e+00
6.075599650699215999e+04 1.008523262889638783e+00
6.075599676705275488e+04 1.000654512182999056e+00
6.075599702711334976e+04 1.025439280893607474e+00
6.075599728717395192e+04 1.011598152206711676e+00
6.075599754723455408e+04 1.006429342408891259e+00
6.075599780729514896e+04 1.022410871821543665e+00
6.075599806735574384e+04 1.007945551393275352e+00
6.075599832741634600e+04 1.026552851375006625e+00
6.075599858747694088e+04 1.020699457161618140e+00
6.075599884753753577e+04 1.014936269147500791e+00
6.075599910759813065e+04 1.030581075676774150e+00
6.075599936765874008e+04 1.021665062102937949e+00
6.075600091310295102e+04 1.004116867034701377e+00
6.075600117316365504e+04 9.992530324675995557e-01
6.075600143322435179e+04 1.015170292356227133e+00
6.075600169328505581e+04 1.004949518538726494e+00
6.075600195334576711e+04 1.017628549121446513e+00
6.075600221340647113e+04 1.023632860862097260e+00
6.075600247346717515e+04 1.009871589474948372e+00
6.075600273352787190e+04 1.013067016438657264e+00
6.075600299358858319e+04 1.018398849967913300e+00
6.075600325364928722e+04 1.030173134253520528e+00
6.075600351370998396e+04 1.014880197976365972e+00
6.075600377377069526e+04 1.003082797889325972e+00
6.075600403383139928e+04 1.032972450596552516e+00
6.075600429389210331e+04 1.002276738029231451e+00
6.075600455395280733e+04 1.009778361737114993e+00
6.075600481401350407e+04 1.024288531806341718e+00
6.075600507407421537e+04 1.027764138768485047e+00
6.075600533413491939e+04 1.022329471912358789e+00
6.075600559419562342e+04 1.019743017209538749e+00
6.075600585425632744e+04 1.001548827812809739e+00
6.075600611431703146e+04 1.026034965005632404e+00
6.075600637437773548e+04 1.032767407076215838e+00
6.075600663443843951e+04 1.012378178069919699e+00
6.075600689449914353e+04 1.012719172891071384e+00
6.075600715455985483e+04 1.017414810394003499e+00
6.075600741462055157e+04 1.012226626226789161e+00
6.075600767468125559e+04 1.025836587880285977e+00
6.075600793474195962e+04 1.014584876441953165e+00
6.075600819480266364e+04 1.014250897255714268e+00
6.075600845486336766e+04 1.003987737453583273e+00
6.075600871492407168e+04 1.027625910797090869e+00
6.075600897498478298e+04 1.014089795310386233e+00
6.075600923504548700e+04 1.024269928495475046e+00
6.075600949510618375e+04 1.023257882143212116e+00
6.075600975516688777e+04 9.961668556800837848e-01
6.075601001522759907e+04 1.018593048034155846e+00
6.075601027528830309e+04 1.004447576934626385e+00
6.075601053534900711e+04 1.014793849561449690e+00
6.075601079540970386e+04 1.023141164014583993e+00
6.075601105547041516e+04 1.015898857725295645e+00
6.075601131553111918e+04 9.864672788852715257e-01
6.075601157559181593e+04 1.018000736299639941e+00
6.075601183565252722e+04 1.020245188328519959e+00
6.075601209571323125e+04 1.020834503266497384e+00
6.075601235577393527e+04 1.008037427505609651e+00
6.075601261583463929e+04 1.005636126585173651e+00
6.075601287589534331e+04 1.006955222701991337e+00
6.075601313595604734e+04 1.007158105712178120e+00
6.075601339601675136e+04 1.001940142200473893e+00
6.075601365607746266e+04 1.024207558969057574e+00
6.075601391613816668e+04 1.004887753436311204e+00
6.075601417619886342e+04 1.015980725337476409e+00
6.075601443625956745e+04 1.020317497374759075e+00
6.075601469632027874e+04 1.019891523492598040e+00
6.075601495638097549e+04 1.016517859216446551e+00
6.075601521644168679e+04 1.005763109913483833e+00
6.075601547650239081e+04 1.023637055597943268e+00
6.075601573656309483e+04 1.008241201255581698e+00
6.075601599662379886e+04 1.012156880459055719e+00
6.075601625668450288e+04 1.033924270456684891e+00
6.075601651674520690e+04 1.011441488008039791e+00
6.075601677680591092e+04 1.026231117265941961e+00
6.075601703686661494e+04 1.007829756878950267e+00
6.075601729692732624e+04 1.011994336981231646e+00
6.075601755698802299e+04 1.009298781910796139e+00
6.075601781704872701e+04 9.985087310208105027e-01
6.075601807710943831e+04 1.005022873264298511e+00
6.075601833717014233e+04 1.019504537128200550e+00
6.075601859723084635e+04 1.018149490069141017e+00
6.075601885729155038e+04 1.021149986732586834e+00
6.075601911735225440e+04 9.981692719328636443e-01
6.075601937741295842e+04 9.956481274535782244e-01
6.075601963747365517e+04 1.005750551819086791e+00
6.075601989753436646e+04 9.959375521946628451e-01
6.075602015759507049e+04 1.007691024425262816e+00
6.075602041765577451e+04 1.004934973699073586e+00
6.075602067771648581e+04 1.025734692027363781e+00
6.075602093777718255e+04 1.005936853520087437e+00
6.075602119783788658e+04 9.903693352242287640e-01
6.075602145789859787e+04 1.006765994686910526e+00
6.075602171795930190e+04 9.976605283780768385e-01
6.075602197802000592e+04 1.004876251396253029e+00
6.075602223808070994e+04 1.016006644305632811e+00
6.075602249814141396e+04 1.018191319669687678e+00
6.075602275820211798e+04 1.010696757287929959e+00
6.075602301826282201e+04 1.003811272346194050e+00
6.075602327832352603e+04 9.981568148359463155e-01
6.075602353838423005e+04 9.997761904547479705e-01
6.075602379844494135e+04 1.003122557188518948e+00
6.075602405850564537e+04 9.988819247376720112e-01
6.075602431856634212e+04 1.009810313378709301e+00
6.075602457862704614e+04 1.004879366866651802e+00
6.075602483868775744e+04 1.011827441258219773e+00
6.075602509874846146e+04 1.014415188385820121e+00
6.075602535880916548e+04 1.007642533254223816e+00
6.075602561886986950e+04 1.007158375285241547e+00
6.075602587893057353e+04 9.908859292761760251e-01
6.075602613899127755e+04 1.003255859450563836e+00
6.075602639905198885e+04 9.914834660647998676e-01
6.075602665911269287e+04 9.871134975408577539e-01
6.075602691917338962e+04 1.002692989474304186e+00
6.075602717923410091e+04 9.948502712824739413e-01
6.075602743929480494e+04 1.021594074017026177e+00
6.075602769935550168e+04 1.005842824134517866e+00
6.075602795941621298e+04 1.007638812963210562e+00
6.075602821947691700e+04 1.002353801174349579e+00
6.075602847953762102e+04 9.899431175906211466e-01
6.075602873959833232e+04 1.009581179853185517e+00
6.075602899965902907e+04 1.007368970079127291e+00
6.075602925971973309e+04 1.001761423444263110e+00
6.075603093119423283e+04 9.832841724863842225e-01
6.075603119125482772e+04 9.965310754333728260e-01
6.075603145131542988e+04 1.008692916350391933e+00
6.075603171137602476e+04 1.008754715735619145e+00
6.075603197143662692e+04 9.908292705549008872e-01
6.075603223149722908e+04 1.007444302624538102e+00
6.075603249155782396e+04 1.003971785410129769e+00
6.075603275161842612e+04 1.006971727756827084e+00
6.075603301167902100e+04 9.992087235830237057e-01
6.075603327173962316e+04 1.001669881303438814e+00
6.075603353180022532e+04 9.900516620031586390e-01
6.075603379186082020e+04 9.986238177779074299e-01
6.075603405192141508e+04 9.937663401925046491e-01
6.075603431198201724e+04 1.004492273377761258e+00
6.075603457204261213e+04 9.791124264376233066e-01
6.075603483210320701e+04 9.784527389533808073e-01
6.075603509216381644e+04 9.974064284089070309e-01
6.075603535222441133e+04 9.891353928824414554e-01
6.075603561228501349e+04 1.006172083128102024e+00
6.075603587234560837e+04 9.779633818637324394e-01
6.075603613240621053e+04 9.806675806068977375e-01
6.075603639246681269e+04 9.968209004965548070e-01
6.075603665252740757e+04 1.000998984072235087e+00
6.075603691258800245e+04 1.006588785834127142e+00
6.075603717264860461e+04 9.893571524772087900e-01
6.075603743270919949e+04 1.015443887682399016e+00
6.075603769276979438e+04 9.929072803489097376e-01
6.075603795283040381e+04 9.820214664439674834e-01
6.075603821289099869e+04 9.978432426460425164e-01
6.075603847295160085e+04 9.922036976183153945e-01
6.075603873301219573e+04 9.911975607229078777e-01
6.075603899307279789e+04 9.965621241830041610e-01
6.075603925313340005e+04 9.923895983179177316e-01
6.075603951319399494e+04 9.928436893046238554e-01
6.075603977325458982e+04 9.977637923384385932e-01
6.075604003331519198e+04 9.943661241765661130e-01
6.075604029337578686e+04 1.013267711223110545e+00
6.075604055343638902e+04 1.001628366671631243e+00
6.075604081349698390e+04 1.005169267106290620e+00
6.075604107355758606e+04 1.006821630476756546e+00
6.075604133361818822e+04 1.006755375821709153e+00
6.075604159367878310e+04 1.004085703332509016e+00
6.075604185373938526e+04 9.751415942358504507e-01
6.075604211379998742e+04 1.001136810810907107e+00
6.075604237386058230e+04 9.996844222781309242e-01
6.075604263392118446e+04 1.003470239394541386e+00
6.075604289398177934e+04 9.989790747135723903e-01
6.075604315404237423e+04 1.006337542772195004e+00
6.075604341410297639e+04 1.001969984523754631e+00
6.075604367416357127e+04 9.884537713477541399e-01
6.075604393422418070e+04 9.935030851395828533e-01
6.075604419428477559e+04 9.802702123328123074e-01
6.075604445434537047e+04 9.900558272618195099e-01
6.075604471440597990e+04 9.897592042437183268e-01
6.075604497446657479e+04 1.001040959169419819e+00
6.075604523452717694e+04 1.010613512868462349e+00
6.075604549458777183e+04 1.005890560484063112e+00
6.075604575464836671e+04 1.000594538360630947e+00
6.075604601470896887e+04 1.007461442180688227e+00
6.075604627476956375e+04 9.984342770983529736e-01
6.075604653483016591e+04 1.009033353256853616e+00
6.075604679489076807e+04 9.727058466804321402e-01
6.075604705495136295e+04 9.980011763850580309e-01
6.075604731501196511e+04 9.941421822995843982e-01
6.075604757507256727e+04 1.000504201175471231e+00
6.075604783513316943e+04 9.975106012037168179e-01
6.075604809519376431e+04 9.905402826979990971e-01
6.075604835525435919e+04 1.005233734793567590e+00
6.075604861531496135e+04 1.009731558305165366e+00
6.075604887537555624e+04 9.920063977994000304e-01
6.075604913543615839e+04 9.841797702211030341e-01
6.075604939549675328e+04 1.003352893764866582e+00
6.075604965555735544e+04 9.907033372336602195e-01
6.075604991561795759e+04 9.800059186998182348e-01
6.075605017567855248e+04 1.001062814191019390e+00
6.075605043573915464e+04 1.009112174143736551e+00
6.075605069579975680e+04 9.935162209069746675e-01
6.075605095586035168e+04 9.950949878499135703e-01
6.075605121592095384e+04 9.927911619619204098e-01
6.075605147598154872e+04 1.020747237002232799e+00
6.075605173604215088e+04 1.004213137557915969e+00
6.075605199610274576e+04 1.012486675641082634e+00
6.075605225616334792e+04 1.017325912630616003e+00
6.075605251622395008e+04 1.002629407192302757e+00
6.075605277628454496e+04 9.851470645690745265e-01
6.075605303634514712e+04 9.920367583619431606e-01
6.075605329640574200e+04 1.006670582595241559e+00
6.075605355646635144e+04 1.005853079382545978e+00
6.075605381652694632e+04 9.868164342311674941e-01
6.075605407658754848e+04 9.957701784707057024e-01
6.075605433664814336e+04 9.937720254143704857e-01
6.075605459670873825e+04 1.012571536831602392e+00
6.075605485676934040e+04 9.921357597610174217e-01
6.075605511682993529e+04 1.011909583494412956e+00
6.075605537689054472e+04 9.958574303761360547e-01
6.075605563695113960e+04 1.016031039860325169e+00
6.075605589701174176e+04 9.849467896878086881e-01
6.075605615707233665e+04 1.004761597276125462e+00
6.075605641713293880e+04 1.003168519685909699e+00
6.075605667719354096e+04 9.916884747165104486e-01
6.075605693725413585e+04 9.974707863199511193e-01
6.075605719731473800e+04 9.927964541103533325e-01
6.075605745737533289e+04 1.010496063215446716e+00
6.075605771743593505e+04 1.010296053988236853e+00
6.075605797749652993e+04 1.006965747874723371e+00
6.075605823755713209e+04 1.012744237601379105e+00
6.075605849761773425e+04 9.934238715997338875e-01
6.075605875767832913e+04 9.785150063737885207e-01
6.075605901773893129e+04 1.009491001693555212e+00
6.075605927779953345e+04 9.912475303626199219e-01
6.075606082322710427e+04 1.003116196440509755e+00
6.075606108328780829e+04 1.001652508663738006e+00
6.075606134334851231e+04 9.938146091676164362e-01
6.075606160340922361e+04 1.009815940123822031e+00
6.075606186346992035e+04 1.016012549453551905e+00
6.075606212353063165e+04 1.005612846644591496e+00
6.075606238359133567e+04 1.007021361764774303e+00
6.075606264365204697e+04 1.007971991563179071e+00
6.075606290371275099e+04 1.013232205358887583e+00
6.075606316377345502e+04 1.018357490260554554e+00
6.075606342383415904e+04 1.022472501555425461e+00
6.075606368389486306e+04 1.012255504942991990e+00
6.075606394395557436e+04 1.008422080078628547e+00
6.075606420401627838e+04 1.018790329625393731e+00
6.075606446407698240e+04 1.001259676320858993e+00
6.075606472413768643e+04 1.010129982787562275e+00
6.075606498419839772e+04 1.006476879587189455e+00
6.075606524425910175e+04 1.007186946372873537e+00
6.075606550431981304e+04 9.925607598873501525e-01
6.075606576438050979e+04 1.004021948630353878e+00
6.075606602444122109e+04 1.020940851093369961e+00
6.075606628450192511e+04 1.012057129141717526e+00
6.075606654456262913e+04 1.010687958492939797e+00
6.075606680462333316e+04 1.012097591272457242e+00
6.075606706468404445e+04 9.941923282998265110e-01
6.075606732474474848e+04 1.006545733838250412e+00
6.075606758480545250e+04 1.006270662384976866e+00
6.075606784486615652e+04 9.950486029224515638e-01
6.075606810492686054e+04 1.006691750034224508e+00
6.075606836498757184e+04 1.019867355597752878e+00
6.075606862504827586e+04 1.019401442876725961e+00
6.075606888510898716e+04 9.960858969492700776e-01
6.075606914516968391e+04 1.014000488210232920e+00
6.075606940523039520e+04 1.013245593641620701e+00
6.075606966529109923e+04 1.012158322531137689e+00
6.075606992535180325e+04 1.026500994984159032e+00
6.075607018541250727e+04 9.955160739494751665e-01
6.075607044547321857e+04 1.015476456926192039e+00
6.075607070553392259e+04 1.013391367698718737e+00
6.075607096559463389e+04 1.006711315919514460e+00
6.075607122565533064e+04 1.011600656779869656e+00
6.075607148571604193e+04 1.005954638020004843e+00
6.075607174577674596e+04 1.005424276730721989e+00
6.075607200583745725e+04 1.016343156174325246e+00
6.075607226589816128e+04 1.022161071319059644e+00
6.075607252595886530e+04 1.019933318359686369e+00
6.075607278601956932e+04 1.017028202921026470e+00
6.075607304608028062e+04 1.018272524120105160e+00
6.075607330614097737e+04 1.018350467368817291e+00
6.075607356620169594e+04 1.019608459097662623e+00
6.075607382626239269e+04 1.010949532066489187e+00
6.075607408632310398e+04 9.987395392008346917e-01
6.075607434638380801e+04 1.028904365944503407e+00
6.075607460644451203e+04 1.004446557178451549e+00
6.075607486650521605e+04 1.009110978070547837e+00
6.075607512656592735e+04 1.005212094589908567e+00
6.075607538662663137e+04 1.014300563769739538e+00
6.075607564668734267e+04 1.002059569849724330e+00
6.075607590674803942e+04 1.016904970581110845e+00
6.075607616680875071e+04 1.039267086865697465e+00
6.075607642686945474e+04 1.019361965081824861e+00
6.075607668693016603e+04 1.008977242770530580e+00
6.075607694699087006e+04 1.008797302070467694e+00
6.075607720705157408e+04 1.018002113254443897e+00
6.075607746711227810e+04 1.016100859600573614e+00
6.075607772717298940e+04 1.018637813667759184e+00
6.075607798723368614e+04 1.030476460596010613e+00
6.075607824729439744e+04 1.005512186898052773e+00
6.075607850735510146e+04 1.003344994419747005e+00
6.075607876741581276e+04 1.006067368005597373e+00
6.075607902747651679e+04 1.016681378691524085e+00
6.075607928753722081e+04 1.017388608910903658e+00
6.075607954759792483e+04 1.009166071682220167e+00
6.075607980765863613e+04 1.028517092794724030e+00
6.075608006771934015e+04 1.008768523919666871e+00
6.075608032778005145e+04 1.026704105669149936e+00
6.075608058784074819e+04 1.034943999567207396e+00
6.075608084790145949e+04 1.025514069691589425e+00
6.075608110796216351e+04 1.031340525330636693e+00
6.075608136802286754e+04 1.023326768109905194e+00
6.075608162808357156e+04 1.015626727797545259e+00
6.075608188814428286e+04 1.034437159212088453e+00
6.075608214820498688e+04 1.024104629379790854e+00
6.075608240826569818e+04 1.010787649049899040e+00
6.075608266832639492e+04 1.019744114100846311e+00
6.075608292838710622e+04 1.005001603832790247e+00
6.075608318844781024e+04 1.021074933757848413e+00
6.075608344850852154e+04 1.019646952856466227e+00
6.075608370856922556e+04 1.016911900387846401e+00
6.075608396862992959e+04 1.020271243253960458e+00
6.075608422869064088e+04 1.004431829598189552e+00
6.075608448875134491e+04 1.033103626367284367e+00
6.075608474881204893e+04 1.025532335581423649e+00
6.075608500887276023e+04 9.996424549226419209e-01
6.075608526893346425e+04 1.005502254892188363e+00
6.075608552899416827e+04 1.028521043400908885e+00
6.075608578905487957e+04 1.011754777199148192e+00
6.075608604911557632e+04 1.028834107482809790e+00
6.075608630917628761e+04 1.014487741329008097e+00
6.075608656923699164e+04 1.007185347083637827e+00
6.075608682929770293e+04 1.008325052834491586e+00
6.075608708935840696e+04 1.022218086085708189e+00
6.075608734941911098e+04 1.004707710827296374e+00
6.075608760947981500e+04 1.020477765233698708e+00
6.075608786954052630e+04 1.006221484032844282e+00
6.075608812960123760e+04 1.020668837968650156e+00
6.075608838966194162e+04 1.005422219868718825e+00
6.075608864972264564e+04 1.004858065034794690e+00
6.075608890978334966e+04 9.827934077394512302e-01
6.075608916984406096e+04 1.022236240942440810e+00
6.075609076569380704e+04 1.008504732746250632e+00
6.075609102575441648e+04 1.017429635651792896e+00
6.075609128581501136e+04 1.030525744995625992e+00
6.075609154587561352e+04 1.020321197914857647e+00
6.075609180593621568e+04 1.029665017596189669e+00
6.075609206599681784e+04 1.005723013953381484e+00
6.075609232605741272e+04 1.033433575311938135e+00
6.075609258611801488e+04 1.014046973241438998e+00
6.075609284617860976e+04 1.013289830473404818e+00
6.075609310623921192e+04 9.943924937249213336e-01
6.075609336629981408e+04 1.021155133958931760e+00
6.075609362636040896e+04 1.007073624948325641e+00
6.075609388642101840e+04 1.024332211510547319e+00
6.075609414648161328e+04 1.015323358869512083e+00
6.075609440654221544e+04 1.019943487415434724e+00
6.075609466660281760e+04 1.004812371071854393e+00
6.075609492666341976e+04 1.010233385646400972e+00
6.075609518672402191e+04 1.020364329371989953e+00
6.075609544678461680e+04 1.017259106995203277e+00
6.075609570684521896e+04 1.022554965096317048e+00
6.075609596690581384e+04 1.018764588133535653e+00
6.075609622696641600e+04 1.009196987883296703e+00
6.075609648702701088e+04 1.006190415914687497e+00
6.075609674708762032e+04 1.022474231441901305e+00
6.075609700714822247e+04 1.015419943725026863e+00
6.075609726720881736e+04 1.019977095865312045e+00
6.075609752726942679e+04 1.012886530662654216e+00
6.075609778733002167e+04 1.016841906735689305e+00
6.075609804739062383e+04 1.010625305730173951e+00
6.075609830745121872e+04 1.007939496196332385e+00
6.075609856751182087e+04 9.899422038307680305e-01
6.075609882757242303e+04 1.010127233103646605e+00
6.075609908763301792e+04 1.020297677889891785e+00
6.075609934769362008e+04 1.018438911251061452e+00
6.075609960775422223e+04 1.019767619261598091e+00
6.075609986781482439e+04 1.012996240485022570e+00
6.075610012787541928e+04 1.001043857499194445e+00
6.075610038793602143e+04 1.012023238374496259e+00
6.075610064799663087e+04 1.003773271441132042e+00
6.075610090805722575e+04 1.016224610923172289e+00
6.075610116811782791e+04 1.003921399517542667e+00
6.075610142817842279e+04 1.010991680884320010e+00
6.075610168823902495e+04 1.001157261053594594e+00
6.075610194829962711e+04 9.991743500686814938e-01
6.075610220836022199e+04 1.021785734704572235e+00
6.075610246842083143e+04 1.010836938959406073e+00
6.075610272848142631e+04 1.021436614345857752e+00
6.075610298854202847e+04 1.011070006023727208e+00
6.075610324860263063e+04 1.007206358420718706e+00
6.075610350866323279e+04 1.029205009088165479e+00
6.075610376872383495e+04 1.008489671632686768e+00
6.075610402878442983e+04 1.002947686090487345e+00
6.075610428884503199e+04 1.017067357356912005e+00
6.075610454890563415e+04 1.014827495277085934e+00
6.075610480896622903e+04 1.023685535215739462e+00
6.075610506902683119e+04 1.006545085776385129e+00
6.075610532908743335e+04 1.004194948684846711e+00
6.075610558914803551e+04 1.022813140068778992e+00
6.075610584920863766e+04 1.018807712069759175e+00
6.075610610926923255e+04 9.947200073374883322e-01
6.075610636932984198e+04 1.006290836969364610e+00
6.075610662939043686e+04 9.903234885320066905e-01
6.075610688945103902e+04 1.011371102964595092e+00
6.075610714951164118e+04 9.975345396533269460e-01
6.075610740957223607e+04 1.018141070098822265e+00
6.075610766963283822e+04 1.016066187369472740e+00
6.075610792969343311e+04 1.005760578935262384e+00
6.075610818975403527e+04 9.974475625690087943e-01
6.075610844981464470e+04 9.887444124185194028e-01
6.075610870987523958e+04 1.005231501704417996e+00
6.075610896993584174e+04 1.012490165667544240e+00
6.075610922999644390e+04 9.974267298355011802e-01
6.075610949005704606e+04 1.007705147352198738e+00
6.075610975011764822e+04 1.020692483002345607e+00
6.075611001017824310e+04 9.952488803775408899e-01
6.075611027023884526e+04 9.986074474839180537e-01
6.075611053029944742e+04 1.000309186157907870e+00
6.075611079036004230e+04 1.002813388745688927e+00
6.075611105042064446e+04 9.934122017911348745e-01
6.075611131048124662e+04 1.002148967272849633e+00
6.075611157054184878e+04 9.921728541017427183e-01
6.075611183060245094e+04 9.811244007819986956e-01
6.075611209066305310e+04 9.986087051724988894e-01
6.075611235072365525e+04 1.009451452177275055e+00
6.075611261078425741e+04 9.999500008896039516e-01
6.075611287084485230e+04 9.867802812144758073e-01
6.075611313090545445e+04 9.927686877924809528e-01
6.075611339096604934e+04 1.006336717542093195e+00
6.075611365102665150e+04 1.008806981486542576e+00
6.075611391108725365e+04 1.009151240634926561e+00
6.075611417114785581e+04 1.008067408891567984e+00
6.075611443120845797e+04 1.000034671108233297e+00
6.075611469126906013e+04 9.973766687523999419e-01
6.075611495132966229e+04 9.788353441538830690e-01
6.075611521139026445e+04 1.012816888586617559e+00
6.075611547145085933e+04 9.853387652854063150e-01
6.075611573151146149e+04 9.887488159651487418e-01
6.075611599157206365e+04 9.960380659863178332e-01
6.075611625163265853e+04 1.002981015376960938e+00
6.075611651169326069e+04 9.982418866418656389e-01
6.075611677175386285e+04 9.939194535785731421e-01
6.075611703181446501e+04 1.012557085031624560e+00
6.075611729187506717e+04 1.004829463426807346e+00
6.075611755193566933e+04 9.917044383493242021e-01
6.075611781199626421e+04 1.000453102113812553e+00
6.075611807205687364e+04 1.000356159982435322e+00
6.075611833211747580e+04 9.876494399096865662e-01
6.075611859217807068e+04 9.879585018459258183e-01
6.075611885223867284e+04 9.808341898646011359e-01
6.075611911229926773e+04 9.833486534447406502e-01
6.075612077117233275e+04 9.860374640194106144e-01
6.075612103123303677e+04 9.950108978858489550e-01
6.075612129129374080e+04 9.953132334407214232e-01
6.075612155135445209e+04 1.001498106876709482e+00
6.075612181141516339e+04 9.886808502658419595e-01
6.075612207147586741e+04 1.010956126365811114e+00
6.075612233153657144e+04 1.004040923804177643e+00
6.075612259159728274e+04 9.968872033411756428e-01
6.075612285165798676e+04 1.009778778895414675e+00
6.075612311171869806e+04 1.009498652507191174e+00
6.075612337177940935e+04 9.682066587767386157e-01
6.075612363184010610e+04 9.944983542833877310e-01
6.075612389190081740e+04 9.863374228034795799e-01
6.075612415196152870e+04 9.801950971735791107e-01
6.075612441202222544e+04 9.901899148253144878e-01
6.075612467208293674e+04 1.006762815421751167e+00
6.075612493214364804e+04 9.756045895793387102e-01
6.075612519220435206e+04 1.000456245154804691e+00
6.075612545226506336e+04 9.917059963916676768e-01
6.075612571232576738e+04 1.009362228062324451e+00
6.075612597238647140e+04 1.002343178380941557e+00
6.075612623244718270e+04 9.989012078053626231e-01
6.075612649250789400e+04 9.838042546573161351e-01
6.075612675256859802e+04 1.007419987065540035e+00
6.075612701262930204e+04 1.004383976759326558e+00
6.075612727269001334e+04 9.898189974557828341e-01
6.075612753275071736e+04 9.883621706030846221e-01
6.075612779281142139e+04 9.955533167085238722e-01
6.075612805287213268e+04 9.871679104855665132e-01
6.075612831293283671e+04 9.978947062371570365e-01
6.075612857299354800e+04 9.959589481592584503e-01
6.075612883305425930e+04 9.972937345265738829e-01
6.075612909311495605e+04 9.912317086044333259e-01
6.075612935317566735e+04 9.905889756328961626e-01
6.075612961323637865e+04 9.999014969628522431e-01
6.075612987329708267e+04 1.004958130656415483e+00
6.075613013335779397e+04 9.941544935983019915e-01
6.075613039341849799e+04 9.833336214667199870e-01
6.075613065347920201e+04 9.991842514394326802e-01
6.075613091353991331e+04 9.739712629560937085e-01
6.075613117360061733e+04 1.002378066081720975e+00
6.075613143366133590e+04 9.933199030961734621e-01
6.075613169372203265e+04 9.928786113391869783e-01
6.075613195378274395e+04 9.953176901324467529e-01
6.075613221384345525e+04 9.971171222387684718e-01
6.075613247390415199e+04 9.886462712213631709e-01
6.075613273396486329e+04 9.948578897527636800e-01
6.075613299402557459e+04 1.000579861241440272e+00
6.075613325408627861e+04 1.008710534731911412e+00
6.075613351414698991e+04 9.938388487434919316e-01
6.075613377420769393e+04 1.004042183275486888e+00
6.075613403426840523e+04 9.898284849827403420e-01
6.075613429432910925e+04 1.002639763149473229e+00
6.075613455438982055e+04 1.001245855106368765e+00
6.075613481445053185e+04 9.964049315477800928e-01
6.075613507451122859e+04 1.006652314643502244e+00
6.075613533457193989e+04 9.911600234962503198e-01
6.075613559463265119e+04 9.923752897889099867e-01
6.075613585469334794e+04 9.912773536299808175e-01
6.075613611475405924e+04 9.926014705788998027e-01
6.075613637481477053e+04 1.005876570033900297e+00
6.075613663487548183e+04 1.006531508418511356e+00
6.075613689493618585e+04 1.003342848082433569e+00
6.075613715499688988e+04 9.935417513345500273e-01
6.075613741505760117e+04 1.022561430144483863e+00
6.075613767511830520e+04 9.934354655423413005e-01
6.075613793517901649e+04 9.923795211482463463e-01
6.075613819523972779e+04 9.898103747884678949e-01
6.075613845530043181e+04 1.002647956785775563e+00
6.075613871536113584e+04 9.962987833156506934e-01
6.075613897542184714e+04 9.960400401317665020e-01
6.075613923548255116e+04 1.001333914062821240e+00
6.075613949554325518e+04 1.013577924615478576e+00
6.075613975560396648e+04 1.023302746399386232e+00
6.075614001566467778e+04 1.017485856999950533e+00
6.075614027572538907e+04 1.002783073873272812e+00
6.075614053578608582e+04 1.011507337693051456e+00
6.075614079584679712e+04 1.012540027309175139e+00
6.075614105590750842e+04 9.967710301521783833e-01
6.075614131596821244e+04 1.006091122528413484e+00
6.075614157602892374e+04 1.002293597643270306e+00
6.075614183608962776e+04 1.014554378274358015e+00
6.075614209615033906e+04 1.013642768128158123e+00
6.075614235621104308e+04 1.012374708878399421e+00
6.075614261627174710e+04 1.002405767392826386e+00
6.075614287633246568e+04 1.009465133125562630e+00
6.075614313639316970e+04 9.968280939289213549e-01
6.075614339645387372e+04 1.001620378751240326e+00
6.075614365651458502e+04 1.010385138926301662e+00
6.075614391657528904e+04 9.922666228844496672e-01
6.075614417663600034e+04 9.850488273072467438e-01
6.075614443669670436e+04 1.009460514514769702e+00
6.075614469675741566e+04 1.010614292145845416e+00
6.075614495681812696e+04 9.984219198549504348e-01
6.075614521687882370e+04 9.905735188429267701e-01
6.075614547693953500e+04 1.001948310662455377e+00
6.075614573700024630e+04 1.000246256613116058e+00
6.075614599706095760e+04 1.009997046470136439e+00
6.075614625712166162e+04 1.017416440819052692e+00
6.075614651718236564e+04 9.980223776593016849e-01
6.075614677724307694e+04 9.936931386818967926e-01
6.075614703730378824e+04 1.004092605722343157e+00
6.075614729736448498e+04 1.014116702632840594e+00
6.075614755742519628e+04 1.015377512219122869e+00
6.075614781748590758e+04 9.977732701312510555e-01
6.075614807754661888e+04 1.024993988834444369e+00
6.075614833760732290e+04 1.007046202075672081e+00
6.075614859766802692e+04 1.004875927882314057e+00
6.075614885772873822e+04 9.884430821399069478e-01
6.075614911778944952e+04 1.013516546922734074e+00
