6.075547523418369383e+04 1.002402052246080810e+00
6.075547549424438330e+04 1.005164033022337255e+00
6.075547575430508005e+04 9.994056119324672416e-01
6.075547601436576224e+04 1.004245411828934342e+00
6.075547627442645899e+04 1.005921451457866045e+00
6.075547653448714846e+04 1.006715199617383316e+00
6.075547679454784520e+04 9.995322777671271641e-01
6.075547705460853467e+04 9.912999073671181494e-01
6.075547731466922414e+04 1.001177905652495870e+00
6.075547757472991361e+04 1.005952802566507875e+00
6.075547783479061036e+04 9.928814270496925110e-01
6.075547809485129255e+04 9.953258933884661097e-01
6.075547835491198930e+04 1.000704178434733027e+00
6.075547861497267877e+04 9.996867470469511519e-01
6.075547887503337552e+04 9.980870882923298382e-01
6.075547913509406499e+04 9.993634391281012164e-01
6.075547939515475446e+04 9.817032553617215385e-01
6.075547965521544393e+04 1.014736874329196903e+00
6.075547991527614067e+04 1.001320092804059758e+00
6.075548017533683014e+04 9.952048513435496346e-01
6.075548043539752689e+04 9.995716797272624632e-01
6.075548069545820908e+04 9.813771443291993135e-01
6.075548095551890583e+04 1.003857529088844514e+00
6.075548121557959530e+04 9.976190916662299735e-01
6.075548147564028477e+04 9.994436411799527686e-01
6.075548173570098152e+04 9.949262107064419380e-01
6.075548199576167099e+04 1.000860661089661319e+00
6.075548225582236773e+04 1.016913761204199185e+00
6.075548251588305720e+04 9.875715058825119685e-01
6.075548277594374667e+04 9.935825338430432918e-01
6.075548303600443614e+04 1.011155290285839392e+00
6.075548329606513289e+04 1.010320931611497164e+00
6.075548355612582236e+04 9.882263502689593304e-01
6.075548381618651911e+04 9.832552109009290442e-01
6.075548407624720130e+04 9.873755953983780476e-01
6.075548433630789805e+04 9.879090707687013806e-01
6.075548459636858752e+04 1.000125205239098980e+00
6.075548485642928426e+04 1.009582639672958582e+00
6.075548511648997373e+04 1.004717791681736028e+00
6.075548537655066320e+04 9.930034434552003075e-01
6.075548563661135267e+04 9.822285002635731122e-01
6.075548589667204942e+04 9.922750488517093626e-01
6.075548615673273162e+04 1.010289110739793550e+00
6.075548641679342836e+04 1.010079027537763130e+00
6.075548667685411783e+04 9.840971318415523417e-01
6.075548693691481458e+04 9.786411979445543974e-01
6.075548719697551132e+04 1.007912044825931108e+00
6.075548745703619352e+04 9.859311610723376917e-01
6.075548771709689026e+04 1.017858085222642206e+00
6.075548797715757973e+04 1.008445239250809422e+00
6.075548823721827648e+04 1.028563419588772732e+00
6.075548849727896595e+04 9.989079438508007280e-01
6.075548875733965542e+04 9.901253702886869679e-01
6.075548901740034489e+04 9.968565141567669041e-01
6.075548927746104164e+04 9.886324991710662147e-01
6.075548953752172383e+04 1.002037419342534985e+00
6.075548979758242058e+04 1.002786298910725016e+00
6.075549005764311732e+04 9.899318845110790521e-01
6.075549031770380680e+04 9.959494169717715284e-01
6.075549057776450354e+04 9.869355698018050793e-01
6.075549083782518574e+04 9.975906726309353711e-01
6.075549109788588248e+04 9.833863945788087202e-01
6.075549135794657195e+04 1.007009270684094959e+00
6.075549161800726870e+04 1.001032819382779770e+00
6.075549187806795817e+04 1.004109473067837266e+00
6.075549213812864764e+04 9.997823256767924827e-01
6.075549239818933711e+04 9.926147823026632011e-01
6.075549265825003386e+04 9.855609478395993550e-01
6.075549291831072333e+04 9.982796923511144671e-01
6.075549317837142007e+04 9.688741521555591651e-01
6.075549343843210954e+04 1.008729666069742237e+00
6.075549369849279901e+04 9.824635402723164157e-01
6.075549395855349576e+04 1.003048819039903838e+00
6.075549421861417795e+04 9.831453391132233266e-01
6.075549447867487470e+04 9.876528493125660280e-01
6.075549473873556417e+04 9.942073185815990533e-01
6.075549499879626092e+04 9.831570297796766722e-01
6.075549525885695766e+04 1.011449905087893564e+00
6.075549551891763986e+04 9.934741537695083169e-01
6.075549577897833660e+04 9.984050580644495687e-01
6.075549603903902607e+04 9.957800775592879905e-01
6.075549629909972282e+04 9.907808859912923261e-01
6.075549655916041229e+04 1.017217027589284450e+00
6.075549681922110176e+04 9.871824481981267274e-01
6.075549707928179851e+04 9.978904949749053399e-01
6.075549733934248798e+04 9.744861733533209947e-01
6.075549759940317745e+04 1.011533717709757418e+00
6.075549785946386692e+04 9.970918765788867599e-01
6.075549811952456366e+04 1.009547483103097276e+00
6.075549837958525313e+04 9.993799150006876797e-01
6.075549863964594988e+04 1.007756378639654171e+00
6.075549889970663935e+04 9.850395985720827863e-01
6.075549915976732882e+04 9.945826241459404526e-01
6.075549941982802557e+04 9.778241769331118549e-01
6.075549967988871504e+04 1.008697892057737189e+00
6.075549993994941178e+04 9.901000333271138265e-01
6.075550020001009398e+04 9.610972711438986460e-01
6.075550046007079072e+04 9.775758959795607383e-01
6.075550072013148747e+04 9.884653546207189390e-01
6.075550098019216966e+04 9.992196205077999993e-01
6.075550124025286641e+04 9.841537470380725683e-01
6.075550150031355588e+04 9.901477750144082046e-01
6.075550176037425263e+04 1.008987106752974316e+00
6.075550202043494210e+04 1.001022382356218987e+00
6.075550228049563157e+04 9.947914786030789269e-01
6.075550254055632831e+04 9.922806875476767319e-01
6.075550280061701778e+04 9.789153233222677164e-01
6.075550306067771453e+04 9.949619304123368257e-01
6.075550332073840400e+04 1.013643335005731450e+00
6.075550358079909347e+04 9.960795353236928662e-01
6.075550513883041276e+04 9.938456882052729702e-01
6.075550539889110951e+04 9.931077860728783069e-01
6.075550565895179898e+04 9.976568100744028778e-01
6.075550591901248845e+04 1.008233497687024860e+00
6.075550617907318519e+04 9.828938357824662519e-01
6.075550643913387466e+04 1.005824507290534742e+00
6.075550669919457141e+04 1.009392046545146693e+00
6.075550695925526088e+04 9.847738486193765572e-01
6.075550721931595035e+04 9.822440590570159502e-01
6.075550747937664710e+04 1.007583048200202391e+00
6.075550773943733657e+04 9.946895980467937992e-01
6.075550799949803331e+04 9.916217811257406201e-01
6.075550825955872278e+04 1.000492668730005752e+00
6.075550851961941225e+04 9.865003242644388992e-01
6.075550877968010900e+04 9.997754124528378528e-01
6.075550903974079847e+04 9.864089708247912869e-01
6.075550929980148794e+04 1.004461579094930501e+00
6.075550955986217741e+04 9.941721884615095650e-01
6.075550981992287416e+04 1.001546860361755442e+00
6.075551007998357090e+04 9.979386347607170915e-01
6.075551034004426037e+04 9.837352389340114911e-01
6.075551060010494984e+04 1.009312144236614639e+00
6.075551086016564659e+04 1.014643664740172646e+00
6.075551112022633606e+04 1.003055625624861502e+00
6.075551138028703281e+04 1.006400900678284804e+00
6.075551164034772228e+04 1.003171343540099070e+00
6.075551190040841175e+04 1.013979616711777387e+00
6.075551216046910849e+04 9.970714446731853142e-01
6.075551242052979796e+04 1.002753191113804343e+00
6.075551268059049471e+04 1.006488916940319944e+00
6.075551294065118418e+04 1.000889678462952181e+00
6.075551320071187365e+04 9.900114639823028861e-01
6.075551346077257040e+04 1.007892734013905445e+00
6.075551372083325987e+04 9.925710194043642076e-01
6.075551398089394934e+04 9.967927884435378028e-01
6.075551424095464608e+04 9.844160213245688462e-01
6.075551450101533555e+04 1.011207414728691134e+00
6.075551476107603230e+04 1.006607515473991299e+00
6.075551502113672177e+04 1.003434807528009509e+00
6.075551528119741124e+04 9.948928958612821560e-01
6.075551554125810799e+04 9.900247950132148311e-01
6.075551580131879746e+04 1.004661696229288248e+00
6.075551606137949420e+04 1.013566633503244052e+00
6.075551632144019095e+04 1.023834023639694113e+00
6.075551658150087314e+04 9.935593429675295685e-01
6.075551684156156989e+04 9.947590180539699345e-01
6.075551710162226664e+04 9.998715185748190404e-01
6.075551736168294883e+04 1.004329439389906486e+00
6.075551762174364558e+04 9.935364891160477496e-01
6.075551788180433505e+04 1.010243935948128780e+00
6.075551814186503179e+04 9.982792250185078542e-01
6.075551840192572854e+04 9.951541250484079448e-01
6.075551866198641073e+04 1.009549381278672886e+00
6.075551892204710748e+04 9.908619302964644104e-01
6.075551918210780423e+04 9.962006379099078712e-01
6.075551944216849370e+04 9.988292984017507203e-01
6.075551970222919044e+04 1.002515578743444324e+00
6.075551996228987991e+04 9.965347826074600901e-01
6.075552022235056938e+04 9.982477928027072567e-01
6.075552048241126613e+04 1.009666005646453701e+00
6.075552074247194832e+04 1.007872520157674368e+00
6.075552100253265235e+04 9.970770624986957653e-01
6.075552126259334182e+04 1.006058167597545294e+00
6.075552152265403129e+04 9.882931419353190305e-01
6.075552178271472803e+04 9.952936480760868898e-01
6.075552204277541750e+04 1.018894820642389343e+00
6.075552230283610697e+04 1.003698146961133020e+00
6.075552256289680372e+04 1.006364004908647969e+00
6.075552282295750047e+04 1.010856768766220659e+00
6.075552308301818994e+04 9.975935290775980180e-01
6.075552334307887941e+04 9.769333218256661677e-01
6.075552360313957615e+04 1.007853118126737169e+00
6.075552386320026562e+04 1.010506906987843623e+00
6.075552412326096237e+04 1.006310875005369754e+00
6.075552438332165912e+04 1.009850102756214785e+00
6.075552464338234131e+04 1.019383640740978869e+00
6.075552490344303806e+04 9.949779108639089653e-01
6.075552516350373480e+04 1.019360382942811949e+00
6.075552542356441700e+04 9.976507204127331718e-01
6.075552568362511374e+04 1.009082708879974311e+00
6.075552594368581049e+04 1.001850285204032076e+00
6.075552620374649996e+04 1.006206150402775723e+00
6.075552646380719671e+04 9.974568359866268219e-01
6.075552672386788618e+04 1.011021213656622342e+00
6.075552698392857565e+04 1.012213244011521907e+00
6.075552724398927239e+04 1.015475175672003738e+00
6.075552750404996914e+04 1.013106034842450320e+00
6.075552776411065861e+04 1.024623983785767356e+00
6.075552802417134808e+04 1.006423936270782971e+00
6.075552828423204483e+04 1.012474078155502610e+00
6.075552854429273430e+04 1.016984847758096944e+00
6.075552880435342377e+04 1.019954138272511912e+00
6.075552906441412051e+04 1.011434286580798814e+00
6.075552932447480998e+04 9.961175934308854618e-01
6.075552958453550673e+04 1.022071385148050515e+00
6.075552984459620347e+04 9.955202663792905859e-01
6.075553010465688567e+04 1.011950976004418079e+00
6.075553036471758242e+04 1.005280130364034630e+00
6.075553062477827916e+04 1.018548649999203803e+00
6.075553088483896863e+04 1.015182743420404599e+00
6.075553114489966538e+04 1.010718188201440659e+00
6.075553140496035485e+04 1.004379271652198646e+00
6.075553166502104432e+04 1.028767649676298745e+00
6.075553192508174106e+04 1.006549474687322032e+00
6.075553218514243054e+04 1.010651915077707796e+00
6.075553244520312728e+04 1.037584065140672474e+00
6.075553270526381675e+04 1.015012814491033311e+00
6.075553296532451350e+04 1.014407456847435052e+00
6.075553322538520297e+04 9.991790809294158748e-01
6.075553348544589244e+04 1.004939744312414618e+00
6.075553503087646095e+04 1.021190934164208475e+00
6.075553529093715770e+04 1.024787524206019373e+00
6.075553555099784717e+04 1.015277076730981776e+00
6.075553581105853664e+04 1.024348589311508961e+00
6.075553607111923338e+04 1.012322462485260477e+00
6.075553633117992285e+04 1.011966091579485472e+00
6.075553659124061960e+04 1.014512908857923223e+00
6.075553685130131635e+04 1.004908477759714147e+00
6.075553711136199854e+04 9.908235502803323103e-01
6.075553737142269529e+04 1.012180111284511463e+00
6.075553763148339203e+04 1.006410633782663044e+00
6.075553789154408878e+04 1.010094903204310945e+00
6.075553815160477825e+04 1.020032693788998523e+00
6.075553841166546772e+04 1.005385000145223806e+00
6.075553867172616447e+04 9.948205018732578786e-01
6.075553893178685394e+04 1.007143656351608296e+00
6.075553919184754341e+04 1.019720260687822178e+00
6.075553945190824015e+04 1.009249513952406252e+00
6.075553971196892962e+04 1.019729695304380179e+00
6.075553997202962637e+04 1.017608289363415297e+00
6.075554023209032312e+04 1.028417270181968046e+00
6.075554049215101259e+04 1.008185263381208729e+00
6.075554075221170206e+04 1.017989559218309470e+00
6.075554101227239880e+04 1.006964162039351907e+00
6.075554127233309555e+04 1.018372613836556528e+00
6.075554153239378502e+04 1.001692535119296013e+00
6.075554179245447449e+04 1.020903213279829913e+00
6.075554205251517124e+04 9.995580004946512664e-01
6.075554231257586798e+04 1.020028167861859236e+00
6.075554257263655018e+04 9.938484051894498350e-01
6.075554283269725420e+04 1.011113620012420222e+00
6.075554309275794367e+04 1.018440863446225864e+00
6.075554335281863314e+04 1.028313581276621758e+00
6.075554361287932988e+04 9.938270057745125508e-01
6.075554387294001936e+04 1.002311376664706932e+00
6.075554413300071610e+04 1.014987483133190871e+00
6.075554439306140557e+04 1.020197150923243257e+00
6.075554465312210232e+04 1.021616901819615730e+00
6.075554491318279906e+04 1.009612064652206875e+00
6.075554517324348853e+04 1.017564569985024647e+00
6.075554543330417800e+04 1.028298632684059966e+00
6.075554569336487475e+04 1.013219964072870294e+00
6.075554595342557150e+04 1.023648382974992943e+00
6.075554621348626097e+04 1.014674404619879233e+00
6.075554647354695044e+04 9.987469361812689739e-01
6.075554673360764718e+04 1.018149402592171793e+00
6.075554699366834393e+04 9.958373767084937045e-01
6.075554725372902612e+04 9.992555649470062917e-01
6.075554751378972287e+04 1.014136807659491435e+00
6.075554777385041962e+04 1.018626216862707601e+00
6.075554803391111636e+04 1.013343537275419592e+00
6.075554829397180583e+04 1.034236355592564438e+00
6.075554855403249530e+04 1.020484925074115257e+00
6.075554881409319205e+04 1.019259100104303650e+00
6.075554907415388152e+04 1.021381098118972819e+00
6.075554933421457827e+04 9.998330412921626609e-01
6.075554959427527501e+04 1.022662445263458508e+00
6.075554985433596448e+04 1.009737756440524770e+00
6.075555011439665395e+04 1.031752891448739717e+00
6.075555037445735070e+04 1.012787367951246686e+00
6.075555063451804017e+04 9.926388757457303980e-01
6.075555089457873692e+04 9.997628168192443932e-01
6.075555115463942639e+04 1.004350869335689733e+00
6.075555141470012313e+04 1.026497042910522906e+00
6.075555167476081988e+04 1.021389395192928928e+00
6.075555193482150935e+04 1.012605223730547177e+00
6.075555219488219882e+04 1.030001351728809800e+00
6.075555245494289557e+04 1.001615089309812801e+00
6.075555271500359231e+04 1.012856818475026843e+00
6.075555297506428906e+04 1.014260688044849701e+00
6.075555323512497125e+04 1.015932577799312675e+00
6.075555349518566800e+04 1.004218684211357182e+00
6.075555375524636474e+04 1.004513144751348452e+00
6.075555401530705421e+04 1.024700374913897427e+00
6.075555427536775096e+04 1.001094236639207047e+00
6.075555453542844043e+04 1.003717789411121775e+00
6.075555479548913718e+04 1.009912439433725106e+00
6.075555505554983392e+04 1.015310645010218726e+00
6.075555531561051612e+04 1.011823787343087089e+00
6.075555557567121286e+04 1.009586224395862430e+00
6.075555583573190961e+04 1.003430992142462230e+00
6.075555609579260636e+04 9.969869246390115070e-01
6.075555635585329583e+04 9.999774887920197530e-01
6.075555661591398530e+04 1.007538412357757540e+00
6.075555687597468204e+04 1.011909455086424048e+00
6.075555713603537879e+04 1.011713172432155305e+00
6.075555739609607554e+04 9.901750922573272495e-01
6.075555765615676501e+04 9.786830927949582426e-01
6.075555791621745448e+04 1.017323484489338181e+00
6.075555817627815122e+04 1.003896535307011950e+00
6.075555843633884797e+04 1.003639213369583949e+00
6.075555869639953016e+04 1.012329719365720138e+00
6.075555895646022691e+04 1.007666848259982872e+00
6.075555921652092366e+04 1.017084016862686902e+00
6.075555947658162040e+04 1.014298028059144929e+00
6.075555973664230987e+04 1.001193897795845000e+00
6.075555999670299934e+04 9.886424207427498834e-01
6.075556025676369609e+04 1.010614561151761626e+00
6.075556051682439283e+04 1.012523942187461889e+00
6.075556077688508958e+04 1.018139690422987576e+00
6.075556103694577905e+04 9.859547609807896018e-01
6.075556129700646852e+04 9.819739893353467419e-01
6.075556155706716527e+04 9.922720128419705299e-01
6.075556181712786201e+04 1.007638818831610106e+00
6.075556207718854421e+04 9.955742442189362551e-01
6.075556233724924095e+04 9.981807853651071261e-01
6.075556259730993770e+04 1.007421572432975587e+00
6.075556285737063445e+04 9.912285535588705176e-01
6.075556311743133119e+04 9.946547880447047518e-01
6.075556337749201339e+04 9.998850306962113743e-01
6.075556504896522529e+04 9.826493009831782643e-01
6.075556530902591476e+04 9.856939339715948822e-01
6.075556556908661150e+04 1.021438750774911197e+00
6.075556582914730097e+04 9.923031392808251416e-01
6.075556608920799772e+04 9.951581147119882287e-01
6.075556634926869447e+04 1.011769803069608065e+00
6.075556660932938394e+04 1.012353207862917825e+00
6.075556686939008068e+04 1.000685632099782785e+00
6.075556712945077015e+04 1.007921816817805016e+00
6.075556738951146690e+04 1.004778437355159593e+00
6.075556764957216365e+04 9.961467052665681221e-01
6.075556790963285312e+04 1.000497293297004653e+00
6.075556816969354986e+04 9.934037537468922707e-01
6.075556842975423933e+04 9.938303487125840219e-01
6.075556868981492880e+04 9.989145667887783242e-01
6.075556894987563282e+04 1.002177316157760290e+00
6.075556920993632230e+04 1.008383460833742529e+00
6.075556946999701904e+04 1.002244029965523087e+00
6.075556973005770851e+04 1.007769531373660543e+00
6.075556999011839798e+04 9.928236136661465761e-01
6.075557025017909473e+04 1.007516567175729127e+00
6.075557051023979147e+04 9.815667708491042642e-01
6.075557077030048822e+04 9.905300705472869227e-01
6.075557103036117769e+04 1.009218051609845901e+00
6.075557129042186716e+04 1.013431724125453570e+00
6.075557155048256391e+04 9.874575473658091518e-01
6.075557181054326065e+04 1.020232952678378213e+00
6.075557207060395740e+04 1.003679097443065826e+00
6.075557233066464687e+04 9.891479648041420214e-01
6.075557259072533634e+04 9.979849598027477064e-01
6.075557285078603309e+04 1.011178823467257626e+00
6.075557311084672983e+04 1.000122974573206092e+00
6.075557337090741930e+04 9.883602740592777325e-01
6.075557363096811605e+04 9.979102759599886019e-01
6.075557389102880552e+04 1.001090032565845611e+00
6.075557415108950227e+04 9.847787759509802896e-01
6.075557441115019901e+04 9.758696673343666417e-01
6.075557467121088848e+04 9.930869828233992447e-01
6.075557493127158523e+04 1.008486937125815608e+00
6.075557519133227470e+04 9.889943378791524742e-01
6.075557545139297144e+04 9.843147165102733576e-01
6.075557571145366819e+04 1.007102109547704627e+00
6.075557597151435766e+04 9.943866280985401707e-01
6.075557623157505441e+04 1.000799178669943945e+00
6.075557649163575115e+04 9.943629671521914126e-01
6.075557675169643335e+04 1.021093659224141970e+00
6.075557701175713009e+04 9.887208001005702851e-01
6.075557727181782684e+04 1.012091459081590150e+00
6.075557753187852359e+04 1.003561817793170441e+00
6.075557779193922033e+04 9.983765335403039787e-01
6.075557805199990980e+04 1.004908390478414182e+00
6.075557831206059927e+04 9.919843520323418096e-01
6.075557857212129602e+04 9.883933266958251362e-01
6.075557883218199277e+04 9.998145775103953747e-01
6.075557909224268951e+04 9.902144071436619344e-01
6.075557935230337898e+04 1.004614033976515941e+00
6.075557961236407573e+04 9.978080904411926744e-01
6.075557987242476520e+04 9.844459036703018251e-01
6.075558013248546195e+04 9.876526656256040537e-01
6.075558039254615869e+04 9.848745235283096200e-01
6.075558065260684816e+04 9.787622262412841723e-01
6.075558091266754491e+04 9.825315378066001859e-01
6.075558117272824165e+04 1.007165362802705522e+00
6.075558143278892385e+04 1.009956289321905176e+00
6.075558169284962059e+04 9.987745365793017083e-01
6.075558195291031734e+04 1.012987545404116618e+00
6.075558221297101409e+04 9.936580989815321230e-01
6.075558247303171083e+04 9.868877648508281863e-01
6.075558273309240030e+04 9.994612614291700226e-01
6.075558299315309705e+04 9.921223818583230214e-01
6.075558325321378652e+04 9.863421276351346245e-01
6.075558351327448327e+04 9.827123103824011441e-01
6.075558377333518001e+04 1.003450434680486225e+00
6.075558403339586948e+04 9.920717176315152486e-01
6.075558429345656623e+04 9.974467197942926688e-01
6.075558455351726298e+04 1.005928896263087902e+00
6.075558481357794517e+04 9.882543645512334995e-01
6.075558507363864192e+04 9.981186655846033817e-01
6.075558533369933866e+04 9.960903770191709139e-01
6.075558559376003541e+04 1.002854295743051960e+00
6.075558585382073215e+04 9.890118555513941478e-01
6.075558611388142162e+04 1.011759532366535153e+00
6.075558637394211837e+04 9.958298886012268980e-01
6.075558663400280784e+04 1.004452841001259200e+00
6.075558689406350459e+04 1.010671972696553622e+00
6.075558715412420133e+04 9.938801818685661926e-01
6.075558741418489080e+04 1.015692733234666800e+00
6.075558767424558755e+04 1.007657424011392022e+00
6.075558793430628430e+04 9.963403286043640561e-01
6.075558819436697377e+04 1.003472108835933296e+00
6.075558845442767051e+04 9.947013949479138750e-01
6.075558871448835998e+04 1.003984140609663234e+00
6.075558897454905673e+04 9.961992011674848380e-01
6.075558923460975348e+04 9.876188827605933973e-01
6.075558949467044295e+04 1.003098212132583322e+00
6.075558975473113969e+04 1.015073904697135765e+00
6.075559001479183644e+04 1.014662711560598618e+00
6.075559027485253318e+04 1.005458813739981361e+00
6.075559053491322265e+04 9.839056552241323139e-01
6.075559079497391212e+04 1.001254295997165089e+00
6.075559105503460887e+04 9.872863801021931618e-01
6.075559131509530562e+04 1.006012791952135776e+00
6.075559157515600236e+04 9.955139167144269052e-01
6.075559183521669911e+04 1.001252544570608194e+00
6.075559209527738858e+04 1.013547411072927229e+00
6.075559235533808533e+04 9.918765462395235932e-01
6.075559261539877480e+04 1.004030646426509410e+00
6.075559287545946427e+04 1.001087262507417197e+00
6.075559313552016101e+04 1.003062782099328754e+00
6.075559339558085776e+04 9.899433995659630003e-01
6.075559494101491873e+04 9.977126137828543628e-01
6.075559520107561548e+04 1.000490048395534348e+00
6.075559546113631222e+04 9.961783145031825049e-01
6.075559572119700897e+04 9.942458220266240376e-01
6.075559598125769844e+04 1.005500465708231594e+00
6.075559624131839519e+04 1.024322179230017671e+00
6.075559650137908466e+04 1.002441564645483396e+00
6.075559676143977413e+04 1.003215440175178941e+00
6.075559702150047087e+04 1.014376723925263901e+00
6.075559728156116762e+04 1.006899213247428371e+00
6.075559754162186437e+04 9.997146816588169393e-01
6.075559780168256111e+04 1.004409681263464194e+00
6.075559806174325058e+04 1.012918222673984570e+00
6.075559832180394733e+04 1.014056707465708751e+00
6.075559858186464407e+04 1.013627506280589508e+00
6.075559884192533355e+04 1.003447673968123954e+00
6.075559910198603029e+04 1.010895333696842924e+00
6.075559936204671976e+04 1.001462079601273869e+00
6.075559962210741651e+04 1.007606417368084761e+00
6.075559988216811325e+04 1.004991546682936443e+00
6.075560014222880272e+04 9.966247454504388870e-01
6.075560040228950675e+04 1.010213506336123945e+00
6.075560066235019622e+04 1.005988054982273505e+00
6.075560092241089296e+04 1.002038021678085533e+00
6.075560118247158971e+04 9.927307035254332446e-01
6.075560144253227918e+04 1.003821813550399566e+00
6.075560170259296865e+04 1.014412184896380964e+00
6.075560196265366540e+04 1.015248551407693878e+00
6.075560222271436214e+04 1.026199904690491937e+00
6.075560248277505889e+04 1.009997216178939672e+00
6.075560274283574836e+04 1.005496971120621419e+00
6.075560300289644510e+04 1.004473645356076528e+00
6.075560326295714185e+04 1.009111975152406915e+00
6.075560352301783860e+04 1.004290530261822134e+00
6.075560378307853534e+04 9.997733967081926520e-01
6.075560404313922481e+04 1.007078217012036481e+00
6.075560430319992156e+04 1.010167152392386303e+00
6.075560456326061831e+04 1.009103941245114155e+00
6.075560482332130050e+04 1.014626313025791537e+00
6.075560508338199725e+04 1.011923797647299006e+00
6.075560534344269399e+04 1.013101314244239326e+00
6.075560560350339074e+04 1.014776221399796841e+00
6.075560586356408749e+04 1.013713779232967571e+00
6.075560612362477696e+04 1.006578962329166549e+00
6.075560638368547370e+04 1.022146970182169046e+00
6.075560664374617045e+04 1.006114499989526623e+00
6.075560690380686719e+04 1.005339439053568373e+00
6.075560716386756394e+04 1.021960571695937459e+00
6.075560742392825341e+04 1.011248778046156316e+00
6.075560768398895016e+04 1.014183629272966680e+00
6.075560794404964690e+04 1.012313916099999878e+00
6.075560820411032910e+04 9.948853160985886568e-01
6.075560846417102584e+04 9.920010083352884811e-01
6.075560872423172259e+04 1.012570349511835444e+00
6.075560898429241934e+04 1.014329846850983596e+00
6.075560924435311608e+04 1.017628247897544025e+00
6.075560950441380555e+04 1.007208785787921501e+00
6.075560976447450230e+04 1.010409732478418698e+00
6.075561002453519905e+04 1.017899545454029830e+00
6.075561028459589579e+04 9.964366524647786383e-01
6.075561054465659254e+04 1.008900105133226699e+00
6.075561080471728201e+04 1.004292963402963812e+00
6.075561106477797875e+04 1.015991432377017167e+00
6.075561132483867550e+04 1.015913091183237027e+00
6.075561158489937225e+04 1.025595392367720793e+00
6.075561184496006899e+04 1.028300212839881267e+00
6.075561210502075846e+04 1.005351859273431625e+00
6.075561236508144793e+04 1.007578319788151378e+00
6.075561262514214468e+04 9.973516826354378306e-01
6.075561288520283415e+04 1.002540150118491624e+00
6.075561314526353090e+04 1.010200607317054411e+00
6.075561340532422764e+04 1.020455856956182794e+00
6.075561366538492439e+04 1.005189841700562692e+00
6.075561392544562113e+04 1.009177386631584072e+00
6.075561418550631060e+04 1.021592699433507390e+00
6.075561444556700735e+04 1.033277660915155716e+00
6.075561470562770410e+04 1.028454865520521677e+00
6.075561496568840084e+04 1.017798379765652017e+00
6.075561522574909759e+04 1.019054832990908377e+00
6.075561548580978706e+04 1.015981155315978324e+00
6.075561574587048381e+04 1.017418637259714043e+00
6.075561600593118055e+04 1.019388195920147622e+00
6.075561626599187002e+04 1.011139977978419813e+00
6.075561652605256677e+04 1.016844083220561634e+00
6.075561678611326352e+04 1.015963692293679888e+00
6.075561704617396026e+04 1.008020328423344436e+00
6.075561730623465701e+04 1.018553461298871587e+00
6.075561756629534648e+04 1.035458131925491410e+00
6.075561782635604322e+04 1.010614773176158998e+00
6.075561808641673269e+04 1.018241969066295605e+00
6.075561834647742944e+04 1.012875271610842232e+00
6.075561860653812619e+04 1.014355984111179998e+00
6.075561886659881566e+04 1.001414891085838477e+00
6.075561912665951240e+04 1.036133679949033715e+00
6.075561938672020915e+04 1.015280254434141716e+00
6.075561964678089862e+04 1.030668199304259458e+00
6.075561990684160264e+04 1.016485071518876016e+00
6.075562016690229211e+04 1.021728944055660282e+00
6.075562042696298886e+04 1.006593951579510149e+00
6.075562068702368560e+04 1.018583080126886475e+00
6.075562094708437508e+04 9.995635472852633097e-01
6.075562120714507182e+04 1.008394373426609203e+00
6.075562146720576857e+04 1.021215319534770849e+00
6.075562172726646531e+04 1.037981569413600091e+00
6.075562198732716206e+04 1.007839531053476900e+00
6.075562224738785153e+04 1.021273497990666801e+00
6.075562250744854828e+04 1.025002130392504984e+00
6.075562276750924502e+04 1.006631022462545211e+00
6.075562302756994177e+04 1.027997589612924090e+00
6.075562328763063852e+04 1.009339087127856471e+00
6.075562490904599690e+04 1.026554476635958224e+00
6.075562516909990518e+04 1.004286594118659615e+00
6.075562542915379890e+04 1.007231579998039139e+00
6.075562568920769263e+04 1.014155407341233550e+00
6.075562594926160091e+04 1.016708702929863373e+00
6.075562620931549463e+04 1.010702454361758873e+00
6.075562646936939564e+04 1.004983594223240795e+00
6.075562672942329664e+04 1.009395449620100083e+00
6.075562698947719036e+04 1.018287363821613445e+00
6.075562724953109864e+04 9.995141385060751782e-01
6.075562750958499237e+04 1.010456013494257954e+00
6.075562776963889337e+04 1.014649271353841975e+00
6.075562802969280165e+04 1.017649393208391428e+00
6.075562828974669537e+04 1.018645044460350757e+00
6.075562854980059637e+04 1.022304858768338764e+00
6.075562880985449738e+04 1.001716909699801983e+00
6.075562906990839110e+04 9.979019362288891193e-01
6.075562932996229938e+04 1.006500464190878352e+00
6.075562959001619311e+04 1.016905422878069842e+00
6.075562985007009411e+04 1.014581816022755101e+00
6.075563011012399511e+04 9.960281896047213923e-01
6.075563037017788884e+04 1.007888590292448150e+00
6.075563063023179711e+04 1.022488596207024925e+00
6.075563089028569084e+04 1.029196243425185120e+00
6.075563115033958456e+04 1.002416639529084774e+00
6.075563141039349284e+04 1.021752907804654553e+00
6.075563167044738657e+04 1.019988538696851244e+00
6.075563193050128757e+04 1.014062255477838681e+00
6.075563219055518857e+04 1.014708874044355280e+00
6.075563245060908230e+04 1.022936322179456736e+00
6.075563271066299058e+04 1.022553980857245692e+00
6.075563297071688430e+04 1.004126936341187548e+00
6.075563323077078530e+04 1.012568583465577321e+00
6.075563349082468631e+04 1.002347519858414859e+00
6.075563375087858003e+04 1.016905167246276331e+00
6.075563401093248831e+04 1.027066477980023151e+00
6.075563427098638203e+04 9.897941953429727491e-01
6.075563453104027576e+04 1.007142233990454772e+00
6.075563479109418404e+04 1.005246259814697840e+00
6.075563505114807776e+04 1.018288633618069650e+00
6.075563531120197877e+04 1.006881575682233576e+00
6.075563557125588704e+04 1.016740199000539135e+00
6.075563583130978077e+04 1.001527210644535204e+00
6.075563609136368905e+04 1.009147982543463717e+00
6.075563635141758277e+04 1.020238028149279774e+00
6.075563661147148377e+04 1.004691727388735689e+00
6.075563687152538478e+04 1.026010496236693603e+00
6.075563713157927850e+04 1.000887313450463223e+00
6.075563739163318678e+04 1.008089295420159459e+00
6.075563765168708051e+04 1.011736944247203285e+00
6.075563791174097423e+04 9.967085553529280162e-01
6.075563817179488251e+04 1.005093775033750303e+00
6.075563843184877624e+04 1.015158755613469133e+00
6.075563869190267724e+04 9.902014892855985906e-01
6.075563895195657824e+04 9.962967622047397276e-01
6.075563921201047197e+04 9.915303271624194004e-01
6.075563947206438024e+04 1.026850942340703066e+00
6.075563973211827397e+04 1.011365925419420719e+00
6.075563999217217497e+04 1.013831897113913527e+00
6.075564025222608325e+04 1.016055409964107037e+00
6.075564051227997697e+04 9.992866671792280941e-01
6.075564077233388525e+04 1.023621116263502495e+00
6.075564103238777898e+04 9.961016325956307815e-01
6.075564129244167270e+04 1.014185908593405072e+00
6.075564155249558098e+04 1.008272976820933753e+00
6.075564181254947471e+04 9.938805174876635951e-01
6.075564207260337571e+04 1.018661188880062074e+00
6.075564233265727671e+04 1.007430876446639090e+00
6.075564259271117044e+04 9.984974576904187549e-01
6.075564285276507871e+04 1.000889656441099840e+00
6.075564311281897244e+04 1.010876116504206834e+00
6.075564337287286617e+04 1.001826185724653762e+00
6.075564363292677444e+04 9.920636608977398962e-01
6.075564389298066817e+04 1.028050404399158957e+00
6.075564415303458372e+04 1.007132100546839215e+00
6.075564441308847745e+04 9.932280745149960621e-01
6.075564467314237118e+04 9.968479307028050851e-01
6.075564493319627945e+04 1.006160992839470358e+00
6.075564519325017318e+04 9.910369884222616221e-01
6.075564545330407418e+04 1.017544860164935283e+00
6.075564571335797518e+04 9.961468630064815866e-01
6.075564597341186891e+04 1.015466041372062644e+00
6.075564623346577719e+04 1.007670402652893760e+00
6.075564649351967091e+04 9.998918010238797560e-01
6.075564675357356464e+04 9.970913114586258397e-01
6.075564701362747292e+04 1.009163936453657540e+00
6.075564727368136664e+04 9.940250477231129533e-01
6.075564753373527492e+04 1.001261909449446819e+00
6.075564779378917592e+04 9.988489866730327904e-01
6.075564805384306965e+04 1.004131346239234501e+00
6.075564831389697792e+04 9.885794861052297211e-01
6.075564857395087165e+04 1.007938918773769288e+00
6.075564883400477265e+04 1.014517799490390448e+00
6.075564909405867365e+04 9.952556856434667809e-01
6.075564935411256738e+04 9.862199739150032674e-01
6.075564961416647566e+04 1.012166373816334453e+00
6.075564987422036938e+04 9.875587133470167256e-01
6.075565013427426311e+04 9.836454446523037465e-01
6.075565039432817866e+04 9.762322222861803400e-01
6.075565065438207239e+04 9.954560476378315759e-01
6.075565091443597339e+04 9.845652932306943050e-01
6.075565117448987439e+04 1.007856436802417432e+00
6.075565143454376812e+04 1.023008042769572690e+00
6.075565169459767640e+04 9.957675146835762714e-01
6.075565195465157012e+04 9.890202302358022113e-01
6.075565221470547112e+04 9.944151019848691542e-01
6.075565247475937213e+04 9.884457286598906656e-01
6.075565273481326585e+04 9.949291682571320683e-01
6.075565299486718141e+04 9.960498354977217472e-01
6.075565325492107513e+04 9.885828168179939812e-01
6.075565492676799477e+04 9.969843708921937164e-01
6.075565518682868424e+04 1.010189240654051135e+00
6.075565544688938098e+04 1.022300448455667699e+00
6.075565570695007773e+04 1.000067320963166306e+00
6.075565596701077448e+04 1.010807950292365032e+00
6.075565622707147122e+04 9.865776419301327538e-01
6.075565648713216069e+04 9.981580783772675547e-01
6.075565674719285744e+04 9.945680544801238643e-01
6.075565700725356146e+04 9.995405002294694974e-01
6.075565726731425821e+04 1.008485152010809793e+00
6.075565752737495495e+04 9.852264041477456491e-01
6.075565778743564442e+04 9.968742596250893540e-01
6.075565804749634117e+04 1.003748569275423330e+00
6.075565830755703792e+04 9.882633095212918217e-01
6.075565856761772739e+04 1.004199296392063623e+00
6.075565882767842413e+04 9.932601659796324034e-01
6.075565908773912088e+04 9.869207854142849623e-01
6.075565934779981762e+04 9.893958723487946694e-01
6.075565960786051437e+04 9.997513164145312992e-01
6.075565986792121112e+04 1.002565184027659262e+00
6.075566012798190786e+04 9.951524385798254935e-01
6.075566038804260461e+04 1.009638064841325011e+00
6.075566064810330136e+04 9.755846456859473825e-01
6.075566090816399810e+04 9.845538763348020694e-01
6.075566116822468757e+04 9.895574802089519562e-01
6.075566142828538432e+04 9.969443334994655403e-01
6.075566168834608106e+04 9.951454502579961670e-01
6.075566194840677781e+04 9.895780549559839434e-01
6.075566220846748183e+04 9.816457019100566228e-01
6.075566246852817130e+04 9.999357687483085844e-01
6.075566272858886805e+04 1.017160525819810202e+00
6.075566298864956480e+04 9.936355932739657781e-01
6.075566324871025427e+04 1.013268187986238189e+00
6.075566350877095101e+04 9.946136754612914244e-01
6.075566376883164776e+04 9.880893048548997637e-01
6.075566402889234450e+04 1.005624616168042218e+00
6.075566428895304125e+04 9.885186162200698679e-01
6.075566454901373800e+04 9.928102439821654412e-01
6.075566480907443474e+04 9.906051141206559940e-01
6.075566506913513149e+04 9.894107135471793546e-01
6.075566532919582824e+04 9.774078221760730267e-01
6.075566558925652498e+04 9.960574439410715408e-01
6.075566584931721445e+04 9.974659424481429060e-01
6.075566610937791120e+04 9.844677989441297239e-01
6.075566636943860794e+04 9.806357276986509275e-01
6.075566662949930469e+04 9.938475647425215609e-01
6.075566688956000144e+04 9.878018207949988971e-01
6.075566714962069818e+04 9.908125526979438824e-01
6.075566740968139493e+04 9.984303600328753303e-01
6.075566766974209168e+04 9.984986535466724433e-01
6.075566792980278115e+04 9.778305848947735912e-01
6.075566818986347789e+04 1.006120269772445619e+00
6.075566844992417464e+04 9.943299234847261525e-01
6.075566870998487866e+04 1.013738381737599781e+00
6.075566897004557541e+04 9.894313851324283426e-01
6.075566923010626488e+04 1.005045568229773423e+00
6.075566949016696162e+04 1.007061134086767895e+00
6.075566975022765837e+04 9.913069596649679571e-01
6.075567001028834784e+04 1.001026673597014138e+00
6.075567027034905186e+04 9.924806820215126280e-01
6.075567053040974133e+04 9.946220341536627929e-01
6.075567079047044535e+04 9.966788842245370983e-01
6.075567105053114210e+04 9.923657462312457378e-01
6.075567131059183157e+04 1.003404166124792551e+00
6.075567157065252832e+04 1.007979528919492607e+00
6.075567183071322506e+04 9.930261739958015088e-01
6.075567209077392181e+04 9.804606036769367705e-01
6.075567235083461856e+04 1.002645997631664176e+00
6.075567261089531530e+04 1.016141698351191280e+00
6.075567287095601205e+04 9.976649038697765759e-01
6.075567313101670879e+04 1.002210017474862269e+00
6.075567339107740554e+04 1.002543441795572532e+00
6.075567365113810229e+04 9.846874588450327259e-01
6.075567391119879176e+04 1.004418635270268645e+00
6.075567417125948850e+04 1.005048374404143852e+00
6.075567443132019253e+04 1.008567184529850058e+00
6.075567469138088200e+04 9.864098206175733186e-01
6.075567495144157874e+04 1.009645630300332719e+00
6.075567521150227549e+04 1.006917360824733931e+00
6.075567547156297223e+04 9.985154848188614318e-01
6.075567573162366898e+04 9.798011916291804457e-01
6.075567599168436573e+04 9.924962343670368226e-01
6.075567625174506247e+04 9.894796019940838017e-01
6.075567651180575922e+04 1.000746206835710250e+00
6.075567677186645597e+04 1.006618467632032221e+00
6.075567703192715271e+04 1.020386745002347384e+00
6.075567729198784218e+04 1.005262276430745061e+00
6.075567755204853893e+04 9.892775292389620612e-01
6.075567781210924295e+04 1.012780891083147061e+00
6.075567807216993242e+04 9.878645925857084675e-01
6.075567833223062917e+04 1.003251172827734017e+00
6.075567859229132591e+04 9.884895542277969405e-01
6.075567885235202266e+04 1.003600962302895860e+00
6.075567911241271941e+04 1.009623869980614153e+00
6.075567937247341615e+04 9.902241216987016648e-01
6.075567963253411290e+04 1.006479264217681413e+00
6.075567989259480964e+04 1.001536925822429369e+00
6.075568015265550639e+04 9.939861924877227972e-01
6.075568041271620314e+04 9.958503907107224551e-01
6.075568067277689261e+04 9.940367405127742417e-01
6.075568093283759663e+04 9.964485246365722970e-01
6.075568119289829338e+04 1.008701540691912424e+00
6.075568145295898285e+04 1.040200738683394688e+00
6.075568171301968687e+04 1.010003143808710258e+00
6.075568197308037634e+04 9.790295611014224741e-01
6.075568223314107308e+04 1.018083696590282194e+00
6.075568249320177711e+04 1.008655038789900482e+00
6.075568275326246658e+04 1.009396609287546820e+00
6.075568301332316332e+04 1.001869984984782080e+00
6.075568327338386007e+04 9.986332256306417188e-01
6.075568483179301256e+04 1.014894098554875557e+00
6.075568509184680443e+04 1.024680168729326990e+00
6.075568535190059629e+04 1.001924610872007460e+00
6.075568561195438815e+04 1.012309664241084040e+00
6.075568587200818729e+04 1.005618352504784374e+00
6.075568613206199370e+04 1.000757308252898659e+00
6.075568639211578557e+04 1.007604163087813420e+00
6.075568665216957743e+04 9.934110845042644078e-01
6.075568691222336929e+04 9.990841063227845487e-01
6.075568717227716115e+04 1.009025161980280361e+00
6.075568743233096029e+04 1.006562340817198864e+00
6.075568769238475215e+04 9.983481635330148096e-01
6.075568795243854402e+04 1.007890040157171319e+00
6.075568821249233588e+04 1.021807010683084771e+00
6.075568847254613502e+04 1.016876694681499771e+00
6.075568873259992688e+04 1.013482680438926309e+00
6.075568899265372602e+04 1.007925231734708049e+00
6.075568925270752516e+04 9.949090774280410221e-01
6.075568951276131702e+04 9.927412256237557742e-01
6.075568977281511616e+04 1.025310263335932115e+00
6.075569003286890802e+04 9.923763026433159995e-01
6.075569029292269988e+04 1.006816447744826259e+00
6.075569055297649174e+04 1.017884282388614059e+00
6.075569081303029088e+04 1.009187346521885242e+00
6.075569107308408275e+04 1.013598154327134182e+00
6.075569133313787461e+04 1.012888021568652652e+00
6.075569159319166647e+04 1.000048653652092945e+00
6.075569185324547288e+04 1.006372837589573521e+00
6.075569211329927202e+04 9.883715651540515568e-01
6.075569237335306389e+04 1.013466123463416801e+00
6.075569263340685575e+04 1.012756335577581268e+00
6.075569289346064761e+04 1.004279818296625493e+00
6.075569315351444675e+04 9.983557687563424654e-01
6.075569341356823861e+04 1.014705705583078821e+00
6.075569367362203047e+04 1.019701470564158940e+00
6.075569393367582234e+04 1.012900079177486035e+00
6.075569419372962147e+04 1.019824733121683646e+00
6.075569445378341334e+04 1.027038697986217608e+00
6.075569471383720520e+04 9.979298940510156202e-01
6.075569497389100434e+04 1.025848054632210626e+00
6.075569523394481075e+04 1.006707164903793084e+00
6.075569549399860261e+04 1.014340354475843364e+00
6.075569575405239448e+04 1.001322626147455486e+00
6.075569601410618634e+04 1.003826914703570994e+00
6.075569627415998548e+04 1.005679803325855826e+00
6.075569653421377734e+04 1.020648808912139494e+00
6.075569679426756920e+04 1.020229410339120513e+00
6.075569705432136107e+04 1.018086308206196167e+00
6.075569731437516020e+04 1.031594955204901742e+00
6.075569757442895207e+04 1.004185558934440392e+00
6.075569783448274393e+04 1.014918604607777386e+00
6.075569809453654307e+04 1.020495887864512063e+00
6.075569835459034948e+04 1.006549969593285132e+00
6.075569861464414134e+04 1.035507390501664737e+00
6.075569887469793321e+04 1.012690539383768851e+00
6.075569913475172507e+04 9.993029533826522925e-01
6.075569939480552421e+04 9.947569069952780785e-01
6.075569965485931607e+04 1.026624922069170776e+00
6.075569991491310793e+04 1.012119984731095990e+00
6.075570017496689979e+04 1.017711684936238425e+00
6.075570043502069893e+04 1.018397000663473495e+00
6.075570069507449080e+04 1.016245963921764917e+00
6.075570095512828993e+04 1.000741720442503979e+00
6.075570121518208907e+04 1.016596336683734503e+00
6.075570147523588821e+04 1.004356677198800618e+00
6.075570173528968007e+04 1.014650566822108191e+00
6.075570199534347194e+04 1.034370917952665891e+00
6.075570225539727107e+04 1.005357298102999453e+00
6.075570251545106294e+04 1.020679847496902770e+00
6.075570277550485480e+04 1.018062691223780902e+00
6.075570303555864666e+04 1.010011025319700551e+00
6.075570329561244580e+04 1.006829743262815491e+00
6.075570355566623766e+04 1.016834000451607878e+00
6.075570381572002952e+04 1.028869756901800825e+00
6.075570407577382866e+04 1.019727118431833723e+00
6.075570433582763508e+04 1.018347427197761945e+00
6.075570459588142694e+04 1.034518280056315076e+00
6.075570485593521880e+04 1.002911596801570715e+00
6.075570511598901066e+04 1.021150291013226630e+00
6.075570537604280980e+04 1.014687489933483011e+00
6.075570563609660167e+04 1.008923119288811510e+00
6.075570589615039353e+04 1.004574227869103886e+00
6.075570615620419267e+04 1.008682171468598510e+00
6.075570641625798453e+04 1.015598672864823859e+00
6.075570667631177639e+04 1.011281220893671673e+00
6.075570693636557553e+04 1.013492771925825986e+00
6.075570719641938194e+04 1.023310609738417920e+00
6.075570745647317381e+04 1.035011553402374052e+00
6.075570771652696567e+04 1.012572268665442143e+00
6.075570797658076481e+04 1.024722477740154014e+00
6.075570823663455667e+04 1.028032718188753636e+00
6.075570849668834853e+04 1.026121167656903532e+00
6.075570875674214039e+04 1.010576822749901016e+00
6.075570901679593953e+04 1.016188120523856098e+00
6.075570927684973140e+04 1.023695372178486052e+00
6.075570953690352326e+04 1.021239875012890375e+00
6.075570979695732240e+04 1.017410087406769970e+00
6.075571005701112153e+04 1.004766982147198950e+00
6.075571031706492067e+04 1.024670094734074999e+00
6.075571057711871254e+04 1.014645982346293884e+00
6.075571083717251167e+04 1.027999725534651354e+00
6.075571109722630354e+04 1.008624004163983789e+00
6.075571135728009540e+04 1.000207517236690657e+00
6.075571161733389454e+04 9.994931885790251380e-01
6.075571187738768640e+04 1.020889799918113461e+00
6.075571213744147826e+04 1.011991306434996574e+00
6.075571239749527740e+04 1.024191993902258568e+00
6.075571265754906926e+04 1.007838706040465215e+00
6.075571291760286840e+04 1.032231636479324477e+00
6.075571317765666754e+04 1.020694213867957556e+00
6.075571474868715450e+04 1.009412766555227936e+00
6.075571500874785124e+04 1.021434883516143977e+00
6.075571526880854799e+04 1.013596769394924380e+00
6.075571552886924474e+04 9.924479875383961369e-01
6.075571578892994148e+04 1.012060311613357078e+00
6.075571604899063823e+04 1.012279057623798106e+00
6.075571630905133497e+04 1.023115290525159038e+00
6.075571656911203172e+04 1.005664370292655985e+00
6.075571682917273574e+04 1.010987750170548649e+00
6.075571708923342521e+04 1.002850227497998459e+00
6.075571734929412196e+04 1.003497358579195087e+00
6.075571760935482598e+04 1.009793090413670269e+00
6.075571786941552273e+04 1.018358235438282744e+00
6.075571812947621947e+04 1.017833422302165891e+00
6.075571838953690894e+04 9.959718538340720517e-01
6.075571864959761297e+04 1.013590665060166707e+00
6.075571890965830971e+04 1.013225043206610554e+00
6.075571916971899918e+04 1.018504388714150277e+00
6.075571942977970320e+04 9.997165507647927107e-01
6.075571968984039995e+04 1.007898857744291998e+00
6.075571994990109670e+04 1.012742220602471876e+00
6.075572020996180072e+04 1.024152875911957139e+00
6.075572047002249019e+04 1.000194083870074246e+00
6.075572073008318694e+04 9.934222951494111609e-01
6.075572099014388368e+04 1.011767450802224078e+00
6.075572125020458770e+04 1.007943473131924117e+00
6.075572151026528445e+04 1.011661527658709536e+00
6.075572177032597392e+04 9.938959325411449441e-01
6.075572203038667794e+04 1.021333080343830746e+00
6.075572229044737469e+04 1.006728060011430781e+00
6.075572255050806416e+04 1.014888416440317132e+00
6.075572281056877546e+04 9.988368620747661852e-01
6.075572307062946493e+04 1.016532757283696853e+00
6.075572333069016167e+04 9.954148600271849334e-01
6.075572359075086570e+04 1.021795160574127559e+00
6.075572385081155517e+04 9.809126222652616578e-01
6.075572411087225191e+04 1.012765909338306347e+00
6.075572437093294866e+04 1.005479772749684919e+00
6.075572463099365268e+04 1.022799066044645322e+00
6.075572489105434943e+04 1.022600297008077863e+00
6.075572515111503890e+04 9.994841691853275645e-01
6.075572541117574292e+04 1.004766444540116099e+00
6.075572567123643967e+04 1.017751177304291765e+00
6.075572593129713641e+04 9.973922248367534937e-01
6.075572619135784043e+04 9.819207495119176565e-01
6.075572645141852990e+04 1.014352822306773705e+00
6.075572671147922665e+04 9.951801218083827782e-01
6.075572697153993067e+04 1.017939045184704572e+00
6.075572723160062014e+04 1.005001004045585677e+00
6.075572749166131689e+04 1.003740512173736388e+00
6.075572775172202091e+04 9.998443242344410287e-01
6.075572801178271766e+04 9.948902404099589925e-01
6.075572827184341440e+04 1.026465574914325440e+00
6.075572853190411115e+04 9.912274759800225876e-01
6.075572879196480790e+04 1.011203458209202211e+00
6.075572905202550464e+04 1.008351718570216660e+00
6.075572931208620867e+04 1.007050226605270993e+00
6.075572957214690541e+04 9.957836448926883355e-01
6.075572983220759488e+04 1.009214875049315507e+00
6.075573009226829890e+04 9.824708598431314277e-01
6.075573035232899565e+04 1.009367889685259811e+00
6.075573061238968512e+04 1.009286520236200690e+00
6.075573087245038914e+04 1.000177796566571242e+00
6.075573113251108589e+04 1.006919213358139276e+00
6.075573139257178264e+04 9.758766757758419175e-01
6.075573165263248666e+04 1.006979463202938074e+00
6.075573191269317613e+04 1.007590441283343852e+00
6.075573217275387287e+04 1.005156487190242753e+00
6.075573243281457690e+04 9.845460093320889117e-01
6.075573269287527364e+04 1.011525897727030721e+00
6.075573295293597039e+04 1.002484317446151518e+00
6.075573321299666713e+04 1.021879340301590000e+00
6.075573347305736388e+04 9.958950745743473387e-01
6.075573373311806063e+04 1.004541082531200891e+00
6.075573399317875737e+04 9.949318707754090108e-01
6.075573425323946140e+04 9.868866465976909863e-01
6.075573451330015087e+04 9.760816093547324268e-01
6.075573477336085489e+04 1.001187607982208405e+00
6.075573503342155163e+04 1.012247505647575929e+00
6.075573529348224110e+04 9.912237681759739072e-01
6.075573555354294513e+04 9.801984124737703752e-01
6.075573581360364187e+04 1.000638172269052273e+00
6.075573607366434589e+04 9.958888826409515449e-01
6.075573633372504264e+04 1.000453611504901863e+00
6.075573659378573211e+04 9.890439503866607085e-01
6.075573685384643613e+04 9.886901097277285277e-01
6.075573711390713288e+04 1.010503877512998416e+00
6.075573737396782963e+04 1.006782216579866329e+00
6.075573763402853365e+04 9.996692831941283996e-01
6.075573789408922312e+04 9.970097786086040692e-01
6.075573815414991986e+04 1.007699438291844052e+00
6.075573841421062389e+04 1.007518377750804994e+00
6.075573867427131336e+04 1.009641694500993836e+00
6.075573893433201010e+04 1.016250665846586410e+00
6.075573919439271413e+04 9.850639598313805090e-01
6.075573945445341087e+04 9.875973337829854204e-01
6.075573971451411489e+04 9.813694472493438292e-01
6.075573997457480436e+04 1.002008805220489185e+00
6.075574023463550111e+04 9.828027746062579784e-01
6.075574049469620513e+04 9.878689863283011130e-01
6.075574075475690188e+04 1.013304568090999780e+00
6.075574101481759863e+04 9.900507951068331369e-01
6.075574127487829537e+04 1.002440020812863430e+00
6.075574153493899212e+04 1.011353949546011766e+00
6.075574179499969614e+04 9.797077734192556342e-01
6.075574205506038561e+04 9.792650018303414861e-01
6.075574231512108236e+04 9.959972306068722858e-01
6.075574257518178638e+04 1.002535370820828442e+00
6.075574283524248312e+04 9.974499840617703228e-01
6.075574309530317987e+04 9.865316562286395863e-01
6.075574483016229351e+04 9.978608096627792357e-01
6.075574509021608537e+04 9.918056261576695398e-01
6.075574535026989179e+04 9.991258506962945596e-01
6.075574561032369093e+04 9.909463993383320624e-01
6.075574587037748279e+04 1.002004490273041393e+00
6.075574613043128193e+04 1.004896470367346639e+00
6.075574639048507379e+04 9.815285541140695846e-01
6.075574665053887293e+04 9.933326915507935118e-01
6.075574691059266479e+04 9.885905945318326227e-01
6.075574717064645665e+04 9.897705826385316819e-01
6.075574743070025579e+04 1.000778973651097692e+00
6.075574769075404765e+04 9.999433641431537678e-01
6.075574795080784679e+04 1.008212424378860828e+00
6.075574821086163865e+04 9.906593599689642593e-01
6.075574847091544507e+04 9.936027162330178797e-01
6.075574873096924421e+04 1.000741521277094259e+00
6.075574899102303607e+04 9.965516194778177850e-01
6.075574925107683521e+04 1.000033725454368749e+00
6.075574951113062707e+04 1.021939909897133569e+00
6.075574977118442621e+04 9.930088306298880951e-01
6.075575003123821807e+04 1.000370344477101936e+00
6.075575029129201721e+04 9.959108019951550261e-01
6.075575055134580907e+04 1.001407560819678633e+00
6.075575081139960093e+04 9.959082616925162279e-01
6.075575107145340007e+04 1.003247870075188786e+00
6.075575133150719921e+04 9.909079752821920994e-01
6.075575159156100563e+04 1.004472682101349434e+00
6.075575185161479749e+04 9.986238060921849291e-01
6.075575211166859663e+04 1.000443743532801522e+00
6.075575237172238849e+04 9.894585710168545267e-01
6.075575263177618035e+04 9.955130004437847679e-01
6.075575289182997949e+04 1.007098635929287056e+00
6.075575315188377135e+04 9.889899513376032569e-01
6.075575341193757049e+04 9.982967178346326964e-01
6.075575367199136235e+04 1.006754667429788475e+00
6.075575393204516149e+04 9.962728583275736183e-01
6.075575419209895335e+04 9.913460638613336151e-01
6.075575445215275249e+04 9.939211693502828515e-01
6.075575471220655891e+04 9.922556050091224655e-01
6.075575497226035077e+04 9.977123680608239731e-01
6.075575523231414991e+04 1.005464036570220099e+00
6.075575549236794177e+04 9.995342122718383626e-01
6.075575575242174091e+04 9.950497491948282480e-01
6.075575601247553277e+04 1.011858172145779111e+00
6.075575627252933191e+04 1.005204530847659594e+00
6.075575653258312377e+04 1.005741771512090210e+00
6.075575679263691563e+04 1.009565861788372265e+00
6.075575705269071477e+04 1.011054994148296471e+00
6.075575731274451391e+04 1.005906540310314456e+00
6.075575757279832033e+04 1.003490391701061357e+00
6.075575783285211219e+04 1.003150936865410570e+00
6.075575809290591133e+04 1.010547692442355316e+00
6.075575835295970319e+04 9.780974660646456487e-01
6.075575861301350233e+04 9.990597312747656611e-01
6.075575887306729419e+04 1.003911894687765649e+00
6.075575913312109333e+04 1.005651831547110797e+00
6.075575939317488519e+04 1.017733148273857191e+00
6.075575965322867705e+04 9.810842620247374191e-01
6.075575991328247619e+04 9.950788057240924633e-01
6.075576017333626805e+04 9.960782092621305317e-01
6.075576043339007447e+04 9.992322097802285308e-01
6.075576069344387361e+04 1.001144599516315292e+00
6.075576095349767274e+04 1.005093810334704907e+00
6.075576121355146461e+04 1.009277416558607587e+00
6.075576147360526375e+04 9.912987686417772393e-01
6.075576173365905561e+04 1.006251695305435900e+00
6.075576199371285475e+04 9.983999561229869313e-01
6.075576225376664661e+04 9.910615277264354095e-01
6.075576251382044575e+04 1.014590954150716984e+00
6.075576277387423761e+04 9.950047951181423267e-01
6.075576303392802947e+04 1.000459422322339531e+00
6.075576329398183589e+04 1.008197258566808419e+00
6.075576355403563502e+04 9.797891439835557659e-01
6.075576381408943416e+04 1.016014755047795814e+00
6.075576407414322603e+04 1.002240868120916950e+00
6.075576433419702516e+04 1.017402494243055067e+00
6.075576459425081703e+04 9.943568930532081795e-01
6.075576485430461616e+04 9.989391675040700802e-01
6.075576511435840803e+04 1.003777491936171051e+00
6.075576537441220717e+04 9.943239328699374768e-01
6.075576563446599903e+04 9.990528066211342706e-01
6.075576589451979817e+04 9.991767361488379517e-01
6.075576615457359003e+04 1.042595660996350926e+00
6.075576641462739644e+04 1.014631849083787118e+00
6.075576667468119558e+04 9.905682356297156321e-01
6.075576693473499472e+04 1.005902664358820475e+00
6.075576719478878658e+04 9.919023185026729639e-01
6.075576745484258572e+04 1.013172202752858908e+00
6.075576771489637758e+04 1.004274826354615513e+00
6.075576797495017672e+04 1.016966055016238712e+00
6.075576823500396858e+04 1.013923333098407209e+00
6.075576849505776045e+04 1.009149338234293314e+00
6.075576875511155959e+04 1.009702455832959478e+00
6.075576901516535145e+04 1.000689889566131807e+00
6.075576927521915786e+04 1.027185051793793047e+00
6.075576953527295700e+04 1.027453644963355561e+00
6.075576979532675614e+04 1.018114314565505385e+00
6.075577005538054800e+04 1.010343117818828684e+00
6.075577031543434714e+04 1.028430628656471058e+00
6.075577057548813900e+04 1.001719133518199634e+00
6.075577083554193814e+04 1.005797292483381788e+00
6.075577109559573000e+04 1.000469178584915131e+00
6.075577135564952914e+04 9.937037688660590451e-01
6.075577161570332100e+04 1.015477095004866603e+00
6.075577187575712014e+04 1.012222666173363983e+00
6.075577213581091200e+04 1.013361449079957621e+00
6.075577239586471842e+04 1.000981499697155552e+00
6.075577265591851756e+04 9.854409408467210696e-01
6.075577291597231670e+04 1.008732792131217471e+00
6.075577317602610856e+04 1.027457358337553028e+00
