6.075585120116569306e+04 9.773356688435244077e-01
6.075585146121949219e+04 1.009703015595429632e+00
6.075585172127328406e+04 9.861520307627179571e-01
6.075585198132708319e+04 9.922106076726985302e-01
6.075585224138088233e+04 9.847695036037873439e-01
6.075585250143468147e+04 9.862086379412854376e-01
6.075585276148847333e+04 1.000499118530653764e+00
6.075585302154227247e+04 1.001863323600165501e+00
6.075585328159607161e+04 9.907454183993732455e-01
6.075585354164987803e+04 9.951529510190944006e-01
6.075585380170368444e+04 1.000631742454310080e+00
6.075585406175747630e+04 9.924567733844420481e-01
6.075585432181127544e+04 9.819569037492674735e-01
6.075585458186507458e+04 1.008587209799052475e+00
6.075585484191887372e+04 1.001563612470981468e+00
6.075585510197266558e+04 1.013123771926142780e+00
6.075585536202646472e+04 9.899268961018760082e-01
6.075585562208026386e+04 1.004953895594502322e+00
6.075585588213406299e+04 1.011381111984080983e+00
6.075585614218786213e+04 1.002118926894356887e+00
6.075585640224165400e+04 9.948932002220972626e-01
6.075585666229546041e+04 9.978720171449674270e-01
6.075585692234926682e+04 1.002040239026349644e+00
6.075585718240306596e+04 1.011813476287035218e+00
6.075585744245685783e+04 1.021359956847094130e+00
6.075585770251065696e+04 1.005953913643548914e+00
6.075585796256445610e+04 9.980519242571797012e-01
6.075585822261825524e+04 1.019627927563794501e+00
6.075585848267205438e+04 9.961657662989950035e-01
6.075585874272584624e+04 9.988745802998370005e-01
6.075585900277964538e+04 1.002573251324337722e+00
6.075585926283344452e+04 1.003874586343078912e+00
6.075585952288725093e+04 1.002743846508258763e+00
6.075585978294105735e+04 9.994943830194537027e-01
6.075586004299484921e+04 1.000835629160609530e+00
6.075586030304864835e+04 1.006283516391079491e+00
6.075586056310244749e+04 9.932049474240454146e-01
6.075586082315624662e+04 9.899769348919621459e-01
6.075586108321004576e+04 1.007798603945142313e+00
6.075586134326383763e+04 1.021799843566446819e+00
6.075586160331763676e+04 9.931201151476940492e-01
6.075586186337143590e+04 1.003647161916739527e+00
6.075586212342523504e+04 9.991612871923344352e-01
6.075586238347903418e+04 1.008357038070026190e+00
6.075586264353283332e+04 9.828351313562553315e-01
6.075586290358663973e+04 9.988870889206813430e-01
6.075586316364043887e+04 1.009743902895649637e+00
6.075586342369423801e+04 9.891613210196600336e-01
6.075586368374803715e+04 1.008427338056684608e+00
6.075586394380182901e+04 1.000812164803553062e+00
6.075586420385562815e+04 1.003529337578793479e+00
6.075586446390942729e+04 9.981656123125727254e-01
6.075586472396322642e+04 1.005837929559689314e+00
6.075586498401702556e+04 1.004684126113527309e+00
6.075586524407081743e+04 9.859028160407778962e-01
6.075586550412462384e+04 1.007634110501266056e+00
6.075586576417843025e+04 1.005490274278178386e+00
6.075586602423222939e+04 9.985733703396194594e-01
6.075586628428602853e+04 9.911363704061708635e-01
6.075586654433982039e+04 9.996427198940062153e-01
6.075586680439361953e+04 1.003047764514906071e+00
6.075586706444741867e+04 1.002452069423309888e+00
6.075586732450121781e+04 1.024315261462207971e+00
6.075586758455501695e+04 9.996719408044927313e-01
6.075586784460881609e+04 1.012235900675239719e+00
6.075586810466260795e+04 9.896754773831327734e-01
6.075586836471640709e+04 1.010307267561503242e+00
6.075586862477021350e+04 1.008278419990035646e+00
6.075586888482401991e+04 9.962056593878263477e-01
6.075586914487781905e+04 1.016816793920095385e+00
6.075586940493161092e+04 1.005273279416012633e+00
6.075586966498541005e+04 1.016242069366827039e+00
6.075586992503920919e+04 9.883445965343043982e-01
6.075587018509300833e+04 9.917929003607328653e-01
6.075587044514680747e+04 1.014043312920198892e+00
6.075587070520060661e+04 1.012359724099547664e+00
6.075587096525439847e+04 9.971773302562060293e-01
6.075587122530819761e+04 9.996122854114659617e-01
6.075587148536199675e+04 1.010909185450013847e+00
6.075587174541581044e+04 1.002274641146743805e+00
6.075587200546960958e+04 9.892414273654325241e-01
6.075587226552340871e+04 1.003399977012803923e+00
6.075587252557720058e+04 1.010924360309305881e+00
6.075587278563099972e+04 9.975177620963723291e-01
6.075587304568479885e+04 1.005059162649992510e+00
6.075587330573859799e+04 1.016278859181509286e+00
6.075587356579239713e+04 1.017094098115121303e+00
6.075587382584619627e+04 1.004733360547165111e+00
6.075587408589998813e+04 1.012300710809719950e+00
6.075587434595378727e+04 9.946759726300430371e-01
6.075587460600759368e+04 1.007472291909604412e+00
6.075587486606140010e+04 1.010516806494769382e+00
6.075587512611519924e+04 1.005205981300535401e+00
6.075587538616899838e+04 1.007995129883062058e+00
6.075587564622279751e+04 1.006382801207897471e+00
6.075587590627658938e+04 9.979435794325349773e-01
6.075587616633038851e+04 9.933235722093664011e-01
6.075587642638418765e+04 1.006067548091098107e+00
6.075587668643798679e+04 1.006198253051242553e+00
6.075587694649178593e+04 1.013719905622354700e+00
6.075587720654558507e+04 9.915598304407589048e-01
6.075587746659937693e+04 1.001121205718302543e+00
6.075587772665318334e+04 1.012622224841497109e+00
6.075587798670698976e+04 1.016082733800694138e+00
6.075587824676078890e+04 1.010379972631218592e+00
6.075587850681458804e+04 9.988923097850465060e-01
6.075587876686838717e+04 1.021312213210922026e+00
6.075587902692218631e+04 1.027528322541588768e+00
6.075587928697597818e+04 1.010364178813149438e+00
6.075587954702977731e+04 9.977147142297790872e-01
6.075588115586427011e+04 1.021273903199224842e+00
6.075588141592496686e+04 9.983072642995630686e-01
6.075588167598567088e+04 1.020884409147094996e+00
6.075588193604636763e+04 1.034249530971881104e+00
6.075588219610707165e+04 9.991929766001872437e-01
6.075588245616777567e+04 9.997491239728899526e-01
6.075588271622847242e+04 1.007639259449115920e+00
6.075588297628917644e+04 1.000462550234713310e+00
6.075588323634988046e+04 1.003935109869092512e+00
6.075588349641056993e+04 1.002175079491402387e+00
6.075588375647127395e+04 1.022200395149483354e+00
6.075588401653197798e+04 9.925520802489270489e-01
6.075588427659268200e+04 9.960691145479183550e-01
6.075588453665338602e+04 9.948756113254519917e-01
6.075588479671408277e+04 9.940770067721573788e-01
6.075588505677478679e+04 9.991772009081418826e-01
6.075588531683548354e+04 9.958349007251894314e-01
6.075588557689618756e+04 9.871746098051085161e-01
6.075588583695689158e+04 1.001769418779987264e+00
6.075588609701758833e+04 1.008338887813162943e+00
6.075588635707829235e+04 9.930520781616352100e-01
6.075588661713899637e+04 1.006085203007871964e+00
6.075588687719969312e+04 9.960803079840810925e-01
6.075588713726038986e+04 1.002499877858887167e+00
6.075588739732109389e+04 1.013786522802335721e+00
6.075588765738179791e+04 1.001081903853379140e+00
6.075588791744250193e+04 1.003395281735132150e+00
6.075588817750319868e+04 9.917500784904562661e-01
6.075588843756390270e+04 1.014242587862702827e+00
6.075588869762460672e+04 1.001044187694777321e+00
6.075588895768530347e+04 9.972294459744948103e-01
6.075588921774600749e+04 1.007675528704428780e+00
6.075588947780670424e+04 1.002296373826365050e+00
6.075588973786740826e+04 9.918997157875356629e-01
6.075588999792811228e+04 1.011156540923375369e+00
6.075589025798880903e+04 9.968261522465037272e-01
6.075589051804952032e+04 9.896602250306760773e-01
6.075589077811021707e+04 9.932332089620979909e-01
6.075589103817091382e+04 9.979489216881309854e-01
6.075589129823161784e+04 1.004674319294516449e+00
6.075589155829231458e+04 9.941359015646138442e-01
6.075589181835301861e+04 1.006717353322284181e+00
6.075589207841372263e+04 9.881508947260474462e-01
6.075589233847442665e+04 1.000757479344128509e+00
6.075589259853513067e+04 1.007174973761925552e+00
6.075589285859582742e+04 1.009152350109727259e+00
6.075589311865652417e+04 9.906449558830199287e-01
6.075589337871722819e+04 1.011488614433836197e+00
6.075589363877793221e+04 9.985526952430188175e-01
6.075589389883863623e+04 9.961191980944533730e-01
6.075589415889933298e+04 9.997325818145942344e-01
6.075589441896003700e+04 9.971782626712160091e-01
6.075589467902074102e+04 9.832137392954284349e-01
6.075589493908143777e+04 9.820195367389716878e-01
6.075589519914213452e+04 9.893090193341700367e-01
6.075589545920283854e+04 9.922600808610657630e-01
6.075589571926354256e+04 9.936340788881137254e-01
6.075589597932424658e+04 1.003028829588965554e+00
6.075589623938494333e+04 9.882937356468383117e-01
6.075589649944564735e+04 9.964537590005271284e-01
6.075589675950635137e+04 9.931592664690298555e-01
6.075589701956705539e+04 9.826586154573604404e-01
6.075589727962775942e+04 9.972194238842967406e-01
6.075589753968844889e+04 9.943902393722600097e-01
6.075589779974915291e+04 9.798794259595654532e-01
6.075589805980985693e+04 9.834475549199500621e-01
6.075589831987055368e+04 9.797777266372460492e-01
6.075589857993125770e+04 9.991877684054231157e-01
6.075589883999196172e+04 9.910790649078498049e-01
6.075589910005266574e+04 9.972372501757859053e-01
6.075589936011336977e+04 9.779267062317978931e-01
6.075589962017406651e+04 9.924740653712489369e-01
6.075589988023477054e+04 9.788683782850094994e-01
6.075590014029546728e+04 1.010962514354961428e+00
6.075590040035617130e+04 9.815140658316797717e-01
6.075590066041687533e+04 9.791333944213727047e-01
6.075590092047757207e+04 9.785115759123427237e-01
6.075590118053827609e+04 9.987300165578226752e-01
6.075590144059898012e+04 9.983271634003400008e-01
6.075590170065967686e+04 9.899117445328990961e-01
6.075590196072038816e+04 9.925781611318552633e-01
6.075590222078108491e+04 1.001428312974737889e+00
6.075590248084178893e+04 9.862536687828518112e-01
6.075590274090249295e+04 9.899591598828948458e-01
6.075590300096318242e+04 9.928336457301791818e-01
6.075590326102388644e+04 9.752727833588880069e-01
6.075590352108459047e+04 9.857753756000545708e-01
6.075590378114529449e+04 9.678870916154599380e-01
6.075590404120599851e+04 9.764534394595131284e-01
6.075590430126669526e+04 9.956171890456078089e-01
6.075590456132739928e+04 9.908885395752964342e-01
6.075590482138810330e+04 9.936156142938704638e-01
6.075590508144880732e+04 1.005784429042847705e+00
6.075590534150951135e+04 9.908635678406457759e-01
6.075590560157020809e+04 9.878931805437111136e-01
6.075590586163091211e+04 9.852055760014154506e-01
6.075590612169160886e+04 9.578969465590350119e-01
6.075590638175230561e+04 9.949594411134742300e-01
6.075590664181300963e+04 9.861615433794962415e-01
6.075590690187371365e+04 9.797640403721762370e-01
6.075590716193441767e+04 9.779932614061430662e-01
6.075590742199512169e+04 1.012203337958403226e+00
6.075590768205581844e+04 9.806212442168423804e-01
6.075590794211652246e+04 1.002324915428322472e+00
6.075590820217722649e+04 9.894437039536642109e-01
6.075590846223793051e+04 9.966209304120016155e-01
6.075590872229863453e+04 9.994336085145896220e-01
6.075590898235933128e+04 9.901718487743765840e-01
6.075590924242003530e+04 9.816811320189048340e-01
6.075590950248073932e+04 9.791398062965835924e-01
6.075591106051386305e+04 9.707795517210873193e-01
6.075591132057445793e+04 9.735884592500341217e-01
6.075591158063505281e+04 9.843506097548655465e-01
6.075591184069564770e+04 9.788870736262097472e-01
6.075591210075624258e+04 9.734905939701288258e-01
6.075591236081683746e+04 9.915976892434251733e-01
6.075591262087743235e+04 9.922704192251674549e-01
6.075591288093802723e+04 9.910103266058014615e-01
6.075591314099862211e+04 1.003750135167352786e+00
6.075591340105922427e+04 9.939186866495388628e-01
6.075591366111981915e+04 9.786664198554188010e-01
6.075591392118041404e+04 9.817198095342399844e-01
6.075591418124100892e+04 9.953886560296920649e-01
6.075591444130160380e+04 9.786603145166009599e-01
6.075591470136219868e+04 9.984012278500766779e-01
6.075591496142279357e+04 9.886794551088542438e-01
6.075591522148338845e+04 1.001893148252630761e+00
6.075591548154399061e+04 9.828115416028753160e-01
6.075591574160458549e+04 9.768424282680180371e-01
6.075591600166518037e+04 9.760641860560125282e-01
6.075591626172577526e+04 1.006231024823747378e+00
6.075591652178637742e+04 9.863622038223378574e-01
6.075591678184697230e+04 9.913436036701992471e-01
6.075591704190756718e+04 9.745038554599517733e-01
6.075591730196816206e+04 9.785481030049045792e-01
6.075591756202875695e+04 9.764820947329067025e-01
6.075591782208935183e+04 9.868746530772698478e-01
6.075591808214994671e+04 9.846861767127927934e-01
6.075591834221054160e+04 9.778093286433230391e-01
6.075591860227113648e+04 1.004113600404984874e+00
6.075591886233173136e+04 9.801660219158792042e-01
6.075591912239232624e+04 9.808125970877618061e-01
6.075591938245292840e+04 9.965520806221089822e-01
6.075591964251352329e+04 9.825043430010876877e-01
6.075591990257411817e+04 9.937967559351968960e-01
6.075592016263471305e+04 9.875431293993933712e-01
6.075592042269530793e+04 9.865246084217126343e-01
6.075592068275590282e+04 9.909533349049014506e-01
6.075592094281649770e+04 9.726566455434448866e-01
6.075592120287709986e+04 9.789937795132066523e-01
6.075592146293769474e+04 9.847922870443579502e-01
6.075592172299828962e+04 9.937585054179939315e-01
6.075592198305888451e+04 9.889460626993207271e-01
6.075592224311948667e+04 9.770738861867611647e-01
6.075592250318008155e+04 1.005634582218047468e+00
6.075592276324067643e+04 9.819366968176834742e-01
6.075592302330127131e+04 9.741271341369550640e-01
6.075592328336186620e+04 9.808315169235798381e-01
6.075592354342246108e+04 9.782163091766978846e-01
6.075592380348305596e+04 9.861149803000772707e-01
6.075592406354365812e+04 9.816640469337538644e-01
6.075592432360425300e+04 9.938885426233214915e-01
6.075592458366484789e+04 9.911324120910173230e-01
6.075592484372544277e+04 9.848452706675323576e-01
6.075592510378604493e+04 9.930515248212294921e-01
6.075592536384663981e+04 9.897745385125822359e-01
6.075592562390723469e+04 1.001690275639235184e+00
6.075592588396782958e+04 9.747270284335458612e-01
6.075592614402842446e+04 9.871919939457327597e-01
6.075592640408901934e+04 9.723468410198538026e-01
6.075592666414961423e+04 9.960717801674204841e-01
6.075592692421020911e+04 9.959209442379260979e-01
6.075592718427081127e+04 9.864002777407160361e-01
6.075592744433140615e+04 1.008686898776005814e+00
6.075592770439200103e+04 9.803238365910414975e-01
6.075592796445260319e+04 1.010028915460237764e+00
6.075592822451319807e+04 9.790507481940892154e-01
6.075592848457379296e+04 9.955288044974066608e-01
6.075592874463438784e+04 9.879285316761317048e-01
6.075592900469498272e+04 9.898315438764470064e-01
6.075592926475557761e+04 9.954794637454691397e-01
6.075592952481617249e+04 9.868828801866287304e-01
6.075592978487676737e+04 9.957594791262869283e-01
6.075593004493736953e+04 9.821937273896915732e-01
6.075593030499796441e+04 1.007234082264242270e+00
6.075593056505855930e+04 1.006890237476923522e+00
6.075593082511916145e+04 9.951399816370816165e-01
6.075593108517975634e+04 9.728643921582713627e-01
6.075593134524035122e+04 1.000446008216711036e+00
6.075593160530094610e+04 9.856267957990281214e-01
6.075593186536154099e+04 9.783635954165252890e-01
6.075593212542213587e+04 9.958236963828610566e-01
6.075593238548273075e+04 9.948304192660648582e-01
6.075593264554332563e+04 9.912075753414674173e-01
6.075593290560392779e+04 9.961620974076578205e-01
6.075593316566452268e+04 9.990863987185470974e-01
6.075593342572511756e+04 9.866961856059376368e-01
6.075593368578571244e+04 9.849403571819801417e-01
6.075593394584631460e+04 1.018442261232219259e+00
6.075593420590690948e+04 9.988407180192786505e-01
6.075593446596750437e+04 9.814764987551020115e-01
6.075593472602809925e+04 9.926088745584398243e-01
6.075593498608869413e+04 9.914075615749305959e-01
6.075593524614928901e+04 1.012944545668137186e+00
6.075593550620988390e+04 9.906580219067300241e-01
6.075593576627048606e+04 1.005749940160642453e+00
6.075593602633108094e+04 1.002702606313839562e+00
6.075593628639167582e+04 1.008227887680613000e+00
6.075593654645227070e+04 1.002365793932068261e+00
6.075593680651287286e+04 1.003422269801262479e+00
6.075593706657346775e+04 1.013191734905179109e+00
6.075593732663406263e+04 9.915275988149800934e-01
6.075593758669465751e+04 9.924659744878129297e-01
6.075593784675525239e+04 1.010744702083164359e+00
6.075593810681584728e+04 1.011504630323988074e+00
6.075593836687644216e+04 1.022842507234474896e+00
6.075593862693704432e+04 9.942458436550145606e-01
6.075593888699763920e+04 9.794843502107206668e-01
6.075593914705823408e+04 9.857730524097678693e-01
6.075593940711883624e+04 9.984340060236184256e-01
6.075594106598430517e+04 9.866791762310078706e-01
6.075594132604500919e+04 1.019785717489603227e+00
6.075594158610571321e+04 1.017449968000895488e+00
6.075594184616640996e+04 1.002847444794734866e+00
6.075594210622711398e+04 1.016501375066940716e+00
6.075594236628781800e+04 1.002544342293998580e+00
6.075594262634852203e+04 1.001135954974530895e+00
6.075594288640922605e+04 1.001202182085827230e+00
6.075594314646992279e+04 9.990524913431678700e-01
6.075594340653063409e+04 1.004789098369090583e+00
6.075594366659133811e+04 9.910823100983291445e-01
6.075594392665203486e+04 1.008742927557765956e+00
6.075594418671273888e+04 1.005452964795884307e+00
6.075594444677344291e+04 9.850045375889053823e-01
6.075594470683414693e+04 9.984611430117572572e-01
6.075594496689485095e+04 1.014553651730117467e+00
6.075594522695554770e+04 1.010397030962268294e+00
6.075594548701625172e+04 1.004387533352440798e+00
6.075594574707695574e+04 9.917698034096457116e-01
6.075594600713765976e+04 1.006318259334443743e+00
6.075594626719836378e+04 1.007479962569201914e+00
6.075594652725906053e+04 1.006740153630124590e+00
6.075594678731976455e+04 1.003489231946715465e+00
6.075594704738046858e+04 9.915989478559458226e-01
6.075594730744116532e+04 1.007464607841814130e+00
6.075594756750187662e+04 1.002650883728561038e+00
6.075594782756257337e+04 1.031092271080874756e+00
6.075594808762328466e+04 1.007180483144593852e+00
6.075594834768398869e+04 1.021785722911648486e+00
6.075594860774468543e+04 1.001040541568688713e+00
6.075594886780538945e+04 1.001885538741383641e+00
6.075594912786609348e+04 1.001697347431262042e+00
6.075594938792679750e+04 1.006656775917927460e+00
6.075594964798750152e+04 9.900688792530797366e-01
6.075594990804819827e+04 9.918324454227289699e-01
6.075595016810890229e+04 1.007753168528072507e+00
6.075595042816960631e+04 1.014831842824119201e+00
6.075595068823031033e+04 1.010531668792133075e+00
6.075595094829101436e+04 1.004037437495039597e+00
6.075595120835171110e+04 9.951715308941287974e-01
6.075595146841241512e+04 9.955454364243468968e-01
6.075595172847312642e+04 9.989858728561725743e-01
6.075595198853382317e+04 1.009172809970743545e+00
6.075595224859452719e+04 1.000078722564261557e+00
6.075595250865523121e+04 1.000070919705880579e+00
6.075595276871593524e+04 1.004392957807042963e+00
6.075595302877663926e+04 1.008635912750094121e+00
6.075595328883733600e+04 1.010329072905364223e+00
6.075595354889804003e+04 1.014603772093533696e+00
6.075595380895874405e+04 1.011739638837655164e+00
6.075595406901944807e+04 1.002061147147569997e+00
6.075595432908015209e+04 1.002972164571282354e+00
6.075595458914084884e+04 1.016219091668695063e+00
6.075595484920156014e+04 1.000863073259593339e+00
6.075595510926226416e+04 1.011351621401340717e+00
6.075595536932296091e+04 1.010653686813145491e+00
6.075595562938366493e+04 9.981053073665131503e-01
6.075595588944436895e+04 1.000504625117925706e+00
6.075595614950507297e+04 1.033228669431855762e+00
6.075595640956577699e+04 1.005616815011482590e+00
6.075595666962647374e+04 1.009300881154035157e+00
6.075595692968717776e+04 9.990199316500686377e-01
6.075595718974788178e+04 1.011308889708568248e+00
6.075595744980858581e+04 1.008695920194826234e+00
6.075595770986929710e+04 1.016168193933711494e+00
6.075595796992999385e+04 1.001444373241519914e+00
6.075595822999069787e+04 9.922721555940605676e-01
6.075595849005140190e+04 9.941823814303084594e-01
6.075595875011209864e+04 9.952916839430698825e-01
6.075595901017280994e+04 9.938351378223596599e-01
6.075595927023350669e+04 1.024570894306120250e+00
6.075595953029421071e+04 1.026478190784693822e+00
6.075595979035491473e+04 1.021660293538224629e+00
6.075596005041561148e+04 1.008629083783712410e+00
6.075596031047632277e+04 1.011087854474390424e+00
6.075596057053702680e+04 1.015325459726758472e+00
6.075596083059773082e+04 9.976479623109915096e-01
6.075596109065843484e+04 9.871066435315112297e-01
6.075596135071913159e+04 9.905629053663133066e-01
6.075596161077983561e+04 9.981116002355768790e-01
6.075596187084053963e+04 1.003032346421305343e+00
6.075596213090124365e+04 1.007541831075894789e+00
6.075596239096194768e+04 9.967990502618160331e-01
6.075596265102265170e+04 1.006349460958878339e+00
6.075596291108335572e+04 1.008275883466300149e+00
6.075596317114405974e+04 9.924142498643583332e-01
6.075596343120475649e+04 9.980008586317200558e-01
6.075596369126546051e+04 1.014210550012441647e+00
6.075596395132616453e+04 1.008777064803683565e+00
6.075596421138686856e+04 9.936053345421317351e-01
6.075596447144757258e+04 1.017859235456807454e+00
6.075596473150827660e+04 9.926342499721799717e-01
6.075596499156898062e+04 9.846766601818334186e-01
6.075596525162968464e+04 1.010765706231130823e+00
6.075596551169038867e+04 1.006427735572259508e+00
6.075596577175109269e+04 1.005729507357159935e+00
6.075596603181178943e+04 1.012511667322186781e+00
6.075596629187249346e+04 1.003400472773964269e+00
6.075596655193319748e+04 9.989541389698569640e-01
6.075596681199390150e+04 9.904287981185907475e-01
6.075596707205460552e+04 1.013648449691460618e+00
6.075596733211530955e+04 9.758051023119550527e-01
6.075596759217601357e+04 1.000264913539846257e+00
6.075596785223671759e+04 1.005953809314662717e+00
6.075596811229741434e+04 1.002891673486424828e+00
6.075596837235811836e+04 1.009301077994978035e+00
6.075596863241882238e+04 9.901770292642554372e-01
6.075596889247953368e+04 1.011055781488336303e+00
6.075596915254023770e+04 9.941061158080719551e-01
6.075596941260093445e+04 9.915486256497446638e-01
6.075597102105359954e+04 1.003682345486464289e+00
6.075597128111420170e+04 9.908009358320245541e-01
6.075597154117479658e+04 9.782380596710734677e-01
6.075597180123539147e+04 1.008007400707571888e+00
6.075597206129598635e+04 1.021423567082669681e+00
6.075597232135658123e+04 9.881095965859528762e-01
6.075597258141718339e+04 9.991651586349549197e-01
6.075597284147777827e+04 9.854414048881173782e-01
6.075597310153837316e+04 9.965966382579901639e-01
6.075597336159897532e+04 9.976562507229715937e-01
6.075597362165957020e+04 9.956974268351211910e-01
6.075597388172016508e+04 9.779505051018096973e-01
6.075597414178077452e+04 9.986965497354635124e-01
6.075597440184136940e+04 9.917616669573661170e-01
6.075597466190196428e+04 9.975496962971995840e-01
6.075597492196255916e+04 1.007120999382683291e+00
6.075597518202315405e+04 9.970106413482449081e-01
6.075597544208374893e+04 9.745880482732826033e-01
6.075597570214434381e+04 1.012885850126179266e+00
6.075597596220494597e+04 1.013000837281341937e+00
6.075597622226554813e+04 9.922743178221222760e-01
6.075597648232614301e+04 1.018643457270125730e+00
6.075597674238673790e+04 9.908783534649677760e-01
6.075597700244734006e+04 1.000103309228758564e+00
6.075597726250793494e+04 9.967418184732934616e-01
6.075597752256853710e+04 9.884781457787338299e-01
6.075597778262913198e+04 9.991757478405386417e-01
6.075597804268972686e+04 1.003996016242786116e+00
6.075597830275032175e+04 1.003163256010200399e+00
6.075597856281091663e+04 9.869644365813283748e-01
6.075597882287151151e+04 9.861595005379777401e-01
6.075597908293212095e+04 9.920143248969554017e-01
6.075597934299271583e+04 9.822642564544575849e-01
6.075597960305331071e+04 9.984436585843298184e-01
6.075597986311390559e+04 9.985078247876667534e-01
6.075598012317450775e+04 1.002123959801862751e+00
6.075598038323510264e+04 9.871106156998479264e-01
6.075598064329570479e+04 1.006297052883843302e+00
6.075598090335629968e+04 1.001834803353588432e+00
6.075598116341689456e+04 9.834124990685445544e-01
6.075598142347748944e+04 1.001418354338177608e+00
6.075598168353808433e+04 1.001701813911089145e+00
6.075598194359869376e+04 9.877161651245656149e-01
6.075598220365928864e+04 9.954963065482830276e-01
6.075598246371988353e+04 1.002691089299941885e+00
6.075598272378047841e+04 9.986565019115503095e-01
6.075598298384108057e+04 9.843160561093244887e-01
6.075598324390167545e+04 9.862994934141128267e-01
6.075598350396227761e+04 9.845418258973620551e-01
6.075598376402287249e+04 1.001649381656299465e+00
6.075598402408346738e+04 9.838266229618575220e-01
6.075598428414406226e+04 9.791796241885271090e-01
6.075598454420465714e+04 9.844409870493077142e-01
6.075598480426526658e+04 9.936380123139619824e-01
6.075598506432586146e+04 9.918426392574556383e-01
6.075598532438645634e+04 1.023799889634978921e+00
6.075598558444705122e+04 9.818928763941843219e-01
6.075598584450765338e+04 9.927302868857803553e-01
6.075598610456825554e+04 9.948769427720237646e-01
6.075598636462885042e+04 9.871852266524878683e-01
6.075598662468944531e+04 9.827083087895072122e-01
6.075598688475004019e+04 9.874728568641641946e-01
6.075598714481063507e+04 9.818103084818701198e-01
6.075598740487123723e+04 9.987806306514828147e-01
6.075598766493183211e+04 9.925482609669550316e-01
6.075598792499243427e+04 1.002777769366293592e+00
6.075598818505302916e+04 9.845907538976359508e-01
6.075598844511362404e+04 9.853620616819311895e-01
6.075598870517423347e+04 9.848578194803437880e-01
6.075598896523482836e+04 9.831420234565373395e-01
6.075598922529542324e+04 9.877212259812065964e-01
6.075598948535601812e+04 9.808550467971971498e-01
6.075598974541661300e+04 9.910273325329281846e-01
6.075599000547721516e+04 9.907053923139983453e-01
6.075599026553781005e+04 9.761027498621286380e-01
6.075599052559840493e+04 9.861895839511969353e-01
6.075599078565900709e+04 9.863330195759899555e-01
6.075599104571960197e+04 9.995318611783854390e-01
6.075599130578020413e+04 9.861364774220906515e-01
6.075599156584080629e+04 9.915532910804376598e-01
6.075599182590140117e+04 9.946763669128284580e-01
6.075599208596199605e+04 9.862703915580730563e-01
6.075599234602259094e+04 1.008133439408824827e+00
6.075599260608319310e+04 9.947401523709892279e-01
6.075599286614378798e+04 9.756134320350646760e-01
6.075599312620438286e+04 1.004508863048486411e+00
6.075599338626497774e+04 9.919537124223843927e-01
6.075599364632558718e+04 9.824069368126087110e-01
6.075599390638618206e+04 9.791535267525862674e-01
6.075599416644677694e+04 9.920486093479273793e-01
6.075599442650737910e+04 9.990147343116931866e-01
6.075599468656797399e+04 9.798351268914086143e-01
6.075599494662857614e+04 1.000646292091866840e+00
6.075599520668917103e+04 9.975531712921463789e-01
6.075599546674976591e+04 9.931464429180617559e-01
6.075599572681036079e+04 9.839466679497382851e-01
6.075599598687096295e+04 9.677271573645679359e-01
6.075599624693155783e+04 9.767805875154148554e-01
6.075599650699215999e+04 9.893251755238899880e-01
6.075599676705275488e+04 9.929126726635150169e-01
6.075599702711334976e+04 9.851819738610294586e-01
6.075599728717395192e+04 9.720996783539703756e-01
6.075599754723455408e+04 9.855173374127528252e-01
6.075599780729514896e+04 9.939083081072336290e-01
6.075599806735574384e+04 9.825696700640258463e-01
6.075599832741634600e+04 9.977939483867592774e-01
6.075599858747694088e+04 9.865454209010887654e-01
6.075599884753753577e+04 9.932308162278432606e-01
6.075599910759813065e+04 9.852843176211963927e-01
6.075599936765874008e+04 9.700332013072032744e-01
6.075600091310295102e+04 9.843937057862880424e-01
6.075600117316365504e+04 9.911445109868466385e-01
6.075600143322435179e+04 9.944752908893566001e-01
6.075600169328505581e+04 9.785824057827238187e-01
6.075600195334576711e+04 9.962287286225823824e-01
6.075600221340647113e+04 9.940804229260539193e-01
6.075600247346717515e+04 9.840244751614805052e-01
6.075600273352787190e+04 9.999608547013353332e-01
6.075600299358858319e+04 9.862528195386096597e-01
6.075600325364928722e+04 9.907134903273584481e-01
6.075600351370998396e+04 9.856991954905151010e-01
6.075600377377069526e+04 9.915708522242422385e-01
6.075600403383139928e+04 9.900371847561167948e-01
6.075600429389210331e+04 9.859976604971241176e-01
6.075600455395280733e+04 9.985138980197572067e-01
6.075600481401350407e+04 9.930732711888363706e-01
6.075600507407421537e+04 9.871087252944461543e-01
6.075600533413491939e+04 9.949065204873149826e-01
6.075600559419562342e+04 1.001131542329014357e+00
6.075600585425632744e+04 9.932894149949988982e-01
6.075600611431703146e+04 9.885167958004752453e-01
6.075600637437773548e+04 1.003044048480474792e+00
6.075600663443843951e+04 9.897121760127911561e-01
6.075600689449914353e+04 9.911953850797308174e-01
6.075600715455985483e+04 9.866389244368293232e-01
6.075600741462055157e+04 9.934369629976146365e-01
6.075600767468125559e+04 9.779510088176444071e-01
6.075600793474195962e+04 9.977850964689882751e-01
6.075600819480266364e+04 9.768250177609119067e-01
6.075600845486336766e+04 9.955900136786158816e-01
6.075600871492407168e+04 9.847928911021681664e-01
6.075600897498478298e+04 1.000110593510452839e+00
6.075600923504548700e+04 9.896039978330931630e-01
6.075600949510618375e+04 9.903900258607911677e-01
6.075600975516688777e+04 9.909723732120579998e-01
6.075601001522759907e+04 1.002716987372867408e+00
6.075601027528830309e+04 9.914339376626150058e-01
6.075601053534900711e+04 9.730368088925596126e-01
6.075601079540970386e+04 9.860975251964078092e-01
6.075601105547041516e+04 9.940563895736106437e-01
6.075601131553111918e+04 9.927129493204934763e-01
6.075601157559181593e+04 9.906637215651203920e-01
6.075601183565252722e+04 9.986405647298841615e-01
6.075601209571323125e+04 9.864146634172165085e-01
6.075601235577393527e+04 9.747478835349067117e-01
6.075601261583463929e+04 9.826839852428710387e-01
6.075601287589534331e+04 9.933233988341528820e-01
6.075601313595604734e+04 9.921096027957482244e-01
6.075601339601675136e+04 9.813831434421471656e-01
6.075601365607746266e+04 9.853360969202986652e-01
6.075601391613816668e+04 1.006524902588675108e+00
6.075601417619886342e+04 9.876069171065872121e-01
6.075601443625956745e+04 9.908910206516231556e-01
6.075601469632027874e+04 9.957199675701833286e-01
6.075601495638097549e+04 9.952476901098642470e-01
6.075601521644168679e+04 9.963315117297198986e-01
6.075601547650239081e+04 9.932848538055444321e-01
6.075601573656309483e+04 9.931058749630514715e-01
6.075601599662379886e+04 9.963831886680487582e-01
6.075601625668450288e+04 9.841050366730876853e-01
6.075601651674520690e+04 9.906725851394101445e-01
6.075601677680591092e+04 1.006315091506384318e+00
6.075601703686661494e+04 9.973235494358931863e-01
6.075601729692732624e+04 9.938428013696917196e-01
6.075601755698802299e+04 9.954465835289444398e-01
6.075601781704872701e+04 9.823024253239454051e-01
6.075601807710943831e+04 9.996353043407143479e-01
6.075601833717014233e+04 1.005648372163660431e+00
6.075601859723084635e+04 9.972708891966383105e-01
6.075601885729155038e+04 1.015615153832589046e+00
6.075601911735225440e+04 9.964965687739317790e-01
6.075601937741295842e+04 1.010698683934878161e+00
6.075601963747365517e+04 9.940506096491658061e-01
6.075601989753436646e+04 9.920083328345864482e-01
6.075602015759507049e+04 9.776492390944400146e-01
6.075602041765577451e+04 9.909258254607403726e-01
6.075602067771648581e+04 9.934443170373128407e-01
6.075602093777718255e+04 1.006283641166586529e+00
6.075602119783788658e+04 9.995975701185320084e-01
6.075602145789859787e+04 9.868878509674998689e-01
6.075602171795930190e+04 1.004844593143769060e+00
6.075602197802000592e+04 9.742897298468776723e-01
6.075602223808070994e+04 9.885654461922003255e-01
6.075602249814141396e+04 1.022325033252241333e+00
6.075602275820211798e+04 1.004743933790245736e+00
6.075602301826282201e+04 9.900695805462026433e-01
6.075602327832352603e+04 1.006453863856440645e+00
6.075602353838423005e+04 9.940815096995722078e-01
6.075602379844494135e+04 1.006079080822615657e+00
6.075602405850564537e+04 1.016210230368229661e+00
6.075602431856634212e+04 1.012651412176939214e+00
6.075602457862704614e+04 9.982854897480127887e-01
6.075602483868775744e+04 9.904215739520396689e-01
6.075602509874846146e+04 1.002555268486189810e+00
6.075602535880916548e+04 9.951482096625509088e-01
6.075602561886986950e+04 1.023721725216262035e+00
6.075602587893057353e+04 1.000884133525708597e+00
6.075602613899127755e+04 9.998531513163503304e-01
6.075602639905198885e+04 1.004029626056519353e+00
6.075602665911269287e+04 9.996382550785850585e-01
6.075602691917338962e+04 9.991021685356157311e-01
6.075602717923410091e+04 1.011260285809619575e+00
6.075602743929480494e+04 1.000806203876022815e+00
6.075602769935550168e+04 1.010209262185391754e+00
6.075602795941621298e+04 1.004596181441189451e+00
6.075602821947691700e+04 1.012032876585708507e+00
6.075602847953762102e+04 9.982431500409891800e-01
6.075602873959833232e+04 1.004546937107033910e+00
6.075602899965902907e+04 9.876909261801869455e-01
6.075602925971973309e+04 1.004224416363730166e+00
6.075603093119423283e+04 1.011982463924817610e+00
6.075603119125482772e+04 1.017622084424268714e+00
6.075603145131542988e+04 1.001343559704487074e+00
6.075603171137602476e+04 1.005126205945824358e+00
6.075603197143662692e+04 9.950923442658020646e-01
6.075603223149722908e+04 9.950715987169975740e-01
6.075603249155782396e+04 1.015668024887816712e+00
6.075603275161842612e+04 1.005717481278689762e+00
6.075603301167902100e+04 1.004038083871229281e+00
6.075603327173962316e+04 1.014752321258987955e+00
6.075603353180022532e+04 9.973667363076810233e-01
6.075603379186082020e+04 1.005934440031985622e+00
6.075603405192141508e+04 9.999308067998304850e-01
6.075603431198201724e+04 9.996837497466883882e-01
6.075603457204261213e+04 1.004444251632578222e+00
6.075603483210320701e+04 1.026082817052138774e+00
6.075603509216381644e+04 1.013181491711626414e+00
6.075603535222441133e+04 9.968917426550955030e-01
6.075603561228501349e+04 1.006975547260862136e+00
6.075603587234560837e+04 9.960841076406709016e-01
6.075603613240621053e+04 1.013495713956043431e+00
6.075603639246681269e+04 1.005965910272626163e+00
6.075603665252740757e+04 1.013242061122739068e+00
6.075603691258800245e+04 1.013566783758853562e+00
6.075603717264860461e+04 1.007962344138507715e+00
6.075603743270919949e+04 1.011276159691831600e+00
6.075603769276979438e+04 9.989794299099014063e-01
6.075603795283040381e+04 1.003975350176801618e+00
6.075603821289099869e+04 9.878324702633881627e-01
6.075603847295160085e+04 1.006047496360229054e+00
6.075603873301219573e+04 1.009281439741406272e+00
6.075603899307279789e+04 1.008637894712283156e+00
6.075603925313340005e+04 1.003190317023426870e+00
6.075603951319399494e+04 1.006132510452590223e+00
6.075603977325458982e+04 1.020450892661701081e+00
6.075604003331519198e+04 1.006000852764236342e+00
6.075604029337578686e+04 1.014367375200710297e+00
6.075604055343638902e+04 9.927969355103127835e-01
6.075604081349698390e+04 1.008113664029989698e+00
6.075604107355758606e+04 1.000096623068937651e+00
6.075604133361818822e+04 1.028580636790538128e+00
6.075604159367878310e+04 9.869982042857751159e-01
6.075604185373938526e+04 1.008446503165430830e+00
6.075604211379998742e+04 1.013394053582634013e+00
6.075604237386058230e+04 1.013737458407827807e+00
6.075604263392118446e+04 9.946086464181349562e-01
6.075604289398177934e+04 1.005356799811212509e+00
6.075604315404237423e+04 9.904357500335810860e-01
6.075604341410297639e+04 1.000754132795911522e+00
6.075604367416357127e+04 1.012553075081211729e+00
6.075604393422418070e+04 1.016423540607460430e+00
6.075604419428477559e+04 1.018004051423214484e+00
6.075604445434537047e+04 9.905308205593114090e-01
6.075604471440597990e+04 9.913043804091630218e-01
6.075604497446657479e+04 1.001874686474412135e+00
6.075604523452717694e+04 9.929188762220246822e-01
6.075604549458777183e+04 1.012451737681710817e+00
6.075604575464836671e+04 1.010515367291449085e+00
6.075604601470896887e+04 9.866451514225142994e-01
6.075604627476956375e+04 9.994047315652968555e-01
6.075604653483016591e+04 9.891818155235563292e-01
6.075604679489076807e+04 1.011485178570434629e+00
6.075604705495136295e+04 1.019756152672381067e+00
6.075604731501196511e+04 9.913236071544784256e-01
6.075604757507256727e+04 1.013622952353386175e+00
6.075604783513316943e+04 1.000302239409031957e+00
6.075604809519376431e+04 9.857010227678216774e-01
6.075604835525435919e+04 1.010794672498269264e+00
6.075604861531496135e+04 1.005065454174173034e+00
6.075604887537555624e+04 9.929725834635152459e-01
6.075604913543615839e+04 9.983998380027430120e-01
6.075604939549675328e+04 1.014333561614982004e+00
6.075604965555735544e+04 1.018682662475396405e+00
6.075604991561795759e+04 1.006101044491712004e+00
6.075605017567855248e+04 9.973029798502284216e-01
6.075605043573915464e+04 9.908722117846843203e-01
6.075605069579975680e+04 1.006089937240157051e+00
6.075605095586035168e+04 1.003387899927247195e+00
6.075605121592095384e+04 1.009746531810645775e+00
6.075605147598154872e+04 1.006564343542840634e+00
6.075605173604215088e+04 1.005839989158734626e+00
6.075605199610274576e+04 9.917695121163693228e-01
6.075605225616334792e+04 9.923203003822425039e-01
6.075605251622395008e+04 1.003680756867136203e+00
6.075605277628454496e+04 1.008024568660437659e+00
6.075605303634514712e+04 9.926882421615640384e-01
6.075605329640574200e+04 1.005562490968048062e+00
6.075605355646635144e+04 9.940751320152239057e-01
6.075605381652694632e+04 9.904232930066407814e-01
6.075605407658754848e+04 1.013234378260729374e+00
6.075605433664814336e+04 1.010220322829386896e+00
6.075605459670873825e+04 1.013514547965807422e+00
6.075605485676934040e+04 1.008763372619524645e+00
6.075605511682993529e+04 9.957300647306907004e-01
6.075605537689054472e+04 1.013181377198837163e+00
6.075605563695113960e+04 1.006778652204757041e+00
6.075605589701174176e+04 9.924843357328320126e-01
6.075605615707233665e+04 1.004200651728655469e+00
6.075605641713293880e+04 9.808749216093527457e-01
6.075605667719354096e+04 1.003560398591761826e+00
6.075605693725413585e+04 9.937798362717722434e-01
6.075605719731473800e+04 9.880823499003903443e-01
6.075605745737533289e+04 1.012031632937770098e+00
6.075605771743593505e+04 9.984777934918326325e-01
6.075605797749652993e+04 9.978601540506873979e-01
6.075605823755713209e+04 9.943566539148647188e-01
6.075605849761773425e+04 1.009534040133762911e+00
6.075605875767832913e+04 1.011028332058740098e+00
6.075605901773893129e+04 9.929269982484861812e-01
6.075605927779953345e+04 1.009482993032588372e+00
6.075606082322710427e+04 9.956975192786138296e-01
6.075606108328780829e+04 9.889194378355254944e-01
6.075606134334851231e+04 9.851386116957492334e-01
6.075606160340922361e+04 9.751315142568706129e-01
6.075606186346992035e+04 9.980609690749902008e-01
6.075606212353063165e+04 9.779321729670166219e-01
6.075606238359133567e+04 9.929824406819675042e-01
6.075606264365204697e+04 9.921629104176427072e-01
6.075606290371275099e+04 9.845641507231902567e-01
6.075606316377345502e+04 1.000132671638564119e+00
6.075606342383415904e+04 9.931584007701346195e-01
6.075606368389486306e+04 9.881408020803282843e-01
6.075606394395557436e+04 9.984728195544685381e-01
6.075606420401627838e+04 9.918607333303446350e-01
6.075606446407698240e+04 9.879147626570352614e-01
6.075606472413768643e+04 9.904684478136656089e-01
6.075606498419839772e+04 1.002929587579344251e+00
6.075606524425910175e+04 9.913547336173481606e-01
6.075606550431981304e+04 9.874855155636991233e-01
6.075606576438050979e+04 9.762930206815169099e-01
6.075606602444122109e+04 9.765543585180385122e-01
6.075606628450192511e+04 9.934565184926863468e-01
6.075606654456262913e+04 9.959360293213193049e-01
6.075606680462333316e+04 1.000788521732622893e+00
6.075606706468404445e+04 9.865116950215920832e-01
6.075606732474474848e+04 1.004035084300822334e+00
6.075606758480545250e+04 9.938287641846793585e-01
6.075606784486615652e+04 9.982205337799540112e-01
6.075606810492686054e+04 9.896257620196936555e-01
6.075606836498757184e+04 9.810702810275619967e-01
6.075606862504827586e+04 9.810349092810974891e-01
6.075606888510898716e+04 9.937102218223493599e-01
6.075606914516968391e+04 9.889961378481437748e-01
6.075606940523039520e+04 1.000100753390794628e+00
6.075606966529109923e+04 9.894476181333887732e-01
6.075606992535180325e+04 9.878121622283998482e-01
6.075607018541250727e+04 9.863516913040775158e-01
6.075607044547321857e+04 9.826223658891611867e-01
6.075607070553392259e+04 9.943655168597844707e-01
6.075607096559463389e+04 9.842952888086622387e-01
6.075607122565533064e+04 9.976658006065030060e-01
6.075607148571604193e+04 9.935715193960940050e-01
6.075607174577674596e+04 9.764097365560641117e-01
6.075607200583745725e+04 9.792081375822837552e-01
6.075607226589816128e+04 9.896730324406431967e-01
6.075607252595886530e+04 9.942943463579673180e-01
6.075607278601956932e+04 9.756220367351373657e-01
6.075607304608028062e+04 9.784577710115172078e-01
6.075607330614097737e+04 9.920337898840302371e-01
6.075607356620169594e+04 9.949644571516345071e-01
6.075607382626239269e+04 9.885300114303217089e-01
6.075607408632310398e+04 9.866238953649342225e-01
6.075607434638380801e+04 9.767071103107388685e-01
6.075607460644451203e+04 9.784081636840451512e-01
6.075607486650521605e+04 9.972854161330541034e-01
6.075607512656592735e+04 9.905324135973736510e-01
6.075607538662663137e+04 9.890315316515826405e-01
6.075607564668734267e+04 9.969350630652256129e-01
6.075607590674803942e+04 9.825078884345829211e-01
6.075607616680875071e+04 9.972408835835480101e-01
6.075607642686945474e+04 9.875478755065197900e-01
6.075607668693016603e+04 9.976554285829948299e-01
6.075607694699087006e+04 9.883298765317626300e-01
6.075607720705157408e+04 9.814874763593034457e-01
6.075607746711227810e+04 9.781465659888208819e-01
6.075607772717298940e+04 1.004704464439419853e+00
6.075607798723368614e+04 9.725274362522544624e-01
6.075607824729439744e+04 9.680575581340343794e-01
6.075607850735510146e+04 9.798482362558070813e-01
6.075607876741581276e+04 9.848928933622902449e-01
6.075607902747651679e+04 9.821966578935249492e-01
6.075607928753722081e+04 9.967554294053014852e-01
6.075607954759792483e+04 9.961733641297493280e-01
6.075607980765863613e+04 9.762518653083247511e-01
6.075608006771934015e+04 9.897408152417158655e-01
6.075608032778005145e+04 1.001572801612791386e+00
6.075608058784074819e+04 9.794298573083629611e-01
6.075608084790145949e+04 9.948029071449688843e-01
6.075608110796216351e+04 9.821964772732791893e-01
6.075608136802286754e+04 9.828913388703347520e-01
6.075608162808357156e+04 9.688276385935418178e-01
6.075608188814428286e+04 9.672993111173859848e-01
6.075608214820498688e+04 9.911779810807177515e-01
6.075608240826569818e+04 9.594359850374838405e-01
6.075608266832639492e+04 9.908953963784364882e-01
6.075608292838710622e+04 9.957740773758011477e-01
6.075608318844781024e+04 9.776262169477443198e-01
6.075608344850852154e+04 9.971272601197015417e-01
6.075608370856922556e+04 9.939588104238665789e-01
6.075608396862992959e+04 9.812449059379474425e-01
6.075608422869064088e+04 9.948366156939045801e-01
6.075608448875134491e+04 9.935395403790341362e-01
6.075608474881204893e+04 9.863430713369543135e-01
6.075608500887276023e+04 9.847803905863686813e-01
6.075608526893346425e+04 9.837377723039736344e-01
6.075608552899416827e+04 9.841694049976843495e-01
6.075608578905487957e+04 9.823897880146837958e-01
6.075608604911557632e+04 9.819572681701456141e-01
6.075608630917628761e+04 9.769620875461232368e-01
6.075608656923699164e+04 9.831436338301925426e-01
6.075608682929770293e+04 9.851673715347306626e-01
6.075608708935840696e+04 9.966565639995776937e-01
6.075608734941911098e+04 9.856566446698937778e-01
6.075608760947981500e+04 9.937630775593585541e-01
6.075608786954052630e+04 9.887886888079261416e-01
6.075608812960123760e+04 9.999940474811999103e-01
6.075608838966194162e+04 9.775386106692489641e-01
6.075608864972264564e+04 9.843661535848223787e-01
6.075608890978334966e+04 9.885907242836389219e-01
6.075608916984406096e+04 1.000254788969791253e+00
6.075609076569380704e+04 9.838179926156808142e-01
6.075609102575441648e+04 9.829328391345947269e-01
6.075609128581501136e+04 9.690210840711295237e-01
6.075609154587561352e+04 9.886572367620172219e-01
6.075609180593621568e+04 9.920055921048821501e-01
6.075609206599681784e+04 9.831292944739814521e-01
6.075609232605741272e+04 9.809432599105600836e-01
6.075609258611801488e+04 9.830015258720193883e-01
6.075609284617860976e+04 9.799961181855232351e-01
6.075609310623921192e+04 9.983178194469494171e-01
6.075609336629981408e+04 9.993488242693697732e-01
6.075609362636040896e+04 9.818694422455209736e-01
6.075609388642101840e+04 9.826957651472818522e-01
6.075609414648161328e+04 9.739421102993960355e-01
6.075609440654221544e+04 9.992360237888502361e-01
6.075609466660281760e+04 9.831007328882223062e-01
6.075609492666341976e+04 9.864318491599619598e-01
6.075609518672402191e+04 9.906506506947079238e-01
6.075609544678461680e+04 9.872565281363319123e-01
6.075609570684521896e+04 1.006133833512609987e+00
6.075609596690581384e+04 1.002422523663560439e+00
6.075609622696641600e+04 1.012188863184079635e+00
6.075609648702701088e+04 1.000649713243182193e+00
6.075609674708762032e+04 9.974347073832401378e-01
6.075609700714822247e+04 9.904404781978757288e-01
6.075609726720881736e+04 1.006305824140764971e+00
6.075609752726942679e+04 9.888750790906409849e-01
6.075609778733002167e+04 1.012935114935901604e+00
6.075609804739062383e+04 9.906234804311433439e-01
6.075609830745121872e+04 9.933121314892485731e-01
6.075609856751182087e+04 9.961454045943021196e-01
6.075609882757242303e+04 9.957057276610733476e-01
6.075609908763301792e+04 9.988764946287926882e-01
6.075609934769362008e+04 1.000631890933862511e+00
6.075609960775422223e+04 9.704434389919567305e-01
6.075609986781482439e+04 9.967259612826524506e-01
6.075610012787541928e+04 9.904302047426423172e-01
6.075610038793602143e+04 1.013730254900830685e+00
6.075610064799663087e+04 9.924823443837134107e-01
6.075610090805722575e+04 9.885879620947423119e-01
6.075610116811782791e+04 9.932831303231282050e-01
6.075610142817842279e+04 1.001573791877099273e+00
6.075610168823902495e+04 9.952462051774427776e-01
6.075610194829962711e+04 9.823961162933597668e-01
6.075610220836022199e+04 1.010207416711538242e+00
6.075610246842083143e+04 9.851662174109646619e-01
6.075610272848142631e+04 1.011201190036835174e+00
6.075610298854202847e+04 9.845415967669404189e-01
6.075610324860263063e+04 1.012884867857437365e+00
6.075610350866323279e+04 1.009774771061189513e+00
6.075610376872383495e+04 1.016869424085296014e+00
6.075610402878442983e+04 9.971723388639024410e-01
6.075610428884503199e+04 1.012743888737799747e+00
6.075610454890563415e+04 9.976698575236094824e-01
6.075610480896622903e+04 9.940594563088386293e-01
6.075610506902683119e+04 9.891920479538446331e-01
6.075610532908743335e+04 1.009702884882393237e+00
6.075610558914803551e+04 9.843404853554249545e-01
6.075610584920863766e+04 1.002423947941164517e+00
6.075610610926923255e+04 9.877413666529865077e-01
6.075610636932984198e+04 1.014837341260400816e+00
6.075610662939043686e+04 1.004339650260315020e+00
6.075610688945103902e+04 9.944642272531033500e-01
6.075610714951164118e+04 1.000219107845572442e+00
6.075610740957223607e+04 1.004273396287087117e+00
6.075610766963283822e+04 1.007632396088069537e+00
6.075610792969343311e+04 9.956698780027889439e-01
6.075610818975403527e+04 1.004059262620386583e+00
6.075610844981464470e+04 9.936345885848947290e-01
6.075610870987523958e+04 1.023216679593244027e+00
6.075610896993584174e+04 9.960240332750378567e-01
6.075610922999644390e+04 9.894945370036645205e-01
6.075610949005704606e+04 1.003506598104811687e+00
6.075610975011764822e+04 9.885663545411844666e-01
6.075611001017824310e+04 9.946526332576907103e-01
6.075611027023884526e+04 1.011309310783351068e+00
6.075611053029944742e+04 1.010155529576748146e+00
6.075611079036004230e+04 1.006915763271871267e+00
6.075611105042064446e+04 9.875529142287439166e-01
6.075611131048124662e+04 1.015642518837459152e+00
6.075611157054184878e+04 1.017947452431530619e+00
6.075611183060245094e+04 1.001290338206108466e+00
6.075611209066305310e+04 9.969928127935440143e-01
6.075611235072365525e+04 1.012076634203252556e+00
6.075611261078425741e+04 9.968307100877296101e-01
6.075611287084485230e+04 1.000692101240607590e+00
6.075611313090545445e+04 1.014448755924464374e+00
6.075611339096604934e+04 1.005694073904981778e+00
6.075611365102665150e+04 1.001488698360350815e+00
6.075611391108725365e+04 9.983449016214331895e-01
6.075611417114785581e+04 1.005633507785237635e+00
6.075611443120845797e+04 1.009281959891771052e+00
6.075611469126906013e+04 1.003624243515631509e+00
6.075611495132966229e+04 1.000349318806278420e+00
6.075611521139026445e+04 1.009549930199235446e+00
6.075611547145085933e+04 1.003770705597787138e+00
6.075611573151146149e+04 1.014503646192380648e+00
6.075611599157206365e+04 1.005141708803831690e+00
6.075611625163265853e+04 1.009215464647817084e+00
6.075611651169326069e+04 9.945367252927796997e-01
6.075611677175386285e+04 1.008013838621367508e+00
6.075611703181446501e+04 1.007787115452401627e+00
6.075611729187506717e+04 9.993448234175710265e-01
6.075611755193566933e+04 9.895405807652930541e-01
6.075611781199626421e+04 9.971285409392440791e-01
6.075611807205687364e+04 1.010720975541236966e+00
6.075611833211747580e+04 1.003293204288901119e+00
6.075611859217807068e+04 1.011388045490383192e+00
6.075611885223867284e+04 9.978848670556730305e-01
6.075611911229926773e+04 9.973636602184222655e-01
6.075612077117233275e+04 9.856813086294786697e-01
6.075612103123303677e+04 1.021967048606603257e+00
6.075612129129374080e+04 1.013245779183299611e+00
6.075612155135445209e+04 1.013140573161725566e+00
6.075612181141516339e+04 1.002543703136981712e+00
6.075612207147586741e+04 9.903941768251512956e-01
6.075612233153657144e+04 1.012804881878342167e+00
6.075612259159728274e+04 1.001745567299857420e+00
6.075612285165798676e+04 1.004829493801883800e+00
6.075612311171869806e+04 1.011411838967483101e+00
6.075612337177940935e+04 9.974808779445750728e-01
6.075612363184010610e+04 9.913318623032196797e-01
6.075612389190081740e+04 9.948914104857512486e-01
6.075612415196152870e+04 1.012014228818387762e+00
6.075612441202222544e+04 1.011739067879781961e+00
6.075612467208293674e+04 1.009266275683623482e+00
6.075612493214364804e+04 1.013794196115646029e+00
6.075612519220435206e+04 1.002621777527711311e+00
6.075612545226506336e+04 1.005672008855565958e+00
6.075612571232576738e+04 1.012387080108573478e+00
6.075612597238647140e+04 9.956960805356108724e-01
6.075612623244718270e+04 1.021062579776587320e+00
6.075612649250789400e+04 9.984149652230512872e-01
6.075612675256859802e+04 1.027083577642801782e+00
6.075612701262930204e+04 1.002045304882918986e+00
6.075612727269001334e+04 9.936726731449166961e-01
6.075612753275071736e+04 1.011110374004466683e+00
6.075612779281142139e+04 1.001304268578462775e+00
6.075612805287213268e+04 1.007307028930618520e+00
6.075612831293283671e+04 9.973708627830575324e-01
6.075612857299354800e+04 1.013185134816621202e+00
6.075612883305425930e+04 1.015615472797872565e+00
6.075612909311495605e+04 1.007784837710423487e+00
6.075612935317566735e+04 9.968557547728589263e-01
6.075612961323637865e+04 1.003843806382798798e+00
6.075612987329708267e+04 9.952212809151842476e-01
6.075613013335779397e+04 1.022089222473926862e+00
6.075613039341849799e+04 1.006727992973901253e+00
6.075613065347920201e+04 1.016714575223219397e+00
6.075613091353991331e+04 1.012830195493033880e+00
6.075613117360061733e+04 1.010952587954641713e+00
6.075613143366133590e+04 1.006645431413241587e+00
6.075613169372203265e+04 1.005185966386057395e+00
6.075613195378274395e+04 9.947770670670620374e-01
6.075613221384345525e+04 9.908299157924509437e-01
6.075613247390415199e+04 1.003838076632851184e+00
6.075613273396486329e+04 9.914041430937842181e-01
6.075613299402557459e+04 1.016785039134945334e+00
6.075613325408627861e+04 1.014335990061824067e+00
6.075613351414698991e+04 9.872719292745215647e-01
6.075613377420769393e+04 1.003089486707863909e+00
6.075613403426840523e+04 1.000127868867826786e+00
6.075613429432910925e+04 9.911683211334100241e-01
6.075613455438982055e+04 9.908470224933136894e-01
6.075613481445053185e+04 9.984759209292798365e-01
6.075613507451122859e+04 1.001834571448618760e+00
6.075613533457193989e+04 9.963782483091713216e-01
6.075613559463265119e+04 9.995238961154673252e-01
6.075613585469334794e+04 9.998486589880588582e-01
6.075613611475405924e+04 9.932331506546375754e-01
6.075613637481477053e+04 1.003388041210237835e+00
6.075613663487548183e+04 9.950471895479415796e-01
6.075613689493618585e+04 1.001195218109072194e+00
6.075613715499688988e+04 9.839507265345881493e-01
6.075613741505760117e+04 9.870451786511174053e-01
6.075613767511830520e+04 1.003089211306766870e+00
6.075613793517901649e+04 9.834698904605534420e-01
6.075613819523972779e+04 1.003151561410152270e+00
6.075613845530043181e+04 1.002515940813543782e+00
6.075613871536113584e+04 1.004902616234035984e+00
6.075613897542184714e+04 9.895302633138911563e-01
6.075613923548255116e+04 9.966389436636788890e-01
6.075613949554325518e+04 1.002727698340965645e+00
6.075613975560396648e+04 1.009026725382145218e+00
6.075614001566467778e+04 9.963935449633494201e-01
6.075614027572538907e+04 9.978911961632258576e-01
6.075614053578608582e+04 9.916148890704545860e-01
6.075614079584679712e+04 9.907700676405482021e-01
6.075614105590750842e+04 9.982984728594511692e-01
6.075614131596821244e+04 1.003351376318331933e+00
6.075614157602892374e+04 9.974155112633841247e-01
6.075614183608962776e+04 1.001173574896026874e+00
6.075614209615033906e+04 9.875554181826451394e-01
6.075614235621104308e+04 9.961140128052325959e-01
6.075614261627174710e+04 9.987458692114136172e-01
6.075614287633246568e+04 1.002286621292174607e+00
6.075614313639316970e+04 9.899417623222063201e-01
6.075614339645387372e+04 1.014624337384695929e+00
6.075614365651458502e+04 1.000659524741108530e+00
6.075614391657528904e+04 9.876339581659087097e-01
6.075614417663600034e+04 9.816553114075206032e-01
6.075614443669670436e+04 9.965649098674046469e-01
6.075614469675741566e+04 9.855841283254445084e-01
6.075614495681812696e+04 1.000039602791213289e+00
6.075614521687882370e+04 9.783555088374444875e-01
6.075614547693953500e+04 9.909449101998611953e-01
6.075614573700024630e+04 1.002249157094675214e+00
6.075614599706095760e+04 1.000792819924939403e+00
6.075614625712166162e+04 9.874191369981394351e-01
6.075614651718236564e+04 9.933711203010587854e-01
6.075614677724307694e+04 1.006173416095170525e+00
6.075614703730378824e+04 9.936328648451616674e-01
6.075614729736448498e+04 9.919545871638043577e-01
6.075614755742519628e+04 9.912060572253547086e-01
6.075614781748590758e+04 1.002712007274029204e+00
6.075614807754661888e+04 9.976548643245648496e-01
6.075614833760732290e+04 1.003469304995070033e+00
6.075614859766802692e+04 9.912058921721148552e-01
6.075614885772873822e+04 9.842927685902377322e-01
6.075614911778944952e+04 9.971837700209512656e-01
