6.075585120109809941e+04 9.903919004321350972e-01
6.075585146115189855e+04 9.861614383424543995e-01
6.075585172120569769e+04 1.016995694693131558e+00
6.075585198125948955e+04 9.912660959725856369e-01
6.075585224131328869e+04 9.759964674852467104e-01
6.075585250136708783e+04 9.867370958065231346e-01
6.075585276142088696e+04 1.011728867798526998e+00
6.075585302147467883e+04 9.841052603148077171e-01
6.075585328152847796e+04 1.007654395038748874e+00
6.075585354158227710e+04 1.006635519742572926e+00
6.075585380163608352e+04 1.015216688984166060e+00
6.075585406168988993e+04 9.978946491598073010e-01
6.075585432174368179e+04 9.970872892379789576e-01
6.075585458179748093e+04 9.934881330494562679e-01
6.075585484185128007e+04 9.995561194857778275e-01
6.075585510190507921e+04 1.004421531214191088e+00
6.075585536195887107e+04 9.965328060943599020e-01
6.075585562201267021e+04 1.010809902061341248e+00
6.075585588206646935e+04 9.959656880022274006e-01
6.075585614212026849e+04 9.880661876728938919e-01
6.075585640217406763e+04 9.946080966406863899e-01
6.075585666222785949e+04 9.874794694328072886e-01
6.075585692228166590e+04 9.946234629524455251e-01
6.075585718233547232e+04 1.006168086484304558e+00
6.075585744238927145e+04 9.925972987459874552e-01
6.075585770244306332e+04 1.007767821511045270e+00
6.075585796249686246e+04 1.011464981365964411e+00
6.075585822255066159e+04 1.015218693666884331e+00
6.075585848260446073e+04 1.027504759324482597e+00
6.075585874265825987e+04 9.749267993505752461e-01
6.075585900271205173e+04 1.008086649166263893e+00
6.075585926276585087e+04 1.010304767463822140e+00
6.075585952281965001e+04 9.891063853139483442e-01
6.075585978287345642e+04 9.937444341455408114e-01
6.075586004292726284e+04 1.001785841929300203e+00
6.075586030298105470e+04 9.982394154535395581e-01
6.075586056303485384e+04 9.975020361156575754e-01
6.075586082308865298e+04 1.003539991440707935e+00
6.075586108314245212e+04 9.939951380606429909e-01
6.075586134319625125e+04 9.920336341150345350e-01
6.075586160325004312e+04 1.001502214762259202e+00
6.075586186330384226e+04 9.852159525845174404e-01
6.075586212335764139e+04 1.014532091530063962e+00
6.075586238341144053e+04 9.892655360927246067e-01
6.075586264346523967e+04 9.923490061082449465e-01
6.075586290351903881e+04 1.007679746480341532e+00
6.075586316357284522e+04 9.949678260071631586e-01
6.075586342362664436e+04 9.804975294176939693e-01
6.075586368368044350e+04 9.878802947208653595e-01
6.075586394373424264e+04 9.901620803730989406e-01
6.075586420378803450e+04 9.674030660194664621e-01
6.075586446384183364e+04 9.982977812454852939e-01
6.075586472389563278e+04 1.002319712616970948e+00
6.075586498394943192e+04 1.001080977207392975e+00
6.075586524400323106e+04 9.945132952720082686e-01
6.075586550405702292e+04 1.006178323409485431e+00
6.075586576411082933e+04 9.948518910816255278e-01
6.075586602416463575e+04 9.835169174847595563e-01
6.075586628421843488e+04 9.990863335612142349e-01
6.075586654427223402e+04 1.024870496766133510e+00
6.075586680432603316e+04 9.956731314267331934e-01
6.075586706437982502e+04 9.770647587110049548e-01
6.075586732443362416e+04 1.019910104769675918e+00
6.075586758448742330e+04 9.937043389537980609e-01
6.075586784454122244e+04 1.008155183481305617e+00
6.075586810459502158e+04 1.009477537739840614e+00
6.075586836464881344e+04 9.819481588517914306e-01
6.075586862470261258e+04 9.724301700217649058e-01
6.075586888475641899e+04 9.949001410971678450e-01
6.075586914481022541e+04 9.855311946850363602e-01
6.075586940486402455e+04 1.005277308524763713e+00
6.075586966491782368e+04 9.880089839325819634e-01
6.075586992497161555e+04 1.005398695759146532e+00
6.075587018502541468e+04 1.001830427030299564e+00
6.075587044507921382e+04 1.002198019810035756e+00
6.075587070513301296e+04 1.007971950058024424e+00
6.075587096518681210e+04 9.814852515942563693e-01
6.075587122524061124e+04 9.841409012649856569e-01
6.075587148529440310e+04 9.961296122989226065e-01
6.075587174534820952e+04 9.797531618874791848e-01
6.075587200540201593e+04 1.007949873768343885e+00
6.075587226545581507e+04 1.004934715728784678e+00
6.075587252550961421e+04 9.836361213603758147e-01
6.075587278556341334e+04 1.004866776776029758e+00
6.075587304561720521e+04 9.852902107868506398e-01
6.075587330567100435e+04 9.910812046244470430e-01
6.075587356572480348e+04 9.792794333011004548e-01
6.075587382577860262e+04 9.810501718607191890e-01
6.075587408583240176e+04 1.019455431666421275e+00
6.075587434588620090e+04 1.000222136463507772e+00
6.075587460593999276e+04 9.910147370838152669e-01
6.075587486599379918e+04 9.837445238763499189e-01
6.075587512604760559e+04 9.951988921454357762e-01
6.075587538610140473e+04 1.005032627325702199e+00
6.075587564615520387e+04 1.019505480858495350e+00
6.075587590620900301e+04 9.908119869810414482e-01
6.075587616626279487e+04 9.874017733793399865e-01
6.075587642631659401e+04 1.003169196490042214e+00
6.075587668637039314e+04 1.000097791165823091e+00
6.075587694642419228e+04 1.008250179275147485e+00
6.075587720647799142e+04 9.922947821536005630e-01
6.075587746653179056e+04 9.913643529114881670e-01
6.075587772658559697e+04 1.006709220121877912e+00
6.075587798663939611e+04 1.002180545075723517e+00
6.075587824669319525e+04 9.958546949490959532e-01
6.075587850674699439e+04 1.015227059504332230e+00
6.075587876680079353e+04 9.921926698072077722e-01
6.075587902685459267e+04 9.935763685777041498e-01
6.075587928690839180e+04 9.836365145795199494e-01
6.075587954696219094e+04 9.999052865453631478e-01
6.075588115580000158e+04 1.007070264851364305e+00
6.075588141586070560e+04 9.876327582196825494e-01
6.075588167592140235e+04 1.019247315441075497e+00
6.075588193598210637e+04 1.009448486191311556e+00
6.075588219604280312e+04 9.931576264392990572e-01
6.075588245610350714e+04 1.014064867580748652e+00
6.075588271616421116e+04 9.934746938794873916e-01
6.075588297622490791e+04 1.001567681108658014e+00
6.075588323628561193e+04 1.024475143495720442e+00
6.075588349634631595e+04 9.987954935792184852e-01
6.075588375640701997e+04 9.936759475170824363e-01
6.075588401646771672e+04 1.012141742478079642e+00
6.075588427652841347e+04 1.013743622928640509e+00
6.075588453658911749e+04 1.007014329550567799e+00
6.075588479664982151e+04 1.004186683270491542e+00
6.075588505671051826e+04 9.995627380917369020e-01
6.075588531677122955e+04 1.005559238229444041e+00
6.075588557683192630e+04 9.988674962359752607e-01
6.075588583689262305e+04 1.012518525919572143e+00
6.075588609695332707e+04 9.814254422683083012e-01
6.075588635701402382e+04 9.992812856175292691e-01
6.075588661707472784e+04 9.955275475185048073e-01
6.075588687713543186e+04 1.006233565508172001e+00
6.075588713719613588e+04 1.008013076834537003e+00
6.075588739725683263e+04 1.023992434782842631e+00
6.075588765731752937e+04 1.004648394882795781e+00
6.075588791737823340e+04 1.022870596219498163e+00
6.075588817743893742e+04 1.009742278799001802e+00
6.075588843749964144e+04 1.005767050814464492e+00
6.075588869756034546e+04 1.014568229793638254e+00
6.075588895762104221e+04 1.001800687225550268e+00
6.075588921768174623e+04 1.009359478889901629e+00
6.075588947774244298e+04 1.013836348702113366e+00
6.075588973780313972e+04 1.002166016651589109e+00
6.075588999786384375e+04 9.932149181912379721e-01
6.075589025792454777e+04 1.022724868841808021e+00
6.075589051798525179e+04 1.003077000615325121e+00
6.075589077804595581e+04 1.011612659183039664e+00
6.075589103810665256e+04 1.021589928100923306e+00
6.075589129816734931e+04 1.029485550447628350e+00
6.075589155822805333e+04 1.014745519172960408e+00
6.075589181828875735e+04 1.003280061947441570e+00
6.075589207834946137e+04 1.009421787396140635e+00
6.075589233841015812e+04 9.958526611975273557e-01
6.075589259847086214e+04 1.022098106621682767e+00
6.075589285853156616e+04 1.013592874118540710e+00
6.075589311859226291e+04 9.945982309820822209e-01
6.075589337865296693e+04 9.955491827691878015e-01
6.075589363871366368e+04 1.003948791050811584e+00
6.075589389877436770e+04 9.932828280495956674e-01
6.075589415883507172e+04 1.027670169863371230e+00
6.075589441889576847e+04 1.021344671858190223e+00
6.075589467895647249e+04 1.001224580574880285e+00
6.075589493901717651e+04 1.012611450895555043e+00
6.075589519907788053e+04 9.951306227191157872e-01
6.075589545913858456e+04 1.027288402112634280e+00
6.075589571919927403e+04 1.017711960118304892e+00
6.075589597925997805e+04 1.026177882803094521e+00
6.075589623932068207e+04 9.950813895990795466e-01
6.075589649938137882e+04 1.012944185477935521e+00
6.075589675944209012e+04 1.001737784770199813e+00
6.075589701950278686e+04 9.889304531460426650e-01
6.075589727956349088e+04 1.001624060573619079e+00
6.075589753962419491e+04 1.005956643246478821e+00
6.075589779968489165e+04 9.906279694534014801e-01
6.075589805974558840e+04 1.020231557636496866e+00
6.075589831980629242e+04 1.011511082758653979e+00
6.075589857986699644e+04 9.923519168649752586e-01
6.075589883992770046e+04 1.005921122456057137e+00
6.075589909998839721e+04 1.004648168897488425e+00
6.075589936004910123e+04 1.026530142126353962e+00
6.075589962010980526e+04 9.973918344240060296e-01
6.075589988017050928e+04 1.016841911986964497e+00
6.075590014023121330e+04 1.009349784172077769e+00
6.075590040029191005e+04 1.005845958364225412e+00
6.075590066035260679e+04 9.993821050472943002e-01
6.075590092041331081e+04 1.010408057790237679e+00
6.075590118047400756e+04 9.885135011863472876e-01
6.075590144053471158e+04 1.004498319003251483e+00
6.075590170059541560e+04 1.006842362819952319e+00
6.075590196065611963e+04 1.013607727854129559e+00
6.075590222071682365e+04 9.905557801265673090e-01
6.075590248077752040e+04 1.006855343494927668e+00
6.075590274083822442e+04 9.986526174885645979e-01
6.075590300089892844e+04 1.002752209991793597e+00
6.075590326095963246e+04 9.929045115109563779e-01
6.075590352102033648e+04 9.992629722527937020e-01
6.075590378108102595e+04 1.020204226740497599e+00
6.075590404114172998e+04 1.036599213771164374e+00
6.075590430120243400e+04 1.005467346307666876e+00
6.075590456126313074e+04 9.932835728876632242e-01
6.075590482132383477e+04 1.015471149890497582e+00
6.075590508138453879e+04 9.958141942300495764e-01
6.075590534144524281e+04 1.005676962218917891e+00
6.075590560150594683e+04 1.016079794510406753e+00
6.075590586156664358e+04 9.776960163963829276e-01
6.075590612162734760e+04 1.012410333380817429e+00
6.075590638168805162e+04 1.019454590673801286e+00
6.075590664174875565e+04 9.951672577214415449e-01
6.075590690180945239e+04 1.013120504175400560e+00
6.075590716187014914e+04 9.861881612309186806e-01
6.075590742193085316e+04 1.004726052493308153e+00
6.075590768199155718e+04 9.779209683023574184e-01
6.075590794205226121e+04 9.928217751199444052e-01
6.075590820211296523e+04 9.895370633193715237e-01
6.075590846217366197e+04 1.000982971664825971e+00
6.075590872223436600e+04 9.931211751974029500e-01
6.075590898229507002e+04 1.013115772466816722e+00
6.075590924235576676e+04 1.003350709434337684e+00
6.075590950241647079e+04 9.901848297018848166e-01
6.075591106044283515e+04 9.987068597933879133e-01
6.075591132050343003e+04 9.879721843729063480e-01
6.075591158056402492e+04 9.939573707807822789e-01
6.075591184062461980e+04 9.886960426068552854e-01
6.075591210068521468e+04 1.012900270814898196e+00
6.075591236074580956e+04 9.858887913870718611e-01
6.075591262080640445e+04 1.009308335395467937e+00
6.075591288086700661e+04 9.942430782680684587e-01
6.075591314092760149e+04 9.939467018304766199e-01
6.075591340098819637e+04 1.010730047020699462e+00
6.075591366104879125e+04 9.905713750637938908e-01
6.075591392110938614e+04 9.957148962959809779e-01
6.075591418116998102e+04 1.004913727370016829e+00
6.075591444123057590e+04 9.733907412634529299e-01
6.075591470129117079e+04 9.904503885522562001e-01
6.075591496135176567e+04 9.865920680428468259e-01
6.075591522141236055e+04 9.737280429976014062e-01
6.075591548147295543e+04 1.011778481890362125e+00
6.075591574153355032e+04 1.003057028005061468e+00
6.075591600159415248e+04 9.981277579446165005e-01
6.075591626165474736e+04 9.945574044381648715e-01
6.075591652171534224e+04 9.986906097909924451e-01
6.075591678177594440e+04 1.015601840198498973e+00
6.075591704183653928e+04 1.004891210637477217e+00
6.075591730189713417e+04 1.009150453401351344e+00
6.075591756195772905e+04 9.917372253471739008e-01
6.075591782201832393e+04 1.000437595570998761e+00
6.075591808207891881e+04 1.007843333079895265e+00
6.075591834213951370e+04 9.814052559870042325e-01
6.075591860220010858e+04 1.009869408208760699e+00
6.075591886226071074e+04 9.833801560034909350e-01
6.075591912232130562e+04 9.958943012888873403e-01
6.075591938238190050e+04 9.735370000715908301e-01
6.075591964244250266e+04 1.000396450093664624e+00
6.075591990250309755e+04 1.003999251708209473e+00
6.075592016256369243e+04 1.009689556793464282e+00
6.075592042262428731e+04 9.931397606792750077e-01
6.075592068268487492e+04 9.915066968746510945e-01
6.075592094274546980e+04 9.730242737041768786e-01
6.075592120280606468e+04 1.018714824160057431e+00
6.075592146286665957e+04 1.004772050892393187e+00
6.075592172292726173e+04 1.008627772714972393e+00
6.075592198298785661e+04 9.899665345189757604e-01
6.075592224304845149e+04 9.883168042662342501e-01
6.075592250310905365e+04 9.947440096049976477e-01
6.075592276316964853e+04 1.010488995902764753e+00
6.075592302323024342e+04 9.909239872249498982e-01
6.075592328329083830e+04 1.008932164598373538e+00
6.075592354335143318e+04 9.872436739106722481e-01
6.075592380341202806e+04 1.009233320731544037e+00
6.075592406347262295e+04 9.980528435971742773e-01
6.075592432353321783e+04 1.011472277621248361e+00
6.075592458359381999e+04 1.006534420574905386e+00
6.075592484365441487e+04 1.004593323378810465e+00
6.075592510371500975e+04 9.932309697809313942e-01
6.075592536377560464e+04 1.027026133980589950e+00
6.075592562383620680e+04 9.951152586854753457e-01
6.075592588389680168e+04 9.924521434147370869e-01
6.075592614395739656e+04 9.967239200304141011e-01
6.075592640401799144e+04 1.014030314777268682e+00
6.075592666407858633e+04 1.019015812217629824e+00
6.075592692413918121e+04 1.002593930946596990e+00
6.075592718419977609e+04 9.809573798846300541e-01
6.075592744426037825e+04 9.754705326074115668e-01
6.075592770432097313e+04 9.964151719140250663e-01
6.075592796438156802e+04 1.009865756589839680e+00
6.075592822444216290e+04 1.002941044537521309e+00
6.075592848450276506e+04 9.817926964048031557e-01
6.075592874456335994e+04 9.969353396653302113e-01
6.075592900462395482e+04 1.007798578414534463e+00
6.075592926468454971e+04 9.924003543975357111e-01
6.075592952474514459e+04 9.858626721205503429e-01
6.075592978480573947e+04 9.908315589842369153e-01
6.075593004486633436e+04 9.869645582625055091e-01
6.075593030492693651e+04 9.840850467450359407e-01
6.075593056498753140e+04 1.009922774682876501e+00
6.075593082504812628e+04 9.841805754269706830e-01
6.075593108510872116e+04 9.959656494031101648e-01
6.075593134516932332e+04 9.922602200545733719e-01
6.075593160522991820e+04 1.011433600964023682e+00
6.075593186529051309e+04 9.927265717820569213e-01
6.075593212535110797e+04 1.013577001833894098e+00
6.075593238541170285e+04 1.012419004667375111e+00
6.075593264547229774e+04 1.003581971143518992e+00
6.075593290553289262e+04 9.825139786207113257e-01
6.075593316559349478e+04 9.999111113458838407e-01
6.075593342565408966e+04 9.880307943366126722e-01
6.075593368571468454e+04 9.984258080188527229e-01
6.075593394577527943e+04 1.005684192247340292e+00
6.075593420583588158e+04 1.008804290599212949e+00
6.075593446589647647e+04 9.838040478346637974e-01
6.075593472595707135e+04 9.907564268432923482e-01
6.075593498601766623e+04 9.929721874464417786e-01
6.075593524607826112e+04 9.944348845890673694e-01
6.075593550613885600e+04 9.935751053735170091e-01
6.075593576619945088e+04 9.889473011937689462e-01
6.075593602626004576e+04 9.891555524466799643e-01
6.075593628632064792e+04 9.910525617256352726e-01
6.075593654638124281e+04 1.003792011995100042e+00
6.075593680644183769e+04 9.925972462567606014e-01
6.075593706650244712e+04 1.002057500131619427e+00
6.075593732656304201e+04 9.948348268360120983e-01
6.075593758662363689e+04 1.005094340667983088e+00
6.075593784668423177e+04 9.940113001526346137e-01
6.075593810674482665e+04 9.840401120265187540e-01
6.075593836680542154e+04 1.001408026844571086e+00
6.075593862686601642e+04 9.913003056571791927e-01
6.075593888692661130e+04 1.018828257036093143e+00
6.075593914698721346e+04 9.827323577569898605e-01
6.075593940704780834e+04 9.975142197786570630e-01
6.075594106592004391e+04 9.934901272455404220e-01
6.075594132598074066e+04 1.000993666108855429e+00
6.075594158604144468e+04 1.012780243989967355e+00
6.075594184610214870e+04 9.939972474802625246e-01
6.075594210616285272e+04 9.984184354313555554e-01
6.075594236622356402e+04 1.001491433173695267e+00
6.075594262628426077e+04 9.592231781623292708e-01
6.075594288634496479e+04 1.000135424576011012e+00
6.075594314640566881e+04 9.931807197705861956e-01
6.075594340646636556e+04 1.005250889590403318e+00
6.075594366652706958e+04 1.003893109398859229e+00
6.075594392658777360e+04 1.012857813199629531e+00
6.075594418664847763e+04 1.018634422873349932e+00
6.075594444670918165e+04 9.867878730219992178e-01
6.075594470676987839e+04 9.948386501371895285e-01
6.075594496683058242e+04 9.787753960885546833e-01
6.075594522689128644e+04 9.978740407139135016e-01
6.075594548695199046e+04 9.851582024770418888e-01
6.075594574701269448e+04 9.760476473945177700e-01
6.075594600707339123e+04 1.009627890946950934e+00
6.075594626713409525e+04 9.826840421946816395e-01
6.075594652719479927e+04 1.000316081684623049e+00
6.075594678725549602e+04 9.777546581470548670e-01
6.075594704731620732e+04 9.992877315669921323e-01
6.075594730737691134e+04 9.769952524512115488e-01
6.075594756743761536e+04 9.970592311961391507e-01
6.075594782749831938e+04 9.880572071127129430e-01
6.075594808755901613e+04 9.681861032935793476e-01
6.075594834761972015e+04 9.994241824389489270e-01
6.075594860768042417e+04 1.001172355004196213e+00
6.075594886774112820e+04 1.014686334635418685e+00
6.075594912780183222e+04 9.841184320461706658e-01
6.075594938786252897e+04 1.002668021911747420e+00
6.075594964792323299e+04 1.003313703256062617e+00
6.075594990798393701e+04 9.926911769385489137e-01
6.075595016804463376e+04 9.835287403823473884e-01
6.075595042810533778e+04 9.944212515663305441e-01
6.075595068816604180e+04 1.006999866975861746e+00
6.075595094822675310e+04 1.015194801008332481e+00
6.075595120828745712e+04 9.961699323184921573e-01
6.075595146834815387e+04 9.962918556112974056e-01
6.075595172840885789e+04 9.873169972616956391e-01
6.075595198846956191e+04 9.902621291989733843e-01
6.075595224853026593e+04 1.004224526781432258e+00
6.075595250859096996e+04 1.001565473018164232e+00
6.075595276865166670e+04 9.945957088022162607e-01
6.075595302871237072e+04 9.739044213851214549e-01
6.075595328877307475e+04 1.003851366050224625e+00
6.075595354883377149e+04 9.879828299121916624e-01
6.075595380889448279e+04 9.899781830766890556e-01
6.075595406895518681e+04 9.953507916287708257e-01
6.075595432901589083e+04 9.837579859959054707e-01
6.075595458907659486e+04 9.916908923297097500e-01
6.075595484913729160e+04 9.936910546331503280e-01
6.075595510919799563e+04 1.003925818317385366e+00
6.075595536925869965e+04 1.024885022403612567e+00
6.075595562931940367e+04 1.011058732962000661e+00
6.075595588938010769e+04 9.740332637257717030e-01
6.075595614944080444e+04 1.024134683068652407e+00
6.075595640950150846e+04 9.971196475605678122e-01
6.075595666956221248e+04 9.921178877470443469e-01
6.075595692962292378e+04 9.893552766085502714e-01
6.075595718968362780e+04 1.003300762738109642e+00
6.075595744974432455e+04 9.914163699235101213e-01
6.075595770980502857e+04 1.011389840953799579e+00
6.075595796986573259e+04 9.917387381856767048e-01
6.075595822992642934e+04 1.006357446301826331e+00
6.075595848998713336e+04 9.933690332285319835e-01
6.075595875004783738e+04 9.914544821745566727e-01
6.075595901010854141e+04 1.002677731973547370e+00
6.075595927016924543e+04 1.003920228491336442e+00
6.075595953022994945e+04 1.026629615568418252e+00
6.075595979029065347e+04 9.898870620874303805e-01
6.075596005035135749e+04 9.978728011300198597e-01
6.075596031041206152e+04 1.020382843297371389e+00
6.075596057047276554e+04 9.904727151679865171e-01
6.075596083053346229e+04 9.967302545318528217e-01
6.075596109059416631e+04 9.893106796037783868e-01
6.075596135065487033e+04 9.895979801743658433e-01
6.075596161071556708e+04 1.002727424099077114e+00
6.075596187077627110e+04 9.955522879355719335e-01
6.075596213083698240e+04 1.002432445181518750e+00
6.075596239089768642e+04 1.013886700420771225e+00
6.075596265095839044e+04 1.005001443949419926e+00
6.075596291101908719e+04 9.934306725922267267e-01
6.075596317107979121e+04 1.004257781960878226e+00
6.075596343114049523e+04 1.002883593738630896e+00
6.075596369120119925e+04 9.969313971878257519e-01
6.075596395126190328e+04 1.003604389099790772e+00
6.075596421132260730e+04 9.954081931726277421e-01
6.075596447138331132e+04 9.986101753862234309e-01
6.075596473144401534e+04 9.789946783285846665e-01
6.075596499150471209e+04 1.006480549338858221e+00
6.075596525156542339e+04 9.849058890296660262e-01
6.075596551162612013e+04 9.937099349708669038e-01
6.075596577168682416e+04 1.007168967125620984e+00
6.075596603174752818e+04 1.015331259441645040e+00
6.075596629180823220e+04 9.902230302995853606e-01
6.075596655186893622e+04 1.002466396721680031e+00
6.075596681192964024e+04 1.003288592537973978e+00
6.075596707199034427e+04 1.024287285513054258e+00
6.075596733205104829e+04 9.912620068245863170e-01
6.075596759211174503e+04 1.016423738695704460e+00
6.075596785217244906e+04 1.015011704239982882e+00
6.075596811223315308e+04 1.016142700114991415e+00
6.075596837229386438e+04 1.014563592611567033e+00
6.075596863235456840e+04 9.971455032916635153e-01
6.075596889241526515e+04 1.002406977244034936e+00
6.075596915247596917e+04 9.932181251962312052e-01
6.075596941253667319e+04 9.907702189846381291e-01
6.075597102098589676e+04 1.011354173086335129e+00
6.075597128104649892e+04 1.021962123480870455e+00
6.075597154110709380e+04 9.997940992797258453e-01
6.075597180116768868e+04 9.946771763821949941e-01
6.075597206122829084e+04 9.878149987676906330e-01
6.075597232128889300e+04 9.929208159087987706e-01
6.075597258134948788e+04 9.932140844469872221e-01
6.075597284141008276e+04 1.003300009946760385e+00
6.075597310147067765e+04 1.002135436191547768e+00
6.075597336153127253e+04 1.006276358481274835e+00
6.075597362159186741e+04 1.007397148516533614e+00
6.075597388165246957e+04 9.958140976067449968e-01
6.075597414171307173e+04 1.020370150107824614e+00
6.075597440177366661e+04 1.009093722303714413e+00
6.075597466183426150e+04 1.019177346217665647e+00
6.075597492189485638e+04 9.848916911730682955e-01
6.075597518195545854e+04 1.001403761886076937e+00
6.075597544201606070e+04 1.011037454286099146e+00
6.075597570207665558e+04 1.018617185299330652e+00
6.075597596213725046e+04 9.902854698974963288e-01
6.075597622219784535e+04 1.014228729071537050e+00
6.075597648225844023e+04 9.970234590365447680e-01
6.075597674231903511e+04 1.015631317907994768e+00
6.075597700237963727e+04 9.864863014411610065e-01
6.075597726244023943e+04 1.002975070751479958e+00
6.075597752250083431e+04 1.003128730345461239e+00
6.075597778256142919e+04 1.011107018802374524e+00
6.075597804262203135e+04 9.929894807981521909e-01
6.075597830268262624e+04 9.941551877801685366e-01
6.075597856274322839e+04 1.007057290973502495e+00
6.075597882280382328e+04 1.016915618923319498e+00
6.075597908286441816e+04 9.983212848815773421e-01
6.075597934292501304e+04 9.990542711393749498e-01
6.075597960298560793e+04 9.997830505764081499e-01
6.075597986304620281e+04 1.000666932729114667e+00
6.075598012310681224e+04 9.844490870730903120e-01
6.075598038316740713e+04 9.876993725192509954e-01
6.075598064322800201e+04 1.010941491294877537e+00
6.075598090328860417e+04 9.968118528713616477e-01
6.075598116334919905e+04 1.007413061793678510e+00
6.075598142340979393e+04 9.955723472966817589e-01
6.075598168347039609e+04 9.949971427506160149e-01
6.075598194353099097e+04 9.963057036599703986e-01
6.075598220359158586e+04 9.926585043645578255e-01
6.075598246365218074e+04 1.002879774656748157e+00
6.075598272371277562e+04 1.010462877369045387e+00
6.075598298377338506e+04 9.873125753949870687e-01
6.075598324383397994e+04 1.013093052418011952e+00
6.075598350389457482e+04 1.008749920625899632e+00
6.075598376395516971e+04 1.015499644470796214e+00
6.075598402401577187e+04 1.004273817346457598e+00
6.075598428407636675e+04 1.008795525988954278e+00
6.075598454413696891e+04 1.018736341236258669e+00
6.075598480419756379e+04 1.011873723082458598e+00
6.075598506425815867e+04 1.008258850748177782e+00
6.075598532431875356e+04 1.012706363970540924e+00
6.075598558437934844e+04 1.005555653549373929e+00
6.075598584443995787e+04 1.012813418163605705e+00
6.075598610450055276e+04 1.015599405012959311e+00
6.075598636456114764e+04 1.006376833923395608e+00
6.075598662462174252e+04 1.006059091726597021e+00
6.075598688468234468e+04 1.012628663909669102e+00
6.075598714474294684e+04 9.885752118586362824e-01
6.075598740480354172e+04 9.986560847776712047e-01
6.075598766486413660e+04 1.010341712175678808e+00
6.075598792492473149e+04 1.000829751707746240e+00
6.075598818498532637e+04 9.988790223786304656e-01
6.075598844504592853e+04 9.964128212590381839e-01
6.075598870510653069e+04 1.014032508532934251e+00
6.075598896516712557e+04 9.782261992407803586e-01
6.075598922522772045e+04 9.911730388777344469e-01
6.075598948528831534e+04 1.026536903833237258e+00
6.075598974534892477e+04 1.006193200324973613e+00
6.075599000540951965e+04 1.007849017074824882e+00
6.075599026547011454e+04 9.973019147595951761e-01
6.075599052553070942e+04 1.010764023867603223e+00
6.075599078559130430e+04 1.001351922778022541e+00
6.075599104565190646e+04 1.002824296844866181e+00
6.075599130571250134e+04 1.003306110467996115e+00
6.075599156577310350e+04 1.011895331953525989e+00
6.075599182583369839e+04 9.960987674256661650e-01
6.075599208589429327e+04 1.007573325040663326e+00
6.075599234595489543e+04 9.966298762757630492e-01
6.075599260601549759e+04 9.909087018793671930e-01
6.075599286607609247e+04 9.916862796282751580e-01
6.075599312613668735e+04 9.976364266190683727e-01
6.075599338619728951e+04 1.001352571357095878e+00
6.075599364625788439e+04 1.012882452983738135e+00
6.075599390631847928e+04 9.955648679688970937e-01
6.075599416637907416e+04 9.913944070918593310e-01
6.075599442643966904e+04 9.839375678071856646e-01
6.075599468650027848e+04 9.865158618465266205e-01
6.075599494656087336e+04 1.009375000472201300e+00
6.075599520662146824e+04 1.001795852359542716e+00
6.075599546668207040e+04 1.030499477508597606e+00
6.075599572674267256e+04 9.978717255724286472e-01
6.075599598680326744e+04 9.895125058076940094e-01
6.075599624686386232e+04 9.917811546707857584e-01
6.075599650692445721e+04 1.012651684817531095e+00
6.075599676698505209e+04 9.866899734852371262e-01
6.075599702704565425e+04 9.859432340176975673e-01
6.075599728710624913e+04 9.930077652080909756e-01
6.075599754716685129e+04 9.997836858477247013e-01
6.075599780722744617e+04 1.006655542244433210e+00
6.075599806728804833e+04 9.861006190612704447e-01
6.075599832734865049e+04 1.013383708708796238e+00
6.075599858740924537e+04 9.964975800100435155e-01
6.075599884746984026e+04 9.868071131913247473e-01
6.075599910753044242e+04 1.015857422024553536e+00
6.075599936759103730e+04 9.800178452183243571e-01
6.075600091303530644e+04 9.917533831295085589e-01
6.075600117309600319e+04 1.016442944624642353e+00
6.075600143315670721e+04 1.012603718622018034e+00
6.075600169321741851e+04 1.011529678959002698e+00
6.075600195327811525e+04 1.022560071364658763e+00
6.075600221333881927e+04 9.997373656767361005e-01
6.075600247339952330e+04 1.004751788363550391e+00
6.075600273346023459e+04 9.934145852340040550e-01
6.075600299352093862e+04 9.845337570783195824e-01
6.075600325358163536e+04 9.962791132760639989e-01
6.075600351364233939e+04 9.929355638743745383e-01
6.075600377370305068e+04 1.008130956633053410e+00
6.075600403376375471e+04 9.989613482726847904e-01
6.075600429382445873e+04 9.941897064455347266e-01
6.075600455388515547e+04 9.969178573895213225e-01
6.075600481394586677e+04 1.002145777556999073e+00
6.075600507400657079e+04 9.933405277040850967e-01
6.075600533406726754e+04 9.872742921649320103e-01
6.075600559412797884e+04 9.934592497439513892e-01
6.075600585418868286e+04 1.001354059285235909e+00
6.075600611424938688e+04 1.001962152344287649e+00
6.075600637431009091e+04 9.971446943117876494e-01
6.075600663437078765e+04 1.008597700528737207e+00
6.075600689443149895e+04 9.960431305982438976e-01
6.075600715449220297e+04 9.996123821486382344e-01
6.075600741455290699e+04 1.014884935813484379e+00
6.075600767461361102e+04 9.915576654322219019e-01
6.075600793467431504e+04 9.970203102189644229e-01
6.075600819473501906e+04 1.006376925930853705e+00
6.075600845479572308e+04 1.026903072357305380e+00
6.075600871485643438e+04 1.000598229426716612e+00
6.075600897491713840e+04 9.938833605355323897e-01
6.075600923497783515e+04 1.002645226902966202e+00
6.075600949503853917e+04 9.974910213565320038e-01
6.075600975509925047e+04 9.905425924003397053e-01
6.075601001515994722e+04 1.001960385532936870e+00
6.075601027522065124e+04 9.915429791086787237e-01
6.075601053528135526e+04 9.992462901877405823e-01
6.075601079534206656e+04 1.008830897057958698e+00
6.075601105540277058e+04 1.010264898299931158e+00
6.075601131546346733e+04 1.001428230344331594e+00
6.075601157552417862e+04 9.924951014069769428e-01
6.075601183558488265e+04 1.002463214504284661e+00
6.075601209564558667e+04 9.897550927305663881e-01
6.075601235570629069e+04 9.895134310192442717e-01
6.075601261576699471e+04 1.004974593150814721e+00
6.075601287582769874e+04 9.991313947743366564e-01
6.075601313588840276e+04 1.019767147285228548e+00
6.075601339594910678e+04 1.002418411966661926e+00
6.075601365600981080e+04 9.966233561446845579e-01
6.075601391607051482e+04 9.866481039671912701e-01
6.075601417613121885e+04 9.888213732992179317e-01
6.075601443619193014e+04 1.000478555753744780e+00
6.075601469625262689e+04 1.010323698569040252e+00
6.075601495631333091e+04 9.936952042789461981e-01
6.075601521637404221e+04 1.006413228593956433e+00
6.075601547643474623e+04 9.996671550181208676e-01
6.075601573649545026e+04 9.873744150847906242e-01
6.075601599655614700e+04 9.942358583310820785e-01
6.075601625661685830e+04 9.919740852820181365e-01
6.075601651667756232e+04 9.843870666152482185e-01
6.075601677673825907e+04 1.003662285238448026e+00
6.075601703679897764e+04 1.011771639924548438e+00
6.075601729685967439e+04 9.976170316217359835e-01
6.075601755692037841e+04 9.859936422329084182e-01
6.075601781698108971e+04 9.879395996217473774e-01
6.075601807704178646e+04 9.919004849407515589e-01
6.075601833710249048e+04 9.969359068174600269e-01
6.075601859716319450e+04 1.010648078789321946e+00
6.075601885722390580e+04 9.928734943228926246e-01
6.075601911728460982e+04 9.833508048278434277e-01
6.075601937734530657e+04 9.948393033092443050e-01
6.075601963740601786e+04 1.010383381771451372e+00
6.075601989746672189e+04 9.823548743699436203e-01
6.075602015752742591e+04 9.974128924463464552e-01
6.075602041758813721e+04 9.869433956847675216e-01
6.075602067764883395e+04 9.880446229222218379e-01
6.075602093770953798e+04 1.022651565076523994e+00
6.075602119777024927e+04 9.991729674930960314e-01
6.075602145783094602e+04 9.744566893900680205e-01
6.075602171789165004e+04 9.969620350808481302e-01
6.075602197795236134e+04 9.926254705766340836e-01
6.075602223801306536e+04 9.714627821294062882e-01
6.075602249807376938e+04 9.802773218625756568e-01
6.075602275813446613e+04 9.956448249909440884e-01
6.075602301819517743e+04 9.874589555041759503e-01
6.075602327825588145e+04 1.000155394185655133e+00
6.075602353831658547e+04 9.971132763180401426e-01
6.075602379837729677e+04 9.881214358964356403e-01
6.075602405843799352e+04 1.001030439073745004e+00
6.075602431849869754e+04 9.932760321166034245e-01
6.075602457855940884e+04 9.701543315926437483e-01
6.075602483862010558e+04 9.952131882262151841e-01
6.075602509868080961e+04 1.000550531113812092e+00
6.075602535874152090e+04 1.015906340340104297e+00
6.075602561880222493e+04 1.001831870306046701e+00
6.075602587886292895e+04 9.988589852248174195e-01
6.075602613892363297e+04 1.014882492151382154e+00
6.075602639898433699e+04 9.802319464548732153e-01
6.075602665904504101e+04 9.953538499301122222e-01
6.075602691910575231e+04 9.948681662627122391e-01
6.075602717916645634e+04 1.003615520283986706e+00
6.075602743922715308e+04 9.861287815663042355e-01
6.075602769928786438e+04 9.885321804787383648e-01
6.075602795934856840e+04 9.986558371717322302e-01
6.075602821940927242e+04 9.738405761076345257e-01
6.075602847946998372e+04 9.996497568424143054e-01
6.075602873953068047e+04 9.745716757957182397e-01
6.075602899959138449e+04 1.008111446660544086e+00
6.075602925965209579e+04 1.009198988820493748e+00
6.075603093112658098e+04 9.734154439322239005e-01
6.075603119118718314e+04 1.006172607031349031e+00
6.075603145124778530e+04 9.947776412387968614e-01
6.075603171130838018e+04 9.989919091113982352e-01
6.075603197136898234e+04 9.845565835595627702e-01
6.075603223142958450e+04 9.851432990188093708e-01
6.075603249149017938e+04 9.831675909955230885e-01
6.075603275155078154e+04 1.000497324359732376e+00
6.075603301161137642e+04 9.918270858889253194e-01
6.075603327167197858e+04 1.000071262233361846e+00
6.075603353173257346e+04 9.973904308605866520e-01
6.075603379179316835e+04 9.986314621862880658e-01
6.075603405185377051e+04 9.928086499194823666e-01
6.075603431191437267e+04 9.945474343062102873e-01
6.075603457197496755e+04 9.821115360479167888e-01
6.075603483203556971e+04 9.927408059606758206e-01
6.075603509209617187e+04 1.000197846651257105e+00
6.075603535215676675e+04 9.759714018081275810e-01
6.075603561221736891e+04 1.000548826717323703e+00
6.075603587227796379e+04 9.972477873245869651e-01
6.075603613233855867e+04 9.799706081116166256e-01
6.075603639239916083e+04 9.867493092213326378e-01
6.075603665245975571e+04 1.006880161487258896e+00
6.075603691252035787e+04 9.703045055211004799e-01
6.075603717258096003e+04 9.993233427935659385e-01
6.075603743264155491e+04 9.873085740640786812e-01
6.075603769270215707e+04 9.946707208562273195e-01
6.075603795276275196e+04 1.007045637870590316e+00
6.075603821282335412e+04 1.026060050501030441e+00
6.075603847288395627e+04 9.999482031416008221e-01
6.075603873294455116e+04 9.997717534016690166e-01
6.075603899300515332e+04 1.002648972876313049e+00
6.075603925306574820e+04 9.872946068915230411e-01
6.075603951312634308e+04 9.932626184405380920e-01
6.075603977318694524e+04 1.002246709058177476e+00
6.075604003324754740e+04 9.999019460110429858e-01
6.075604029330814228e+04 9.927207127523984820e-01
6.075604055336874444e+04 9.853190530959021753e-01
6.075604081342933932e+04 1.008330460708240839e+00
6.075604107348994876e+04 9.850689524657826324e-01
6.075604133355054364e+04 9.965518242340443145e-01
6.075604159361113852e+04 1.006560762886667071e+00
6.075604185367174068e+04 9.779320783675897744e-01
6.075604211373233557e+04 1.005390360473990663e+00
6.075604237379293045e+04 1.004176791538837987e+00
6.075604263385353261e+04 1.002005567934463937e+00
6.075604289391413477e+04 9.928849730542983476e-01
6.075604315397473692e+04 9.959815613509586107e-01
6.075604341403533181e+04 9.786274653436111137e-01
6.075604367409592669e+04 9.919671707745644218e-01
6.075604393415653612e+04 9.899160613896098582e-01
6.075604419421713101e+04 9.959819168077356233e-01
6.075604445427773317e+04 1.005549614083424581e+00
6.075604471433832805e+04 1.000979536574488460e+00
6.075604497439892293e+04 9.870087736525268163e-01
6.075604523445952509e+04 1.004421361315388506e+00
6.075604549452011997e+04 1.021948882914532675e+00
6.075604575458072213e+04 1.012546150360953412e+00
6.075604601464132429e+04 9.955529940255635202e-01
6.075604627470191917e+04 1.004389781960891348e+00
6.075604653476252133e+04 9.965543371142936424e-01
6.075604679482312349e+04 1.009360638435936819e+00
6.075604705488372565e+04 9.928860749914226735e-01
6.075604731494432053e+04 9.810176422508138927e-01
6.075604757500491542e+04 1.001540694665661313e+00
6.075604783506551757e+04 1.010036295886461044e+00
6.075604809512611246e+04 9.961370923130268284e-01
6.075604835518671462e+04 9.854984450183907896e-01
6.075604861524730950e+04 9.954356588614668988e-01
6.075604887530791166e+04 1.007266833946309559e+00
6.075604913536851382e+04 9.961322095314427694e-01
6.075604939542910870e+04 9.978031682450330120e-01
6.075604965548971813e+04 9.924184077324710307e-01
6.075604991555031302e+04 9.993438362177406997e-01
6.075605017561090790e+04 1.001193321105368739e+00
6.075605043567151006e+04 9.982403013720910767e-01
6.075605069573210494e+04 1.001444463075026547e+00
6.075605095579270710e+04 9.994836739634469502e-01
6.075605121585330198e+04 1.007485802159827415e+00
6.075605147591390414e+04 1.007144622872254258e+00
6.075605173597450630e+04 1.002080887125985642e+00
6.075605199603510118e+04 1.002581195003605430e+00
6.075605225609570334e+04 9.941406086380808471e-01
6.075605251615630550e+04 1.014343783537915877e+00
6.075605277621690766e+04 9.976726101592644502e-01
6.075605303627750254e+04 1.013053208086727608e+00
6.075605329633810470e+04 1.004448185131807447e+00
6.075605355639869958e+04 9.905158161696772101e-01
6.075605381645929447e+04 1.012161856802716198e+00
6.075605407651989663e+04 9.871684466965647831e-01
6.075605433658049151e+04 9.979644054771424910e-01
6.075605459664110094e+04 9.942235602080381485e-01
6.075605485670169583e+04 9.973001805629060357e-01
6.075605511676229071e+04 1.012037405802853840e+00
6.075605537682289287e+04 1.019560704571541354e+00
6.075605563688349503e+04 1.000926322830862913e+00
6.075605589694409719e+04 1.004844761848443291e+00
6.075605615700469207e+04 1.007326535016089153e+00
6.075605641706529423e+04 1.008576003342746219e+00
6.075605667712588911e+04 9.823340319726902026e-01
6.075605693718649127e+04 9.892901733613070903e-01
6.075605719724708615e+04 1.011267435120205782e+00
6.075605745730768831e+04 9.904755208861829585e-01
6.075605771736829047e+04 1.010821501773733866e+00
6.075605797742888535e+04 9.955826646391253698e-01
6.075605823748948751e+04 1.012629457853673420e+00
6.075605849755008967e+04 9.954918979823419445e-01
6.075605875761069183e+04 9.905061880869484581e-01
6.075605901767128671e+04 9.983725829766570969e-01
6.075605927773188159e+04 9.882776213671583543e-01
6.075606082316284301e+04 1.002160550493441216e+00
6.075606108322354703e+04 1.006966690999150815e+00
6.075606134328425105e+04 9.988056862047585138e-01
6.075606160334495507e+04 9.956915146382657733e-01
6.075606186340566637e+04 1.010273127352147249e+00
6.075606212346637039e+04 1.005803596312366821e+00
6.075606238352707442e+04 1.011937003150238823e+00
6.075606264358777844e+04 9.752102671115395749e-01
6.075606290364848246e+04 9.911641816993375098e-01
6.075606316370919376e+04 1.003056921926526623e+00
6.075606342376989778e+04 9.850626725542113160e-01
6.075606368383060908e+04 1.010893987779416525e+00
6.075606394389130583e+04 9.950314165068528949e-01
6.075606420395201712e+04 9.872327145626066391e-01
6.075606446401272115e+04 1.009526986909259794e+00
6.075606472407342517e+04 1.016590042059273058e+00
6.075606498413412919e+04 1.007094539653078380e+00
6.075606524419483321e+04 9.931089843542916240e-01
6.075606550425554451e+04 1.023543099531093903e+00
6.075606576431624853e+04 9.941062763607787511e-01
6.075606602437695256e+04 1.006321100348369857e+00
6.075606628443765658e+04 9.852466324454164370e-01
6.075606654449836788e+04 1.006724172277232654e+00
6.075606680455907190e+04 9.871755411460004792e-01
6.075606706461978320e+04 9.909103439703967897e-01
6.075606732468047994e+04 9.841809191294657033e-01
6.075606758474119124e+04 1.012850102010294018e+00
6.075606784480189526e+04 9.995270294107615472e-01
6.075606810486259928e+04 9.968371619987079768e-01
6.075606836492331058e+04 1.004729379871898587e+00
6.075606862498401460e+04 1.015507899637923428e+00
6.075606888504471863e+04 1.009910417937931681e+00
6.075606914510542993e+04 1.016561353215935881e+00
6.075606940516612667e+04 1.010293812344641662e+00
6.075606966522683797e+04 9.899267338259312154e-01
6.075606992528754199e+04 9.871740858736570701e-01
6.075607018534824601e+04 9.838321209822161739e-01
6.075607044540895731e+04 1.022544942117789457e+00
6.075607070546965406e+04 1.011195713877820257e+00
6.075607096553036536e+04 9.987792475900565403e-01
6.075607122559106938e+04 1.005965396796720146e+00
6.075607148565178068e+04 1.007893083056540240e+00
6.075607174571248470e+04 1.004432383555706298e+00
6.075607200577318872e+04 9.963883419095113103e-01
6.075607226583389274e+04 1.018085370033549708e+00
6.075607252589460404e+04 9.930701438469817788e-01
6.075607278595530079e+04 9.943220565463731786e-01
6.075607304601601209e+04 1.004576327215616738e+00
6.075607330607671611e+04 9.968098521755068830e-01
6.075607356613742741e+04 9.992313664982408472e-01
6.075607382619813143e+04 1.000127494742671708e+00
6.075607408625883545e+04 1.004682266072772778e+00
6.075607434631953947e+04 1.014702823799755516e+00
6.075607460638025077e+04 9.980565774644902799e-01
6.075607486644095479e+04 1.000609426134481561e+00
6.075607512650166609e+04 1.026372036790215825e+00
6.075607538656236284e+04 1.013972877727242095e+00
6.075607564662307414e+04 9.870575837523399843e-01
6.075607590668377816e+04 1.003527047225166724e+00
6.075607616674448218e+04 1.023937543118471849e+00
6.075607642680518620e+04 1.000342193042178307e+00
6.075607668686589750e+04 9.946133752223441649e-01
6.075607694692660152e+04 1.000406348110977728e+00
6.075607720698731282e+04 9.977331129267696941e-01
6.075607746704800957e+04 1.001288857462525383e+00
6.075607772710872086e+04 1.007137782268398674e+00
6.075607798716942489e+04 1.023156306278599992e+00
6.075607824723013618e+04 1.001176608802981427e+00
6.075607850729084021e+04 9.816905874492927175e-01
6.075607876735154423e+04 1.000647388162367202e+00
6.075607902741224825e+04 1.001457227439866982e+00
6.075607928747295955e+04 1.006429547450248263e+00
6.075607954753365630e+04 1.013761896533615925e+00
6.075607980759437487e+04 9.979338101294901175e-01
6.075608006765507162e+04 9.954578376822706964e-01
6.075608032771578291e+04 1.014712945317648662e+00
6.075608058777648694e+04 9.956960286463616416e-01
6.075608084783719096e+04 1.002353609388377587e+00
6.075608110789789498e+04 9.804638414393752610e-01
6.075608136795860628e+04 1.013573617994789400e+00
6.075608162801931030e+04 1.005236330574872161e+00
6.075608188808002160e+04 9.939874935726974448e-01
6.075608214814072562e+04 9.829299325548633837e-01
6.075608240820142964e+04 1.004845649065703173e+00
6.075608266826214094e+04 1.021229126772544848e+00
6.075608292832284496e+04 1.005899853632526542e+00
6.075608318838355626e+04 1.018126327844043777e+00
6.075608344844425301e+04 1.013648371343573995e+00
6.075608370850496431e+04 1.007265181767999174e+00
6.075608396856566833e+04 1.000797312748648915e+00
6.075608422862637235e+04 9.916345487537137071e-01
6.075608448868707637e+04 9.956973530170272202e-01
6.075608474874778767e+04 9.961253049042707586e-01
6.075608500880849169e+04 1.004591064038390824e+00
6.075608526886920299e+04 1.007004671349979175e+00
6.075608552892989974e+04 9.939267989173442563e-01
6.075608578899061104e+04 1.003723660270864793e+00
6.075608604905131506e+04 9.950269506418496501e-01
6.075608630911202636e+04 1.001787392372321506e+00
6.075608656917273765e+04 1.007340509250914895e+00
6.075608682923343440e+04 1.006355306726726351e+00
6.075608708929414570e+04 1.007321971360091606e+00
6.075608734935484972e+04 1.018249416764434923e+00
6.075608760941555374e+04 9.905619217530905463e-01
6.075608786947625777e+04 9.952419375964681736e-01
6.075608812953696906e+04 1.022342424939462369e+00
6.075608838959767309e+04 9.863733489952509759e-01
6.075608864965838438e+04 9.878560797694491136e-01
6.075608890971908113e+04 1.002667273246737878e+00
6.075608916977979243e+04 9.919495781393827816e-01
6.075609076562616247e+04 9.809564640409752512e-01
6.075609102568677190e+04 9.972371992092238235e-01
6.075609128574736678e+04 9.999854075126668462e-01
6.075609154580796894e+04 1.012171247734916957e+00
6.075609180586856382e+04 9.908072525487218174e-01
6.075609206592916598e+04 9.928425735916417416e-01
6.075609232598976814e+04 1.022254275686206970e+00
6.075609258605036302e+04 1.000220586237360765e+00
6.075609284611097246e+04 9.984578271899744450e-01
6.075609310617156734e+04 1.001245761064968320e+00
6.075609336623216950e+04 9.838080505052809732e-01
6.075609362629276438e+04 9.901035242000792991e-01
6.075609388635337382e+04 1.000430348822478610e+00
6.075609414641397598e+04 9.954074990810626300e-01
6.075609440647457086e+04 1.002565718689627072e+00
6.075609466653517302e+04 1.023494634675153447e+00
6.075609492659576790e+04 1.015399496635290166e+00
6.075609518665637006e+04 1.009948587747730775e+00
6.075609544671696494e+04 1.002721481600563180e+00
6.075609570677756710e+04 9.948749702754448032e-01
6.075609596683816926e+04 9.995402719072071784e-01
6.075609622689877142e+04 1.007227751499992108e+00
6.075609648695937358e+04 1.000251708030312381e+00
6.075609674701997574e+04 9.870138271880786185e-01
6.075609700708057790e+04 1.005158693809156789e+00
6.075609726714117278e+04 1.000735557999915759e+00
6.075609752720177494e+04 1.014526956676458980e+00
6.075609778726236982e+04 1.005725948211057430e+00
6.075609804732297198e+04 9.819255656569341184e-01
6.075609830738357414e+04 1.010960580171996970e+00
6.075609856744416902e+04 9.946195525761183376e-01
6.075609882750477846e+04 9.855468818321686530e-01
6.075609908756537334e+04 9.857059376064074563e-01
6.075609934762597550e+04 1.009569618780099987e+00
6.075609960768658493e+04 1.008556803965786841e+00
6.075609986774717981e+04 9.999984889283083378e-01
6.075610012780778197e+04 1.010800231721019182e+00
6.075610038786837686e+04 1.010604821150430599e+00
6.075610064792897901e+04 9.996546802707908519e-01
6.075610090798957390e+04 9.924338489697062116e-01
6.075610116805017606e+04 9.967495025085046922e-01
6.075610142811077822e+04 1.006172198181634725e+00
6.075610168817138037e+04 9.924330433041126387e-01
6.075610194823198253e+04 9.992299684392522696e-01
6.075610220829257742e+04 9.946311913135665872e-01
6.075610246835318685e+04 1.013826920738723159e+00
6.075610272841378901e+04 9.978950326600559695e-01
6.075610298847438389e+04 1.010209776258408354e+00
6.075610324853498605e+04 1.007447900968408971e+00
6.075610350859558093e+04 1.001804685572743825e+00
6.075610376865618309e+04 9.838899252381257954e-01
6.075610402871678525e+04 1.001164024638506289e+00
6.075610428877738013e+04 9.778231463326527706e-01
6.075610454883798957e+04 9.832789217835650186e-01
6.075610480889858445e+04 9.889545921415939800e-01
6.075610506895918661e+04 9.971709148176203241e-01
6.075610532901978877e+04 1.001239205613515537e+00
6.075610558908039093e+04 9.973739889254199520e-01
6.075610584914099309e+04 9.807010285465411759e-01
6.075610610920158797e+04 9.851778989599834224e-01
6.075610636926219013e+04 1.014652916674901428e+00
6.075610662932279229e+04 9.887767574518575575e-01
6.075610688938338717e+04 1.000001773896068258e+00
6.075610714944398933e+04 9.893498438540451190e-01
6.075610740950459149e+04 9.897358111636992417e-01
6.075610766956519365e+04 9.770959851975062893e-01
6.075610792962579580e+04 9.743993806495798715e-01
6.075610818968639069e+04 9.873857600528701539e-01
6.075610844974700012e+04 1.016170045340341499e+00
6.075610870980759501e+04 1.006045757621389258e+00
6.075610896986819716e+04 9.848273888830698652e-01
6.075610922992879932e+04 1.009152792726709880e+00
6.075610948998939421e+04 1.003389906825497668e+00
6.075610975004999636e+04 9.862530981298444077e-01
6.075611001011059852e+04 9.942091904192863483e-01
6.075611027017120068e+04 1.006457437773646379e+00
6.075611053023180284e+04 9.989003927584158005e-01
6.075611079029239772e+04 1.005292636419381269e+00
6.075611105035299988e+04 1.003266224664008499e+00
6.075611131041360932e+04 9.903013735366338333e-01
6.075611157047420420e+04 9.952496596388632488e-01
6.075611183053480636e+04 9.880948861945009210e-01
6.075611209059540852e+04 1.009992204634659219e+00
6.075611235065600340e+04 9.950423866703813625e-01
6.075611261071660556e+04 1.007730508531793578e+00
6.075611287077720044e+04 1.006923127926320660e+00
6.075611313083780260e+04 9.862611649658546975e-01
6.075611339089841204e+04 9.802989560236436972e-01
6.075611365095900692e+04 1.003963331173581830e+00
6.075611391101960908e+04 9.963757652923618258e-01
6.075611417108021851e+04 1.008600327470843494e+00
6.075611443114081339e+04 9.902986653990154542e-01
6.075611469120141555e+04 9.815216194111714421e-01
6.075611495126201044e+04 9.780536854258210511e-01
6.075611521132261259e+04 1.005352332241649549e+00
6.075611547138321475e+04 1.007171824327503407e+00
6.075611573144380964e+04 9.874493261717643966e-01
6.075611599150441180e+04 9.950187901699949489e-01
6.075611625156502123e+04 1.013875899617495246e+00
6.075611651162561611e+04 9.927928983681835184e-01
6.075611677168621827e+04 9.974641302363320694e-01
6.075611703174682771e+04 9.900995061221895543e-01
6.075611729180742259e+04 1.000187607958989089e+00
6.075611755186802475e+04 9.978948189092291532e-01
6.075611781192861963e+04 1.013143564029024724e+00
6.075611807198922179e+04 9.918522501025227589e-01
6.075611833204982395e+04 9.870996674520449154e-01
6.075611859211041883e+04 1.002748284259591394e+00
6.075611885217102099e+04 1.000405090061811331e+00
6.075611911223163042e+04 9.937989817770417345e-01
6.075612077110124665e+04 1.009396837458683915e+00
6.075612103116195794e+04 9.949651593527719662e-01
6.075612129122266924e+04 9.905744836667830233e-01
6.075612155128336599e+04 1.002995378104197588e+00
6.075612181134407729e+04 9.846581029818236575e-01
6.075612207140478858e+04 9.971447874977342751e-01
6.075612233146549261e+04 9.728719330591261150e-01
6.075612259152620391e+04 9.966483614524557222e-01
6.075612285158690065e+04 9.968637998962976976e-01
6.075612311164761195e+04 9.999589011891927282e-01
6.075612337170832325e+04 1.004282261359906281e+00
6.075612363176902727e+04 1.013562365929952858e+00
6.075612389182973857e+04 9.861918754135847731e-01
6.075612415189044259e+04 1.011571021485669464e+00
6.075612441195114661e+04 1.006371949129128085e+00
6.075612467201185791e+04 1.010733437914091537e+00
6.075612493207256193e+04 9.992496258503793527e-01
6.075612519213326595e+04 1.003931026189049946e+00
6.075612545219397725e+04 1.007022326126250755e+00
6.075612571225468855e+04 9.940304514978010042e-01
6.075612597231539985e+04 9.903979040869674844e-01
6.075612623237609660e+04 1.009109690733613007e+00
6.075612649243680789e+04 9.987223712164793321e-01
6.075612675249751919e+04 9.787472160938730514e-01
6.075612701255822321e+04 1.001569413141591092e+00
6.075612727261893451e+04 1.009831979804023838e+00
6.075612753267963853e+04 9.876000493247311107e-01
6.075612779274034256e+04 1.000127017188144674e+00
6.075612805280105385e+04 1.006066912463394303e+00
6.075612831286175788e+04 9.959601931198965863e-01
6.075612857292246190e+04 9.965761316309159623e-01
6.075612883298317320e+04 9.961286658723458309e-01
6.075612909304388450e+04 9.986070167916777374e-01
6.075612935310458852e+04 1.005062956400336383e+00
6.075612961316529254e+04 9.897453782433044411e-01
6.075612987322600384e+04 9.981623502660367242e-01
6.075613013328670786e+04 9.983925723727276047e-01
6.075613039334741916e+04 1.013587808444998739e+00
6.075613065340813046e+04 9.960020067339458993e-01
6.075613091346882720e+04 1.015746137230499002e+00
6.075613117352953850e+04 1.004380911088535777e+00
6.075613143359024980e+04 9.991706981584824732e-01
6.075613169365095382e+04 1.007569421850638136e+00
6.075613195371166512e+04 1.005209874691729066e+00
6.075613221377236914e+04 9.982567947559618515e-01
6.075613247383308044e+04 9.984745672321616583e-01
6.075613273389378446e+04 1.005525009205484155e+00
6.075613299395448848e+04 1.015214636352193667e+00
6.075613325401519978e+04 1.013279998852581354e+00
6.075613351407590380e+04 1.022698515087717031e+00
6.075613377413661510e+04 1.022754744656418913e+00
6.075613403419732640e+04 1.016269295617876045e+00
6.075613429425802315e+04 1.013637396886269970e+00
6.075613455431873444e+04 1.004074798566042759e+00
6.075613481437944574e+04 1.005756005741243353e+00
6.075613507444015704e+04 1.028624297254320696e+00
6.075613533450086106e+04 1.013878226384803405e+00
6.075613559456156509e+04 1.020785168000482912e+00
6.075613585462227638e+04 1.014353519415707172e+00
6.075613611468298041e+04 9.892596333337535519e-01
6.075613637474368443e+04 1.005669662655878760e+00
6.075613663480439573e+04 1.012855349107948166e+00
6.075613689486510702e+04 1.008717954506372694e+00
6.075613715492581105e+04 1.007019288796324297e+00
6.075613741498652234e+04 9.880198869861297473e-01
6.075613767504722637e+04 1.001082463986404214e+00
6.075613793510793039e+04 1.005613576827803612e+00
6.075613819516864169e+04 1.004276990239146183e+00
6.075613845522935299e+04 9.978936949500951670e-01
6.075613871529006428e+04 9.938784380772750504e-01
6.075613897535076103e+04 1.017528568652032339e+00
6.075613923541147233e+04 1.004053699678815859e+00
6.075613949547218363e+04 1.006413957461734343e+00
6.075613975553288037e+04 1.010966194460341416e+00
6.075614001559359167e+04 1.006311401034825082e+00
6.075614027565430297e+04 1.024448279803618522e+00
6.075614053571501427e+04 9.973915774516661781e-01
6.075614079577571829e+04 1.017134003222221361e+00
6.075614105583642231e+04 1.000144603807713972e+00
6.075614131589713361e+04 1.018244846966982031e+00
6.075614157595783763e+04 1.014203464164039170e+00
6.075614183601854893e+04 1.000700017289281041e+00
6.075614209607926023e+04 9.793694892590867340e-01
6.075614235613996425e+04 1.017497872724093755e+00
6.075614261620066827e+04 1.006399092352467939e+00
6.075614287626137957e+04 1.021851457210356084e+00
6.075614313632208359e+04 1.008091235282660092e+00
6.075614339638280217e+04 9.935526091814086413e-01
6.075614365644349891e+04 1.007472778919852763e+00
6.075614391650421021e+04 9.959600504322226877e-01
6.075614417656492151e+04 1.010473426661242291e+00
6.075614443662562553e+04 1.016759012622414415e+00
6.075614469668632955e+04 1.013188612550366852e+00
6.075614495674704085e+04 1.004188371792670065e+00
6.075614521680775215e+04 1.017129088294573602e+00
6.075614547686845617e+04 1.017820140170208942e+00
6.075614573692916019e+04 1.001534110353687446e+00
6.075614599698987149e+04 1.009334209323812237e+00
6.075614625705058279e+04 1.020211404800816846e+00
6.075614651711128681e+04 9.965202127744282601e-01
6.075614677717199811e+04 1.002770135602323309e+00
6.075614703723270213e+04 9.989953328267398014e-01
6.075614729729341343e+04 1.006682875830956725e+00
6.075614755735411745e+04 9.946162518683261400e-01
6.075614781741482147e+04 1.023441676041182635e+00
6.075614807747553277e+04 9.908712614121918394e-01
6.075614833753624407e+04 1.014877570372757276e+00
6.075614859759694809e+04 9.877558645857933417e-01
6.075614885765765939e+04 1.000110322787716610e+00
6.075614911771836341e+04 9.840820224817480311e-01
