6.075547523411604925e+04 9.985131471279687920e-01
6.075547549417674600e+04 1.010237083335259189e+00
6.075547575423742819e+04 1.013150226085990369e+00
6.075547601429812494e+04 1.004118818519936340e+00
6.075547627435881441e+04 9.871475347763992714e-01
6.075547653441950388e+04 9.945049379524154576e-01
6.075547679448019335e+04 9.903819241608794455e-01
6.075547705454089009e+04 1.017335477566778890e+00
6.075547731460157956e+04 1.001408741118134049e+00
6.075547757466227631e+04 1.011769785003027167e+00
6.075547783472295851e+04 9.902399355136349834e-01
6.075547809478365525e+04 1.005136029260086161e+00
6.075547835484434472e+04 9.994487446063207159e-01
6.075547861490504147e+04 1.011990638208248194e+00
6.075547887496573094e+04 1.005943928481908278e+00
6.075547913502642041e+04 1.000560149771198226e+00
6.075547939508710988e+04 9.934624821771119718e-01
6.075547965514780662e+04 9.952022425923900961e-01
6.075547991520848882e+04 9.907004683825622049e-01
6.075548017526918557e+04 9.986127471047056003e-01
6.075548043532987504e+04 1.023853360229276310e+00
6.075548069539057178e+04 9.951772874150630610e-01
6.075548095545126125e+04 1.000603829512147325e+00
6.075548121551195072e+04 9.998052023791800247e-01
6.075548147557264019e+04 9.920185271089672074e-01
6.075548173563333694e+04 9.811774808291903183e-01
6.075548199569402641e+04 1.004794522782337385e+00
6.075548225575472316e+04 9.957770074367959801e-01
6.075548251581540535e+04 9.959110209104790057e-01
6.075548277587610210e+04 1.023372119768404032e+00
6.075548303593679157e+04 9.923857000830156316e-01
6.075548329599748104e+04 9.985825883159848981e-01
6.075548355605817778e+04 1.002626512094727085e+00
6.075548381611886725e+04 9.975463040024041828e-01
6.075548407617955672e+04 1.012568374823153983e+00
6.075548433624025347e+04 9.994319568839535872e-01
6.075548459630093566e+04 1.003787232419008246e+00
6.075548485636163241e+04 9.940398171820175044e-01
6.075548511642232916e+04 9.933446247234405391e-01
6.075548537648301863e+04 1.014796828405443607e+00
6.075548563654371537e+04 9.850187574931521528e-01
6.075548589660439757e+04 9.830410764531751777e-01
6.075548615666509431e+04 9.866140140708006268e-01
6.075548641672578378e+04 1.014763288385222673e+00
6.075548667678648053e+04 9.982268217089649287e-01
6.075548693684717000e+04 1.002400533501102364e+00
6.075548719690785947e+04 1.000123981676335649e+00
6.075548745696854894e+04 1.019463208185288794e+00
6.075548771702924569e+04 9.945443111597155328e-01
6.075548797708992788e+04 1.004331504956832655e+00
6.075548823715062463e+04 1.003202586103334237e+00
6.075548849721131410e+04 9.895400636830440355e-01
6.075548875727201084e+04 9.923008113264940588e-01
6.075548901733270759e+04 9.862569524886996009e-01
6.075548927739338978e+04 9.954429676166446361e-01
6.075548953745408653e+04 9.951946933600349654e-01
6.075548979751477600e+04 9.957396723928806370e-01
6.075549005757547275e+04 1.006570888328933044e+00
6.075549031763616222e+04 9.962317310887597310e-01
6.075549057769685169e+04 1.003915534552255462e+00
6.075549083775754116e+04 1.008384866338857044e+00
6.075549109781823790e+04 1.020713956597329997e+00
6.075549135787892010e+04 1.020385120835441528e+00
6.075549161793961684e+04 9.841024579116722792e-01
6.075549187800031359e+04 9.908122307971789500e-01
6.075549213806100306e+04 1.016472947810803884e+00
6.075549239812169981e+04 1.009979175803118689e+00
6.075549265818238200e+04 1.005872733993311785e+00
6.075549291824307875e+04 9.876967356511694440e-01
6.075549317830376822e+04 9.902247938372238378e-01
6.075549343836446496e+04 1.005612633368349051e+00
6.075549369842515443e+04 9.894791310605252077e-01
6.075549395848584390e+04 1.018607055286389951e+00
6.075549421854654065e+04 1.005418287884334072e+00
6.075549447860723012e+04 9.971158068961234466e-01
6.075549473866791959e+04 9.819206024782011211e-01
6.075549499872861634e+04 1.013847429213566853e+00
6.075549525878930581e+04 9.856218801808774854e-01
6.075549551884999528e+04 9.933580465486971933e-01
6.075549577891069202e+04 1.003215846407025102e+00
6.075549603897138149e+04 9.871403806816163584e-01
6.075549629903207097e+04 9.853191845790534309e-01
6.075549655909276771e+04 9.830183710940086916e-01
6.075549681915345718e+04 9.995051844784371697e-01
6.075549707921415393e+04 9.778903153621533173e-01
6.075549733927483612e+04 9.776597873608924294e-01
6.075549759933553287e+04 1.013359874421031703e+00
6.075549785939622961e+04 9.849797986876103195e-01
6.075549811945691908e+04 1.001406733191177789e+00
6.075549837951761583e+04 9.930628114881435708e-01
6.075549863957829803e+04 9.897455715190779379e-01
6.075549889963899477e+04 1.000835770413062820e+00
6.075549915969968424e+04 9.930422740205292476e-01
6.075549941976037371e+04 9.828706605652163253e-01
6.075549967982107046e+04 1.002902989348180007e+00
6.075549993988175993e+04 1.011927125371258063e+00
6.075550019994245667e+04 9.994203327719087815e-01
6.075550046000314615e+04 9.931431984508235500e-01
6.075550072006383562e+04 9.910486489691799905e-01
6.075550098012452509e+04 1.001373841700822886e+00
6.075550124018522183e+04 1.009450313915103425e+00
6.075550150024591858e+04 1.000529224586448773e+00
6.075550176030660805e+04 1.005426985228032866e+00
6.075550202036729752e+04 9.989567988839831436e-01
6.075550228042798699e+04 1.020076824589316811e+00
6.075550254048868374e+04 9.814128268270271294e-01
6.075550280054937321e+04 9.860135390708759662e-01
6.075550306061006268e+04 1.005494651024578801e+00
6.075550332067075942e+04 9.953364235516006797e-01
6.075550358073144889e+04 9.851551934201611127e-01
6.075550513876277546e+04 1.003132021840297261e+00
6.075550539882346493e+04 1.004811377332910816e+00
6.075550565888415440e+04 1.006585260623060085e+00
6.075550591894484387e+04 1.001197063821569477e+00
6.075550617900554062e+04 9.982519076726851237e-01
6.075550643906623736e+04 1.001212278608211603e+00
6.075550669912692683e+04 1.014686071501822662e+00
6.075550695918761630e+04 9.838259266580566820e-01
6.075550721924830577e+04 1.023783256114585649e+00
6.075550747930900252e+04 9.978702508837954399e-01
6.075550773936969199e+04 9.891873984072702131e-01
6.075550799943038146e+04 9.835615066673256690e-01
6.075550825949107821e+04 1.006240137201220408e+00
6.075550851955176768e+04 1.023662974006479542e+00
6.075550877961246442e+04 1.019918972923184119e+00
6.075550903967315389e+04 1.002882045061605831e+00
6.075550929973384336e+04 9.932087826398106056e-01
6.075550955979454011e+04 9.958614205056242064e-01
6.075550981985522958e+04 9.859282412032752685e-01
6.075551007991592633e+04 9.983476448819486038e-01
6.075551033997661580e+04 1.006810657436054912e+00
6.075551060003730527e+04 1.007914597734202999e+00
6.075551086009800201e+04 9.841645727868084670e-01
6.075551112015868421e+04 1.002256769751804555e+00
6.075551138021938095e+04 9.957846342937812789e-01
6.075551164028007770e+04 1.002321241759600579e+00
6.075551190034076717e+04 9.977173382746525876e-01
6.075551216040146392e+04 9.976736371179796281e-01
6.075551242046214611e+04 9.894545912285424016e-01
6.075551268052284286e+04 1.017811497103735752e+00
6.075551294058353960e+04 9.818462966340846254e-01
6.075551320064422907e+04 1.004013167193858358e+00
6.075551346070492582e+04 1.012845435302011765e+00
6.075551372076561529e+04 1.005486893896611500e+00
6.075551398082630476e+04 1.001809676053832643e+00
6.075551424088700151e+04 1.002671666669512796e+00
6.075551450094769098e+04 1.000301763424388257e+00
6.075551476100838772e+04 1.008539825253573552e+00
6.075551502106907719e+04 9.750522424327233706e-01
6.075551528112976666e+04 1.009065016519219204e+00
6.075551554119046341e+04 9.903616592539815633e-01
6.075551580125115288e+04 1.001801888578534028e+00
6.075551606131184235e+04 1.006139201266394334e+00
6.075551632137253910e+04 9.902042585820136633e-01
6.075551658143322857e+04 1.008279992104585077e+00
6.075551684149392531e+04 1.006514399697374662e+00
6.075551710155461478e+04 9.963410121077299619e-01
6.075551736161530425e+04 9.959700405749790653e-01
6.075551762167600100e+04 9.906267027033698325e-01
6.075551788173669775e+04 1.005654687803640757e+00
6.075551814179738722e+04 1.012222616302034250e+00
6.075551840185807669e+04 1.005397437048442422e+00
6.075551866191877343e+04 9.813132638050462431e-01
6.075551892197946290e+04 9.745176701137832076e-01
6.075551918204015237e+04 9.983870016172998740e-01
6.075551944210084184e+04 9.946413762267070080e-01
6.075551970216153859e+04 9.948026611380310635e-01
6.075551996222223534e+04 9.815260260535099146e-01
6.075552022228292481e+04 9.990845517670470244e-01
6.075552048234361428e+04 9.954656524348843849e-01
6.075552074240431102e+04 9.837673911697817353e-01
6.075552100246500049e+04 9.992657585490226646e-01
6.075552126252569724e+04 9.891341804603018817e-01
6.075552152258639398e+04 9.871926590604951368e-01
6.075552178264707618e+04 9.675281316772309514e-01
6.075552204270777293e+04 9.891499344008013450e-01
6.075552230276846967e+04 9.904779962575592789e-01
6.075552256282915187e+04 9.902055849034985258e-01
6.075552282288985589e+04 1.003587921896942792e+00
6.075552308295054536e+04 1.011485619406625514e+00
6.075552334301123483e+04 1.005558193069805206e+00
6.075552360307193157e+04 9.883674623815399407e-01
6.075552386313262105e+04 9.793313660995499603e-01
6.075552412319331052e+04 9.967488067720590150e-01
6.075552438325400726e+04 9.956261358945718287e-01
6.075552464331469673e+04 9.781294765942852854e-01
6.075552490337539348e+04 9.870423619965056350e-01
6.075552516343608295e+04 1.009331005328020447e+00
6.075552542349677242e+04 9.939414074903738516e-01
6.075552568355746916e+04 1.004428665092462092e+00
6.075552594361816591e+04 1.019261334442932876e+00
6.075552620367885538e+04 9.970646797871485223e-01
6.075552646373954485e+04 9.952666045728227884e-01
6.075552672380024160e+04 9.993319962831607173e-01
6.075552698386093107e+04 9.821725238664231750e-01
6.075552724392162054e+04 9.889300545809545095e-01
6.075552750398231728e+04 9.624448013625538367e-01
6.075552776404300675e+04 9.931500902363229466e-01
6.075552802410370350e+04 9.987347840429962043e-01
6.075552828416440025e+04 9.917721669741240698e-01
6.075552854422508244e+04 9.827909874301665738e-01
6.075552880428577919e+04 9.766599082531964848e-01
6.075552906434647593e+04 9.972236510011627253e-01
6.075552932440716540e+04 9.975760738016544726e-01
6.075552958446786215e+04 1.015270569781355547e+00
6.075552984452855162e+04 9.927633570002138974e-01
6.075553010458924109e+04 1.006890941273359319e+00
6.075553036464993784e+04 9.864368893370585312e-01
6.075553062471062731e+04 1.000331033936894043e+00
6.075553088477132405e+04 9.605353516443873030e-01
6.075553114483201352e+04 9.692864958486145932e-01
6.075553140489271027e+04 1.017630288462926469e+00
6.075553166495340702e+04 9.991544808356864760e-01
6.075553192501408921e+04 1.000777043277216283e+00
6.075553218507478596e+04 9.961732508417997511e-01
6.075553244513548270e+04 1.007030435495915865e+00
6.075553270519617217e+04 1.006418434088262259e+00
6.075553296525686892e+04 1.001324608537300875e+00
6.075553322531755839e+04 9.857640030619334581e-01
6.075553348537824786e+04 9.923524892687487498e-01
6.075553503081219969e+04 9.836509415358021258e-01
6.075553529087288916e+04 9.960493591780120726e-01
6.075553555093358591e+04 9.907394504094035881e-01
6.075553581099427538e+04 9.956872802403892164e-01
6.075553607105497213e+04 9.926561579190842366e-01
6.075553633111566887e+04 9.919612971736437856e-01
6.075553659117635107e+04 9.781220242738377646e-01
6.075553685123704781e+04 9.917511028072854007e-01
6.075553711129774456e+04 9.825116736192980316e-01
6.075553737135842675e+04 9.662675357625095662e-01
6.075553763141913078e+04 9.806235660786613018e-01
6.075553789147982025e+04 1.003219846245995583e+00
6.075553815154050972e+04 9.912145176243546407e-01
6.075553841160120646e+04 1.001354885075611989e+00
6.075553867166189593e+04 9.907622716833900389e-01
6.075553893172259268e+04 1.000961007973531158e+00
6.075553919178328215e+04 1.000519019559121592e+00
6.075553945184397890e+04 1.008346112374983949e+00
6.075553971190467564e+04 9.992457536742366253e-01
6.075553997196535784e+04 1.000412646690409968e+00
6.075554023202605458e+04 1.004624549082812957e+00
6.075554049208675133e+04 1.005222355990578631e+00
6.075554075214744807e+04 1.015425001001405425e+00
6.075554101220813754e+04 1.015311073278849285e+00
6.075554127226882702e+04 1.011127145013678286e+00
6.075554153232952376e+04 9.999611295563646252e-01
6.075554179239021323e+04 9.891384907855385045e-01
6.075554205245090270e+04 9.843033841366892744e-01
6.075554231251159945e+04 9.904326448968521213e-01
6.075554257257229619e+04 9.843727740607088883e-01
6.075554283263298566e+04 1.005189706293293961e+00
6.075554309269368241e+04 9.938264256162990806e-01
6.075554335275437188e+04 9.992308488805505817e-01
6.075554361281506135e+04 1.006056526354124125e+00
6.075554387287575810e+04 9.990998941988711302e-01
6.075554413293645484e+04 1.022117194558991971e+00
6.075554439299715159e+04 1.002067729108677696e+00
6.075554465305783378e+04 1.001007140473471502e+00
6.075554491311853053e+04 1.023135899743664146e+00
6.075554517317922728e+04 1.009989407353054425e+00
6.075554543323990947e+04 9.946267175442484731e-01
6.075554569330060622e+04 1.010789408806862966e+00
6.075554595336130296e+04 1.010787805602930911e+00
6.075554621342199971e+04 9.825507052928844631e-01
6.075554647348268918e+04 9.902238185997643827e-01
6.075554673354337865e+04 1.004663329888696000e+00
6.075554699360407540e+04 1.002009199141119522e+00
6.075554725366477214e+04 1.011943747717738873e+00
6.075554751372546161e+04 1.012116914567554593e+00
6.075554777378615836e+04 9.929740430197819823e-01
6.075554803384684783e+04 1.000411682148659942e+00
6.075554829390754458e+04 9.838871757708025356e-01
6.075554855396823405e+04 9.919353753173038024e-01
6.075554881402892352e+04 1.008412545166910590e+00
6.075554907408962754e+04 1.019805186916396433e+00
6.075554933415030973e+04 9.992957986493270495e-01
6.075554959421100648e+04 1.004200152174856031e+00
6.075554985427170323e+04 1.003373684024019719e+00
6.075555011433239270e+04 9.895089607822519229e-01
6.075555037439308217e+04 9.887931445845812295e-01
6.075555063445377891e+04 1.010705329769762795e+00
6.075555089451447566e+04 1.026305120471414201e+00
6.075555115457517240e+04 9.984832139575983145e-01
6.075555141463585460e+04 9.960082069824408579e-01
6.075555167469655134e+04 1.014909301919151741e+00
6.075555193475724809e+04 1.004795834319662795e+00
6.075555219481794484e+04 9.932641388636404001e-01
6.075555245487863431e+04 1.000136207239835651e+00
6.075555271493932378e+04 1.006512718665537154e+00
6.075555297500002052e+04 9.877360250857781798e-01
6.075555323506071727e+04 9.829344086854820972e-01
6.075555349512139946e+04 9.985016163509049525e-01
6.075555375518209621e+04 1.011799467776565820e+00
6.075555401524279296e+04 9.976907341001297613e-01
6.075555427530348970e+04 1.026242677982402762e+00
6.075555453536417917e+04 1.003752003287359029e+00
6.075555479542486864e+04 1.012181058968543601e+00
6.075555505548556539e+04 1.006235744515880715e+00
6.075555531554626214e+04 9.916164772843825137e-01
6.075555557560695161e+04 1.012862687335898793e+00
6.075555583566764835e+04 1.005323468421346567e+00
6.075555609572833782e+04 1.021232262627407739e+00
6.075555635578903457e+04 9.975953964127605156e-01
6.075555661584972404e+04 9.995772169248579031e-01
6.075555687591041351e+04 1.002241367307363351e+00
6.075555713597111026e+04 9.982205539807977868e-01
6.075555739603180700e+04 9.823867704845510307e-01
6.075555765609250375e+04 1.001609008369168663e+00
6.075555791615319322e+04 9.848761906567791158e-01
6.075555817621388269e+04 1.007256706084145526e+00
6.075555843627457944e+04 1.029789096397483394e+00
6.075555869633527618e+04 1.013893177846634019e+00
6.075555895639596565e+04 1.008986574994694241e+00
6.075555921645666240e+04 9.959727978723380559e-01
6.075555947651735187e+04 1.006680162789343802e+00
6.075555973657804861e+04 1.002052928242657348e+00
6.075555999663873808e+04 1.004231747146347109e+00
6.075556025669943483e+04 1.002654326404526675e+00
6.075556051676013158e+04 9.970169418754217805e-01
6.075556077682082105e+04 9.875450507101185549e-01
6.075556103688151779e+04 1.007782479552590038e+00
6.075556129694220726e+04 1.019574277901331705e+00
6.075556155700289673e+04 9.962230819101013379e-01
6.075556181706359348e+04 1.004805768265601307e+00
6.075556207712429023e+04 1.010029291845777388e+00
6.075556233718497970e+04 9.936255293575291248e-01
6.075556259724567644e+04 1.006320939057145036e+00
6.075556285730636591e+04 1.004062739590608322e+00
6.075556311736706266e+04 9.998019055791564913e-01
6.075556337742775941e+04 1.001978052930679874e+00
6.075556504889419739e+04 1.004693498875133262e+00
6.075556530895488686e+04 1.000705188005180712e+00
6.075556556901558361e+04 1.015377740456755218e+00
6.075556582907628035e+04 9.994765859254889362e-01
6.075556608913696255e+04 1.007239899388250093e+00
6.075556634919766657e+04 1.012762783534313815e+00
6.075556660925835604e+04 1.012226371790628354e+00
6.075556686931905278e+04 1.012391410936301250e+00
6.075556712937974953e+04 1.003268970917824188e+00
6.075556738944043173e+04 9.956716945215987602e-01
6.075556764950112847e+04 9.992094131798339163e-01
6.075556790956182522e+04 1.011093209704012175e+00
6.075556816962252196e+04 9.936440143435245620e-01
6.075556842968321871e+04 1.016198794747095624e+00
6.075556868974390090e+04 9.862804174472982188e-01
6.075556894980459765e+04 9.939083500249238368e-01
6.075556920986529440e+04 1.010417096037101281e+00
6.075556946992599114e+04 9.971015424713356445e-01
6.075556972998668789e+04 1.031696144078191324e+00
6.075556999004737008e+04 1.003379396826946879e+00
6.075557025010806683e+04 9.899129384382717722e-01
6.075557051016876358e+04 9.914815613032642583e-01
6.075557077022945305e+04 1.003006792677534342e+00
6.075557103029014979e+04 9.958186424269616088e-01
6.075557129035083926e+04 1.004999605075654445e+00
6.075557155041153601e+04 1.007616039609618763e+00
6.075557181047223276e+04 1.016844335924171450e+00
6.075557207053292223e+04 1.014603835374709107e+00
6.075557233059361897e+04 9.929589818523520961e-01
6.075557259065431572e+04 1.009268283883183681e+00
6.075557285071500519e+04 1.009963774723838803e+00
6.075557311077570193e+04 9.896878017989574339e-01
6.075557337083639140e+04 9.981754094873634964e-01
6.075557363089708815e+04 9.857364823211927085e-01
6.075557389095778490e+04 1.006839607521861524e+00
6.075557415101846709e+04 1.003340815300505007e+00
6.075557441107916384e+04 1.002871580172604915e+00
6.075557467113986058e+04 9.917340829510848943e-01
6.075557493120055733e+04 1.004571911819794439e+00
6.075557519126125408e+04 9.902428886674379260e-01
6.075557545132194355e+04 1.014420053839264924e+00
6.075557571138263302e+04 1.004097977695381116e+00
6.075557597144332976e+04 9.931432092817535917e-01
6.075557623150402651e+04 1.007962454072259151e+00
6.075557649156472326e+04 1.004261063646195051e+00
6.075557675162541273e+04 9.952525986375926337e-01
6.075557701168610220e+04 1.001932356714003491e+00
6.075557727174679894e+04 1.005784359231701730e+00
6.075557753180748841e+04 1.007788603234364810e+00
6.075557779186819243e+04 1.022407985175873169e+00
6.075557805192888191e+04 1.000884999645743623e+00
6.075557831198957865e+04 1.001715519151224587e+00
6.075557857205026812e+04 1.003023045946505487e+00
6.075557883211095759e+04 1.027328279958714452e+00
6.075557909217165434e+04 1.011541140157800944e+00
6.075557935223235108e+04 1.014280532837366966e+00
6.075557961229304783e+04 1.002531707395273308e+00
6.075557987235374458e+04 9.895190392863248974e-01
6.075558013241442677e+04 9.970435796679255613e-01
6.075558039247512352e+04 1.022673653262937021e+00
6.075558065253582026e+04 9.977218312469229300e-01
6.075558091259651701e+04 1.016613767420710968e+00
6.075558117265721376e+04 1.004675430286718019e+00
6.075558143271790323e+04 1.017332014292761766e+00
6.075558169277859997e+04 9.968818300559391110e-01
6.075558195283928944e+04 1.005116396947405955e+00
6.075558221289997891e+04 1.014434973602243106e+00
6.075558247296067566e+04 1.016575938654856959e+00
6.075558273302137241e+04 1.002920216815905929e+00
6.075558299308206915e+04 1.000498408977635201e+00
6.075558325314276590e+04 9.937392677222250947e-01
6.075558351320344809e+04 1.007719684490813616e+00
6.075558377326414484e+04 1.010204520619972790e+00
6.075558403332484158e+04 9.969555114167047982e-01
6.075558429338553833e+04 9.782733375258327868e-01
6.075558455344623508e+04 1.029959437843072312e+00
6.075558481350692455e+04 9.955565763332190343e-01
6.075558507356762129e+04 9.968983624472178562e-01
6.075558533362831076e+04 1.021856513501790298e+00
6.075558559368900023e+04 9.880861938720985060e-01
6.075558585374969698e+04 1.000349863005644213e+00
6.075558611381039373e+04 1.010112103350564228e+00
6.075558637387109047e+04 9.904889533781560118e-01
6.075558663393178722e+04 1.011992177751066757e+00
6.075558689399247669e+04 9.970352100254294969e-01
6.075558715405316616e+04 9.975875545999642879e-01
6.075558741411386291e+04 9.889998528485361984e-01
6.075558767417455965e+04 9.872226128084848895e-01
6.075558793423525640e+04 9.860829830448286648e-01
6.075558819429594587e+04 1.000739874708972188e+00
6.075558845435664261e+04 9.912159291325816080e-01
6.075558871441733936e+04 9.896539089788491950e-01
6.075558897447803611e+04 1.002419215021354670e+00
6.075558923453872558e+04 1.006300083842692983e+00
6.075558949459941505e+04 1.008133866612073382e+00
6.075558975466011179e+04 1.002106007276373223e+00
6.075559001472080854e+04 1.017492324794470715e+00
6.075559027478149801e+04 1.002710210967255655e+00
6.075559053484219476e+04 1.009685173512805623e+00
6.075559079490289150e+04 9.861070949873835811e-01
6.075559105496358097e+04 9.871503126509185710e-01
6.075559131502427772e+04 9.725486633373705558e-01
6.075559157508496719e+04 1.005439432322592141e+00
6.075559183514566394e+04 1.016818123801654483e+00
6.075559209520636068e+04 1.004444820781328573e+00
6.075559235526705743e+04 1.002420477877092653e+00
6.075559261532775417e+04 1.010507320022347111e+00
6.075559287538844364e+04 1.001818645090052584e+00
6.075559313544914039e+04 9.941482039545781468e-01
6.075559339550982986e+04 9.980155148680238675e-01
6.075559494095059927e+04 9.937068551982976006e-01
6.075559520101129601e+04 9.842976777887921802e-01
6.075559546107199276e+04 9.896514463746182155e-01
6.075559572113268950e+04 9.969740287703368065e-01
6.075559598119337898e+04 1.019169353096810671e+00
6.075559624125407572e+04 1.013285748641481687e+00
6.075559650131477247e+04 9.929715360137522095e-01
6.075559676137546921e+04 1.009321290838384400e+00
6.075559702143615868e+04 1.009474463000226141e+00
6.075559728149684815e+04 9.949315181603380909e-01
6.075559754155754490e+04 1.001533574486198841e+00
6.075559780161824165e+04 1.004407057971124395e+00
6.075559806167893839e+04 1.027629555829167707e+00
6.075559832173963514e+04 1.020445369959536386e+00
6.075559858180032461e+04 1.013769628112990651e+00
6.075559884186102136e+04 1.028438156057753794e+00
6.075559910192171810e+04 9.989098808850752631e-01
6.075559936198240757e+04 1.005767194067788362e+00
6.075559962204309704e+04 9.987665971234005458e-01
6.075559988210379379e+04 9.985928186506947135e-01
6.075560014216449053e+04 1.010247074990311411e+00
6.075560040222518728e+04 9.967843039669653793e-01
6.075560066228587675e+04 1.008546093841351299e+00
6.075560092234657350e+04 9.932451622757334508e-01
6.075560118240727024e+04 9.783641223040292489e-01
6.075560144246796699e+04 9.816440519843800949e-01
6.075560170252866374e+04 9.943339002608163613e-01
6.075560196258935321e+04 9.892440689969616008e-01
6.075560222265004995e+04 1.009166049050575387e+00
6.075560248271073942e+04 9.970487096498740209e-01
6.075560274277142889e+04 9.783298118702685731e-01
6.075560300283212564e+04 1.006798468423156789e+00
6.075560326289282239e+04 1.017996016829665562e+00
6.075560352295351913e+04 9.970836098412035886e-01
6.075560378301421588e+04 1.000235325963294564e+00
6.075560404307490535e+04 9.947913326176918147e-01
6.075560430313560209e+04 9.991451505266857325e-01
6.075560456319629884e+04 9.987422042640272668e-01
6.075560482325699559e+04 1.003661701439157561e+00
6.075560508331769233e+04 1.005553020557148791e+00
6.075560534337838180e+04 9.884142145826216863e-01
6.075560560343907127e+04 9.920183556636202882e-01
6.075560586349976802e+04 9.965969091534506719e-01
6.075560612356045749e+04 9.825852420127164644e-01
6.075560638362116151e+04 1.001314579836549701e+00
6.075560664368185098e+04 9.994431028670418549e-01
6.075560690374254773e+04 9.937737652802358657e-01
6.075560716380324448e+04 1.003787404296484054e+00
6.075560742386393395e+04 9.999960972716728236e-01
6.075560768392463069e+04 9.854254898584334788e-01
6.075560794398532744e+04 9.896916723219155720e-01
6.075560820404602418e+04 1.008159879836502126e+00
6.075560846410672093e+04 9.850815205741220160e-01
6.075560872416741040e+04 9.921140792507804340e-01
6.075560898422810715e+04 9.906936505562005113e-01
6.075560924428879662e+04 9.990920616473616400e-01
6.075560950434949336e+04 1.007019507235875855e+00
6.075560976441019011e+04 9.860726056909537851e-01
6.075561002447087958e+04 1.002588212040373739e+00
6.075561028453157633e+04 1.002662996933100237e+00
6.075561054459227307e+04 9.991583819281482093e-01
6.075561080465296254e+04 1.010730297207783179e+00
6.075561106471365929e+04 9.868487400641924312e-01
6.075561132477435604e+04 9.736253258265383792e-01
6.075561158483505278e+04 9.917203554182737468e-01
6.075561184489574953e+04 9.972356071920777110e-01
6.075561210495643900e+04 1.006892928941632182e+00
6.075561236501713574e+04 1.006343448500994331e+00
6.075561262507783249e+04 1.018878533135000763e+00
6.075561288513852924e+04 1.011579116580335835e+00
6.075561314519922598e+04 1.021402583633536754e+00
6.075561340525991545e+04 9.840916089024740465e-01
6.075561366532060492e+04 9.940562698041610634e-01
6.075561392538130167e+04 1.012045881129210567e+00
6.075561418544199114e+04 1.010876912981072628e+00
6.075561444550268789e+04 1.008837986580834567e+00
6.075561470556338463e+04 1.011440507489227869e+00
6.075561496562408138e+04 1.002816546611950965e+00
6.075561522568477812e+04 9.787029541781939734e-01
6.075561548574546759e+04 9.854131363605636018e-01
6.075561574580616434e+04 1.008264288323171831e+00
6.075561600586686109e+04 1.008387046431382661e+00
6.075561626592755783e+04 1.011303271339734300e+00
6.075561652598825458e+04 1.003872425929628109e+00
6.075561678604894405e+04 9.795157276799052459e-01
6.075561704610964080e+04 9.966287225780958714e-01
6.075561730617033754e+04 9.988091821452655950e-01
6.075561756623102701e+04 9.882932062881337743e-01
6.075561782629173103e+04 9.960792331018466506e-01
6.075561808635242051e+04 1.002064424688401179e+00
6.075561834641311725e+04 9.871940425796371654e-01
6.075561860647381400e+04 1.015045978470342281e+00
6.075561886653450347e+04 1.006334736433472710e+00
6.075561912659520021e+04 1.000374111923457487e+00
6.075561938665589696e+04 9.994952378410811855e-01
6.075561964671659371e+04 1.006335715705423794e+00
6.075561990677728318e+04 1.006099456491420741e+00
6.075562016683797265e+04 1.002369150000916642e+00
6.075562042689866939e+04 9.997229916357999180e-01
6.075562068695936614e+04 1.001119699641694449e+00
6.075562094702006289e+04 1.004312707751201961e+00
6.075562120708075963e+04 1.006104072646977654e+00
6.075562146714144910e+04 9.803484490346887625e-01
6.075562172720214585e+04 1.006029838652816366e+00
6.075562198726284259e+04 9.928171372538202588e-01
6.075562224732353206e+04 1.020720716128252992e+00
6.075562250738422881e+04 9.997192898804384553e-01
6.075562276744492556e+04 9.819389616753394501e-01
6.075562302750562230e+04 9.970529469784257248e-01
6.075562328756631905e+04 1.008665517017653279e+00
6.075562490898179385e+04 9.976583253812143504e-01
6.075562516903569485e+04 9.923987144533903404e-01
6.075562542908958858e+04 1.019872283924346368e+00
6.075562568914349686e+04 9.852478704242481067e-01
6.075562594919739058e+04 1.001591359614489418e+00
6.075562620925129158e+04 1.000037086951786058e+00
6.075562646930519259e+04 9.914188854711196708e-01
6.075562672935908631e+04 1.013578580181682787e+00
6.075562698941299459e+04 1.000375195618000479e+00
6.075562724946688832e+04 9.946233927735201874e-01
6.075562750952078204e+04 1.011945823577930836e+00
6.075562776957469032e+04 1.007474124001617621e+00
6.075562802962858404e+04 1.005695351226260081e+00
6.075562828968248505e+04 9.961755923636170795e-01
6.075562854973638605e+04 9.835917070118781469e-01
6.075562880979027977e+04 9.955298177837464957e-01
6.075562906984418805e+04 1.010130130682385330e+00
6.075562932989808178e+04 1.005838552324187729e+00
6.075562958995198278e+04 9.949260905903096752e-01
6.075562985000588378e+04 1.005678124695045250e+00
6.075563011005977751e+04 9.949822743809509928e-01
6.075563037011368579e+04 9.943396321766365675e-01
6.075563063016757951e+04 1.000878314326403729e+00
6.075563089022147324e+04 9.992147549700891584e-01
6.075563115027538151e+04 1.005320020407552306e+00
6.075563141032927524e+04 1.004557826843279766e+00
6.075563167038317624e+04 1.003851536423503443e+00
6.075563193043707724e+04 1.010562127087677009e+00
6.075563219049097097e+04 9.886605753190654822e-01
6.075563245054487925e+04 1.013302621110564905e+00
6.075563271059877297e+04 1.017264953662544658e+00
6.075563297065267398e+04 9.956085465954107594e-01
6.075563323070657498e+04 1.010103596751747990e+00
6.075563349076046870e+04 1.010841415599039950e+00
6.075563375081437698e+04 1.021885181001211729e+00
6.075563401086827798e+04 1.001797039608630868e+00
6.075563427092217171e+04 1.006579363719335873e+00
6.075563453097607999e+04 1.017625383349090917e+00
6.075563479102997371e+04 1.003739978791591492e+00
6.075563505108387471e+04 9.986938631278052814e-01
6.075563531113777572e+04 9.886945912299766048e-01
6.075563557119166944e+04 1.006941487281624026e+00
6.075563583124557772e+04 1.022251900178705153e+00
6.075563609129947145e+04 1.016840500973762884e+00
6.075563635135336517e+04 1.001641989293103441e+00
6.075563661140727345e+04 1.013953022242725988e+00
6.075563687146116717e+04 9.996468148606593163e-01
6.075563713151507545e+04 9.874895177758609144e-01
6.075563739156896918e+04 1.002332167165794763e+00
6.075563765162286290e+04 1.005018414355104195e+00
6.075563791167677118e+04 9.988625201955547706e-01
6.075563817173066491e+04 9.904014826443664488e-01
6.075563843178456591e+04 9.876850270019228439e-01
6.075563869183846691e+04 1.011632606583738880e+00
6.075563895189236064e+04 1.007302901274500506e+00
6.075563921194626892e+04 1.001493591162508467e+00
6.075563947200016992e+04 1.008464410491969110e+00
6.075563973205406364e+04 9.928367310005691282e-01
6.075563999210797192e+04 1.012411229776993160e+00
6.075564025216186565e+04 1.007059326024830836e+00
6.075564051221577392e+04 9.973373587800183904e-01
6.075564077226966765e+04 1.019096681582066344e+00
6.075564103232356138e+04 1.034893330393057642e+00
6.075564129237746965e+04 9.978445301403092715e-01
6.075564155243136338e+04 1.005933875259441557e+00
6.075564181248526438e+04 1.008083557019040954e+00
6.075564207253916538e+04 1.009619120719609686e+00
6.075564233259305911e+04 9.953524741884380855e-01
6.075564259264696739e+04 9.949384240667870083e-01
6.075564285270086111e+04 1.012255741492804839e+00
6.075564311275475484e+04 9.922931283345546305e-01
6.075564337280867039e+04 1.006693637517949158e+00
6.075564363286256412e+04 1.003971407450211739e+00
6.075564389291646512e+04 1.018928878202825405e+00
6.075564415297036612e+04 9.759360836468086164e-01
6.075564441302425985e+04 1.003733107254741741e+00
6.075564467307816813e+04 9.938968847081423030e-01
6.075564493313206185e+04 1.011886466564792642e+00
6.075564519318596285e+04 9.965534860656871663e-01
6.075564545323986385e+04 9.910526825312293564e-01
6.075564571329375758e+04 1.015380732729508351e+00
6.075564597334766586e+04 1.002450805810468637e+00
6.075564623340155958e+04 1.013958689145035397e+00
6.075564649345545331e+04 9.975994879582988917e-01
6.075564675350936886e+04 9.905545489320939367e-01
6.075564701356326259e+04 1.006431807897235187e+00
6.075564727361716359e+04 9.899274390540044877e-01
6.075564753367106459e+04 1.005058637303915203e+00
6.075564779372495832e+04 1.016167103788015114e+00
6.075564805377886660e+04 9.949168246960516937e-01
6.075564831383276032e+04 9.824136895130269886e-01
6.075564857388666132e+04 1.026794872926357183e+00
6.075564883394056233e+04 1.001917425971016185e+00
6.075564909399445605e+04 1.000196921801276728e+00
6.075564935404836433e+04 1.010238567098492357e+00
6.075564961410226533e+04 9.990294734520366315e-01
6.075564987415615906e+04 1.011975088618450647e+00
6.075565013421006734e+04 1.003051535676562800e+00
6.075565039426396106e+04 1.010899559062851338e+00
6.075565065431786206e+04 1.011739869876206344e+00
6.075565091437176306e+04 1.002014477402285886e+00
6.075565117442565679e+04 1.001729296316349993e+00
6.075565143447956507e+04 9.968569086882825836e-01
6.075565169453345879e+04 1.032288480297379962e+00
6.075565195458735980e+04 1.002051340222280373e+00
6.075565221464126080e+04 1.005753726677060866e+00
6.075565247469516180e+04 9.953669329920840081e-01
6.075565273474907008e+04 1.015026006120754776e+00
6.075565299480296380e+04 1.009969092524812151e+00
6.075565325485685753e+04 1.002959113486709075e+00
6.075565492670372623e+04 1.007987154492853143e+00
6.075565518676442298e+04 9.972938749268751568e-01
6.075565544682511972e+04 1.030066458861979228e+00
6.075565570688581647e+04 9.943966084964104279e-01
6.075565596694650594e+04 1.005109696155788823e+00
6.075565622700720269e+04 9.987263153695876694e-01
6.075565648706790671e+04 1.015375457668714176e+00
6.075565674712860346e+04 1.017593777401764932e+00
6.075565700718930020e+04 1.003480035117349622e+00
6.075565726724998967e+04 1.000084748386153466e+00
6.075565752731068642e+04 1.020519673157657348e+00
6.075565778737138317e+04 1.014087426731832720e+00
6.075565804743207264e+04 9.928044506789025503e-01
6.075565830749276938e+04 9.975504923018628789e-01
6.075565856755346613e+04 9.999062685214765711e-01
6.075565882761416287e+04 1.004162583669759190e+00
6.075565908767486690e+04 9.955234832042242354e-01
6.075565934773555637e+04 1.020867604502151194e+00
6.075565960779625311e+04 1.000868493422075067e+00
6.075565986785694986e+04 1.009207020163732871e+00
6.075566012791764661e+04 9.969795508032855968e-01
6.075566038797834335e+04 9.925312183170892366e-01
6.075566064803903282e+04 1.006902542678393075e+00
6.075566090809972957e+04 1.008720335891735598e+00
6.075566116816042631e+04 1.012070576931605848e+00
6.075566142822111578e+04 1.007229009021716637e+00
6.075566168828181981e+04 9.938446264450900847e-01
6.075566194834251655e+04 1.008853937116732213e+00
6.075566220840321330e+04 1.021154928551111674e+00
6.075566246846391005e+04 9.830600363395880503e-01
6.075566272852459952e+04 9.976574192278361286e-01
6.075566298858529626e+04 9.863023141732756294e-01
6.075566324864599301e+04 9.970017837029531149e-01
6.075566350870668975e+04 9.884122718820778086e-01
6.075566376876738650e+04 1.009995016624084307e+00
6.075566402882808325e+04 9.985797613769309411e-01
6.075566428888877999e+04 9.906335660971713475e-01
6.075566454894947674e+04 9.873267193084767079e-01
6.075566480901016621e+04 1.002150523359600198e+00
6.075566506907087023e+04 1.003791850589787593e+00
6.075566532913155970e+04 9.888953432342005856e-01
6.075566558919225645e+04 1.001120099588941104e+00
6.075566584925295319e+04 9.895418178326502723e-01
6.075566610931364266e+04 1.012667551691868839e+00
6.075566636937434669e+04 1.003957226016096271e+00
6.075566662943504343e+04 9.825982962116859287e-01
6.075566688949574018e+04 1.011318507493384811e+00
6.075566714955643693e+04 1.007719511130183321e+00
6.075566740961712640e+04 1.011666601864267268e+00
6.075566766967782314e+04 1.003707855021868989e+00
6.075566792973851989e+04 9.927125174884320336e-01
6.075566818979921663e+04 9.923543264544463227e-01
6.075566844985992066e+04 1.019259092613891360e+00
6.075566870992061013e+04 1.006565669786145589e+00
6.075566896998130687e+04 9.758880043720593589e-01
6.075566923004200362e+04 1.007879937587814023e+00
6.075566949010269309e+04 9.894606208866137953e-01
6.075566975016338984e+04 9.930429511561253975e-01
6.075567001022408658e+04 1.013232222714550712e+00
6.075567027028479060e+04 1.005099452707672425e+00
6.075567053034548735e+04 1.007272946113829892e+00
6.075567079040617682e+04 9.958062633823847598e-01
6.075567105046687357e+04 1.004178794675078423e+00
6.075567131052757031e+04 9.956181501000499479e-01
6.075567157058826706e+04 1.019982152841907519e+00
6.075567183064896381e+04 1.023576371196905255e+00
6.075567209070966055e+04 9.972282217046866126e-01
6.075567235077035730e+04 9.925248575937826168e-01
6.075567261083105404e+04 1.015641112928506562e+00
6.075567287089174351e+04 1.012670262755357653e+00
6.075567313095244026e+04 9.973630127250373567e-01
6.075567339101313701e+04 1.011609360568841209e+00
6.075567365107383375e+04 1.005511344652605610e+00
6.075567391113453778e+04 1.011546763994748632e+00
6.075567417119522725e+04 9.939558917626407641e-01
6.075567443125592399e+04 9.977546263383872960e-01
6.075567469131662074e+04 9.846065396302287054e-01
6.075567495137731748e+04 1.007104946994624273e+00
6.075567521143801423e+04 9.827807591698407563e-01
6.075567547149870370e+04 9.980208547560506238e-01
6.075567573155940772e+04 1.011250251700336555e+00
6.075567599162010447e+04 1.005229360708695729e+00
6.075567625168079394e+04 9.891506137939855003e-01
6.075567651174149796e+04 1.012158415025066871e+00
6.075567677180218743e+04 9.967889269610306080e-01
6.075567703186288418e+04 1.009068679577233230e+00
6.075567729192358820e+04 1.012775502254351867e+00
6.075567755198427767e+04 9.797447869831168443e-01
6.075567781204497442e+04 1.017447162785130255e+00
6.075567807210567116e+04 9.992049334969927976e-01
6.075567833216636791e+04 1.005341703278903154e+00
6.075567859222706466e+04 9.851187305934654415e-01
6.075567885228776140e+04 9.930916910080769267e-01
6.075567911234845815e+04 9.941645290745574348e-01
6.075567937240915489e+04 1.004810146934298043e+00
6.075567963246985164e+04 9.906134160749233697e-01
6.075567989253054839e+04 9.912652267451561583e-01
6.075568015259123786e+04 9.965307922122188522e-01
6.075568041265193460e+04 1.006468151960603130e+00
6.075568067271263862e+04 9.875969743592228900e-01
6.075568093277332810e+04 1.006845047365130918e+00
6.075568119283402484e+04 1.001384428904477097e+00
6.075568145289472159e+04 9.993458040642311246e-01
6.075568171295541833e+04 1.000974037147423390e+00
6.075568197301612236e+04 1.018696002930348454e+00
6.075568223307681183e+04 9.942367461631038683e-01
6.075568249313750857e+04 9.954494368507867952e-01
6.075568275319820532e+04 9.878557987246173733e-01
6.075568301325890206e+04 1.004037527699324750e+00
6.075568327331959881e+04 9.980249289798592827e-01
6.075568483173202549e+04 9.838121380733666488e-01
6.075568509178581735e+04 9.905291160148247398e-01
6.075568535183960921e+04 9.760897362857305914e-01
6.075568561189340107e+04 9.814970735907377897e-01
6.075568587194720021e+04 9.874928483088358799e-01
6.075568613200099207e+04 1.002018739008804227e+00
6.075568639205479121e+04 9.864729253444612933e-01
6.075568665210859035e+04 9.956176556536486810e-01
6.075568691216238221e+04 9.994005914330360563e-01
6.075568717221618135e+04 9.951158557380229697e-01
6.075568743226997321e+04 9.926120312688879732e-01
6.075568769232376508e+04 1.006584685260677903e+00
6.075568795237755694e+04 9.952949604063041633e-01
6.075568821243135608e+04 1.001710354198664499e+00
6.075568847248514794e+04 9.984604346467005342e-01
6.075568873253893980e+04 9.875069244639127497e-01
6.075568899259273167e+04 1.000094817753556908e+00
6.075568925264653080e+04 9.866113305831440972e-01
6.075568951270033722e+04 9.877589023061803530e-01
6.075568977275412908e+04 9.945557533901878688e-01
6.075569003280792094e+04 9.777518917472004523e-01
6.075569029286171281e+04 1.006698865534787046e+00
6.075569055291551194e+04 9.963319095579075135e-01
6.075569081296930381e+04 9.986032553130576028e-01
6.075569107302309567e+04 1.004169754380297208e+00
6.075569133307688753e+04 1.012440894799143010e+00
6.075569159313068667e+04 9.856201483364629423e-01
6.075569185318447853e+04 1.002476280403911568e+00
6.075569211323827039e+04 1.003987970131740681e+00
6.075569237329206953e+04 9.852125819463564138e-01
6.075569263334586867e+04 1.001560883387203393e+00
6.075569289339966781e+04 9.974329867678469741e-01
6.075569315345345967e+04 9.812695311454587843e-01
6.075569341350725153e+04 1.001983110398264154e+00
6.075569367356104340e+04 9.894282010482682299e-01
6.075569393361484254e+04 1.020673915865401460e+00
6.075569419366863440e+04 1.007548356919998112e+00
6.075569445372242626e+04 1.005988425152147148e+00
6.075569471377621812e+04 9.992377906780760544e-01
6.075569497383001726e+04 9.980972982273140781e-01
6.075569523388381640e+04 1.013599893250568096e+00
6.075569549393761554e+04 9.947522890371498505e-01
6.075569575399140740e+04 1.001547901039190780e+00
6.075569601404520654e+04 9.935714566330968722e-01
6.075569627409899840e+04 9.971781780395058137e-01
6.075569653415279026e+04 9.919243975413016834e-01
6.075569679420658213e+04 9.911306024489052735e-01
6.075569705426038126e+04 1.002619058855568124e+00
6.075569731431417313e+04 1.004495835177277918e+00
6.075569757436796499e+04 1.000973921932809763e+00
6.075569783442175685e+04 9.709922842533501575e-01
6.075569809447555599e+04 1.003575815388225267e+00
6.075569835452935513e+04 9.998005227086995683e-01
6.075569861458315427e+04 9.836408023975672377e-01
6.075569887463694613e+04 9.948335428307655270e-01
6.075569913469074527e+04 1.012282600450050918e+00
6.075569939474453713e+04 9.752574049700630798e-01
6.075569965479832899e+04 9.993637120153816555e-01
6.075569991485212086e+04 1.005784871228434518e+00
6.075570017490591999e+04 1.024271819579068765e+00
6.075570043495971186e+04 9.982525689809302882e-01
6.075570069501350372e+04 9.880323740876474359e-01
6.075570095506729558e+04 9.932506750730687450e-01
6.075570121512110200e+04 9.832587665380875253e-01
6.075570147517490113e+04 9.898579160678867561e-01
6.075570173522869300e+04 9.866953700052442100e-01
6.075570199528248486e+04 1.000296202495136066e+00
6.075570225533628400e+04 1.007116941339821770e+00
6.075570251539007586e+04 1.005299546945683797e+00
6.075570277544386772e+04 9.998298829791469888e-01
6.075570303549766686e+04 9.966372737387794167e-01
6.075570329555145872e+04 9.946584049079868484e-01
6.075570355560525059e+04 1.008502346114471093e+00
6.075570381565904245e+04 9.962272312721023315e-01
6.075570407571284159e+04 1.019696788449897751e+00
6.075570433576664072e+04 9.905667347789587351e-01
6.075570459582043986e+04 1.007554595166973543e+00
6.075570485587423173e+04 1.009263820471337780e+00
6.075570511592803086e+04 1.009137523927315927e+00
6.075570537598182273e+04 1.006018648094505030e+00
6.075570563603561459e+04 1.018179555791475233e+00
6.075570589608941373e+04 1.005689106732875926e+00
6.075570615614320559e+04 9.889312360988000705e-01
6.075570641619699745e+04 9.945751566776787067e-01
6.075570667625078931e+04 9.830941172960021568e-01
6.075570693630458845e+04 1.000017002670748001e+00
6.075570719635838759e+04 1.004286003921690762e+00
6.075570745641218673e+04 9.985834534637610949e-01
6.075570771646598587e+04 1.004549222254423224e+00
6.075570797651977773e+04 1.000309319819419951e+00
6.075570823657356959e+04 9.912383426700598354e-01
6.075570849662736146e+04 1.004105520309769517e+00
6.075570875668116059e+04 1.001914863440408032e+00
6.075570901673495246e+04 9.684715960806072887e-01
6.075570927678874432e+04 9.966351250094405145e-01
6.075570953684254346e+04 1.002027205730315451e+00
6.075570979689633532e+04 1.011915176089766666e+00
6.075571005695012718e+04 9.971555897607793373e-01
6.075571031700392632e+04 1.003653293714234840e+00
6.075571057705773273e+04 9.986321994436953009e-01
6.075571083711152460e+04 1.008840551194613688e+00
6.075571109716531646e+04 9.840490863604933747e-01
6.075571135721911560e+04 9.975178293897835058e-01
6.075571161727290746e+04 9.882348584934678160e-01
6.075571187732669932e+04 9.849890899528132016e-01
6.075571213738049846e+04 1.005347434937025275e+00
6.075571239743429032e+04 1.019635910626037978e+00
6.075571265748808219e+04 9.937201610469044155e-01
6.075571291754187405e+04 9.949428920578770041e-01
6.075571317759568046e+04 1.012252729244228044e+00
6.075571474862289324e+04 9.877742140112892866e-01
6.075571500868358999e+04 1.017785961602160727e+00
6.075571526874427946e+04 9.952056926123422631e-01
6.075571552880498348e+04 1.005747556172525981e+00
6.075571578886568022e+04 1.017679951683147843e+00
6.075571604892637697e+04 1.002550832836721861e+00
6.075571630898707372e+04 9.999043307474557718e-01
6.075571656904777046e+04 1.005756398001098173e+00
6.075571682910846721e+04 1.008322290679981137e+00
6.075571708916916396e+04 1.014293519451684000e+00
6.075571734922986070e+04 9.903240892152012087e-01
6.075571760929056472e+04 1.004140568474414463e+00
6.075571786935125419e+04 1.001627658490840789e+00
6.075571812941195094e+04 1.008216435404068134e+00
6.075571838947265496e+04 1.005790424013084383e+00
6.075571864953334443e+04 9.991809773607471801e-01
6.075571890959404118e+04 1.009352826466604958e+00
6.075571916965474520e+04 9.931275402102511807e-01
6.075571942971544195e+04 1.003209257012862121e+00
6.075571968977613869e+04 1.006423026711610103e+00
6.075571994983683544e+04 1.024924970202125918e+00
6.075572020989753219e+04 9.817285867214075035e-01
6.075572046995822893e+04 9.971000422762136273e-01
6.075572073001892568e+04 1.009121564671534133e+00
6.075572099007962970e+04 1.006181651362314300e+00
6.075572125014031917e+04 9.870101905301084111e-01
6.075572151020101592e+04 1.000802392276641140e+00
6.075572177026171994e+04 1.013584199739931524e+00
6.075572203032240941e+04 9.982574685236130785e-01
6.075572229038310616e+04 1.006099166584031757e+00
6.075572255044381018e+04 1.006253654638625594e+00
6.075572281050450692e+04 1.012740310133678046e+00
6.075572307056520367e+04 1.002876452926345197e+00
6.075572333062589314e+04 1.011606459146854986e+00
6.075572359068659716e+04 1.005679855363003306e+00
6.075572385074729391e+04 1.021056492771447832e+00
6.075572411080799066e+04 9.958344280201623100e-01
6.075572437086869468e+04 1.004766464184478458e+00
6.075572463092938415e+04 9.874852502532992515e-01
6.075572489099008089e+04 9.983578591747854780e-01
6.075572515105078492e+04 9.950816217622256987e-01
6.075572541111147439e+04 1.016306219357215213e+00
6.075572567117217113e+04 1.025210830520533190e+00
6.075572593123287515e+04 1.004601948190266603e+00
6.075572619129357190e+04 1.007434729808863283e+00
6.075572645135426865e+04 9.792386046179557546e-01
6.075572671141496539e+04 9.957871425018351985e-01
6.075572697147566214e+04 1.007200393413824502e+00
6.075572723153635889e+04 9.892028340966447786e-01
6.075572749159706291e+04 1.011758068314147829e+00
6.075572775165775965e+04 1.012479606293765100e+00
6.075572801171844912e+04 1.000290219946883941e+00
6.075572827177915315e+04 1.000900536351673198e+00
6.075572853183984989e+04 1.024295362407781074e+00
6.075572879190053936e+04 9.959804169057676626e-01
6.075572905196125066e+04 1.004288199257694636e+00
6.075572931202194013e+04 1.007727532913513135e+00
6.075572957208263688e+04 1.010742891821727829e+00
6.075572983214334090e+04 1.000564458420251990e+00
6.075573009220403037e+04 1.013577984859664438e+00
6.075573035226472712e+04 1.011227500497964504e+00
6.075573061232543114e+04 1.024121005346395608e+00
6.075573087238612788e+04 1.007158062298818324e+00
6.075573113244682463e+04 9.978478670214032675e-01
6.075573139250752138e+04 1.007012994469168143e+00
6.075573165256821812e+04 1.001011704655620393e+00
6.075573191262891487e+04 1.006582246289327465e+00
6.075573217268961889e+04 9.914096467193165285e-01
6.075573243275031564e+04 9.872090432238856961e-01
6.075573269281100511e+04 9.916604666243847843e-01
6.075573295287170913e+04 1.006092574545038643e+00
6.075573321293240588e+04 1.010909110877056261e+00
6.075573347299309535e+04 1.009388789108430329e+00
6.075573373305379937e+04 1.004133430152222450e+00
6.075573399311449612e+04 1.010750147280563116e+00
6.075573425317519286e+04 9.893767129575953279e-01
6.075573451323589688e+04 1.013171974679817788e+00
6.075573477329658635e+04 9.935493845152667536e-01
6.075573503335728310e+04 9.967868505755564934e-01
6.075573529341798712e+04 9.982358496030988571e-01
6.075573555347868387e+04 1.000887865414418654e+00
6.075573581353938062e+04 1.015543694192202029e+00
6.075573607360007736e+04 9.898099518669556396e-01
6.075573633366077411e+04 1.005930003176252585e+00
6.075573659372147085e+04 9.949016614219849952e-01
6.075573685378216760e+04 9.967607170082288803e-01
6.075573711384286435e+04 1.007897886299981893e+00
6.075573737390356837e+04 1.001016441959341030e+00
6.075573763396426511e+04 1.020842244098797869e+00
6.075573789402496186e+04 1.010206050690498847e+00
6.075573815408565861e+04 1.003809276847660970e+00
6.075573841414635535e+04 1.015593640272762110e+00
6.075573867420705210e+04 1.012329367645935951e+00
6.075573893426775612e+04 1.006931011721385882e+00
6.075573919432845287e+04 1.002984898996671648e+00
6.075573945438914234e+04 1.017110141297443704e+00
6.075573971444984636e+04 9.988689142527075182e-01
6.075573997451054311e+04 1.017316586536110901e+00
6.075574023457123985e+04 1.003220719251718407e+00
6.075574049463194387e+04 1.006003273089278061e+00
6.075574075469263335e+04 9.978637539161514525e-01
6.075574101475333737e+04 1.004474840988543560e+00
6.075574127481403411e+04 1.008478857076241741e+00
6.075574153487472358e+04 1.000744873502071641e+00
6.075574179493542761e+04 1.028746401991955439e+00
6.075574205499612435e+04 1.020792476926187797e+00
6.075574231505682837e+04 1.008067643689002146e+00
6.075574257511752512e+04 1.004456288421623933e+00
6.075574283517821459e+04 9.939818016355994601e-01
6.075574309523891861e+04 9.999397813237105304e-01
6.075574483009459800e+04 1.011799690466925972e+00
6.075574509014838986e+04 1.014543202958022583e+00
6.075574535020218900e+04 1.010895878615404309e+00
6.075574561025598086e+04 1.018927347551873641e+00
6.075574587030978000e+04 9.737984948482153458e-01
6.075574613036357187e+04 9.935813426565773820e-01
6.075574639041737100e+04 1.000464174607675227e+00
6.075574665047117742e+04 1.001369063852934227e+00
6.075574691052496928e+04 1.008745265462052565e+00
6.075574717057876842e+04 1.006374333001991195e+00
6.075574743063256028e+04 1.023165943834041247e+00
6.075574769068635942e+04 9.927123272102731377e-01
6.075574795074015128e+04 1.001573109555067287e+00
6.075574821079394314e+04 1.010035311693042726e+00
6.075574847084774228e+04 1.004284243480537908e+00
6.075574873090153415e+04 1.012447806499441327e+00
6.075574899095533328e+04 9.996630648652100604e-01
6.075574925100912515e+04 1.001800570283445602e+00
6.075574951106292428e+04 1.015361898792420670e+00
6.075574977111673070e+04 9.915847923167746547e-01
6.075575003117052256e+04 1.021364144410082497e+00
6.075575029122432170e+04 9.897320715744197805e-01
6.075575055127811356e+04 9.903584193051333529e-01
6.075575081133191270e+04 1.000266254135878885e+00
6.075575107138570456e+04 9.866190506298202489e-01
6.075575133143949643e+04 9.848948875039966744e-01
6.075575159149329556e+04 1.011531921916893229e+00
6.075575185154708743e+04 9.841748540035291093e-01
6.075575211160088656e+04 9.974693577781470477e-01
6.075575237165468570e+04 1.006978537485698766e+00
6.075575263170849212e+04 1.005110049368506564e+00
6.075575289176228398e+04 9.967072392813942638e-01
6.075575315181608312e+04 9.948167420279599993e-01
6.075575341186987498e+04 1.000281319214672227e+00
6.075575367192366684e+04 1.023790318870423377e+00
6.075575393197746598e+04 9.998732747117796693e-01
6.075575419203125784e+04 1.014816832293696347e+00
6.075575445208505698e+04 1.000581206812505508e+00
6.075575471213884884e+04 1.012812067496543733e+00
6.075575497219264798e+04 1.001550264487152120e+00
6.075575523224643985e+04 9.988152354460959614e-01
6.075575549230023898e+04 9.959237324372895994e-01
6.075575575235404540e+04 1.005116291380820703e+00
6.075575601240783726e+04 1.009243320136100630e+00
6.075575627246163640e+04 9.958753706616262358e-01
6.075575653251542826e+04 9.925119529028998411e-01
6.075575679256922740e+04 9.926381975878417752e-01
6.075575705262301926e+04 9.938360679687542332e-01
6.075575731267681840e+04 1.013486732503814380e+00
6.075575757273061026e+04 9.907973154939193616e-01
6.075575783278440940e+04 1.010633870133706758e+00
6.075575809283820126e+04 9.921991003908352535e-01
6.075575835289200040e+04 1.014178663827476345e+00
6.075575861294580682e+04 1.007604441867788747e+00
6.075575887299959868e+04 9.932473542365977126e-01
6.075575913305339782e+04 1.021386048314534278e+00
6.075575939310718968e+04 9.921458061509114135e-01
6.075575965316098882e+04 1.012454411697078394e+00
6.075575991321478068e+04 1.014544361529891692e+00
6.075576017326857982e+04 9.951019204614187652e-01
6.075576043332237168e+04 1.011475440572002116e+00
6.075576069337617082e+04 1.008992963605406690e+00
6.075576095342996268e+04 9.802315487510132597e-01
6.075576121348375455e+04 1.016944992552409222e+00
6.075576147353756096e+04 9.922248011412818647e-01
6.075576173359136010e+04 1.002095426579223680e+00
6.075576199364515924e+04 1.000014664077027771e+00
6.075576225369895110e+04 9.943473576271842918e-01
6.075576251375275024e+04 1.013677459201075548e+00
6.075576277380654210e+04 1.021303913348356573e+00
6.075576303386034124e+04 9.801173291754239347e-01
6.075576329391413310e+04 9.914443077279045946e-01
6.075576355396793224e+04 9.820883781198089801e-01
6.075576381402172410e+04 1.013558652573942842e+00
6.075576407407552324e+04 9.923759734604594707e-01
6.075576433412932238e+04 9.953400664787099839e-01
6.075576459418312879e+04 9.916799094814369164e-01
6.075576485423692066e+04 9.910544160366930866e-01
6.075576511429071252e+04 9.834031332985377905e-01
6.075576537434451166e+04 9.949804658731526974e-01
6.075576563439830352e+04 1.000472400286912977e+00
6.075576589445210266e+04 1.007015842011381945e+00
6.075576615450589452e+04 9.994507471476589133e-01
6.075576641455969366e+04 9.956516942820963223e-01
6.075576667461348552e+04 9.871869523207315034e-01
6.075576693466728466e+04 1.000732477075324756e+00
6.075576719472107652e+04 9.945616618542237886e-01
6.075576745477488294e+04 9.891288654545312697e-01
6.075576771482868207e+04 9.867839055698777173e-01
6.075576797488248121e+04 1.008316360078265639e+00
6.075576823493627307e+04 9.894057313075924620e-01
6.075576849499007221e+04 1.003523990536852262e+00
6.075576875504386408e+04 1.000025807463485128e+00
6.075576901509766321e+04 1.000508209537025017e+00
6.075576927515145508e+04 1.002052444177807589e+00
6.075576953520525421e+04 1.009795716214428429e+00
6.075576979525904608e+04 1.002709840360657578e+00
6.075577005531284522e+04 1.003671249084812978e+00
6.075577031536664435e+04 9.993827328295422641e-01
6.075577057542045077e+04 9.956785392117220024e-01
6.075577083547424263e+04 9.896350093046365481e-01
6.075577109552804177e+04 1.019811896917147465e+00
6.075577135558183363e+04 9.971987703892533084e-01
6.075577161563563277e+04 9.932922245751070189e-01
6.075577187568942463e+04 1.014522716394304913e+00
6.075577213574322377e+04 1.003794618414262318e+00
6.075577239579701563e+04 1.009087433921004529e+00
6.075577265585081477e+04 9.847660812056454605e-01
6.075577291590460663e+04 1.009886397836957883e+00
6.075577317595840577e+04 9.944146615621923813e-01
