6.075547523418369383e+04 9.951927729642563447e-01
6.075547549424438330e+04 9.855904115848269642e-01
6.075547575430508005e+04 9.927127797021377820e-01
6.075547601436576224e+04 9.951049273561859421e-01
6.075547627442645899e+04 9.871282787687108984e-01
6.075547653448714846e+04 9.876925123445088328e-01
6.075547679454784520e+04 9.931177653469456246e-01
6.075547705460853467e+04 1.006367479975770252e+00
6.075547731466922414e+04 1.006548117872346770e+00
6.075547757472991361e+04 9.997636785180851193e-01
6.075547783479061036e+04 1.002073939935574476e+00
6.075547809485129255e+04 9.918723352244646074e-01
6.075547835491198930e+04 9.906187648151216774e-01
6.075547861497267877e+04 9.873102217628444421e-01
6.075547887503337552e+04 1.001235653163128791e+00
6.075547913509406499e+04 9.855378237459714308e-01
6.075547939515475446e+04 9.960357713240903799e-01
6.075547965521544393e+04 1.007583221716205957e+00
6.075547991527614067e+04 1.016044452236079643e+00
6.075548017533683014e+04 1.002250137568893695e+00
6.075548043539752689e+04 1.000539301301129669e+00
6.075548069545820908e+04 9.972691869734103820e-01
6.075548095551890583e+04 1.005214113603775772e+00
6.075548121557959530e+04 1.004075507074943197e+00
6.075548147564028477e+04 9.880203540209787638e-01
6.075548173570098152e+04 1.000738187438597215e+00
6.075548199576167099e+04 1.003324441258796940e+00
6.075548225582236773e+04 9.986354638264255401e-01
6.075548251588305720e+04 1.003885595754343774e+00
6.075548277594374667e+04 9.939094003298094560e-01
6.075548303600443614e+04 1.011210014718590733e+00
6.075548329606513289e+04 1.000549131918480716e+00
6.075548355612582236e+04 1.004951215183985447e+00
6.075548381618651911e+04 1.009242656555821460e+00
6.075548407624720130e+04 9.940514388987905514e-01
6.075548433630789805e+04 1.001518352043955007e+00
6.075548459636858752e+04 1.000994886491621605e+00
6.075548485642928426e+04 9.955132932746021401e-01
6.075548511648997373e+04 9.907169746383219788e-01
6.075548537655066320e+04 1.008393288636966645e+00
6.075548563661135267e+04 1.001297302110965459e+00
6.075548589667204942e+04 9.823797701668788296e-01
6.075548615673273162e+04 9.996100645832795006e-01
6.075548641679342836e+04 9.875848870049562800e-01
6.075548667685411783e+04 9.966089142311230775e-01
6.075548693691481458e+04 1.000950104126797413e+00
6.075548719697551132e+04 1.011976584603573315e+00
6.075548745703619352e+04 9.892120587321103775e-01
6.075548771709689026e+04 1.005295984507023732e+00
6.075548797715757973e+04 1.005306798128898560e+00
6.075548823721827648e+04 1.001949556867111291e+00
6.075548849727896595e+04 9.933931156749448155e-01
6.075548875733965542e+04 1.020831595623642674e+00
6.075548901740034489e+04 1.009990224401227099e+00
6.075548927746104164e+04 9.938959418010291369e-01
6.075548953752172383e+04 9.986231420551449078e-01
6.075548979758242058e+04 9.993583189619469342e-01
6.075549005764311732e+04 9.894445296191272110e-01
6.075549031770380680e+04 1.005906163130714459e+00
6.075549057776450354e+04 9.989060717488160712e-01
6.075549083782518574e+04 9.961127217545431289e-01
6.075549109788588248e+04 9.869749672049717981e-01
6.075549135794657195e+04 9.939031682764968290e-01
6.075549161800726870e+04 1.005513293682448905e+00
6.075549187806795817e+04 9.960408049947586662e-01
6.075549213812864764e+04 9.945633426317793679e-01
6.075549239818933711e+04 1.015722174289360069e+00
6.075549265825003386e+04 1.005065806920607097e+00
6.075549291831072333e+04 1.001326983665997483e+00
6.075549317837142007e+04 9.960992046172023606e-01
6.075549343843210954e+04 9.998177337884783800e-01
6.075549369849279901e+04 1.007734306085440235e+00
6.075549395855349576e+04 1.003494507000405989e+00
6.075549421861417795e+04 1.023253607956426947e+00
6.075549447867487470e+04 1.007928959077659448e+00
6.075549473873556417e+04 1.009496425956774468e+00
6.075549499879626092e+04 1.008015357406990997e+00
6.075549525885695766e+04 9.899627685058436377e-01
6.075549551891763986e+04 1.006210994403840209e+00
6.075549577897833660e+04 1.023635111152694677e+00
6.075549603903902607e+04 1.010191442341155987e+00
6.075549629909972282e+04 1.017594234053375679e+00
6.075549655916041229e+04 9.944316777415583841e-01
6.075549681922110176e+04 1.003071740850372651e+00
6.075549707928179851e+04 1.014616537279364294e+00
6.075549733934248798e+04 9.940192602258961507e-01
6.075549759940317745e+04 1.003025505562301189e+00
6.075549785946386692e+04 9.981119517303599364e-01
6.075549811952456366e+04 1.007141003910582144e+00
6.075549837958525313e+04 9.877417751708806870e-01
6.075549863964594988e+04 1.000476818201469609e+00
6.075549889970663935e+04 1.005721547430899809e+00
6.075549915976732882e+04 9.944190980708762506e-01
6.075549941982802557e+04 9.909239159126009833e-01
6.075549967988871504e+04 9.975104035654462908e-01
6.075549993994941178e+04 9.881356458151211442e-01
6.075550020001009398e+04 9.935315738662643392e-01
6.075550046007079072e+04 9.871751055070281389e-01
6.075550072013148747e+04 1.011713837148826789e+00
6.075550098019216966e+04 9.984059631995406692e-01
6.075550124025286641e+04 9.965975358520237082e-01
6.075550150031355588e+04 9.897533544474536038e-01
6.075550176037425263e+04 1.008954787290913035e+00
6.075550202043494210e+04 1.028444350218888914e+00
6.075550228049563157e+04 1.001322895509270339e+00
6.075550254055632831e+04 1.002184222899680233e+00
6.075550280061701778e+04 1.004522525323892079e+00
6.075550306067771453e+04 1.001994462265673125e+00
6.075550332073840400e+04 1.022001235406596376e+00
6.075550358079909347e+04 1.014431511750407910e+00
6.075550513883041276e+04 9.924131198473242765e-01
6.075550539889110951e+04 1.010164731049737474e+00
6.075550565895179898e+04 9.949431926242577884e-01
6.075550591901248845e+04 1.010004237314751530e+00
6.075550617907318519e+04 1.012319085606862012e+00
6.075550643913387466e+04 9.993973228329746661e-01
6.075550669919457141e+04 1.000133701832755184e+00
6.075550695925526088e+04 9.774978394885780464e-01
6.075550721931595035e+04 1.013338779879704665e+00
6.075550747937664710e+04 9.761600370306136032e-01
6.075550773943733657e+04 1.005639464479618495e+00
6.075550799949803331e+04 9.853463413367127277e-01
6.075550825955872278e+04 9.991345555469378636e-01
6.075550851961941225e+04 1.001189392228680086e+00
6.075550877968010900e+04 1.015819680794375790e+00
6.075550903974079847e+04 9.913493888020774580e-01
6.075550929980148794e+04 9.991275163148048977e-01
6.075550955986217741e+04 1.003708216943511422e+00
6.075550981992287416e+04 9.903353265450722809e-01
6.075551007998357090e+04 1.002610652189574347e+00
6.075551034004426037e+04 1.005019326019058523e+00
6.075551060010494984e+04 1.000837380943472299e+00
6.075551086016564659e+04 9.901224788037809033e-01
6.075551112022633606e+04 1.012784557781945649e+00
6.075551138028703281e+04 1.009268968599880578e+00
6.075551164034772228e+04 9.969972986079025379e-01
6.075551190040841175e+04 1.002384874587444852e+00
6.075551216046910849e+04 9.852216835434558506e-01
6.075551242052979796e+04 9.993639257851817392e-01
6.075551268059049471e+04 1.004541561513478953e+00
6.075551294065118418e+04 9.976094280259795166e-01
6.075551320071187365e+04 9.926075079272798085e-01
6.075551346077257040e+04 9.957620528250364922e-01
6.075551372083325987e+04 1.025446711647430842e+00
6.075551398089394934e+04 9.988494970467562961e-01
6.075551424095464608e+04 9.976138638926640434e-01
6.075551450101533555e+04 9.940614366007910485e-01
6.075551476107603230e+04 9.947962844083058087e-01
6.075551502113672177e+04 9.966517045295500976e-01
6.075551528119741124e+04 9.930723175857252283e-01
6.075551554125810799e+04 1.010915790186950769e+00
6.075551580131879746e+04 9.931443763362810540e-01
6.075551606137949420e+04 9.981840155434158479e-01
6.075551632144019095e+04 9.968479106145671231e-01
6.075551658150087314e+04 9.969044682871638363e-01
6.075551684156156989e+04 1.000301113198936553e+00
6.075551710162226664e+04 1.001445463563114258e+00
6.075551736168294883e+04 1.013311929468075911e+00
6.075551762174364558e+04 9.775574051320805591e-01
6.075551788180433505e+04 9.946812322424680719e-01
6.075551814186503179e+04 1.000893612203038074e+00
6.075551840192572854e+04 9.910043235779935067e-01
6.075551866198641073e+04 9.940739191307629286e-01
6.075551892204710748e+04 1.006148451605851646e+00
6.075551918210780423e+04 1.003654911856163068e+00
6.075551944216849370e+04 1.006583320775800816e+00
6.075551970222919044e+04 9.941649051021980155e-01
6.075551996228987991e+04 1.002119522524531181e+00
6.075552022235056938e+04 9.985318671589259454e-01
6.075552048241126613e+04 9.808676075944789963e-01
6.075552074247194832e+04 9.831201135993182794e-01
6.075552100253265235e+04 9.973719369703499815e-01
6.075552126259334182e+04 1.012128874422963287e+00
6.075552152265403129e+04 9.886767609114769373e-01
6.075552178271472803e+04 9.881538881892375503e-01
6.075552204277541750e+04 1.012403400452565938e+00
6.075552230283610697e+04 1.014214216387822720e+00
6.075552256289680372e+04 9.974934959400838519e-01
6.075552282295750047e+04 9.818000712878489633e-01
6.075552308301818994e+04 9.946730974569747419e-01
6.075552334307887941e+04 9.751443780823091378e-01
6.075552360313957615e+04 9.747132085208248808e-01
6.075552386320026562e+04 9.924218053946084472e-01
6.075552412326096237e+04 9.909638809104669432e-01
6.075552438332165912e+04 1.000882065592766601e+00
6.075552464338234131e+04 1.010203553377425179e+00
6.075552490344303806e+04 9.791282591823070591e-01
6.075552516350373480e+04 1.022255004647969701e+00
6.075552542356441700e+04 1.023714135678508441e+00
6.075552568362511374e+04 9.953957522909152589e-01
6.075552594368581049e+04 9.959856604229576638e-01
6.075552620374649996e+04 1.005659193546027952e+00
6.075552646380719671e+04 9.947217693725469712e-01
6.075552672386788618e+04 1.013706536337491748e+00
6.075552698392857565e+04 9.930313720264273281e-01
6.075552724398927239e+04 9.845277814818624851e-01
6.075552750404996914e+04 1.001722155219008092e+00
6.075552776411065861e+04 9.856393263913305613e-01
6.075552802417134808e+04 9.889911770934020074e-01
6.075552828423204483e+04 9.960149580097042987e-01
6.075552854429273430e+04 9.911798963689829600e-01
6.075552880435342377e+04 9.951717939200231955e-01
6.075552906441412051e+04 9.740308588816694035e-01
6.075552932447480998e+04 9.808182270409894210e-01
6.075552958453550673e+04 1.007632340920812331e+00
6.075552984459620347e+04 9.871968451312445048e-01
6.075553010465688567e+04 9.882178458915773511e-01
6.075553036471758242e+04 9.771059189426130054e-01
6.075553062477827916e+04 9.707744775248768887e-01
6.075553088483896863e+04 9.962260432822283018e-01
6.075553114489966538e+04 9.802015001668061833e-01
6.075553140496035485e+04 9.867154165347102879e-01
6.075553166502104432e+04 9.866564587655484164e-01
6.075553192508174106e+04 1.004181235123657423e+00
6.075553218514243054e+04 1.003239192456196527e+00
6.075553244520312728e+04 9.896526500934819115e-01
6.075553270526381675e+04 9.955031821201614228e-01
6.075553296532451350e+04 1.010733561442491490e+00
6.075553322538520297e+04 9.862251458968909201e-01
6.075553348544589244e+04 9.916701042909504826e-01
6.075553503087646095e+04 9.949325849220532758e-01
6.075553529093715770e+04 9.971717158761007616e-01
6.075553555099784717e+04 1.008995552876429835e+00
6.075553581105853664e+04 9.988135319849441585e-01
6.075553607111923338e+04 9.969851455881324487e-01
6.075553633117992285e+04 9.885104386608214444e-01
6.075553659124061960e+04 9.819606534836551326e-01
6.075553685130131635e+04 9.891177379726520114e-01
6.075553711136199854e+04 9.913577415698228146e-01
6.075553737142269529e+04 1.003723705437427505e+00
6.075553763148339203e+04 1.003062415668788177e+00
6.075553789154408878e+04 1.007471323269215624e+00
6.075553815160477825e+04 9.808607711355141756e-01
6.075553841166546772e+04 9.873714827309706399e-01
6.075553867172616447e+04 9.967788393865997243e-01
6.075553893178685394e+04 9.813664563950893482e-01
6.075553919184754341e+04 9.835119399799061579e-01
6.075553945190824015e+04 9.934304941353306884e-01
6.075553971196892962e+04 1.006399575069927055e+00
6.075553997202962637e+04 9.902369980908646285e-01
6.075554023209032312e+04 9.998740397828964621e-01
6.075554049215101259e+04 9.901672033887825020e-01
6.075554075221170206e+04 9.921839502806393263e-01
6.075554101227239880e+04 9.931351929851527371e-01
6.075554127233309555e+04 9.953684162596873053e-01
6.075554153239378502e+04 1.001184435240913162e+00
6.075554179245447449e+04 1.013875068578648841e+00
6.075554205251517124e+04 1.007301608294766559e+00
6.075554231257586798e+04 1.009580136456869948e+00
6.075554257263655018e+04 9.911288668684204994e-01
6.075554283269725420e+04 9.973229030331068889e-01
6.075554309275794367e+04 9.927892365151913534e-01
6.075554335281863314e+04 9.868363629920984259e-01
6.075554361287932988e+04 1.008636315945775852e+00
6.075554387294001936e+04 9.782155373658136810e-01
6.075554413300071610e+04 9.965104782790520366e-01
6.075554439306140557e+04 9.890380501229971699e-01
6.075554465312210232e+04 9.889620955256653856e-01
6.075554491318279906e+04 1.001128012337010320e+00
6.075554517324348853e+04 1.003932226082222323e+00
6.075554543330417800e+04 9.965810639767462842e-01
6.075554569336487475e+04 1.001693351757002581e+00
6.075554595342557150e+04 9.951328994029415842e-01
6.075554621348626097e+04 9.946927213409200164e-01
6.075554647354695044e+04 9.830144496728298042e-01
6.075554673360764718e+04 1.008359925243667909e+00
6.075554699366834393e+04 1.000153809290336371e+00
6.075554725372902612e+04 1.005983673526515076e+00
6.075554751378972287e+04 9.952641305359061219e-01
6.075554777385041962e+04 1.005637558368452922e+00
6.075554803391111636e+04 1.008873883213791789e+00
6.075554829397180583e+04 9.898560246008382135e-01
6.075554855403249530e+04 9.967255743996324968e-01
6.075554881409319205e+04 1.004991112340523518e+00
6.075554907415388152e+04 1.000962183234709535e+00
6.075554933421457827e+04 9.792246745072762382e-01
6.075554959427527501e+04 1.003333088330776501e+00
6.075554985433596448e+04 9.971453430869515744e-01
6.075555011439665395e+04 9.977242148491243245e-01
6.075555037445735070e+04 1.005389178497150482e+00
6.075555063451804017e+04 9.915156411179739671e-01
6.075555089457873692e+04 9.979131368711910977e-01
6.075555115463942639e+04 9.972844389625582506e-01
6.075555141470012313e+04 9.970351372941903545e-01
6.075555167476081988e+04 9.928805836502389015e-01
6.075555193482150935e+04 1.019929065952297265e+00
6.075555219488219882e+04 9.784545058304534582e-01
6.075555245494289557e+04 1.004059718544104474e+00
6.075555271500359231e+04 9.951855667027222907e-01
6.075555297506428906e+04 9.718819363325686966e-01
6.075555323512497125e+04 9.954472960785339941e-01
6.075555349518566800e+04 9.938062981360188397e-01
6.075555375524636474e+04 9.856428769442195925e-01
6.075555401530705421e+04 9.818034148169907382e-01
6.075555427536775096e+04 9.946286128278493122e-01
6.075555453542844043e+04 9.942750271706485288e-01
6.075555479548913718e+04 9.856190744724074859e-01
6.075555505554983392e+04 1.004330324451841339e+00
6.075555531561051612e+04 9.931874550619373965e-01
6.075555557567121286e+04 9.971152688492482818e-01
6.075555583573190961e+04 9.956731801383974512e-01
6.075555609579260636e+04 9.844056511418383115e-01
6.075555635585329583e+04 9.992547269629952211e-01
6.075555661591398530e+04 1.009966475269110875e+00
6.075555687597468204e+04 1.003823318473400894e+00
6.075555713603537879e+04 9.981539086117482418e-01
6.075555739609607554e+04 9.990359341393375558e-01
6.075555765615676501e+04 1.005777192082653482e+00
6.075555791621745448e+04 9.860742881144645144e-01
6.075555817627815122e+04 9.949466837557179311e-01
6.075555843633884797e+04 1.016264994147285883e+00
6.075555869639953016e+04 9.920013293722779180e-01
6.075555895646022691e+04 1.002154594119619491e+00
6.075555921652092366e+04 1.004328439469118983e+00
6.075555947658162040e+04 1.012248410204898530e+00
6.075555973664230987e+04 9.859736885268723938e-01
6.075555999670299934e+04 9.856665253492831180e-01
6.075556025676369609e+04 1.001432353455358193e+00
6.075556051682439283e+04 9.944487971328841436e-01
6.075556077688508958e+04 1.000917971716097643e+00
6.075556103694577905e+04 1.005508710253540716e+00
6.075556129700646852e+04 1.020892233122231429e+00
6.075556155706716527e+04 1.012031054794281237e+00
6.075556181712786201e+04 9.981568931486769491e-01
6.075556207718854421e+04 9.864213093434046620e-01
6.075556233724924095e+04 1.020667882886253874e+00
6.075556259730993770e+04 1.002843348633286391e+00
6.075556285737063445e+04 9.998096256313693253e-01
6.075556311743133119e+04 9.915432468414312472e-01
6.075556337749201339e+04 1.004832674643038271e+00
6.075556504896522529e+04 9.871567900632929327e-01
6.075556530902591476e+04 1.008358283090783791e+00
6.075556556908661150e+04 9.941951165976190552e-01
6.075556582914730097e+04 1.000344320680988330e+00
6.075556608920799772e+04 1.014761133957876815e+00
6.075556634926869447e+04 9.931567973962617257e-01
6.075556660932938394e+04 1.021509765654000201e+00
6.075556686939008068e+04 1.002875876803174471e+00
6.075556712945077015e+04 9.910813639475319903e-01
6.075556738951146690e+04 1.010711634892589750e+00
6.075556764957216365e+04 1.001051875478513820e+00
6.075556790963285312e+04 1.015820978766687421e+00
6.075556816969354986e+04 9.898135786678056158e-01
6.075556842975423933e+04 1.013280016583678611e+00
6.075556868981492880e+04 9.980425427965170515e-01
6.075556894987563282e+04 9.975961317608506018e-01
6.075556920993632230e+04 9.931822800665928153e-01
6.075556946999701904e+04 1.011218838213767235e+00
6.075556973005770851e+04 9.985947161844723752e-01
6.075556999011839798e+04 1.001150700341168376e+00
6.075557025017909473e+04 1.031879343544460426e+00
6.075557051023979147e+04 9.954984901653403107e-01
6.075557077030048822e+04 9.884935641446027654e-01
6.075557103036117769e+04 9.969251764465015819e-01
6.075557129042186716e+04 1.003472384770536241e+00
6.075557155048256391e+04 1.018280323699117584e+00
6.075557181054326065e+04 9.876070773474538989e-01
6.075557207060395740e+04 1.002176849229524880e+00
6.075557233066464687e+04 1.005921581361718387e+00
6.075557259072533634e+04 9.965703149810519745e-01
6.075557285078603309e+04 9.972845127772245188e-01
6.075557311084672983e+04 1.008080134509354853e+00
6.075557337090741930e+04 9.994902125677587179e-01
6.075557363096811605e+04 9.949259108266733653e-01
6.075557389102880552e+04 1.006364123853555004e+00
6.075557415108950227e+04 1.000273876814930851e+00
6.075557441115019901e+04 9.993389249734355717e-01
6.075557467121088848e+04 1.001785943670502776e+00
6.075557493127158523e+04 1.019162576951186283e+00
6.075557519133227470e+04 1.045645327228504007e+00
6.075557545139297144e+04 1.004035535803380785e+00
6.075557571145366819e+04 1.019045781150974106e+00
6.075557597151435766e+04 1.019424511720679272e+00
6.075557623157505441e+04 1.004871758111570257e+00
6.075557649163575115e+04 1.003728357409559235e+00
6.075557675169643335e+04 1.003905758587638530e+00
6.075557701175713009e+04 9.987325152666818306e-01
6.075557727181782684e+04 9.998698232931434449e-01
6.075557753187852359e+04 1.008297885076664402e+00
6.075557779193922033e+04 9.924363076367713754e-01
6.075557805199990980e+04 1.006162783038286213e+00
6.075557831206059927e+04 9.866208443335177103e-01
6.075557857212129602e+04 1.014400372937278361e+00
6.075557883218199277e+04 1.013471944224685339e+00
6.075557909224268951e+04 1.001506715315093832e+00
6.075557935230337898e+04 1.004780466133101680e+00
6.075557961236407573e+04 9.893568552686209383e-01
6.075557987242476520e+04 1.008883259761635509e+00
6.075558013248546195e+04 1.003620039154591748e+00
6.075558039254615869e+04 1.002899512564929374e+00
6.075558065260684816e+04 1.015536282389999378e+00
6.075558091266754491e+04 9.996116202051247290e-01
6.075558117272824165e+04 9.995330044928198987e-01
6.075558143278892385e+04 1.001825477643553564e+00
6.075558169284962059e+04 1.005298140032493404e+00
6.075558195291031734e+04 1.010498802856342637e+00
6.075558221297101409e+04 9.969520913692264674e-01
6.075558247303171083e+04 9.981990841345638188e-01
6.075558273309240030e+04 1.012001346120272594e+00
6.075558299315309705e+04 1.001459617026622340e+00
6.075558325321378652e+04 9.976225337819794037e-01
6.075558351327448327e+04 1.017729052248758759e+00
6.075558377333518001e+04 9.980005571571436418e-01
6.075558403339586948e+04 1.004961248209532254e+00
6.075558429345656623e+04 1.007929456781560651e+00
6.075558455351726298e+04 1.001493293214461788e+00
6.075558481357794517e+04 1.009774970073666234e+00
6.075558507363864192e+04 9.899282191366088890e-01
6.075558533369933866e+04 9.982572983184953008e-01
6.075558559376003541e+04 1.020313140730894075e+00
6.075558585382073215e+04 1.001810358615645713e+00
6.075558611388142162e+04 1.008018450348630246e+00
6.075558637394211837e+04 1.005447575786523773e+00
6.075558663400280784e+04 1.014779077133447061e+00
6.075558689406350459e+04 1.023201022629886436e+00
6.075558715412420133e+04 1.009122188464579128e+00
6.075558741418489080e+04 1.014148579743524348e+00
6.075558767424558755e+04 9.983097962143723247e-01
6.075558793430628430e+04 1.005632682860912341e+00
6.075558819436697377e+04 1.006932627300409999e+00
6.075558845442767051e+04 1.000028468355441902e+00
6.075558871448835998e+04 9.982465504081596830e-01
6.075558897454905673e+04 1.028342265224850394e+00
6.075558923460975348e+04 1.008469798785775806e+00
6.075558949467044295e+04 1.024760298174250295e+00
6.075558975473113969e+04 1.000635165284116779e+00
6.075559001479183644e+04 1.016112058392647510e+00
6.075559027485253318e+04 9.983318824723478313e-01
6.075559053491322265e+04 1.015741194821218274e+00
6.075559079497391212e+04 9.991586381981683029e-01
6.075559105503460887e+04 1.000054946430422254e+00
6.075559131509530562e+04 9.814175252019722295e-01
6.075559157515600236e+04 9.956843645126840503e-01
6.075559183521669911e+04 1.011478746881508295e+00
6.075559209527738858e+04 1.012138174927205370e+00
6.075559235533808533e+04 1.004945106718614811e+00
6.075559261539877480e+04 1.002456600115676943e+00
6.075559287545946427e+04 9.965297208496428638e-01
6.075559313552016101e+04 9.959923247960593695e-01
6.075559339558085776e+04 1.012691796526462129e+00
6.075559494101491873e+04 9.888458255740694147e-01
6.075559520107561548e+04 1.006646531885358353e+00
6.075559546113631222e+04 1.031096268546498163e+00
6.075559572119700897e+04 9.859945562833242194e-01
6.075559598125769844e+04 9.863471764507563133e-01
6.075559624131839519e+04 9.948772277449615675e-01
6.075559650137908466e+04 1.003694371981500577e+00
6.075559676143977413e+04 1.001399752637891938e+00
6.075559702150047087e+04 1.015445532783386229e+00
6.075559728156116762e+04 1.014433288285795820e+00
6.075559754162186437e+04 9.969785081970327090e-01
6.075559780168256111e+04 9.961031856882299751e-01
6.075559806174325058e+04 9.992286264365863868e-01
6.075559832180394733e+04 9.880087777732002863e-01
6.075559858186464407e+04 9.985922873353089146e-01
6.075559884192533355e+04 1.005901150354613360e+00
6.075559910198603029e+04 9.863313775884174905e-01
6.075559936204671976e+04 9.896286609961337799e-01
6.075559962210741651e+04 1.002103987957491116e+00
6.075559988216811325e+04 1.000678131782152480e+00
6.075560014222880272e+04 1.002857532369680893e+00
6.075560040228950675e+04 9.929375837822166373e-01
6.075560066235019622e+04 9.833199195975318441e-01
6.075560092241089296e+04 1.000532058454401518e+00
6.075560118247158971e+04 1.011899211570475909e+00
6.075560144253227918e+04 9.859936962367890079e-01
6.075560170259296865e+04 9.943341269409872174e-01
6.075560196265366540e+04 1.000824665543226466e+00
6.075560222271436214e+04 1.006795260380733081e+00
6.075560248277505889e+04 9.961380621332182050e-01
6.075560274283574836e+04 1.013251258879082295e+00
6.075560300289644510e+04 9.939154621666993483e-01
6.075560326295714185e+04 9.876821007518464812e-01
6.075560352301783860e+04 1.012541707405299141e+00
6.075560378307853534e+04 9.937758490708404890e-01
6.075560404313922481e+04 9.929307022923513637e-01
6.075560430319992156e+04 1.007085023092077813e+00
6.075560456326061831e+04 1.000787963548565251e+00
6.075560482332130050e+04 9.939119396326540068e-01
6.075560508338199725e+04 9.841900188428281959e-01
6.075560534344269399e+04 1.000427309113307794e+00
6.075560560350339074e+04 1.004134040223275237e+00
6.075560586356408749e+04 9.841846146202751777e-01
6.075560612362477696e+04 9.945976594523451286e-01
6.075560638368547370e+04 9.896062685455973007e-01
6.075560664374617045e+04 9.853023517210398596e-01
6.075560690380686719e+04 9.839296876865596397e-01
6.075560716386756394e+04 9.898762951486415052e-01
6.075560742392825341e+04 9.936717154880047032e-01
6.075560768398895016e+04 9.837916705021555464e-01
6.075560794404964690e+04 1.000025366534948779e+00
6.075560820411032910e+04 9.755005238081592145e-01
6.075560846417102584e+04 1.009474944387812156e+00
6.075560872423172259e+04 9.997552292258933271e-01
6.075560898429241934e+04 1.007936058594297801e+00
6.075560924435311608e+04 9.959168642548338335e-01
6.075560950441380555e+04 9.888249755812451580e-01
6.075560976447450230e+04 9.998122309813658459e-01
6.075561002453519905e+04 1.003463421911972686e+00
6.075561028459589579e+04 9.937789173776953033e-01
6.075561054465659254e+04 9.941382140966191772e-01
6.075561080471728201e+04 9.828987792502834608e-01
6.075561106477797875e+04 1.003568863614609841e+00
6.075561132483867550e+04 9.846912315926823478e-01
6.075561158489937225e+04 1.007230511817879925e+00
6.075561184496006899e+04 1.011581682298381635e+00
6.075561210502075846e+04 9.912137998711140208e-01
6.075561236508144793e+04 9.905268367374865379e-01
6.075561262514214468e+04 1.007986211717791791e+00
6.075561288520283415e+04 9.945566442892843639e-01
6.075561314526353090e+04 1.002232796835374140e+00
6.075561340532422764e+04 9.894791272872700549e-01
6.075561366538492439e+04 9.937663898532049789e-01
6.075561392544562113e+04 9.882561522910501273e-01
6.075561418550631060e+04 9.988394828075346510e-01
6.075561444556700735e+04 9.818906294818587899e-01
6.075561470562770410e+04 9.983782734137548465e-01
6.075561496568840084e+04 9.983178801958509929e-01
6.075561522574909759e+04 9.822320383727510817e-01
6.075561548580978706e+04 9.862942975430389891e-01
6.075561574587048381e+04 9.938592254572738982e-01
6.075561600593118055e+04 1.001413171676303948e+00
6.075561626599187002e+04 9.913940007884647354e-01
6.075561652605256677e+04 1.003659220424009124e+00
6.075561678611326352e+04 9.964821026042222085e-01
6.075561704617396026e+04 9.903641046560182071e-01
6.075561730623465701e+04 1.003834507696105049e+00
6.075561756629534648e+04 9.937791508336721868e-01
6.075561782635604322e+04 1.003078991836838352e+00
6.075561808641673269e+04 9.987285028172560031e-01
6.075561834647742944e+04 1.009236839437552602e+00
6.075561860653812619e+04 9.944028816599235210e-01
6.075561886659881566e+04 1.011950512899319587e+00
6.075561912665951240e+04 9.910639125858725640e-01
6.075561938672020915e+04 1.002487440463290636e+00
6.075561964678089862e+04 1.001170747796334304e+00
6.075561990684160264e+04 1.004914804453376664e+00
6.075562016690229211e+04 1.008799098907369629e+00
6.075562042696298886e+04 9.901115205908974648e-01
6.075562068702368560e+04 9.861049285853433766e-01
6.075562094708437508e+04 1.001060829720894940e+00
6.075562120714507182e+04 9.930216557214636142e-01
6.075562146720576857e+04 9.929521048499376779e-01
6.075562172726646531e+04 9.955269865475068203e-01
6.075562198732716206e+04 9.923744915286107915e-01
6.075562224738785153e+04 1.014634446783075461e+00
6.075562250744854828e+04 1.031228174935411968e+00
6.075562276750924502e+04 1.014560726227559107e+00
6.075562302756994177e+04 9.935513308960626233e-01
6.075562328763063852e+04 9.931011176431518983e-01
6.075562490904599690e+04 1.012527705039651948e+00
6.075562516909990518e+04 1.008443593184436882e+00
6.075562542915379890e+04 9.946587798479014086e-01
6.075562568920769263e+04 9.957082095231731822e-01
6.075562594926160091e+04 1.003577734612509653e+00
6.075562620931549463e+04 9.883728331381486099e-01
6.075562646936939564e+04 9.835904639530024252e-01
6.075562672942329664e+04 9.947075012413615358e-01
6.075562698947719036e+04 9.949511262087061825e-01
6.075562724953109864e+04 9.942880402378058147e-01
6.075562750958499237e+04 1.009253554280010290e+00
6.075562776963889337e+04 1.020974747794713533e+00
6.075562802969280165e+04 9.808968177207691985e-01
6.075562828974669537e+04 1.001104710617195970e+00
6.075562854980059637e+04 9.992332191270091313e-01
6.075562880985449738e+04 1.014623504087824646e+00
6.075562906990839110e+04 9.935002750144562578e-01
6.075562932996229938e+04 9.968234627924699165e-01
6.075562959001619311e+04 1.011620312195051774e+00
6.075562985007009411e+04 9.963635424054844147e-01
6.075563011012399511e+04 1.001956764131770150e+00
6.075563037017788884e+04 9.949679378521713025e-01
6.075563063023179711e+04 9.914101900610792217e-01
6.075563089028569084e+04 9.983132514069714691e-01
6.075563115033958456e+04 9.892125120110505376e-01
6.075563141039349284e+04 1.003710732496865266e+00
6.075563167044738657e+04 1.008558269319778100e+00
6.075563193050128757e+04 1.004648772651144162e+00
6.075563219055518857e+04 9.896005519026628283e-01
6.075563245060908230e+04 9.840207172126186341e-01
6.075563271066299058e+04 1.008193014382197994e+00
6.075563297071688430e+04 9.829510189795540587e-01
6.075563323077078530e+04 9.951788534994325808e-01
6.075563349082468631e+04 1.012278383323581998e+00
6.075563375087858003e+04 1.002251360338263453e+00
6.075563401093248831e+04 9.804248423415813374e-01
6.075563427098638203e+04 1.001438162479802552e+00
6.075563453104027576e+04 1.004869387228735755e+00
6.075563479109418404e+04 1.002642106552138479e+00
6.075563505114807776e+04 9.994359704922523013e-01
6.075563531120197877e+04 1.003466261099762002e+00
6.075563557125588704e+04 1.004103643423358116e+00
6.075563583130978077e+04 9.991389003346325959e-01
6.075563609136368905e+04 9.828412971082423066e-01
6.075563635141758277e+04 9.764850981913464345e-01
6.075563661147148377e+04 9.972322761338209274e-01
6.075563687152538478e+04 9.937318037250667535e-01
6.075563713157927850e+04 9.906922122256680563e-01
6.075563739163318678e+04 9.948375932040515179e-01
6.075563765168708051e+04 1.001222308249076098e+00
6.075563791174097423e+04 1.017511371741171899e+00
6.075563817179488251e+04 9.808906202653948636e-01
6.075563843184877624e+04 9.832224796242912124e-01
6.075563869190267724e+04 1.012346730195683664e+00
6.075563895195657824e+04 9.905383172080943766e-01
6.075563921201047197e+04 1.018409124506218566e+00
6.075563947206438024e+04 9.870566751466688382e-01
6.075563973211827397e+04 1.007619645379096651e+00
6.075563999217217497e+04 9.966801426718596701e-01
6.075564025222608325e+04 9.960891600968934112e-01
6.075564051227997697e+04 1.009084132670245104e+00
6.075564077233388525e+04 9.890858789755209157e-01
6.075564103238777898e+04 9.991412750853377878e-01
6.075564129244167270e+04 9.979836251427195437e-01
6.075564155249558098e+04 1.012675848964874614e+00
6.075564181254947471e+04 1.002818356160965374e+00
6.075564207260337571e+04 1.004751365306787436e+00
6.075564233265727671e+04 1.002624508918944057e+00
6.075564259271117044e+04 1.007496879276353230e+00
6.075564285276507871e+04 9.889395511868976918e-01
6.075564311281897244e+04 9.963545353886994471e-01
6.075564337287286617e+04 1.004411504716306469e+00
6.075564363292677444e+04 9.928034282650433084e-01
6.075564389298066817e+04 9.997067353752906449e-01
6.075564415303458372e+04 9.967536972576166443e-01
6.075564441308847745e+04 1.005855216664246488e+00
6.075564467314237118e+04 1.000246484203902719e+00
6.075564493319627945e+04 1.019134255715369530e+00
6.075564519325017318e+04 9.906308356070817611e-01
6.075564545330407418e+04 1.019216867079825173e+00
6.075564571335797518e+04 1.019108066730365580e+00
6.075564597341186891e+04 1.004175505989806538e+00
6.075564623346577719e+04 9.946191292024217923e-01
6.075564649351967091e+04 9.859351142371385324e-01
6.075564675357356464e+04 1.008535025862743240e+00
6.075564701362747292e+04 1.003684888507285100e+00
6.075564727368136664e+04 9.992740758836792248e-01
6.075564753373527492e+04 9.934995627754977798e-01
6.075564779378917592e+04 9.949366226560282245e-01
6.075564805384306965e+04 1.007638666593131171e+00
6.075564831389697792e+04 9.997086966354293835e-01
6.075564857395087165e+04 1.010504551493513370e+00
6.075564883400477265e+04 1.002050259409821065e+00
6.075564909405867365e+04 9.887883500898674294e-01
6.075564935411256738e+04 9.918164479656282895e-01
6.075564961416647566e+04 1.011850649653741385e+00
6.075564987422036938e+04 1.009478788510707492e+00
6.075565013427426311e+04 1.004982301317682403e+00
6.075565039432817866e+04 9.905187909141291991e-01
6.075565065438207239e+04 1.003187455380840865e+00
6.075565091443597339e+04 1.004267408801991168e+00
6.075565117448987439e+04 9.930228995097121203e-01
6.075565143454376812e+04 1.020227310264716802e+00
6.075565169459767640e+04 9.978968619380962357e-01
6.075565195465157012e+04 1.001334885482165760e+00
6.075565221470547112e+04 1.002828816669122602e+00
6.075565247475937213e+04 9.836291126423970521e-01
6.075565273481326585e+04 1.005709982538179892e+00
6.075565299486718141e+04 1.010496246648478147e+00
6.075565325492107513e+04 1.003245043097456657e+00
6.075565492676799477e+04 9.898231932347585360e-01
6.075565518682868424e+04 1.018385364682076188e+00
6.075565544688938098e+04 9.878523529451409546e-01
6.075565570695007773e+04 1.009691901642621570e+00
6.075565596701077448e+04 9.927952172159999478e-01
6.075565622707147122e+04 1.010398416497603202e+00
6.075565648713216069e+04 1.014520769041215686e+00
6.075565674719285744e+04 1.008161673143747272e+00
6.075565700725356146e+04 9.940991623247985576e-01
6.075565726731425821e+04 9.949376856798918256e-01
6.075565752737495495e+04 9.941406538555175310e-01
6.075565778743564442e+04 1.004186939757175878e+00
6.075565804749634117e+04 1.007886679058383361e+00
6.075565830755703792e+04 9.977980017451738570e-01
6.075565856761772739e+04 1.010726728751420112e+00
6.075565882767842413e+04 1.013245672045369750e+00
6.075565908773912088e+04 9.936532979155831002e-01
6.075565934779981762e+04 9.914847741725462127e-01
6.075565960786051437e+04 1.005807170603672196e+00
6.075565986792121112e+04 1.004685258298971373e+00
6.075566012798190786e+04 1.002557306745366805e+00
6.075566038804260461e+04 1.002980662654264110e+00
6.075566064810330136e+04 1.010462467576137557e+00
6.075566090816399810e+04 9.961258196078235372e-01
6.075566116822468757e+04 9.942090543113686341e-01
6.075566142828538432e+04 1.004059182769970082e+00
6.075566168834608106e+04 9.930082844328140812e-01
6.075566194840677781e+04 1.019787062529068811e+00
6.075566220846748183e+04 1.007641342300160447e+00
6.075566246852817130e+04 9.983803038006201502e-01
6.075566272858886805e+04 1.016964415210278583e+00
6.075566298864956480e+04 1.014170356704471754e+00
6.075566324871025427e+04 9.941685985409064452e-01
6.075566350877095101e+04 1.003831511716691383e+00
6.075566376883164776e+04 1.005705518098167772e+00
6.075566402889234450e+04 1.013758706105184926e+00
6.075566428895304125e+04 1.009683303393861697e+00
6.075566454901373800e+04 1.008746658503875349e+00
6.075566480907443474e+04 1.008943981667048906e+00
6.075566506913513149e+04 1.006361946493379733e+00
6.075566532919582824e+04 1.007431564071834096e+00
6.075566558925652498e+04 1.009148420563423798e+00
6.075566584931721445e+04 9.814662420806048448e-01
6.075566610937791120e+04 9.971762154160339620e-01
6.075566636943860794e+04 1.002561385932412952e+00
6.075566662949930469e+04 1.015232130677180766e+00
6.075566688956000144e+04 9.941848854381943879e-01
6.075566714962069818e+04 9.849902387968410000e-01
6.075566740968139493e+04 9.920569139496038247e-01
6.075566766974209168e+04 1.003395823005557741e+00
6.075566792980278115e+04 9.864009348330126103e-01
6.075566818986347789e+04 9.922710319765279952e-01
6.075566844992417464e+04 9.932543031993400495e-01
6.075566870998487866e+04 1.005057603831768454e+00
6.075566897004557541e+04 1.002195938072920844e+00
6.075566923010626488e+04 1.001437988904545051e+00
6.075566949016696162e+04 1.012888163042333201e+00
6.075566975022765837e+04 1.001048522940199081e+00
6.075567001028834784e+04 9.945225681095154480e-01
6.075567027034905186e+04 9.847606579219503331e-01
6.075567053040974133e+04 1.017901961682541767e+00
6.075567079047044535e+04 1.010529398121842393e+00
6.075567105053114210e+04 1.005856411430446684e+00
6.075567131059183157e+04 9.935288632410265164e-01
6.075567157065252832e+04 1.003546262277506207e+00
6.075567183071322506e+04 9.998565477951615321e-01
6.075567209077392181e+04 1.008855556267828524e+00
6.075567235083461856e+04 9.932067802509324528e-01
6.075567261089531530e+04 1.001523742680536122e+00
6.075567287095601205e+04 1.008606498444221788e+00
6.075567313101670879e+04 1.003851093179364717e+00
6.075567339107740554e+04 1.006052895781470280e+00
6.075567365113810229e+04 9.957520939881324695e-01
6.075567391119879176e+04 1.010955990258478598e+00
6.075567417125948850e+04 9.863773637905043357e-01
6.075567443132019253e+04 1.001334955542975802e+00
6.075567469138088200e+04 9.998520759182628614e-01
6.075567495144157874e+04 1.003783249351523299e+00
6.075567521150227549e+04 1.011182180160290045e+00
6.075567547156297223e+04 1.003318294652347120e+00
6.075567573162366898e+04 1.008384408713498992e+00
6.075567599168436573e+04 1.000774468297807474e+00
6.075567625174506247e+04 1.033066973350652340e+00
6.075567651180575922e+04 1.012222827548061366e+00
6.075567677186645597e+04 1.011090021636303904e+00
6.075567703192715271e+04 1.000995772455143262e+00
6.075567729198784218e+04 1.003262779124776349e+00
6.075567755204853893e+04 1.010373248873073448e+00
6.075567781210924295e+04 9.970279317440615685e-01
6.075567807216993242e+04 1.011418068942736337e+00
6.075567833223062917e+04 9.973864315293300420e-01
6.075567859229132591e+04 1.002283144840216300e+00
6.075567885235202266e+04 1.004678319774566342e+00
6.075567911241271941e+04 1.009972217424427443e+00
6.075567937247341615e+04 1.004930406933862708e+00
6.075567963253411290e+04 9.933039221392081508e-01
6.075567989259480964e+04 9.989181950526879739e-01
6.075568015265550639e+04 1.003266115200822650e+00
6.075568041271620314e+04 9.897233508258649337e-01
6.075568067277689261e+04 9.976865249339373909e-01
6.075568093283759663e+04 1.012652720046160137e+00
6.075568119289829338e+04 1.021007967624440571e+00
6.075568145295898285e+04 9.988191307521002704e-01
6.075568171301968687e+04 1.004665424351869119e+00
6.075568197308037634e+04 1.013548682535656775e+00
6.075568223314107308e+04 9.922552559111318393e-01
6.075568249320177711e+04 1.014721300453107933e+00
6.075568275326246658e+04 1.002470028292654192e+00
6.075568301332316332e+04 1.009024574023636545e+00
6.075568327338386007e+04 1.002587026955256588e+00
6.075568483179301256e+04 9.782343406978999401e-01
6.075568509184680443e+04 1.008443426758029782e+00
6.075568535190059629e+04 1.000713963842357446e+00
6.075568561195438815e+04 1.000041634519998057e+00
6.075568587200818729e+04 9.920834764921935278e-01
6.075568613206199370e+04 9.959192118560151741e-01
6.075568639211578557e+04 9.935685940414733519e-01
6.075568665216957743e+04 1.003551747596388877e+00
6.075568691222336929e+04 9.944762305535692626e-01
6.075568717227716115e+04 9.912501550818557661e-01
6.075568743233096029e+04 1.010205752657882039e+00
6.075568769238475215e+04 9.943338650924966604e-01
6.075568795243854402e+04 9.944915076751751348e-01
6.075568821249233588e+04 1.014966365652345326e+00
6.075568847254613502e+04 9.896693093773153427e-01
6.075568873259992688e+04 9.922124633050568576e-01
6.075568899265372602e+04 9.981541361027638226e-01
6.075568925270752516e+04 9.967796628123993807e-01
6.075568951276131702e+04 9.954100534103825781e-01
6.075568977281511616e+04 9.988923879850828413e-01
6.075569003286890802e+04 9.883911285683629755e-01
6.075569029292269988e+04 1.000253331814912938e+00
6.075569055297649174e+04 1.004628126755424233e+00
6.075569081303029088e+04 1.005289081350694280e+00
6.075569107308408275e+04 1.001177680304593975e+00
6.075569133313787461e+04 1.000391152028997199e+00
6.075569159319166647e+04 1.004464875452461659e+00
6.075569185324547288e+04 1.009699520442387310e+00
6.075569211329927202e+04 9.957433376373321376e-01
6.075569237335306389e+04 1.005766655689163125e+00
6.075569263340685575e+04 9.876081443988764530e-01
6.075569289346064761e+04 1.000951815479256712e+00
6.075569315351444675e+04 1.013145231204470420e+00
6.075569341356823861e+04 1.002487670333041869e+00
6.075569367362203047e+04 9.955981548966340577e-01
6.075569393367582234e+04 9.974003343496099516e-01
6.075569419372962147e+04 9.949699956870047268e-01
6.075569445378341334e+04 1.021096658923909439e+00
6.075569471383720520e+04 1.015532381340887857e+00
6.075569497389100434e+04 9.992323725256359035e-01
6.075569523394481075e+04 9.945104019533590467e-01
6.075569549399860261e+04 9.982759257895754690e-01
6.075569575405239448e+04 9.942706162647513279e-01
6.075569601410618634e+04 9.998335614273357042e-01
6.075569627415998548e+04 1.005308250513311519e+00
6.075569653421377734e+04 1.018587883171855113e+00
6.075569679426756920e+04 1.004311890422974640e+00
6.075569705432136107e+04 1.000954106734317950e+00
6.075569731437516020e+04 1.011334960323741372e+00
6.075569757442895207e+04 1.001453090407386393e+00
6.075569783448274393e+04 9.951946094349459759e-01
6.075569809453654307e+04 9.747479457837650019e-01
6.075569835459034948e+04 1.002611474010370873e+00
6.075569861464414134e+04 1.003631030936120272e+00
6.075569887469793321e+04 1.002633309734272338e+00
6.075569913475172507e+04 1.004562240799706574e+00
6.075569939480552421e+04 1.000859220391241422e+00
6.075569965485931607e+04 1.012877532612431963e+00
6.075569991491310793e+04 9.963920049960065528e-01
6.075570017496689979e+04 1.001007226447291787e+00
6.075570043502069893e+04 1.009608662702277559e+00
6.075570069507449080e+04 1.011123923117032808e+00
6.075570095512828993e+04 1.017434159221965562e+00
6.075570121518208907e+04 9.927011014032779412e-01
6.075570147523588821e+04 1.000331034216897397e+00
6.075570173528968007e+04 1.001845691019318307e+00
6.075570199534347194e+04 1.007177866383007547e+00
6.075570225539727107e+04 1.000974365782894226e+00
6.075570251545106294e+04 9.898584637580171153e-01
6.075570277550485480e+04 9.865284648065151263e-01
6.075570303555864666e+04 9.849697969219115556e-01
6.075570329561244580e+04 1.001323584283702939e+00
6.075570355566623766e+04 9.957003122351805180e-01
6.075570381572002952e+04 1.008078715970358807e+00
6.075570407577382866e+04 1.003831017690543836e+00
6.075570433582763508e+04 9.871141479606725389e-01
6.075570459588142694e+04 9.978276535496243271e-01
6.075570485593521880e+04 9.864863125000192801e-01
6.075570511598901066e+04 9.974735415785267456e-01
6.075570537604280980e+04 9.872196129735145709e-01
6.075570563609660167e+04 9.881379781016184083e-01
6.075570589615039353e+04 9.970392754212840103e-01
6.075570615620419267e+04 9.849132902735876494e-01
6.075570641625798453e+04 1.006947088744430729e+00
6.075570667631177639e+04 9.908710296075960988e-01
6.075570693636557553e+04 9.967484868722603641e-01
6.075570719641938194e+04 1.001071276192812443e+00
6.075570745647317381e+04 9.849271267078485437e-01
6.075570771652696567e+04 9.947427804274980856e-01
6.075570797658076481e+04 9.911596188432818533e-01
6.075570823663455667e+04 9.993992531147791736e-01
6.075570849668834853e+04 9.764263649017056457e-01
6.075570875674214039e+04 9.950856133345449273e-01
6.075570901679593953e+04 9.987065604319661505e-01
6.075570927684973140e+04 1.011627761794576363e+00
6.075570953690352326e+04 9.888228276435110375e-01
6.075570979695732240e+04 1.000334051692212567e+00
6.075571005701112153e+04 9.950718559026655585e-01
6.075571031706492067e+04 1.001634388033435741e+00
6.075571057711871254e+04 1.025846186900322365e+00
6.075571083717251167e+04 9.813475296182342378e-01
6.075571109722630354e+04 9.978434426385434097e-01
6.075571135728009540e+04 1.017109848999887545e+00
6.075571161733389454e+04 1.008032052766763886e+00
6.075571187738768640e+04 1.015934091899906022e+00
6.075571213744147826e+04 1.001271576890460313e+00
6.075571239749527740e+04 1.007158820484866490e+00
6.075571265754906926e+04 9.967101241552968061e-01
6.075571291760286840e+04 9.988528491808164045e-01
6.075571317765666754e+04 9.974929814892825597e-01
6.075571474868715450e+04 9.832029366698005202e-01
6.075571500874785124e+04 1.016205232441367734e+00
6.075571526880854799e+04 9.837710672076566132e-01
6.075571552886924474e+04 9.870902632541783683e-01
6.075571578892994148e+04 1.008685224545857295e+00
6.075571604899063823e+04 9.960067830487663310e-01
6.075571630905133497e+04 9.874332624307792239e-01
6.075571656911203172e+04 1.002085379395699638e+00
6.075571682917273574e+04 1.008570548573273662e+00
6.075571708923342521e+04 9.884381434444846626e-01
6.075571734929412196e+04 9.978214850205409103e-01
6.075571760935482598e+04 9.989550571912891863e-01
6.075571786941552273e+04 9.939991341830810567e-01
6.075571812947621947e+04 1.016432081798774201e+00
6.075571838953690894e+04 9.983188987180082741e-01
6.075571864959761297e+04 1.015302392950816035e+00
6.075571890965830971e+04 9.908095624494909215e-01
6.075571916971899918e+04 1.009471208936338016e+00
6.075571942977970320e+04 1.000711113053601498e+00
6.075571968984039995e+04 9.950409005476764657e-01
6.075571994990109670e+04 9.919438431860838623e-01
6.075572020996180072e+04 9.962808317353369914e-01
6.075572047002249019e+04 9.955242992654873557e-01
6.075572073008318694e+04 1.015794158667921110e+00
6.075572099014388368e+04 1.003064426739063597e+00
6.075572125020458770e+04 1.009112686081732102e+00
6.075572151026528445e+04 1.002372857037578280e+00
6.075572177032597392e+04 1.009613565489280163e+00
6.075572203038667794e+04 9.919920595853198853e-01
6.075572229044737469e+04 9.933204298970012003e-01
6.075572255050806416e+04 9.698189017172924586e-01
6.075572281056877546e+04 9.995281745116265659e-01
6.075572307062946493e+04 9.984880605987257463e-01
6.075572333069016167e+04 1.003126390913391397e+00
6.075572359075086570e+04 9.975708461315854203e-01
6.075572385081155517e+04 9.913673720674066603e-01
6.075572411087225191e+04 9.858049567107429745e-01
6.075572437093294866e+04 9.811580656251324140e-01
6.075572463099365268e+04 9.967055514428908580e-01
6.075572489105434943e+04 9.925830745551400547e-01
6.075572515111503890e+04 9.854162089183889917e-01
6.075572541117574292e+04 1.006085523417041827e+00
6.075572567123643967e+04 9.969546765239724051e-01
6.075572593129713641e+04 9.930945187675118691e-01
6.075572619135784043e+04 9.874205904607802342e-01
6.075572645141852990e+04 9.957820619969558473e-01
6.075572671147922665e+04 9.976119871492602487e-01
6.075572697153993067e+04 9.907537889011239773e-01
6.075572723160062014e+04 9.992355499425815690e-01
6.075572749166131689e+04 1.001812725176447039e+00
6.075572775172202091e+04 1.013761441662470730e+00
6.075572801178271766e+04 1.008213109660439644e+00
6.075572827184341440e+04 1.012167358288774688e+00
6.075572853190411115e+04 9.984334014254285794e-01
6.075572879196480790e+04 1.002303304482939250e+00
6.075572905202550464e+04 1.025208634450472278e+00
6.075572931208620867e+04 1.000347454682885440e+00
6.075572957214690541e+04 9.998501776907641192e-01
6.075572983220759488e+04 1.008716362441544057e+00
6.075573009226829890e+04 9.957932732035005285e-01
6.075573035232899565e+04 9.974967009937787399e-01
6.075573061238968512e+04 1.007069745475763778e+00
6.075573087245038914e+04 9.969664304283049061e-01
6.075573113251108589e+04 9.933611724667779086e-01
6.075573139257178264e+04 9.860555958531407317e-01
6.075573165263248666e+04 1.010092920389602078e+00
6.075573191269317613e+04 1.005037132293989277e+00
6.075573217275387287e+04 1.009719328500093827e+00
6.075573243281457690e+04 9.961559860996940241e-01
6.075573269287527364e+04 9.947016623790945200e-01
6.075573295293597039e+04 9.982896733303823211e-01
6.075573321299666713e+04 9.984879618361998110e-01
6.075573347305736388e+04 9.905778694611703239e-01
6.075573373311806063e+04 1.004097457556045736e+00
6.075573399317875737e+04 9.964980616601765151e-01
6.075573425323946140e+04 9.844899894266738727e-01
6.075573451330015087e+04 9.986751672943775526e-01
6.075573477336085489e+04 9.817781562813565621e-01
6.075573503342155163e+04 9.979627183166717153e-01
6.075573529348224110e+04 1.008708560133497301e+00
6.075573555354294513e+04 9.973902909515077742e-01
6.075573581360364187e+04 9.908048290578792550e-01
6.075573607366434589e+04 1.012992508515069945e+00
6.075573633372504264e+04 9.932708130433882676e-01
6.075573659378573211e+04 1.003497288100650531e+00
6.075573685384643613e+04 1.021100866336067892e+00
6.075573711390713288e+04 9.949383676793573938e-01
6.075573737396782963e+04 1.000743387298610676e+00
6.075573763402853365e+04 9.901042731628885152e-01
6.075573789408922312e+04 1.005058628845445057e+00
6.075573815414991986e+04 1.002633350784686517e+00
6.075573841421062389e+04 9.966500198720826820e-01
6.075573867427131336e+04 1.008371640028705052e+00
6.075573893433201010e+04 9.894709940217842892e-01
6.075573919439271413e+04 1.000310728116759140e+00
6.075573945445341087e+04 1.007280533942341183e+00
6.075573971451411489e+04 9.992884828341934700e-01
6.075573997457480436e+04 1.008730174184556239e+00
6.075574023463550111e+04 9.982203668955083042e-01
6.075574049469620513e+04 9.984596909729425152e-01
6.075574075475690188e+04 1.011739409431177350e+00
6.075574101481759863e+04 1.001243038341282920e+00
6.075574127487829537e+04 1.020430688269792663e+00
6.075574153493899212e+04 1.000397947771632934e+00
6.075574179499969614e+04 9.921766749742676472e-01
6.075574205506038561e+04 9.958380258924850459e-01
6.075574231512108236e+04 9.854031600234314237e-01
6.075574257518178638e+04 1.000047098973486870e+00
6.075574283524248312e+04 1.004258343607690174e+00
6.075574309530317987e+04 9.986727956477819967e-01
6.075574483016229351e+04 1.011450971989788172e+00
6.075574509021608537e+04 1.017530372409709782e+00
6.075574535026989179e+04 1.015888666415491581e+00
6.075574561032369093e+04 9.772444557504268436e-01
6.075574587037748279e+04 1.004661263626716483e+00
6.075574613043128193e+04 1.005678345607008861e+00
6.075574639048507379e+04 1.001963204321212775e+00
6.075574665053887293e+04 9.962327337642302716e-01
6.075574691059266479e+04 1.003758958297228832e+00
6.075574717064645665e+04 1.023363552614245275e+00
6.075574743070025579e+04 9.901480962437457789e-01
6.075574769075404765e+04 1.008965506666832157e+00
6.075574795080784679e+04 1.000817650691972371e+00
6.075574821086163865e+04 9.883171054903804320e-01
6.075574847091544507e+04 9.881800609770963195e-01
6.075574873096924421e+04 9.863227337842296327e-01
6.075574899102303607e+04 9.995774128102513645e-01
6.075574925107683521e+04 9.904558212692162744e-01
6.075574951113062707e+04 9.931391470725896564e-01
6.075574977118442621e+04 1.010213260368259647e+00
6.075575003123821807e+04 9.947241103867949796e-01
6.075575029129201721e+04 1.001438893895432170e+00
6.075575055134580907e+04 1.012743148430379270e+00
6.075575081139960093e+04 1.004931752907956444e+00
6.075575107145340007e+04 1.010856200155234363e+00
6.075575133150719921e+04 1.005029497614135403e+00
6.075575159156100563e+04 1.015662994387127815e+00
6.075575185161479749e+04 1.013240520347377549e+00
6.075575211166859663e+04 9.995402505242619862e-01
6.075575237172238849e+04 1.006508635803033069e+00
6.075575263177618035e+04 9.935673570705993995e-01
6.075575289182997949e+04 1.005524279068487514e+00
6.075575315188377135e+04 9.865095368971122936e-01
6.075575341193757049e+04 1.008764205633506661e+00
6.075575367199136235e+04 1.017062798350941488e+00
6.075575393204516149e+04 1.020410593405413735e+00
6.075575419209895335e+04 9.934544494610340060e-01
6.075575445215275249e+04 1.006357403163181008e+00
6.075575471220655891e+04 9.949058213480503898e-01
6.075575497226035077e+04 1.003264609414913355e+00
6.075575523231414991e+04 1.011377292612722689e+00
6.075575549236794177e+04 9.977106252252699869e-01
6.075575575242174091e+04 9.912013917376348848e-01
6.075575601247553277e+04 1.026947717033556140e+00
6.075575627252933191e+04 1.009186741455509351e+00
6.075575653258312377e+04 1.007702004009626284e+00
6.075575679263691563e+04 1.013869720186186596e+00
6.075575705269071477e+04 1.008614180834538576e+00
6.075575731274451391e+04 1.002155822396590734e+00
6.075575757279832033e+04 1.007909499794157115e+00
6.075575783285211219e+04 1.006230211324909973e+00
6.075575809290591133e+04 9.870785113144211476e-01
6.075575835295970319e+04 1.028695455760493260e+00
6.075575861301350233e+04 1.009816394052055921e+00
6.075575887306729419e+04 1.013598092117217853e+00
6.075575913312109333e+04 1.018058178728226126e+00
6.075575939317488519e+04 1.012983929531841909e+00
6.075575965322867705e+04 1.015130641781795573e+00
6.075575991328247619e+04 9.913383289069100934e-01
6.075576017333626805e+04 9.842716939243687513e-01
6.075576043339007447e+04 1.011508533228907103e+00
6.075576069344387361e+04 9.886416963673988478e-01
6.075576095349767274e+04 1.016967800703152180e+00
6.075576121355146461e+04 9.994633984632682600e-01
6.075576147360526375e+04 9.891764888309672044e-01
6.075576173365905561e+04 1.010108855513942361e+00
6.075576199371285475e+04 9.952232060402645963e-01
6.075576225376664661e+04 1.010832727631484573e+00
6.075576251382044575e+04 1.002786418457168427e+00
6.075576277387423761e+04 9.978934639682119911e-01
6.075576303392802947e+04 9.934501243149367333e-01
6.075576329398183589e+04 1.003201065845391371e+00
6.075576355403563502e+04 1.020384208518043234e+00
6.075576381408943416e+04 1.007332750501812813e+00
6.075576407414322603e+04 9.933628992592782314e-01
6.075576433419702516e+04 1.015839724555464230e+00
6.075576459425081703e+04 1.011165315254348274e+00
6.075576485430461616e+04 9.985651375201701763e-01
6.075576511435840803e+04 9.949018211151251512e-01
6.075576537441220717e+04 9.971228918960155507e-01
6.075576563446599903e+04 9.958899280022166511e-01
6.075576589451979817e+04 1.015924216450637019e+00
6.075576615457359003e+04 9.953687438923704001e-01
6.075576641462739644e+04 9.959059043363853725e-01
6.075576667468119558e+04 1.002997693804137169e+00
6.075576693473499472e+04 9.934450734994563215e-01
6.075576719478878658e+04 9.852614714802817586e-01
6.075576745484258572e+04 9.873595670847863381e-01
6.075576771489637758e+04 1.016284548913223063e+00
6.075576797495017672e+04 9.914137928909716457e-01
6.075576823500396858e+04 1.001631396241750016e+00
6.075576849505776045e+04 9.969490054222197584e-01
6.075576875511155959e+04 9.943042429490834833e-01
6.075576901516535145e+04 9.994323088513871189e-01
6.075576927521915786e+04 9.847078234807401520e-01
6.075576953527295700e+04 1.007956857767175807e+00
6.075576979532675614e+04 1.000134941764402763e+00
6.075577005538054800e+04 1.002050736806708864e+00
6.075577031543434714e+04 9.860979320642938584e-01
6.075577057548813900e+04 1.001710780066925377e+00
6.075577083554193814e+04 1.000349454229081614e+00
6.075577109559573000e+04 1.012000937624401464e+00
6.075577135564952914e+04 1.007400450575520079e+00
6.075577161570332100e+04 1.001947932482131876e+00
6.075577187575712014e+04 1.001751106992400553e+00
6.075577213581091200e+04 9.920662069323534782e-01
6.075577239586471842e+04 9.840707070416919722e-01
6.075577265591851756e+04 1.000822409534684709e+00
6.075577291597231670e+04 9.973469502032527023e-01
6.075577317602610856e+04 1.012176930510237716e+00
