6.075585120116569306e+04 9.949614340259719247e-01
6.075585146121949219e+04 9.905613541214383089e-01
6.075585172127328406e+04 9.936342617821285472e-01
6.075585198132708319e+04 9.951678504993810570e-01
6.075585224138088233e+04 1.007795187335204234e+00
6.075585250143468147e+04 9.828309723210276738e-01
6.075585276148847333e+04 1.014743654029137021e+00
6.075585302154227247e+04 1.001621933958001698e+00
6.075585328159607161e+04 9.957723519394576783e-01
6.075585354164987803e+04 9.998750583145329385e-01
6.075585380170368444e+04 9.948642504846560985e-01
6.075585406175747630e+04 1.006803686177901502e+00
6.075585432181127544e+04 1.006086013924651468e+00
6.075585458186507458e+04 1.019122961397793681e+00
6.075585484191887372e+04 9.992340536925725658e-01
6.075585510197266558e+04 1.004793381057139445e+00
6.075585536202646472e+04 9.905414332917745757e-01
6.075585562208026386e+04 9.908540983992687456e-01
6.075585588213406299e+04 1.000264348197162922e+00
6.075585614218786213e+04 1.006477744496879545e+00
6.075585640224165400e+04 1.000056532940061249e+00
6.075585666229546041e+04 1.016763516204033824e+00
6.075585692234926682e+04 9.959638811520691304e-01
6.075585718240306596e+04 9.951172570545185891e-01
6.075585744245685783e+04 1.002000692159483952e+00
6.075585770251065696e+04 1.002873266390051032e+00
6.075585796256445610e+04 9.968056668485166805e-01
6.075585822261825524e+04 9.962261714466369433e-01
6.075585848267205438e+04 9.994970890788708040e-01
6.075585874272584624e+04 1.005060674881147698e+00
6.075585900277964538e+04 9.858436206988440142e-01
6.075585926283344452e+04 9.998211908582969043e-01
6.075585952288725093e+04 1.002966952419496405e+00
6.075585978294105735e+04 9.950571231027907082e-01
6.075586004299484921e+04 1.014232062325786998e+00
6.075586030304864835e+04 9.980621596838096243e-01
6.075586056310244749e+04 9.883232996062817355e-01
6.075586082315624662e+04 1.018244490133249691e+00
6.075586108321004576e+04 9.869234484268262220e-01
6.075586134326383763e+04 9.975188098547020932e-01
6.075586160331763676e+04 9.994488812546978851e-01
6.075586186337143590e+04 1.010301003269372444e+00
6.075586212342523504e+04 1.000907326733969427e+00
6.075586238347903418e+04 1.001278015522045761e+00
6.075586264353283332e+04 1.008009576838303945e+00
6.075586290358663973e+04 9.998770598832987799e-01
6.075586316364043887e+04 9.837390896615467728e-01
6.075586342369423801e+04 1.005775000050615153e+00
6.075586368374803715e+04 1.006286418204998867e+00
6.075586394380182901e+04 9.932686277620179638e-01
6.075586420385562815e+04 9.833939945138087113e-01
6.075586446390942729e+04 1.007919273144371131e+00
6.075586472396322642e+04 1.005246968362336180e+00
6.075586498401702556e+04 9.913646437349123985e-01
6.075586524407081743e+04 9.774318215665390719e-01
6.075586550412462384e+04 9.976497854049136693e-01
6.075586576417843025e+04 1.009154937435783772e+00
6.075586602423222939e+04 9.773471167231196910e-01
6.075586628428602853e+04 1.003309196676799742e+00
6.075586654433982039e+04 1.003109206336139092e+00
6.075586680439361953e+04 1.003527643794751567e+00
6.075586706444741867e+04 9.836472817264013679e-01
6.075586732450121781e+04 9.874446566245311807e-01
6.075586758455501695e+04 1.009660538799367790e+00
6.075586784460881609e+04 1.002395358242875956e+00
6.075586810466260795e+04 9.996807028004135454e-01
6.075586836471640709e+04 9.897509245435873737e-01
6.075586862477021350e+04 1.011175420773625655e+00
6.075586888482401991e+04 1.005527203643956424e+00
6.075586914487781905e+04 1.008383788034815431e+00
6.075586940493161092e+04 9.941200745491015622e-01
6.075586966498541005e+04 1.010280841070306801e+00
6.075586992503920919e+04 9.914624453951460525e-01
6.075587018509300833e+04 1.002273618568602975e+00
6.075587044514680747e+04 1.004492942287460222e+00
6.075587070520060661e+04 1.010468319631349088e+00
6.075587096525439847e+04 9.946352318693556516e-01
6.075587122530819761e+04 9.877861249349680905e-01
6.075587148536199675e+04 9.943941586994680115e-01
6.075587174541581044e+04 1.003063796940702801e+00
6.075587200546960958e+04 9.975840473164376832e-01
6.075587226552340871e+04 9.916969963000916710e-01
6.075587252557720058e+04 9.930978068353639721e-01
6.075587278563099972e+04 9.903299765776713004e-01
6.075587304568479885e+04 9.955817430227563714e-01
6.075587330573859799e+04 9.828125024060954118e-01
6.075587356579239713e+04 1.003547929340054434e+00
6.075587382584619627e+04 1.005490970954697305e+00
6.075587408589998813e+04 1.021271238645951041e+00
6.075587434595378727e+04 9.977108008275958895e-01
6.075587460600759368e+04 9.833010601427696340e-01
6.075587486606140010e+04 9.942392084942915931e-01
6.075587512611519924e+04 1.007031301757128849e+00
6.075587538616899838e+04 1.019723424094666653e+00
6.075587564622279751e+04 9.926050829868432457e-01
6.075587590627658938e+04 9.941556117250301972e-01
6.075587616633038851e+04 9.877316955482962069e-01
6.075587642638418765e+04 1.002672000705874700e+00
6.075587668643798679e+04 9.945041616183157851e-01
6.075587694649178593e+04 1.013204997716045330e+00
6.075587720654558507e+04 9.897522680463248790e-01
6.075587746659937693e+04 1.002046996910870291e+00
6.075587772665318334e+04 1.009034366342405287e+00
6.075587798670698976e+04 9.954494879642081795e-01
6.075587824676078890e+04 1.000988634148737066e+00
6.075587850681458804e+04 9.944913253386824525e-01
6.075587876686838717e+04 9.854489980239869995e-01
6.075587902692218631e+04 9.880010932123293177e-01
6.075587928697597818e+04 1.008853387015419933e+00
6.075587954702977731e+04 9.996460025404936278e-01
6.075588115586427011e+04 9.951731611268169742e-01
6.075588141592496686e+04 9.926543043912685604e-01
6.075588167598567088e+04 9.960843561905825538e-01
6.075588193604636763e+04 9.929085387977713006e-01
6.075588219610707165e+04 9.994820864522075965e-01
6.075588245616777567e+04 9.928245351883244751e-01
6.075588271622847242e+04 9.828693202627749592e-01
6.075588297628917644e+04 1.008043766770861049e+00
6.075588323634988046e+04 1.004286719943745076e+00
6.075588349641056993e+04 1.015889548000323384e+00
6.075588375647127395e+04 9.898544045796855428e-01
6.075588401653197798e+04 9.912732898594690534e-01
6.075588427659268200e+04 9.951719142538097973e-01
6.075588453665338602e+04 9.994611787524678714e-01
6.075588479671408277e+04 9.887666145991859112e-01
6.075588505677478679e+04 1.005856534919809642e+00
6.075588531683548354e+04 9.908537258720470087e-01
6.075588557689618756e+04 9.901771882644616607e-01
6.075588583695689158e+04 9.955909477977314959e-01
6.075588609701758833e+04 1.000156441897100068e+00
6.075588635707829235e+04 1.003785621044938514e+00
6.075588661713899637e+04 9.918951560837725445e-01
6.075588687719969312e+04 1.014607179805651516e+00
6.075588713726038986e+04 9.827538825209689577e-01
6.075588739732109389e+04 9.958292599880154139e-01
6.075588765738179791e+04 1.000009767415278583e+00
6.075588791744250193e+04 9.805035464454702199e-01
6.075588817750319868e+04 1.006895443806510970e+00
6.075588843756390270e+04 9.894561904654856077e-01
6.075588869762460672e+04 9.929984715321568123e-01
6.075588895768530347e+04 9.947960364486130302e-01
6.075588921774600749e+04 9.982440551388259697e-01
6.075588947780670424e+04 9.920162258860065752e-01
6.075588973786740826e+04 1.014950527474498987e+00
6.075588999792811228e+04 1.004499335657732084e+00
6.075589025798880903e+04 1.002328654683722675e+00
6.075589051804952032e+04 1.017947491221561584e+00
6.075589077811021707e+04 1.005017978165006154e+00
6.075589103817091382e+04 1.003734179737764354e+00
6.075589129823161784e+04 9.803760143396712534e-01
6.075589155829231458e+04 9.969373355724631125e-01
6.075589181835301861e+04 1.000554026762074278e+00
6.075589207841372263e+04 1.004705216488824382e+00
6.075589233847442665e+04 1.013861595011211314e+00
6.075589259853513067e+04 9.883748027209571241e-01
6.075589285859582742e+04 1.005903000529065006e+00
6.075589311865652417e+04 1.012194712381780493e+00
6.075589337871722819e+04 9.954307127233611441e-01
6.075589363877793221e+04 1.006696284372464056e+00
6.075589389883863623e+04 9.955261438899484228e-01
6.075589415889933298e+04 1.009397661275662994e+00
6.075589441896003700e+04 9.867657371343142580e-01
6.075589467902074102e+04 1.008222467975270931e+00
6.075589493908143777e+04 1.008115272771000548e+00
6.075589519914213452e+04 1.001496408297177121e+00
6.075589545920283854e+04 1.008418862506675007e+00
6.075589571926354256e+04 1.000328449839048783e+00
6.075589597932424658e+04 9.946783347782671703e-01
6.075589623938494333e+04 9.900195904348952913e-01
6.075589649944564735e+04 1.011358929566746223e+00
6.075589675950635137e+04 1.005280776039062518e+00
6.075589701956705539e+04 9.892408262246161765e-01
6.075589727962775942e+04 1.000438996833955763e+00
6.075589753968844889e+04 1.023534818522347400e+00
6.075589779974915291e+04 1.024133301152112985e+00
6.075589805980985693e+04 9.889099361389311893e-01
6.075589831987055368e+04 1.007328852515991802e+00
6.075589857993125770e+04 9.989788874551656095e-01
6.075589883999196172e+04 9.979348188290781962e-01
6.075589910005266574e+04 1.002949234333623485e+00
6.075589936011336977e+04 1.011369004670426452e+00
6.075589962017406651e+04 1.008550153788295489e+00
6.075589988023477054e+04 1.002940459656499028e+00
6.075590014029546728e+04 1.002274967713111975e+00
6.075590040035617130e+04 1.001491377312156317e+00
6.075590066041687533e+04 1.025039555180217610e+00
6.075590092047757207e+04 1.009890074001273286e+00
6.075590118053827609e+04 9.953065573190748028e-01
6.075590144059898012e+04 1.007647736060331756e+00
6.075590170065967686e+04 9.845927046494165058e-01
6.075590196072038816e+04 9.977094584510413089e-01
6.075590222078108491e+04 1.002542423804799743e+00
6.075590248084178893e+04 1.006014538163751526e+00
6.075590274090249295e+04 1.008645344362617768e+00
6.075590300096318242e+04 1.010558836133393701e+00
6.075590326102388644e+04 9.963177826061198061e-01
6.075590352108459047e+04 1.007429507821831383e+00
6.075590378114529449e+04 1.014115672618783215e+00
6.075590404120599851e+04 1.005613406177972458e+00
6.075590430126669526e+04 1.000894815475067867e+00
6.075590456132739928e+04 1.004535203821226075e+00
6.075590482138810330e+04 1.011942968418785949e+00
6.075590508144880732e+04 1.003373765506427207e+00
6.075590534150951135e+04 1.003744385743431833e+00
6.075590560157020809e+04 1.022136292185538364e+00
6.075590586163091211e+04 1.006018517876509533e+00
6.075590612169160886e+04 1.007993057442670981e+00
6.075590638175230561e+04 9.977561972256383527e-01
6.075590664181300963e+04 1.021814693803686724e+00
6.075590690187371365e+04 9.998677915561535734e-01
6.075590716193441767e+04 1.022636273292077957e+00
6.075590742199512169e+04 1.009715179547569175e+00
6.075590768205581844e+04 1.005150172110525597e+00
6.075590794211652246e+04 1.015964700057979675e+00
6.075590820217722649e+04 1.013664095084376271e+00
6.075590846223793051e+04 1.017541761765827113e+00
6.075590872229863453e+04 1.009752541207921572e+00
6.075590898235933128e+04 1.008696062594198528e+00
6.075590924242003530e+04 1.016818786157640320e+00
6.075590950248073932e+04 1.002116806573823293e+00
6.075591106051386305e+04 9.989868870856674077e-01
6.075591132057445793e+04 1.004773758539864836e+00
6.075591158063505281e+04 9.952150532548670325e-01
6.075591184069564770e+04 1.016558536740556296e+00
6.075591210075624258e+04 9.973568418284477488e-01
6.075591236081683746e+04 1.000390668283273721e+00
6.075591262087743235e+04 9.887462185864970277e-01
6.075591288093802723e+04 1.011135076549147804e+00
6.075591314099862211e+04 1.003567116051155228e+00
6.075591340105922427e+04 9.959707380064163340e-01
6.075591366111981915e+04 9.917334394711884160e-01
6.075591392118041404e+04 1.021052258489043130e+00
6.075591418124100892e+04 1.007801717645277595e+00
6.075591444130160380e+04 1.003272435684317454e+00
6.075591470136219868e+04 1.006566420704219311e+00
6.075591496142279357e+04 1.019450303661306956e+00
6.075591522148338845e+04 1.005723785003030057e+00
6.075591548154399061e+04 9.916377082015606081e-01
6.075591574160458549e+04 1.012554104578453185e+00
6.075591600166518037e+04 1.004532500162200970e+00
6.075591626172577526e+04 1.002576207641071804e+00
6.075591652178637742e+04 1.001217093133928149e+00
6.075591678184697230e+04 1.001852011899904582e+00
6.075591704190756718e+04 1.005552895570868133e+00
6.075591730196816206e+04 1.020706039478297189e+00
6.075591756202875695e+04 1.022566638317045085e+00
6.075591782208935183e+04 1.005123529027924789e+00
6.075591808214994671e+04 1.015054051066422769e+00
6.075591834221054160e+04 1.007081844478835420e+00
6.075591860227113648e+04 1.022513660206652908e+00
6.075591886233173136e+04 1.024603107346789166e+00
6.075591912239232624e+04 9.969382218652709238e-01
6.075591938245292840e+04 1.008825154164298299e+00
6.075591964251352329e+04 1.007066989011601299e+00
6.075591990257411817e+04 9.991734062252892734e-01
6.075592016263471305e+04 1.022519218740719271e+00
6.075592042269530793e+04 9.915376980832883991e-01
6.075592068275590282e+04 1.004562342972555644e+00
6.075592094281649770e+04 9.802867171540566860e-01
6.075592120287709986e+04 1.003610015114914988e+00
6.075592146293769474e+04 1.023319750273568696e+00
6.075592172299828962e+04 1.001473370392265583e+00
6.075592198305888451e+04 1.002316513725303615e+00
6.075592224311948667e+04 1.022620155158513455e+00
6.075592250318008155e+04 1.001723712301228586e+00
6.075592276324067643e+04 1.002961179093736277e+00
6.075592302330127131e+04 9.991228280114566873e-01
6.075592328336186620e+04 9.790225522315697537e-01
6.075592354342246108e+04 1.024083540062270536e+00
6.075592380348305596e+04 9.959702064248648901e-01
6.075592406354365812e+04 1.017754740960353121e+00
6.075592432360425300e+04 1.007725544917891680e+00
6.075592458366484789e+04 1.006952901448715965e+00
6.075592484372544277e+04 1.008919183841207712e+00
6.075592510378604493e+04 9.945987258155037924e-01
6.075592536384663981e+04 9.834968141212140358e-01
6.075592562390723469e+04 1.002264425974226159e+00
6.075592588396782958e+04 1.002660618442766438e+00
6.075592614402842446e+04 9.995201825105574089e-01
6.075592640408901934e+04 1.004951606421806254e+00
6.075592666414961423e+04 1.009069309680608484e+00
6.075592692421020911e+04 1.004363556881154418e+00
6.075592718427081127e+04 1.002339946331128884e+00
6.075592744433140615e+04 1.007312296391560613e+00
6.075592770439200103e+04 1.015247947272668316e+00
6.075592796445260319e+04 1.007276002857256492e+00
6.075592822451319807e+04 1.008521511335738641e+00
6.075592848457379296e+04 1.009220092090120202e+00
6.075592874463438784e+04 1.003265463243087741e+00
6.075592900469498272e+04 1.007424594517188243e+00
6.075592926475557761e+04 1.024864792242818234e+00
6.075592952481617249e+04 1.007076782327931852e+00
6.075592978487676737e+04 9.833329701531138278e-01
6.075593004493736953e+04 1.000202726560387223e+00
6.075593030499796441e+04 1.013532202380371450e+00
6.075593056505855930e+04 1.008154615258803233e+00
6.075593082511916145e+04 1.013626118448654134e+00
6.075593108517975634e+04 1.012898704498050195e+00
6.075593134524035122e+04 1.011478235306290774e+00
6.075593160530094610e+04 1.020718185065745853e+00
6.075593186536154099e+04 1.001056648187473197e+00
6.075593212542213587e+04 9.980324702572109796e-01
6.075593238548273075e+04 1.001817508764222264e+00
6.075593264554332563e+04 9.973614612190009332e-01
6.075593290560392779e+04 1.008040464698612304e+00
6.075593316566452268e+04 1.012525733995274235e+00
6.075593342572511756e+04 1.013390676416993763e+00
6.075593368578571244e+04 1.003022205083330620e+00
6.075593394584631460e+04 9.937129832111776251e-01
6.075593420590690948e+04 1.017560674180105540e+00
6.075593446596750437e+04 9.881083151219350880e-01
6.075593472602809925e+04 1.005931479051113575e+00
6.075593498608869413e+04 9.835748282540213161e-01
6.075593524614928901e+04 9.936002600400783979e-01
6.075593550620988390e+04 1.013286105985447882e+00
6.075593576627048606e+04 9.913249771589958126e-01
6.075593602633108094e+04 9.965025506207171313e-01
6.075593628639167582e+04 1.009159798186219037e+00
6.075593654645227070e+04 1.002483020277787240e+00
6.075593680651287286e+04 9.970306074994490508e-01
6.075593706657346775e+04 1.003352058890490950e+00
6.075593732663406263e+04 9.889753822283796625e-01
6.075593758669465751e+04 1.007255646161696827e+00
6.075593784675525239e+04 1.017467892461861645e+00
6.075593810681584728e+04 9.993079111268844406e-01
6.075593836687644216e+04 1.018249876786081254e+00
6.075593862693704432e+04 9.964312953491700764e-01
6.075593888699763920e+04 9.835415487763448095e-01
6.075593914705823408e+04 1.015478929354104887e+00
6.075593940711883624e+04 9.967057064026144664e-01
6.075594106598430517e+04 9.952116863734743468e-01
6.075594132604500919e+04 1.014725013206217774e+00
6.075594158610571321e+04 9.970049544390481300e-01
6.075594184616640996e+04 1.006258714642478624e+00
6.075594210622711398e+04 9.935218430839785064e-01
6.075594236628781800e+04 1.002100939531675117e+00
6.075594262634852203e+04 9.887004594466602958e-01
6.075594288640922605e+04 9.939866448119312192e-01
6.075594314646992279e+04 1.007132010807191724e+00
6.075594340653063409e+04 9.931456865170494863e-01
6.075594366659133811e+04 1.019918360361307785e+00
6.075594392665203486e+04 9.903365907850580907e-01
6.075594418671273888e+04 9.950863617094402036e-01
6.075594444677344291e+04 9.818930094981671575e-01
6.075594470683414693e+04 1.000400185794631858e+00
6.075594496689485095e+04 9.876133205795496472e-01
6.075594522695554770e+04 9.893098350643888539e-01
6.075594548701625172e+04 9.902851903616325391e-01
6.075594574707695574e+04 1.000700213458243448e+00
6.075594600713765976e+04 9.934379125546426437e-01
6.075594626719836378e+04 9.969350071363798360e-01
6.075594652725906053e+04 9.971976012867415085e-01
6.075594678731976455e+04 9.936388797473886259e-01
6.075594704738046858e+04 1.008115269872277286e+00
6.075594730744116532e+04 1.000750956425492388e+00
6.075594756750187662e+04 9.928303171662844484e-01
6.075594782756257337e+04 1.001252889758618592e+00
6.075594808762328466e+04 9.979076711001384492e-01
6.075594834768398869e+04 1.017201375890726123e+00
6.075594860774468543e+04 9.999353219402224990e-01
6.075594886780538945e+04 9.837464506968247591e-01
6.075594912786609348e+04 9.944209152560926634e-01
6.075594938792679750e+04 9.990136638934771218e-01
6.075594964798750152e+04 1.014629753699747727e+00
6.075594990804819827e+04 1.013405275121161964e+00
6.075595016810890229e+04 9.861777975483462244e-01
6.075595042816960631e+04 9.845424985366701964e-01
6.075595068823031033e+04 9.948665251902085727e-01
6.075595094829101436e+04 1.004087083528544477e+00
6.075595120835171110e+04 1.001280049277324169e+00
6.075595146841241512e+04 9.997899320850490712e-01
6.075595172847312642e+04 1.020821307437490333e+00
6.075595198853382317e+04 1.012538166344343793e+00
6.075595224859452719e+04 1.013747902912595755e+00
6.075595250865523121e+04 1.004007971739898863e+00
6.075595276871593524e+04 9.944019592117907536e-01
6.075595302877663926e+04 1.002473408951308320e+00
6.075595328883733600e+04 1.003444985105745646e+00
6.075595354889804003e+04 9.901889893072991500e-01
6.075595380895874405e+04 9.913857707811372100e-01
6.075595406901944807e+04 9.970194368230473891e-01
6.075595432908015209e+04 9.925085812850688027e-01
6.075595458914084884e+04 9.948246122635765465e-01
6.075595484920156014e+04 9.804897459566762619e-01
6.075595510926226416e+04 9.997428710311906386e-01
6.075595536932296091e+04 1.000706777255203184e+00
6.075595562938366493e+04 1.006988676500685465e+00
6.075595588944436895e+04 1.013014795453654138e+00
6.075595614950507297e+04 9.963151217873507104e-01
6.075595640956577699e+04 1.007706807946131766e+00
6.075595666962647374e+04 9.878424291424675596e-01
6.075595692968717776e+04 1.007479429795492321e+00
6.075595718974788178e+04 9.971867872071265015e-01
6.075595744980858581e+04 9.997434977032648717e-01
6.075595770986929710e+04 1.005255606271594049e+00
6.075595796992999385e+04 9.817170582198667672e-01
6.075595822999069787e+04 9.989198232207020522e-01
6.075595849005140190e+04 9.987529095318686823e-01
6.075595875011209864e+04 1.010671961354289383e+00
6.075595901017280994e+04 1.001926589677716750e+00
6.075595927023350669e+04 9.865783249120660958e-01
6.075595953029421071e+04 1.006571257220513438e+00
6.075595979035491473e+04 9.929132240251606900e-01
6.075596005041561148e+04 9.972792410427857579e-01
6.075596031047632277e+04 1.016237241712120376e+00
6.075596057053702680e+04 1.024762858822927392e+00
6.075596083059773082e+04 1.018011131954469795e+00
6.075596109065843484e+04 9.868748866902954386e-01
6.075596135071913159e+04 1.007721105479934876e+00
6.075596161077983561e+04 9.967710565687734059e-01
6.075596187084053963e+04 1.001326856179911351e+00
6.075596213090124365e+04 1.003069539975670166e+00
6.075596239096194768e+04 9.939186544378880717e-01
6.075596265102265170e+04 1.005315787089804180e+00
6.075596291108335572e+04 9.987615192391043895e-01
6.075596317114405974e+04 9.859307324649723148e-01
6.075596343120475649e+04 9.941960790004716886e-01
6.075596369126546051e+04 1.011511017409431057e+00
6.075596395132616453e+04 1.002406570233427718e+00
6.075596421138686856e+04 9.907010415447951024e-01
6.075596447144757258e+04 9.864091822284499766e-01
6.075596473150827660e+04 1.009370965551510402e+00
6.075596499156898062e+04 9.987561445891925960e-01
6.075596525162968464e+04 9.975575875394635528e-01
6.075596551169038867e+04 1.001514530802015468e+00
6.075596577175109269e+04 9.940713773652961605e-01
6.075596603181178943e+04 9.971286018235790971e-01
6.075596629187249346e+04 9.926237272784481647e-01
6.075596655193319748e+04 1.003559297005976791e+00
6.075596681199390150e+04 9.903364358580573068e-01
6.075596707205460552e+04 9.848293711737122758e-01
6.075596733211530955e+04 9.950365693314005000e-01
6.075596759217601357e+04 1.007788727611100166e+00
6.075596785223671759e+04 1.010534555424928094e+00
6.075596811229741434e+04 9.876561200217827130e-01
6.075596837235811836e+04 1.009731513684887227e+00
6.075596863241882238e+04 1.007368479461752120e+00
6.075596889247953368e+04 9.879591953396436033e-01
6.075596915254023770e+04 9.886535041955163416e-01
6.075596941260093445e+04 1.005929979668954477e+00
6.075597102105359954e+04 1.005227908997084363e+00
6.075597128111420170e+04 1.008540070705673974e+00
6.075597154117479658e+04 9.850837691585613287e-01
6.075597180123539147e+04 1.010885055200370530e+00
6.075597206129598635e+04 1.005195816673326581e+00
6.075597232135658123e+04 9.970977142898116430e-01
6.075597258141718339e+04 1.004651457780869617e+00
6.075597284147777827e+04 1.004471451957001493e+00
6.075597310153837316e+04 1.004741039505983480e+00
6.075597336159897532e+04 1.012557044430427711e+00
6.075597362165957020e+04 1.011750351140160653e+00
6.075597388172016508e+04 1.002963415120295076e+00
6.075597414178077452e+04 1.003812718531346349e+00
6.075597440184136940e+04 9.937785495392814639e-01
6.075597466190196428e+04 1.000135358275265896e+00
6.075597492196255916e+04 9.809906673831478852e-01
6.075597518202315405e+04 1.005018572739361682e+00
6.075597544208374893e+04 9.989882955520370533e-01
6.075597570214434381e+04 1.011066126833177314e+00
6.075597596220494597e+04 1.015648985446433006e+00
6.075597622226554813e+04 1.010812800610536355e+00
6.075597648232614301e+04 1.001431705223227109e+00
6.075597674238673790e+04 1.001239863850803102e+00
6.075597700244734006e+04 1.005137423008686026e+00
6.075597726250793494e+04 9.822839526033022572e-01
6.075597752256853710e+04 1.017229418163736021e+00
6.075597778262913198e+04 9.999038404281885839e-01
6.075597804268972686e+04 1.010797898724193677e+00
6.075597830275032175e+04 1.004302653137419732e+00
6.075597856281091663e+04 1.003310167887645710e+00
6.075597882287151151e+04 1.008941136530336014e+00
6.075597908293212095e+04 9.815729563744928221e-01
6.075597934299271583e+04 1.005830737455008173e+00
6.075597960305331071e+04 1.012122067808532089e+00
6.075597986311390559e+04 1.013013759051894613e+00
6.075598012317450775e+04 1.013332755169100929e+00
6.075598038323510264e+04 9.938182691484670483e-01
6.075598064329570479e+04 9.896018842241247615e-01
6.075598090335629968e+04 9.981205943314170881e-01
6.075598116341689456e+04 9.921673080867644545e-01
6.075598142347748944e+04 1.003268743484822867e+00
6.075598168353808433e+04 1.008271442438876786e+00
6.075598194359869376e+04 1.019395277481140116e+00
6.075598220365928864e+04 1.004027966503691527e+00
6.075598246371988353e+04 1.003059448229235873e+00
6.075598272378047841e+04 1.006984155837679973e+00
6.075598298384108057e+04 1.001501346846313645e+00
6.075598324390167545e+04 9.993441555514801511e-01
6.075598350396227761e+04 9.906324241228680050e-01
6.075598376402287249e+04 1.010463504920678934e+00
6.075598402408346738e+04 1.002807387309025078e+00
6.075598428414406226e+04 1.013658959078183042e+00
6.075598454420465714e+04 9.928006933603230610e-01
6.075598480426526658e+04 1.011034187444866284e+00
6.075598506432586146e+04 1.003231298300827579e+00
6.075598532438645634e+04 1.006534700671780413e+00
6.075598558444705122e+04 1.005601406403155540e+00
6.075598584450765338e+04 1.002290537031083284e+00
6.075598610456825554e+04 9.993680341791291166e-01
6.075598636462885042e+04 9.992128577073460249e-01
6.075598662468944531e+04 1.018196188231097921e+00
6.075598688475004019e+04 1.018483969410593160e+00
6.075598714481063507e+04 1.011481358058825997e+00
6.075598740487123723e+04 1.023273761691078754e+00
6.075598766493183211e+04 1.008489279114533677e+00
6.075598792499243427e+04 1.006906618268051945e+00
6.075598818505302916e+04 9.966399302799968662e-01
6.075598844511362404e+04 1.009023348356898220e+00
6.075598870517423347e+04 9.982499561107867070e-01
6.075598896523482836e+04 9.965642552902531648e-01
6.075598922529542324e+04 1.013391099257808348e+00
6.075598948535601812e+04 1.018986227324601535e+00
6.075598974541661300e+04 1.003881793255893440e+00
6.075599000547721516e+04 1.009249739920905498e+00
6.075599026553781005e+04 1.015218473063679738e+00
6.075599052559840493e+04 1.010827685291740607e+00
6.075599078565900709e+04 9.921897710891156574e-01
6.075599104571960197e+04 1.025145348975856630e+00
6.075599130578020413e+04 1.006779023790881800e+00
6.075599156584080629e+04 1.006871778682658425e+00
6.075599182590140117e+04 9.963018248717626646e-01
6.075599208596199605e+04 9.962054890545238850e-01
6.075599234602259094e+04 1.003207820483346335e+00
6.075599260608319310e+04 1.004702236965005602e+00
6.075599286614378798e+04 1.012772622304914716e+00
6.075599312620438286e+04 9.941955323233313546e-01
6.075599338626497774e+04 1.004964736524079472e+00
6.075599364632558718e+04 1.003178662110353558e+00
6.075599390638618206e+04 1.003143599729870328e+00
6.075599416644677694e+04 1.008873125884990118e+00
6.075599442650737910e+04 1.009851958855211951e+00
6.075599468656797399e+04 1.003210686791647710e+00
6.075599494662857614e+04 1.025212824812349099e+00
6.075599520668917103e+04 9.947832981628221827e-01
6.075599546674976591e+04 9.971475032251437831e-01
6.075599572681036079e+04 1.008109678438488643e+00
6.075599598687096295e+04 9.951818262434707352e-01
6.075599624693155783e+04 1.010023790031002511e+00
6.075599650699215999e+04 9.993286278973800840e-01
6.075599676705275488e+04 9.914415645419175638e-01
6.075599702711334976e+04 1.016132863641673989e+00
6.075599728717395192e+04 1.002297679898480842e+00
6.075599754723455408e+04 9.972745234544628801e-01
6.075599780729514896e+04 1.013370513911298287e+00
6.075599806735574384e+04 9.989185459366961561e-01
6.075599832741634600e+04 1.017453796862165083e+00
6.075599858747694088e+04 1.011526106733596553e+00
6.075599884753753577e+04 1.005675609416626148e+00
6.075599910759813065e+04 1.021232512250190405e+00
6.075599936765874008e+04 1.012204423943007914e+00
6.075600091310295102e+04 9.945446528069741277e-01
6.075600117316365504e+04 9.897136173392606651e-01
6.075600143322435179e+04 1.005715214367744803e+00
6.075600169328505581e+04 9.955346642931591772e-01
6.075600195334576711e+04 1.008179773779308785e+00
6.075600221340647113e+04 1.014205883176750644e+00
6.075600247346717515e+04 1.000532371954406585e+00
6.075600273352787190e+04 1.003758393742058219e+00
6.075600299358858319e+04 1.009084983776021849e+00
6.075600325364928722e+04 1.020972644992520717e+00
6.075600351370998396e+04 1.005901279803019355e+00
6.075600377377069526e+04 9.941167250275032563e-01
6.075600403383139928e+04 1.023751435993691672e+00
6.075600429389210331e+04 9.930501689131373544e-01
6.075600455395280733e+04 1.000740709963194197e+00
6.075600481401350407e+04 1.015333247168601627e+00
6.075600507407421537e+04 1.018794461106303118e+00
6.075600533413491939e+04 1.013394710063425519e+00
6.075600559419562342e+04 1.010927796809476531e+00
6.075600585425632744e+04 9.929130167236401849e-01
6.075600611431703146e+04 1.017448799236356116e+00
6.075600637437773548e+04 1.024159655578867456e+00
6.075600663443843951e+04 1.003715467374834303e+00
6.075600689449914353e+04 1.004077660988172971e+00
6.075600715455985483e+04 1.008867220790100383e+00
6.075600741462055157e+04 1.003775241957787001e+00
6.075600767468125559e+04 1.017444964959136833e+00
6.075600793474195962e+04 1.006275570587241708e+00
6.075600819480266364e+04 1.006054664944526555e+00
6.075600845486336766e+04 9.958600169565587912e-01
6.075600871492407168e+04 1.019439492434472072e+00
6.075600897498478298e+04 1.005971768319167570e+00
6.075600923504548700e+04 1.016299809630471174e+00
6.075600949510618375e+04 1.015466979305087003e+00
6.075600975516688777e+04 9.885711616454246897e-01
6.075601001522759907e+04 1.010983282471515698e+00
6.075601027528830309e+04 9.967990639876682657e-01
6.075601053534900711e+04 1.007232056571012446e+00
6.075601079540970386e+04 1.015629733135754220e+00
6.075601105547041516e+04 1.008386438505623595e+00
6.075601131553111918e+04 9.791168286973550572e-01
6.075601157559181593e+04 1.010804950309348360e+00
6.075601183565252722e+04 1.013187158819079281e+00
6.075601209571323125e+04 1.013907080282713036e+00
6.075601235577393527e+04 1.001297931990289936e+00
6.075601261583463929e+04 9.990308083312581244e-01
6.075601287589534331e+04 1.000345435561747376e+00
6.075601313595604734e+04 1.000527698109497488e+00
6.075601339601675136e+04 9.953177560686163883e-01
6.075601365607746266e+04 1.017655302141145413e+00
6.075601391613816668e+04 9.985446308095007328e-01
6.075601417619886342e+04 1.009740623636407930e+00
6.075601443625956745e+04 1.014146141627828568e+00
6.075601469632027874e+04 1.013813279952174629e+00
6.075601495638097549e+04 1.010596079711172601e+00
6.075601521644168679e+04 1.000108561198751911e+00
6.075601547650239081e+04 1.018209452049452679e+00
6.075601573656309483e+04 1.002967280460436816e+00
6.075601599662379886e+04 1.006935062234660228e+00
6.075601625668450288e+04 1.028757346627370728e+00
6.075601651674520690e+04 1.006470829387342114e+00
6.075601677680591092e+04 1.021425960862776261e+00
6.075601703686661494e+04 1.003230781020416629e+00
6.075601729692732624e+04 1.007629234663468987e+00
6.075601755698802299e+04 1.005032518353397020e+00
6.075601781704872701e+04 9.941475133063252256e-01
6.075601807710943831e+04 1.000575995643640859e+00
6.075601833717014233e+04 1.015177454185927308e+00
6.075601859723084635e+04 1.013978455931102696e+00
6.075601885729155038e+04 1.017039267947885239e+00
6.075601911735225440e+04 9.941872446190873625e-01
6.075601937741295842e+04 9.918736695832615080e-01
6.075601963747365517e+04 1.002328437620919610e+00
6.075601989753436646e+04 9.928014707776554593e-01
6.075602015759507049e+04 1.004548089951238232e+00
6.075602041765577451e+04 1.001742878622481348e+00
6.075602067771648581e+04 1.022518750619381800e+00
6.075602093777718255e+04 1.002750185263085569e+00
6.075602119783788658e+04 9.873103314173240497e-01
6.075602145789859787e+04 1.003844316518310853e+00
6.075602171795930190e+04 9.949152042288004205e-01
6.075602197802000592e+04 1.002318254808001630e+00
6.075602223808070994e+04 1.013489157331811441e+00
6.075602249814141396e+04 1.015715217875657439e+00
6.075602275820211798e+04 1.008545325751023292e+00
6.075602301826282201e+04 1.001944972757876640e+00
6.075602327832352603e+04 9.964245603644394933e-01
6.075602353838423005e+04 9.981308912915914933e-01
6.075602379844494135e+04 1.001510921904090745e+00
6.075602405850564537e+04 9.973479365371451522e-01
6.075602431856634212e+04 1.008376948419636765e+00
6.075602457862704614e+04 1.003609666788620070e+00
6.075602483868775744e+04 1.010664552048164966e+00
6.075602509874846146e+04 1.013278258193620829e+00
6.075602535880916548e+04 1.006548333325311351e+00
6.075602561886986950e+04 1.006231646671123414e+00
6.075602587893057353e+04 9.902475551324920744e-01
6.075602613899127755e+04 1.002760440883620818e+00
6.075602639905198885e+04 9.910128620071013694e-01
6.075602665911269287e+04 9.866291320286308952e-01
6.075602691917338962e+04 1.002265826673460758e+00
6.075602717923410091e+04 9.945280724324803145e-01
6.075602743929480494e+04 1.021363780774789287e+00
6.075602769935550168e+04 1.005839724583898587e+00
6.075602795941621298e+04 1.007780541675364461e+00
6.075602821947691700e+04 1.002509999266224083e+00
6.075602847953762102e+04 9.901700652427343208e-01
6.075602873959833232e+04 1.009868679916693157e+00
6.075602899965902907e+04 1.007843030212443702e+00
6.075602925971973309e+04 1.002421434484860763e+00
6.075603093119423283e+04 9.845844807176051816e-01
6.075603119125482772e+04 9.979368428018987602e-01
6.075603145131542988e+04 1.010202284884094359e+00
6.075603171137602476e+04 1.010429697784251735e+00
6.075603197143662692e+04 9.925779486462653622e-01
6.075603223149722908e+04 1.009106270739464462e+00
6.075603249155782396e+04 1.005605631716932402e+00
6.075603275161842612e+04 1.008646172862914803e+00
6.075603301167902100e+04 1.001023064853593159e+00
6.075603327173962316e+04 1.003766809194166054e+00
6.075603353180022532e+04 9.923425617554584299e-01
6.075603379186082020e+04 1.000870260632017894e+00
6.075603405192141508e+04 9.959881301063004955e-01
6.075603431198201724e+04 1.006731738394333275e+00
6.075603457204261213e+04 9.814978601917700995e-01
6.075603483210320701e+04 9.809038310240850711e-01
6.075603509216381644e+04 9.998321023161083065e-01
6.075603535222441133e+04 9.916939551852378409e-01
6.075603561228501349e+04 1.008873864819462618e+00
6.075603587234560837e+04 9.808182729241735620e-01
6.075603613240621053e+04 9.835850720541315928e-01
6.075603639246681269e+04 9.996590607164306252e-01
6.075603665252740757e+04 1.003672057439112697e+00
6.075603691258800245e+04 1.009152960019853440e+00
6.075603717264860461e+04 9.919616441883165603e-01
6.075603743270919949e+04 1.018106723698169791e+00
6.075603769276979438e+04 9.957668432131675518e-01
6.075603795283040381e+04 9.849962749005278795e-01
6.075603821289099869e+04 1.000747353496961090e+00
6.075603847295160085e+04 9.950956716150661796e-01
6.075603873301219573e+04 9.941517633994521042e-01
6.075603899307279789e+04 9.995997274908388075e-01
6.075603925313340005e+04 9.955228610772601794e-01
6.075603951319399494e+04 9.960598886165245025e-01
6.075603977325458982e+04 1.000977702827639870e+00
6.075604003331519198e+04 9.974870179634997003e-01
6.075604029337578686e+04 1.016245935024860048e+00
6.075604055343638902e+04 1.004512028184698424e+00
6.075604081349698390e+04 1.008060224231702495e+00
6.075604107355758606e+04 1.009796640628065179e+00
6.075604133361818822e+04 1.009765581329544748e+00
6.075604159367878310e+04 1.007180339907318700e+00
6.075604185373938526e+04 9.784205189378792911e-01
6.075604211379998742e+04 1.004397712554199629e+00
6.075604237386058230e+04 1.002835154726742894e+00
6.075604263392118446e+04 1.006597918694625227e+00
6.075604289398177934e+04 1.002053627624659882e+00
6.075604315404237423e+04 1.009302335125224159e+00
6.075604341410297639e+04 1.004899678727714463e+00
6.075604367416357127e+04 9.913794527036295934e-01
6.075604393422418070e+04 9.964586969337432265e-01
6.075604419428477559e+04 9.832733090801158982e-01
6.075604445434537047e+04 9.930666627820193826e-01
6.075604471440597990e+04 9.927891811881603967e-01
6.075604497446657479e+04 1.004113220843856125e+00
6.075604523452717694e+04 1.013745615724288784e+00
6.075604549458777183e+04 1.009057430705001979e+00
6.075604575464836671e+04 1.003761085881478721e+00
6.075604601470896887e+04 1.010546017499192484e+00
6.075604627476956375e+04 1.001396114059503351e+00
6.075604653483016591e+04 1.011795950451280568e+00
6.075604679489076807e+04 9.751901107117906253e-01
6.075604705495136295e+04 1.000193234151319777e+00
6.075604731501196511e+04 9.964245341399718958e-01
6.075604757507256727e+04 1.002962059261377270e+00
6.075604783513316943e+04 9.999511697106806540e-01
6.075604809519376431e+04 9.928502269613757036e-01
6.075604835525435919e+04 1.007445894971517264e+00
6.075604861531496135e+04 1.011915529322399365e+00
6.075604887537555624e+04 9.941613587834472465e-01
6.075604913543615839e+04 9.862747942542174906e-01
6.075604939549675328e+04 1.005394783893665434e+00
6.075604965555735544e+04 9.927827931876818113e-01
6.075604991561795759e+04 9.821105666497716991e-01
6.075605017567855248e+04 1.003059642593443712e+00
6.075605043573915464e+04 1.011036180545155538e+00
6.075605069579975680e+04 9.953478070926640164e-01
6.075605095586035168e+04 9.966935494708791810e-01
6.075605121592095384e+04 9.942519240200357045e-01
6.075605147598154872e+04 1.022205447198165640e+00
6.075605173604215088e+04 1.005675538428826066e+00
6.075605199610274576e+04 1.013788591943813211e+00
6.075605225616334792e+04 1.018468340544211648e+00
6.075605251622395008e+04 1.003732681978635854e+00
6.075605277628454496e+04 9.862226334989081522e-01
6.075605303634514712e+04 9.929988788115821086e-01
6.075605329640574200e+04 1.007560975348551935e+00
6.075605355646635144e+04 1.006734351944305939e+00
6.075605381652694632e+04 9.876082088943659576e-01
6.075605407658754848e+04 9.963799346686426084e-01
6.075605433664814336e+04 9.942841126548056518e-01
6.075605459670873825e+04 1.012930885913247092e+00
6.075605485676934040e+04 9.923212471301944282e-01
6.075605511682993529e+04 1.011995747366303933e+00
6.075605537689054472e+04 9.958943571019972518e-01
6.075605563695113960e+04 1.015901835678961973e+00
6.075605589701174176e+04 9.847048053450716543e-01
6.075605615707233665e+04 1.004399190967827371e+00
6.075605641713293880e+04 1.002742094696108088e+00
6.075605667719354096e+04 9.911208490417345862e-01
6.075605693725413585e+04 9.967622026617340980e-01
6.075605719731473800e+04 9.920157690524457061e-01
6.075605745737533289e+04 1.009536253052659482e+00
6.075605771743593505e+04 1.009163362195887537e+00
6.075605797749652993e+04 1.005712728727878869e+00
6.075605823755713209e+04 1.011364901696942153e+00
6.075605849761773425e+04 9.919199549508547209e-01
6.075605875767832913e+04 9.769432743151115206e-01
6.075605901773893129e+04 1.007859471548834041e+00
6.075605927779953345e+04 9.895523356272925009e-01
6.075606082322710427e+04 1.000755922354860106e+00
6.075606108328780829e+04 9.992233310462188545e-01
6.075606134334851231e+04 9.912148504846857167e-01
6.075606160340922361e+04 1.006978790501074306e+00
6.075606186346992035e+04 1.013027201103842367e+00
6.075606212353063165e+04 1.002564160216679046e+00
6.075606238359133567e+04 1.003876560404713736e+00
6.075606264365204697e+04 1.004718329926142628e+00
6.075606290371275099e+04 1.009936249575686062e+00
6.075606316377345502e+04 1.015003345321331407e+00
6.075606342383415904e+04 1.018885115360927074e+00
6.075606368389486306e+04 1.008405407471115733e+00
6.075606394395557436e+04 1.004433693455365040e+00
6.075606420401627838e+04 1.014862870626183744e+00
6.075606446407698240e+04 9.974047573568822767e-01
6.075606472413768643e+04 1.006132945403857892e+00
6.075606498419839772e+04 1.002281294336839990e+00
6.075606524425910175e+04 1.002847178897192881e+00
6.075606550431981304e+04 9.880159138153313814e-01
6.075606576438050979e+04 9.991364510822486888e-01
6.075606602444122109e+04 1.015908241062667194e+00
6.075606628450192511e+04 1.007155967178990030e+00
6.075606654456262913e+04 1.005809266489761100e+00
6.075606680462333316e+04 1.006995557840645539e+00
6.075606706468404445e+04 9.888015859316839906e-01
6.075606732474474848e+04 1.001043243689371698e+00
6.075606758480545250e+04 1.000856067596685772e+00
6.075606784486615652e+04 9.895931014932902725e-01
6.075606810492686054e+04 1.000980528870445196e+00
6.075606836498757184e+04 1.013957565490164248e+00
6.075606862504827586e+04 1.013442914680878104e+00
6.075606888510898716e+04 9.901025340113720485e-01
6.075606914516968391e+04 1.007844092710869388e+00
6.075606940523039520e+04 1.006977167889499869e+00
6.075606966529109923e+04 1.005918876806710438e+00
6.075606992535180325e+04 1.020239212633219372e+00
6.075607018541250727e+04 9.890927288302304721e-01
6.075607044547321857e+04 1.008725810820816360e+00
6.075607070553392259e+04 1.006471925912629573e+00
6.075607096559463389e+04 9.997683907683591054e-01
6.075607122565533064e+04 1.004684352458840690e+00
6.075607148571604193e+04 9.990202195152252385e-01
6.075607174577674596e+04 9.983549510390166137e-01
6.075607200583745725e+04 1.009156971845658113e+00
6.075607226589816128e+04 1.014840897626597238e+00
6.075607252595886530e+04 1.012437146836980828e+00
6.075607278601956932e+04 1.009517856250492285e+00
6.075607304608028062e+04 1.010821606007169748e+00
6.075607330614097737e+04 1.010798661349960881e+00
6.075607356620169594e+04 1.011887784012408531e+00
6.075607382626239269e+04 1.003078861225655816e+00
6.075607408632310398e+04 9.907724154984859366e-01
6.075607434638380801e+04 1.020905664521064571e+00
6.075607460644451203e+04 9.963671768706414689e-01
6.075607486650521605e+04 1.000851105590548906e+00
6.075607512656592735e+04 9.968608365095161794e-01
6.075607538662663137e+04 1.005861646358171324e+00
6.075607564668734267e+04 9.935216050543579369e-01
6.075607590674803942e+04 1.008252816283565778e+00
6.075607616680875071e+04 1.030502405341947370e+00
6.075607642686945474e+04 1.010554442026175836e+00
6.075607668693016603e+04 1.000157658755463030e+00
6.075607694699087006e+04 9.999456106573197944e-01
6.075607720705157408e+04 1.009142652833224796e+00
6.075607746711227810e+04 1.007187602836141282e+00
6.075607772717298940e+04 1.009605855466768842e+00
6.075607798723368614e+04 1.021494125737997472e+00
6.075607824729439744e+04 9.967120607103704399e-01
6.075607850735510146e+04 9.945305192922877513e-01
6.075607876741581276e+04 9.971154872262435465e-01
6.075607902747651679e+04 1.007657075215209197e+00
6.075607928753722081e+04 1.008396767421074092e+00
6.075607954759792483e+04 1.000224604501324110e+00
6.075607980765863613e+04 1.019525764688326674e+00
6.075608006771934015e+04 9.996755683265210468e-01
6.075608032778005145e+04 1.017570537835172928e+00
6.075608058784074819e+04 1.025887290430361087e+00
6.075608084790145949e+04 1.016495770925412545e+00
6.075608110796216351e+04 1.022250983360734278e+00
6.075608136802286754e+04 1.014121260430886018e+00
6.075608162808357156e+04 1.006300422730469712e+00
6.075608188814428286e+04 1.025022634667935639e+00
6.075608214820498688e+04 1.014604706234320197e+00
6.075608240826569818e+04 1.001220903246893057e+00
6.075608266832639492e+04 1.010247752435916579e+00
6.075608292838710622e+04 9.955675049904111340e-01
6.075608318844781024e+04 1.011635041079683939e+00
6.075608344850852154e+04 1.010269006261331981e+00
6.075608370856922556e+04 1.007529138661380275e+00
6.075608396862992959e+04 1.010869343887671024e+00
6.075608422869064088e+04 9.951038869988315660e-01
6.075608448875134491e+04 1.023830423925082167e+00
6.075608474881204893e+04 1.016317423433078293e+00
6.075608500887276023e+04 9.905324318552888307e-01
6.075608526893346425e+04 9.963776970848362557e-01
6.075608552899416827e+04 1.019336770237983858e+00
6.075608578905487957e+04 1.002637050033727384e+00
6.075608604911557632e+04 1.019729038370290830e+00
6.075608630917628761e+04 1.005292316625460369e+00
6.075608656923699164e+04 9.978508029027919335e-01
6.075608682929770293e+04 9.989825220412132945e-01
6.075608708935840696e+04 1.012924439056311021e+00
6.075608734941911098e+04 9.954571187254729336e-01
6.075608760947981500e+04 1.011303292410287602e+00
6.075608786954052630e+04 9.971180250798797884e-01
6.075608812960123760e+04 1.011590150349332751e+00
6.075608838966194162e+04 9.965317096937136299e-01
6.075608864972264564e+04 9.961379256917128888e-01
6.075608890978334966e+04 9.741507226203187653e-01
6.075608916984406096e+04 1.013500655815446461e+00
6.075609076569380704e+04 1.000113296176373900e+00
6.075609102575441648e+04 1.009184790930214737e+00
6.075609128581501136e+04 1.022428730472296765e+00
6.075609154587561352e+04 1.012306854471961559e+00
6.075609180593621568e+04 1.021607460590966188e+00
6.075609206599681784e+04 9.975880350255226237e-01
6.075609232605741272e+04 1.025173139370357589e+00
6.075609258611801488e+04 1.005926165700103514e+00
6.075609284617860976e+04 1.005330891319788922e+00
6.075609310623921192e+04 9.864685222324552916e-01
6.075609336629981408e+04 1.013341943886701513e+00
6.075609362636040896e+04 9.995578648816901834e-01
6.075609388642101840e+04 1.016971436197634304e+00
6.075609414648161328e+04 1.008027434973114200e+00
6.075609440654221544e+04 1.012626596211545493e+00
6.075609466660281760e+04 9.975365927667536603e-01
6.075609492666341976e+04 1.003069278468639691e+00
6.075609518672402191e+04 1.013329004817349999e+00
6.075609544678461680e+04 1.010331439949457843e+00
6.075609570684521896e+04 1.015760220128897773e+00
6.075609596690581384e+04 1.012048040363942913e+00
6.075609622696641600e+04 1.002510150258554944e+00
6.075609648702701088e+04 9.996027776705825874e-01
6.075609674708762032e+04 1.016032989814353193e+00
6.075609700714822247e+04 1.009131038592656182e+00
6.075609726720881736e+04 1.013725638903509640e+00
6.075609752726942679e+04 1.006674704592207092e+00
6.075609778733002167e+04 1.010745955563338461e+00
6.075609804739062383e+04 1.004698587481063221e+00
6.075609830745121872e+04 1.002143764152239491e+00
6.075609856751182087e+04 9.842571586669602857e-01
6.075609882757242303e+04 1.004494088324702439e+00
6.075609908763301792e+04 1.014746701582688093e+00
6.075609934769362008e+04 1.013025732084786412e+00
6.075609960775422223e+04 1.014486545311472199e+00
6.075609986781482439e+04 1.007882025767662393e+00
6.075610012787541928e+04 9.961350561706251439e-01
6.075610038793602143e+04 1.007340150942898749e+00
6.075610064799663087e+04 9.992936578832137817e-01
6.075610090805722575e+04 1.011807457626962892e+00
6.075610116811782791e+04 9.996647626546627530e-01
6.075610142817842279e+04 1.006913535600634457e+00
6.075610168823902495e+04 9.971467919587626572e-01
6.075610194829962711e+04 9.951815580238742021e-01
6.075610220836022199e+04 1.017832956237668229e+00
6.075610246842083143e+04 1.007001428297372270e+00
6.075610272848142631e+04 1.017758996368465674e+00
6.075610298854202847e+04 1.007574573771467641e+00
6.075610324860263063e+04 1.003856166167747421e+00
6.075610350866323279e+04 1.025869875118909036e+00
6.075610376872383495e+04 1.005254905783226960e+00
6.075610402878442983e+04 9.998862734124509544e-01
6.075610428884503199e+04 1.014138451346552117e+00
6.075610454890563415e+04 1.012034404670259180e+00
6.075610480896622903e+04 1.020961926158038713e+00
6.075610506902683119e+04 1.003852892151121168e+00
6.075610532908743335e+04 1.001566110340309068e+00
6.075610558914803551e+04 1.020282606541339732e+00
6.075610584920863766e+04 1.016413624969575435e+00
6.075610610926923255e+04 9.925788367150107927e-01
6.075610636932984198e+04 1.004292618203338261e+00
6.075610662939043686e+04 9.884030096029480239e-01
6.075610688945103902e+04 1.009601047095753934e+00
6.075610714951164118e+04 9.960010911667784850e-01
6.075610740957223607e+04 1.016660608535489674e+00
6.075610766963283822e+04 1.014637668607502485e+00
6.075610792969343311e+04 1.004448124572079992e+00
6.075610818975403527e+04 9.962479040807871167e-01
6.075610844981464470e+04 9.876848680370551303e-01
6.075610870987523958e+04 1.004303633835097465e+00
6.075610896993584174e+04 1.011636046426783064e+00
6.075610922999644390e+04 9.966579780428747037e-01
6.075610949005704606e+04 1.006994882595297680e+00
6.075610975011764822e+04 1.020043230565520931e+00
6.075611001017824310e+04 9.947828665562263861e-01
6.075611027023884526e+04 9.983530189058741344e-01
6.075611053029944742e+04 1.000247973894454301e+00
6.075611079036004230e+04 1.002901219912657016e+00
6.075611105042064446e+04 9.935862495308346309e-01
6.075611131048124662e+04 1.002415015210930349e+00
6.075611157054184878e+04 9.926101903849977592e-01
6.075611183060245094e+04 9.816753797357856692e-01
6.075611209066305310e+04 9.991543376765372741e-01
6.075611235072365525e+04 1.010074102627290804e+00
6.075611261078425741e+04 1.000792293527623888e+00
6.075611287084485230e+04 9.877689131995143201e-01
6.075611313090545445e+04 9.937498153416730595e-01
6.075611339096604934e+04 1.007283803260809796e+00
6.075611365102665150e+04 1.009769414314790170e+00
6.075611391108725365e+04 1.010049584218883911e+00
6.075611417114785581e+04 1.008930035388069690e+00
6.075611443120845797e+04 1.001031443539269095e+00
6.075611469126906013e+04 9.986067247236527500e-01
6.075611495132966229e+04 9.802127968420700777e-01
6.075611521139026445e+04 1.014173079285036527e+00
6.075611547145085933e+04 9.867984558540442430e-01
6.075611573151146149e+04 9.903622149119961637e-01
6.075611599157206365e+04 9.978419741711178625e-01
6.075611625163265853e+04 1.004940220383919280e+00
6.075611651169326069e+04 1.000297761274239638e+00
6.075611677175386285e+04 9.961234987218861026e-01
6.075611703181446501e+04 1.014922348978535060e+00
6.075611729187506717e+04 1.007273087178767623e+00
6.075611755193566933e+04 9.940985368076544759e-01
6.075611781199626421e+04 1.002781839646375017e+00
6.075611807205687364e+04 1.002709357347451258e+00
6.075611833211747580e+04 9.900730085526069368e-01
6.075611859217807068e+04 9.904955741700207650e-01
6.075611885223867284e+04 9.835000567369278635e-01
6.075611911229926773e+04 9.860104316134148394e-01
6.075612077117233275e+04 9.888990420497477674e-01
6.075612103123303677e+04 9.978894051977118540e-01
6.075612129129374080e+04 9.982060854546690454e-01
6.075612155135445209e+04 1.004428819223073033e+00
6.075612181141516339e+04 9.918614884653415009e-01
6.075612207147586741e+04 1.014260868848795294e+00
6.075612233153657144e+04 1.007208905715416769e+00
6.075612259159728274e+04 9.999443034955129983e-01
6.075612285165798676e+04 1.012779204229523389e+00
6.075612311171869806e+04 1.012519625668941492e+00
6.075612337177940935e+04 9.713523331607094580e-01
6.075612363184010610e+04 9.977261573426271513e-01
6.075612389190081740e+04 9.897056953262608481e-01
6.075612415196152870e+04 9.835379316106948044e-01
6.075612441202222544e+04 9.933088229317984519e-01
6.075612467208293674e+04 1.009875989556177522e+00
6.075612493214364804e+04 9.789113802941609155e-01
6.075612519220435206e+04 1.003681522150153604e+00
6.075612545226506336e+04 9.947872128318597795e-01
6.075612571232576738e+04 1.012490756281710258e+00
6.075612597238647140e+04 1.005648021341367215e+00
6.075612623244718270e+04 1.002272774020128931e+00
6.075612649250789400e+04 9.871691358997490839e-01
6.075612675256859802e+04 1.010671991069227005e+00
6.075612701262930204e+04 1.007549946753844461e+00
6.075612727269001334e+04 9.930412203523364401e-01
6.075612753275071736e+04 9.916841232622419788e-01
6.075612779281142139e+04 9.988743515617978241e-01
6.075612805287213268e+04 9.904375867280228452e-01
6.075612831293283671e+04 1.000981742845083788e+00
6.075612857299354800e+04 9.987801170131058726e-01
6.075612883305425930e+04 1.000019665881158648e+00
6.075612909311495605e+04 9.939668466657269885e-01
6.075612935317566735e+04 9.933024800026536427e-01
6.075612961323637865e+04 1.002621940100752784e+00
6.075612987329708267e+04 1.007736143587092625e+00
6.075613013335779397e+04 9.969870967464417033e-01
6.075613039341849799e+04 9.861556186377262723e-01
6.075613065347920201e+04 1.001920500980621576e+00
6.075613091353991331e+04 9.767010995290007491e-01
6.075613117360061733e+04 1.005074031250866140e+00
6.075613143366133590e+04 9.958403885711907266e-01
6.075613169372203265e+04 9.950829308408687401e-01
6.075613195378274395e+04 9.973551737832402342e-01
6.075613221384345525e+04 9.991805913293567709e-01
6.075613247390415199e+04 9.907713254991508123e-01
6.075613273396486329e+04 9.970188028677390291e-01
6.075613299402557459e+04 1.002656240017878897e+00
6.075613325408627861e+04 1.010605844920390295e+00
6.075613351414698991e+04 9.956796643018280824e-01
6.075613377420769393e+04 1.005911409881198093e+00
6.075613403426840523e+04 9.916595167375424902e-01
6.075613429432910925e+04 1.004343980821345461e+00
6.075613455438982055e+04 1.002832767596206764e+00
6.075613481445053185e+04 9.978644071396276516e-01
6.075613507451122859e+04 1.008118106600099262e+00
6.075613533457193989e+04 9.926523368612710785e-01
6.075613559463265119e+04 9.937683708586392273e-01
6.075613585469334794e+04 9.925443513654842453e-01
6.075613611475405924e+04 9.936722655932843651e-01
6.075613637481477053e+04 1.006692611680509053e+00
6.075613663487548183e+04 1.007316245416512546e+00
6.075613689493618585e+04 1.004231853159753829e+00
6.075613715499688988e+04 9.943812737347823560e-01
6.075613741505760117e+04 1.023197569319344025e+00
6.075613767511830520e+04 9.939411408672826909e-01
6.075613793517901649e+04 9.927534313048407277e-01
6.075613819523972779e+04 9.901000858099244795e-01
6.075613845530043181e+04 1.002834064446456841e+00
6.075613871536113584e+04 9.963674247987206467e-01
6.075613897542184714e+04 9.960331198130421004e-01
6.075613923548255116e+04 1.001182285023862972e+00
6.075613949554325518e+04 1.013227852141263430e+00
6.075613975560396648e+04 1.022861265699979150e+00
6.075614001566467778e+04 1.016907877673409288e+00
6.075614027572538907e+04 1.001997693248742438e+00
6.075614053578608582e+04 1.010558922725301567e+00
6.075614079584679712e+04 1.011614290733208854e+00
6.075614105590750842e+04 9.959095136046133279e-01
6.075614131596821244e+04 1.005176473611660848e+00
6.075614157602892374e+04 1.001303544446834115e+00
6.075614183608962776e+04 1.013349188797292966e+00
6.075614209615033906e+04 1.012177552873200215e+00
6.075614235621104308e+04 1.010684215234880501e+00
6.075614261627174710e+04 1.000546072304446366e+00
6.075614287633246568e+04 1.007451535278005128e+00
6.075614313639316970e+04 9.947063346294293673e-01
6.075614339645387372e+04 9.994005006299352400e-01
6.075614365651458502e+04 1.008025789915663939e+00
6.075614391657528904e+04 9.898315237808712475e-01
6.075614417663600034e+04 9.826028077238959657e-01
6.075614443669670436e+04 1.006986380971286010e+00
6.075614469675741566e+04 1.008050551605472078e+00
6.075614495681812696e+04 9.956659968360853652e-01
6.075614521687882370e+04 9.875817709712055859e-01
6.075614547693953500e+04 9.987994928219473545e-01
6.075614573700024630e+04 9.970259385489710358e-01
6.075614599706095760e+04 1.006626866021694822e+00
6.075614625712166162e+04 1.013979538504290234e+00
6.075614651718236564e+04 9.946469687181436203e-01
6.075614677724307694e+04 9.901643376125980334e-01
6.075614703730378824e+04 1.000313816832389735e+00
6.075614729736448498e+04 1.010090166469837847e+00
6.075614755742519628e+04 1.011193632622987781e+00
6.075614781748590758e+04 9.935903555807448218e-01
6.075614807754661888e+04 1.020739927993788987e+00
6.075614833760732290e+04 1.002730892151764142e+00
6.075614859766802692e+04 1.000570106564441009e+00
6.075614885772873822e+04 9.842058825675165101e-01
6.075614911778944952e+04 1.009185138750162247e+00
