6.075585120116569306e+04 9.803205542822595042e-01
6.075585146121949219e+04 1.012565091670468265e+00
6.075585172127328406e+04 9.887136830220020212e-01
6.075585198132708319e+04 9.947169277226831641e-01
6.075585224138088233e+04 9.872351726384308579e-01
6.075585250143468147e+04 9.884550119000068413e-01
6.075585276148847333e+04 1.003265319893347440e+00
6.075585302154227247e+04 1.005226293637564883e+00
6.075585328159607161e+04 9.933879907495087869e-01
6.075585354164987803e+04 9.969299805122779912e-01
6.075585380170368444e+04 1.002185700723422057e+00
6.075585406175747630e+04 9.938638978290492698e-01
6.075585432181127544e+04 9.832094105481744561e-01
6.075585458186507458e+04 1.010074350812792732e+00
6.075585484191887372e+04 1.003232108986971127e+00
6.075585510197266558e+04 1.014673837390748012e+00
6.075585536202646472e+04 9.910464770235406506e-01
6.075585562208026386e+04 1.005670037788506166e+00
6.075585588213406299e+04 1.011843602952078092e+00
6.075585614218786213e+04 1.002504687997803678e+00
6.075585640224165400e+04 9.952757746587190812e-01
6.075585666229546041e+04 9.982775602510641777e-01
6.075585692234926682e+04 1.002270358530499061e+00
6.075585718240306596e+04 1.011973989755229786e+00
6.075585744245685783e+04 1.021687049052800500e+00
6.075585770251065696e+04 1.006086662466372683e+00
6.075585796256445610e+04 9.978057813952456723e-01
6.075585822261825524e+04 1.019250815842133395e+00
6.075585848267205438e+04 9.958137479538834436e-01
6.075585874272584624e+04 9.985819852278186026e-01
6.075585900277964538e+04 1.002598892967066835e+00
6.075585926283344452e+04 1.004317605978799044e+00
6.075585952288725093e+04 1.003021042353178016e+00
6.075585978294105735e+04 9.991259370422602704e-01
6.075586004299484921e+04 1.000036086186281592e+00
6.075586030304864835e+04 1.005310351556569781e+00
6.075586056310244749e+04 9.922035606903473193e-01
6.075586082315624662e+04 9.891855407508695075e-01
6.075586108321004576e+04 1.007166796759894956e+00
6.075586134326383763e+04 1.021024105804089199e+00
6.075586160331763676e+04 9.919213745682854411e-01
6.075586186337143590e+04 1.001891612977969803e+00
6.075586212342523504e+04 9.972500508658317386e-01
6.075586238347903418e+04 1.006789229615600245e+00
6.075586264353283332e+04 9.813511205921173763e-01
6.075586290358663973e+04 9.973535670766788819e-01
6.075586316364043887e+04 1.008368153471453699e+00
6.075586342369423801e+04 9.876346782922243994e-01
6.075586368374803715e+04 1.006511544100034961e+00
6.075586394380182901e+04 9.987216907451895720e-01
6.075586420385562815e+04 1.001257597142528155e+00
6.075586446390942729e+04 9.954376219415045357e-01
6.075586472396322642e+04 1.003020545999416369e+00
6.075586498401702556e+04 1.002252960515193081e+00
6.075586524407081743e+04 9.836201036252485430e-01
6.075586550412462384e+04 1.005333641435256053e+00
6.075586576417843025e+04 1.003576462169569528e+00
6.075586602423222939e+04 9.970111794508907943e-01
6.075586628428602853e+04 9.892135829371164757e-01
6.075586654433982039e+04 9.973998532531861416e-01
6.075586680439361953e+04 1.000604726555807789e+00
6.075586706444741867e+04 9.998469629830425420e-01
6.075586732450121781e+04 1.021780517682345124e+00
6.075586758455501695e+04 9.970295380141277475e-01
6.075586784460881609e+04 1.009527684974689032e+00
6.075586810466260795e+04 9.869982338968629199e-01
6.075586836471640709e+04 1.007555417878673421e+00
6.075586862477021350e+04 1.005050392466148690e+00
6.075586888482401991e+04 9.923996627030393647e-01
6.075586914487781905e+04 1.013159397744893386e+00
6.075586940493161092e+04 1.002126865182461302e+00
6.075586966498541005e+04 1.013281825309858331e+00
6.075586992503920919e+04 9.851164302270237760e-01
6.075587018509300833e+04 9.883291248105342541e-01
6.075587044514680747e+04 1.010803187468114483e+00
6.075587070520060661e+04 1.009557571528346687e+00
6.075587096525439847e+04 9.945117541587613630e-01
6.075587122530819761e+04 9.965856141311245642e-01
6.075587148536199675e+04 1.007439005639461316e+00
6.075587174541581044e+04 9.987764413052836465e-01
6.075587200546960958e+04 9.860686517580407040e-01
6.075587226552340871e+04 1.000520646032881933e+00
6.075587252557720058e+04 1.008052463222294248e+00
6.075587278563099972e+04 9.945182181150086231e-01
6.075587304568479885e+04 1.002255916050189821e+00
6.075587330573859799e+04 1.013748365796817819e+00
6.075587356579239713e+04 1.014473148867705676e+00
6.075587382584619627e+04 1.001680492340982331e+00
6.075587408589998813e+04 1.009160496540987273e+00
6.075587434595378727e+04 9.917859671305888636e-01
6.075587460600759368e+04 1.004736061779142542e+00
6.075587486606140010e+04 1.007841595778207200e+00
6.075587512611519924e+04 1.002519240956533997e+00
6.075587538616899838e+04 1.005481946047245723e+00
6.075587564622279751e+04 1.004316284645502044e+00
6.075587590627658938e+04 9.959544191065128338e-01
6.075587616633038851e+04 9.908380367720962534e-01
6.075587642638418765e+04 1.003137291562368638e+00
6.075587668643798679e+04 1.003310708138304586e+00
6.075587694649178593e+04 1.011181592089663406e+00
6.075587720654558507e+04 9.891733270535516542e-01
6.075587746659937693e+04 9.988550585085881339e-01
6.075587772665318334e+04 1.010588179941629416e+00
6.075587798670698976e+04 1.014087392254202191e+00
6.075587824676078890e+04 1.008136502931367362e+00
6.075587850681458804e+04 9.965128391156107268e-01
6.075587876686838717e+04 1.019280172568340470e+00
6.075587902692218631e+04 1.026044549861413246e+00
6.075587928697597818e+04 1.009134766785710013e+00
6.075587954702977731e+04 9.964774464430546930e-01
6.075588115586427011e+04 1.020323982055359568e+00
6.075588141592496686e+04 9.971154511853788094e-01
6.075588167598567088e+04 1.019704228067259022e+00
6.075588193604636763e+04 1.033087228201006180e+00
6.075588219610707165e+04 9.979605229645724940e-01
6.075588245616777567e+04 9.986464004824688878e-01
6.075588271622847242e+04 1.006876925184318372e+00
6.075588297628917644e+04 9.998466340742588887e-01
6.075588323634988046e+04 1.003275610524292816e+00
6.075588349641056993e+04 1.001543232717151621e+00
6.075588375647127395e+04 1.021627758818546505e+00
6.075588401653197798e+04 9.918486234618871800e-01
6.075588427659268200e+04 9.953813561999582671e-01
6.075588453665338602e+04 9.943591485268535868e-01
6.075588479671408277e+04 9.940385098701781663e-01
6.075588505677478679e+04 9.996405577881296578e-01
6.075588531683548354e+04 9.961620586494187579e-01
6.075588557689618756e+04 9.872576473121098539e-01
6.075588583695689158e+04 1.001957153174136916e+00
6.075588609701758833e+04 1.008855801433747201e+00
6.075588635707829235e+04 9.935355221845046936e-01
6.075588661713899637e+04 1.006385025505108111e+00
6.075588687719969312e+04 9.964120196948076380e-01
6.075588713726038986e+04 1.002888091093640410e+00
6.075588739732109389e+04 1.014278341552299789e+00
6.075588765738179791e+04 1.001770123466138473e+00
6.075588791744250193e+04 1.004109905996899643e+00
6.075588817750319868e+04 9.925107849406115124e-01
6.075588843756390270e+04 1.015415249130853459e+00
6.075588869762460672e+04 1.002503962829896178e+00
6.075588895768530347e+04 9.988121488220181865e-01
6.075588921774600749e+04 1.009484231024873502e+00
6.075588947780670424e+04 1.004130877559975987e+00
6.075588973786740826e+04 9.937563384185958970e-01
6.075588999792811228e+04 1.013406327740696611e+00
6.075589025798880903e+04 9.994577637787686042e-01
6.075589051804952032e+04 9.924140513491160887e-01
6.075589077811021707e+04 9.957923383032678544e-01
6.075589103817091382e+04 1.000269209782947977e+00
6.075589129823161784e+04 1.007077470417827580e+00
6.075589155829231458e+04 9.964757735992997301e-01
6.075589181835301861e+04 1.008919007206176444e+00
6.075589207841372263e+04 9.904416326267553305e-01
6.075589233847442665e+04 1.003334221056875419e+00
6.075589259853513067e+04 1.010105170317100454e+00
6.075589285859582742e+04 1.012397941824042968e+00
6.075589311865652417e+04 9.942877477783180762e-01
6.075589337871722819e+04 1.015743004480656353e+00
6.075589363877793221e+04 1.003201802570897749e+00
6.075589389883863623e+04 1.000795949702363741e+00
6.075589415889933298e+04 1.004319692734312541e+00
6.075589441896003700e+04 1.001797924233651438e+00
6.075589467902074102e+04 9.877531001737096528e-01
6.075589493908143777e+04 9.862349821154182683e-01
6.075589519914213452e+04 9.933525204645340390e-01
6.075589545920283854e+04 9.964357981358077376e-01
6.075589571926354256e+04 9.980696794507606384e-01
6.075589597932424658e+04 1.007865114345132262e+00
6.075589623938494333e+04 9.935489079205656049e-01
6.075589649944564735e+04 1.002192676755711886e+00
6.075589675950635137e+04 9.992876603432352400e-01
6.075589701956705539e+04 9.888683401056148625e-01
6.075589727962775942e+04 1.003589825627018151e+00
6.075589753968844889e+04 1.000840992556810027e+00
6.075589779974915291e+04 9.861684570028972363e-01
6.075589805980985693e+04 9.896054344276082881e-01
6.075589831987055368e+04 9.858002686027855788e-01
6.075589857993125770e+04 1.005315862850171937e+00
6.075589883999196172e+04 9.974089827466720015e-01
6.075589910005266574e+04 1.003822254305264394e+00
6.075589936011336977e+04 9.845009516691518581e-01
6.075589962017406651e+04 9.989199384637312829e-01
6.075589988023477054e+04 9.853604574851151376e-01
6.075590014029546728e+04 1.017557015259349829e+00
6.075590040035617130e+04 9.879235690543322068e-01
6.075590066041687533e+04 9.855485632394399564e-01
6.075590092047757207e+04 9.852722557882536147e-01
6.075590118053827609e+04 1.005811976385431405e+00
6.075590144059898012e+04 1.005515577140927874e+00
6.075590170065967686e+04 9.972729547266608874e-01
6.075590196072038816e+04 1.000036385186525267e+00
6.075590222078108491e+04 1.009141864328901406e+00
6.075590248084178893e+04 9.942147757707809896e-01
6.075590274090249295e+04 9.979391658053942127e-01
6.075590300096318242e+04 1.000924977532720472e+00
6.075590326102388644e+04 9.834392204132130777e-01
6.075590352108459047e+04 9.940181400078852425e-01
6.075590378114529449e+04 9.761555452884541628e-01
6.075590404120599851e+04 9.845347109677529129e-01
6.075590430126669526e+04 1.003728053839991086e+00
6.075590456132739928e+04 9.992495624481324556e-01
6.075590482138810330e+04 1.001856017065486215e+00
6.075590508144880732e+04 1.013808571669144287e+00
6.075590534150951135e+04 9.990445670584627846e-01
6.075590560157020809e+04 9.964202971838633793e-01
6.075590586163091211e+04 9.939483716376688038e-01
6.075590612169160886e+04 9.667899492929525884e-01
6.075590638175230561e+04 1.004006446107276185e+00
6.075590664181300963e+04 9.952268335246198250e-01
6.075590690187371365e+04 9.886508740057047273e-01
6.075590716193441767e+04 9.864819749867493881e-01
6.075590742199512169e+04 1.020485168341929594e+00
6.075590768205581844e+04 9.890104825004489841e-01
6.075590794211652246e+04 1.010792553428405460e+00
6.075590820217722649e+04 9.978464275203824396e-01
6.075590846223793051e+04 1.005255815900313543e+00
6.075590872229863453e+04 1.008130777919612475e+00
6.075590898235933128e+04 9.988373823914094007e-01
6.075590924242003530e+04 9.905282847014394987e-01
6.075590950248073932e+04 9.883261714379509844e-01
6.075591106051386305e+04 9.805060678494124105e-01
6.075591132057445793e+04 9.835184502326772549e-01
6.075591158063505281e+04 9.940962092046062848e-01
6.075591184069564770e+04 9.883008117973175466e-01
6.075591210075624258e+04 9.827630158662484794e-01
6.075591236081683746e+04 1.000988179583003124e+00
6.075591262087743235e+04 1.001970083603797690e+00
6.075591288093802723e+04 1.000697067110309479e+00
6.075591314099862211e+04 1.013019748416844390e+00
6.075591340105922427e+04 1.003021915848520296e+00
6.075591366111981915e+04 9.879548616139265382e-01
6.075591392118041404e+04 9.912883657471038834e-01
6.075591418124100892e+04 1.005280652582792422e+00
6.075591444130160380e+04 9.885332944712095227e-01
6.075591470136219868e+04 1.008210724358565402e+00
6.075591496142279357e+04 9.982502538471127451e-01
6.075591522148338845e+04 1.011070559566238591e+00
6.075591548154399061e+04 9.920466644021487257e-01
6.075591574160458549e+04 9.864807154732044836e-01
6.075591600166518037e+04 9.856959889735260605e-01
6.075591626172577526e+04 1.015699206817070488e+00
6.075591652178637742e+04 9.955635514078025050e-01
6.075591678184697230e+04 1.000397350262466789e+00
6.075591704190756718e+04 9.834851819775908277e-01
6.075591730196816206e+04 9.873304881040951830e-01
6.075591756202875695e+04 9.853045820226442597e-01
6.075591782208935183e+04 9.959845885224001272e-01
6.075591808214994671e+04 9.938977191980421511e-01
6.075591834221054160e+04 9.868977000869785243e-01
6.075591860227113648e+04 1.013008285459671143e+00
6.075591886233173136e+04 9.888636796426318876e-01
6.075591912239232624e+04 9.894661660437521489e-01
6.075591938245292840e+04 1.005246836638491237e+00
6.075591964251352329e+04 9.910292080429283779e-01
6.075591990257411817e+04 1.002053832651441878e+00
6.075592016263471305e+04 9.956527492121439726e-01
6.075592042269530793e+04 9.945267191787290351e-01
6.075592068275590282e+04 9.990207651091266294e-01
6.075592094281649770e+04 9.808550986168766972e-01
6.075592120287709986e+04 9.872484061372308606e-01
6.075592146293769474e+04 9.930582214547543085e-01
6.075592172299828962e+04 1.001831775081486242e+00
6.075592198305888451e+04 9.966082431815925791e-01
6.075592224311948667e+04 9.843307638757730071e-01
6.075592250318008155e+04 1.012928660755914700e+00
6.075592276324067643e+04 9.898047474984131844e-01
6.075592302330127131e+04 9.824821529080192128e-01
6.075592328336186620e+04 9.889602684295349944e-01
6.075592354342246108e+04 9.860628880887736258e-01
6.075592380348305596e+04 9.937483299844727114e-01
6.075592406354365812e+04 9.890513516904908542e-01
6.075592432360425300e+04 1.001064191507477386e+00
6.075592458366484789e+04 9.980887969344370836e-01
6.075592484372544277e+04 9.916583156182218195e-01
6.075592510378604493e+04 9.997611097387646417e-01
6.075592536384663981e+04 9.964663102540854966e-01
6.075592562390723469e+04 1.008353660161783516e+00
6.075592588396782958e+04 9.812406688027434098e-01
6.075592614402842446e+04 9.935693465669912516e-01
6.075592640408901934e+04 9.784397416223132860e-01
6.075592666414961423e+04 1.002028593809808132e+00
6.075592692421020911e+04 1.001883663895695387e+00
6.075592718427081127e+04 9.925923767521744878e-01
6.075592744433140615e+04 1.015223681596732375e+00
6.075592770439200103e+04 9.865700807000499228e-01
6.075592796445260319e+04 1.015940526458268378e+00
6.075592822451319807e+04 9.847500547466826459e-01
6.075592848457379296e+04 1.001321688424030576e+00
6.075592874463438784e+04 9.937963619007557092e-01
6.075592900469498272e+04 9.954059920287822161e-01
6.075592926475557761e+04 1.000690274658680101e+00
6.075592952481617249e+04 9.918542385547588491e-01
6.075592978487676737e+04 1.000745930234404613e+00
6.075593004493736953e+04 9.871288575878660598e-01
6.075593030499796441e+04 1.011949930407200382e+00
6.075593056505855930e+04 1.011532883652948467e+00
6.075593082511916145e+04 9.998822740557908872e-01
6.075593108517975634e+04 9.773553646828140318e-01
6.075593134524035122e+04 1.004382609184967245e+00
6.075593160530094610e+04 9.893261179898208413e-01
6.075593186536154099e+04 9.824643481139242462e-01
6.075593212542213587e+04 1.000187740331034636e+00
6.075593238548273075e+04 9.988737913870004981e-01
6.075593264554332563e+04 9.946882059031652012e-01
6.075593290560392779e+04 9.996772043225122806e-01
6.075593316566452268e+04 1.003195254511881851e+00
6.075593342572511756e+04 9.909527500597941074e-01
6.075593368578571244e+04 9.887062799191835838e-01
6.075593394584631460e+04 1.021503049457122669e+00
6.075593420590690948e+04 1.001444520855694797e+00
6.075593446596750437e+04 9.840519939056412424e-01
6.075593472602809925e+04 9.952594987627806367e-01
6.075593498608869413e+04 9.938734224098372261e-01
6.075593524614928901e+04 1.015210968841542938e+00
6.075593550620988390e+04 9.928226805013147249e-01
6.075593576627048606e+04 1.008022340148001961e+00
6.075593602633108094e+04 1.005086465593113099e+00
6.075593628639167582e+04 1.010629619502658727e+00
6.075593654645227070e+04 1.004614702867628884e+00
6.075593680651287286e+04 1.005612698508809189e+00
6.075593706657346775e+04 1.015347739278285699e+00
6.075593732663406263e+04 9.934195878591096651e-01
6.075593758669465751e+04 9.942890851764686344e-01
6.075593784675525239e+04 1.012550934369728317e+00
6.075593810681584728e+04 1.012807926778144241e+00
6.075593836687644216e+04 1.023654125239093826e+00
6.075593862693704432e+04 9.951005360660772903e-01
6.075593888699763920e+04 9.806213856271531748e-01
6.075593914705823408e+04 9.871480180378178204e-01
6.075593940711883624e+04 9.999398546215372274e-01
6.075594106598430517e+04 9.873629043151002094e-01
6.075594132604500919e+04 1.020003935504505854e+00
6.075594158610571321e+04 1.017142702458924797e+00
6.075594184616640996e+04 1.002235554171443610e+00
6.075594210622711398e+04 1.015913948527041866e+00
6.075594236628781800e+04 1.002258710122749585e+00
6.075594262634852203e+04 1.000955863868663753e+00
6.075594288640922605e+04 1.000738243254267079e+00
6.075594314646992279e+04 9.983276960901242836e-01
6.075594340653063409e+04 1.003842645283427037e+00
6.075594366659133811e+04 9.898354194616107993e-01
6.075594392665203486e+04 1.007428879378453157e+00
6.075594418671273888e+04 1.004092693171976691e+00
6.075594444677344291e+04 9.833744902796091036e-01
6.075594470683414693e+04 9.967513257377159652e-01
6.075594496689485095e+04 1.012977283123259520e+00
6.075594522695554770e+04 1.008684784209854746e+00
6.075594548701625172e+04 1.002302455217005228e+00
6.075594574707695574e+04 9.894825597597440847e-01
6.075594600713765976e+04 1.004313070824462528e+00
6.075594626719836378e+04 1.005812816855025105e+00
6.075594652725906053e+04 1.004900387856441535e+00
6.075594678731976455e+04 1.001370184937397267e+00
6.075594704738046858e+04 9.893923459947371324e-01
6.075594730744116532e+04 1.005264306461760127e+00
6.075594756750187662e+04 1.000504814947222876e+00
6.075594782756257337e+04 1.029007929161132484e+00
6.075594808762328466e+04 1.004865159134023855e+00
6.075594834768398869e+04 1.019419161475259239e+00
6.075594860774468543e+04 9.987021224910778150e-01
6.075594886780538945e+04 9.993999190713399594e-01
6.075594912786609348e+04 9.990935815775162654e-01
6.075594938792679750e+04 1.004162116208937583e+00
6.075594964798750152e+04 9.877629709357742538e-01
6.075594990804819827e+04 9.895258443137420201e-01
6.075595016810890229e+04 1.005454222200421022e+00
6.075595042816960631e+04 1.012570660696330727e+00
6.075595068823031033e+04 1.008129647121926542e+00
6.075595094829101436e+04 1.001360838113137364e+00
6.075595120835171110e+04 9.922701475233327573e-01
6.075595146841241512e+04 9.927595040512244839e-01
6.075595172847312642e+04 9.962506209831322179e-01
6.075595198853382317e+04 1.006157801690314102e+00
6.075595224859452719e+04 9.971055603955271129e-01
6.075595250865523121e+04 9.974411150341458976e-01
6.075595276871593524e+04 1.001923879795859174e+00
6.075595302877663926e+04 1.006032752868498248e+00
6.075595328883733600e+04 1.007521373705311252e+00
6.075595354889804003e+04 1.011373778524313982e+00
6.075595380895874405e+04 1.008008947078705919e+00
6.075595406901944807e+04 9.981424077286800145e-01
6.075595432908015209e+04 9.993765493630182295e-01
6.075595458914084884e+04 1.013293711253070439e+00
6.075595484920156014e+04 9.981873068283885209e-01
6.075595510926226416e+04 1.008409590881630624e+00
6.075595536932296091e+04 1.007379197217733724e+00
6.075595562938366493e+04 9.946362212787861479e-01
6.075595588944436895e+04 9.969509746677392981e-01
6.075595614950507297e+04 1.029789239997731976e+00
6.075595640956577699e+04 1.002400125530584329e+00
6.075595666962647374e+04 1.006466417485321729e+00
6.075595692968717776e+04 9.964573974823845992e-01
6.075595718974788178e+04 1.008774587154568136e+00
6.075595744980858581e+04 1.006018291258506059e+00
6.075595770986929710e+04 1.013279042037165123e+00
6.075595796992999385e+04 9.986023051292491903e-01
6.075595822999069787e+04 9.898900345459640260e-01
6.075595849005140190e+04 9.919710212494323720e-01
6.075595875011209864e+04 9.927204634774365877e-01
6.075595901017280994e+04 9.909648304240139538e-01
6.075595927023350669e+04 1.021853149858976684e+00
6.075595953029421071e+04 1.024247064350139791e+00
6.075595979035491473e+04 1.020086150636643652e+00
6.075596005041561148e+04 1.007264950175225326e+00
6.075596031047632277e+04 1.009363865586952347e+00
6.075596057053702680e+04 1.013430522367302133e+00
6.075596083059773082e+04 9.957997321163276627e-01
6.075596109065843484e+04 9.851518238664300764e-01
6.075596135071913159e+04 9.885243763741943246e-01
6.075596161077983561e+04 9.960914259744263477e-01
6.075596187084053963e+04 1.001127969841146825e+00
6.075596213090124365e+04 1.005900247828094285e+00
6.075596239096194768e+04 9.951794959636365290e-01
6.075596265102265170e+04 1.004479979257090871e+00
6.075596291108335572e+04 1.006343751747833526e+00
6.075596317114405974e+04 9.908523343249691084e-01
6.075596343120475649e+04 9.969988854936643330e-01
6.075596369126546051e+04 1.013412062410172565e+00
6.075596395132616453e+04 1.007914743617095654e+00
6.075596421138686856e+04 9.927076458183439200e-01
6.075596447144757258e+04 1.016925388962481414e+00
6.075596473150827660e+04 9.917093503103932006e-01
6.075596499156898062e+04 9.838764096472196741e-01
6.075596525162968464e+04 1.009814858136817151e+00
6.075596551169038867e+04 1.005195754709519385e+00
6.075596577175109269e+04 1.004661485101122187e+00
6.075596603181178943e+04 1.011870774068072576e+00
6.075596629187249346e+04 1.002659932581069890e+00
6.075596655193319748e+04 9.980850963898767469e-01
6.075596681199390150e+04 9.900180889176849464e-01
6.075596707205460552e+04 1.013581837386519746e+00
6.075596733211530955e+04 9.756028799261742268e-01
6.075596759217601357e+04 1.000034669898321349e+00
6.075596785223671759e+04 1.005783929652767528e+00
6.075596811229741434e+04 1.002681606536626635e+00
6.075596837235811836e+04 1.009128774326523148e+00
6.075596863241882238e+04 9.902891349814951782e-01
6.075596889247953368e+04 1.011691270587786518e+00
6.075596915254023770e+04 9.950402296827749460e-01
6.075596941260093445e+04 9.923452402858036203e-01
6.075597102105359954e+04 1.004915866723033124e+00
6.075597128111420170e+04 9.921356512538680450e-01
6.075597154117479658e+04 9.796000704459156827e-01
6.075597180123539147e+04 1.009454582735674455e+00
6.075597206129598635e+04 1.023133226254347550e+00
6.075597232135658123e+04 9.897004639369754164e-01
6.075597258141718339e+04 1.000752740776124527e+00
6.075597284147777827e+04 9.874723365951874055e-01
6.075597310153837316e+04 9.991278973924241358e-01
6.075597336159897532e+04 1.000382722152336701e+00
6.075597362165957020e+04 9.983885837843303745e-01
6.075597388172016508e+04 9.804577174504243153e-01
6.075597414178077452e+04 1.000783793982407355e+00
6.075597440184136940e+04 9.937515541267812891e-01
6.075597466190196428e+04 1.000054234705678669e+00
6.075597492196255916e+04 1.009970625493101792e+00
6.075597518202315405e+04 9.998990564642808998e-01
6.075597544208374893e+04 9.773904108901888543e-01
6.075597570214434381e+04 1.015699143049175524e+00
6.075597596220494597e+04 1.016201366938946249e+00
6.075597622226554813e+04 9.957903392001240528e-01
6.075597648232614301e+04 1.022293347722110557e+00
6.075597674238673790e+04 9.946298651982301564e-01
6.075597700244734006e+04 1.003819212571307018e+00
6.075597726250793494e+04 1.000439143036395251e+00
6.075597752256853710e+04 9.922682326275575893e-01
6.075597778262913198e+04 1.003127847770036718e+00
6.075597804268972686e+04 1.008216730701096742e+00
6.075597830275032175e+04 1.007760636774017726e+00
6.075597856281091663e+04 9.916141208284318109e-01
6.075597882287151151e+04 9.907988785644769036e-01
6.075597908293212095e+04 9.965815227467909043e-01
6.075597934299271583e+04 9.864345503242648583e-01
6.075597960305331071e+04 1.002512424718922102e+00
6.075597986311390559e+04 1.002926505229117637e+00
6.075598012317450775e+04 1.007124674890788274e+00
6.075598038323510264e+04 9.924851058429430273e-01
6.075598064329570479e+04 1.011814186008560545e+00
6.075598090335629968e+04 1.007424796228874042e+00
6.075598116341689456e+04 9.890898891835567808e-01
6.075598142347748944e+04 1.007253344562605291e+00
6.075598168353808433e+04 1.007524924472721572e+00
6.075598194359869376e+04 9.933436134148655450e-01
6.075598220365928864e+04 1.001053195576551591e+00
6.075598246371988353e+04 1.008324106672375819e+00
6.075598272378047841e+04 1.004408091942686321e+00
6.075598298384108057e+04 9.903548378380707673e-01
6.075598324390167545e+04 9.926040572361405356e-01
6.075598350396227761e+04 9.909562217420048169e-01
6.075598376402287249e+04 1.008237872063986629e+00
6.075598402408346738e+04 9.905174556759627214e-01
6.075598428414406226e+04 9.859573459025727793e-01
6.075598454420465714e+04 9.913559336296786650e-01
6.075598480426526658e+04 1.000600999127361890e+00
6.075598506432586146e+04 9.986798459852963550e-01
6.075598532438645634e+04 1.030653879019489905e+00
6.075598558444705122e+04 9.888014790028767376e-01
6.075598584450765338e+04 9.997887711892530227e-01
6.075598610456825554e+04 1.002247124716544313e+00
6.075598636462885042e+04 9.948705415135500330e-01
6.075598662468944531e+04 9.905104767974278746e-01
6.075598688475004019e+04 9.950359640305788123e-01
6.075598714481063507e+04 9.892116946562451441e-01
6.075598740487123723e+04 1.006544884877232482e+00
6.075598766493183211e+04 1.000598338086754246e+00
6.075598792499243427e+04 1.010883493848390824e+00
6.075598818505302916e+04 9.926621903199076558e-01
6.075598844511362404e+04 9.933335755569709935e-01
6.075598870517423347e+04 9.929474913694383842e-01
6.075598896523482836e+04 9.914886887407442506e-01
6.075598922529542324e+04 9.961171337540709603e-01
6.075598948535601812e+04 9.891517521162387361e-01
6.075598974541661300e+04 9.991627488881112962e-01
6.075599000547721516e+04 9.988482495537226447e-01
6.075599026553781005e+04 9.845113361107317163e-01
6.075599052559840493e+04 9.949996167565748895e-01
6.075599078565900709e+04 9.953866994252195122e-01
6.075599104571960197e+04 1.008662418415167128e+00
6.075599130578020413e+04 9.950712828490808626e-01
6.075599156584080629e+04 1.000330446649003502e+00
6.075599182590140117e+04 1.003433571432125859e+00
6.075599208596199605e+04 9.950704489663954044e-01
6.075599234602259094e+04 1.017015037857283755e+00
6.075599260608319310e+04 1.003447200081141188e+00
6.075599286614378798e+04 9.838883260284601029e-01
6.075599312620438286e+04 1.012675727887538013e+00
6.075599338626497774e+04 1.000541808599175964e+00
6.075599364632558718e+04 9.916537380357958176e-01
6.075599390638618206e+04 9.886707462642659872e-01
6.075599416644677694e+04 1.001194638681331295e+00
6.075599442650737910e+04 1.007927251649038514e+00
6.075599468656797399e+04 9.888924546384685321e-01
6.075599494662857614e+04 1.009752782934736581e+00
6.075599520668917103e+04 1.006754583362057032e+00
6.075599546674976591e+04 1.002488547473541436e+00
6.075599572681036079e+04 9.931630608015258321e-01
6.075599598687096295e+04 9.768995875308201793e-01
6.075599624693155783e+04 9.861457937608495428e-01
6.075599650699215999e+04 9.986630787339966231e-01
6.075599676705275488e+04 1.002092898365218643e+00
6.075599702711334976e+04 9.947584334118235727e-01
6.075599728717395192e+04 9.819711581743322260e-01
6.075599754723455408e+04 9.950545819750827858e-01
6.075599780729514896e+04 1.003006136578890928e+00
6.075599806735574384e+04 9.914772928234215632e-01
6.075599832741634600e+04 1.006791652248398394e+00
6.075599858747694088e+04 9.956970040759890450e-01
6.075599884753753577e+04 1.002341763939292640e+00
6.075599910759813065e+04 9.942157982711343767e-01
6.075599936765874008e+04 9.790985330648659390e-01
6.075600091310295102e+04 9.938881562164009198e-01
6.075600117316365504e+04 1.000875273019564471e+00
6.075600143322435179e+04 1.003924680239696388e+00
6.075600169328505581e+04 9.877555999827977162e-01
6.075600195334576711e+04 1.005469967013495669e+00
6.075600221340647113e+04 1.003378854565198486e+00
6.075600247346717515e+04 9.931130230172063866e-01
6.075600273352787190e+04 1.008970615789801739e+00
6.075600299358858319e+04 9.954058849807013720e-01
6.075600325364928722e+04 9.996127329217056046e-01
6.075600351370998396e+04 9.940582950725388445e-01
6.075600377377069526e+04 9.999302987384117714e-01
6.075600403383139928e+04 9.988303997476769558e-01
6.075600429389210331e+04 9.947895162851220219e-01
6.075600455395280733e+04 1.006893257701099609e+00
6.075600481401350407e+04 1.001353197486311464e+00
6.075600507407421537e+04 9.954195578994983196e-01
6.075600533413491939e+04 1.003278974752309205e+00
6.075600559419562342e+04 1.009792455898572028e+00
6.075600585425632744e+04 1.001728263984309697e+00
6.075600611431703146e+04 9.965445131480322738e-01
6.075600637437773548e+04 1.010955550353327626e+00
6.075600663443843951e+04 9.976200441968539057e-01
6.075600689449914353e+04 9.990531718960448115e-01
6.075600715455985483e+04 9.942457531766318857e-01
6.075600741462055157e+04 1.000691010749412246e+00
6.075600767468125559e+04 9.852461372302893094e-01
6.075600793474195962e+04 1.005353575706595670e+00
6.075600819480266364e+04 9.841660130570112353e-01
6.075600845486336766e+04 1.002934181341091024e+00
6.075600871492407168e+04 9.922193512346496602e-01
6.075600897498478298e+04 1.007396403511310323e+00
6.075600923504548700e+04 9.965169949366611268e-01
6.075600949510618375e+04 9.967786236702192992e-01
6.075600975516688777e+04 9.968653707178302126e-01
6.075601001522759907e+04 1.008647381020319811e+00
6.075601027528830309e+04 9.976644141614827710e-01
6.075601053534900711e+04 9.792040536920062488e-01
6.075601079540970386e+04 9.922010144982427171e-01
6.075601105547041516e+04 1.000237851065347128e+00
6.075601131553111918e+04 9.988037692626218211e-01
6.075601157559181593e+04 9.964887360420634499e-01
6.075601183565252722e+04 1.004415827254210969e+00
6.075601209571323125e+04 9.920888685430780951e-01
6.075601235577393527e+04 9.798020354638321550e-01
6.075601261583463929e+04 9.872034912518364846e-01
6.075601287589534331e+04 9.984666618614964628e-01
6.075601313595604734e+04 9.976704042998935096e-01
6.075601339601675136e+04 9.868026784966645870e-01
6.075601365607746266e+04 9.906665315152682894e-01
6.075601391613816668e+04 1.011753503286714873e+00
6.075601417619886342e+04 9.926098198471399181e-01
6.075601443625956745e+04 9.956788629272357305e-01
6.075601469632027874e+04 1.000498929928563596e+00
6.075601495638097549e+04 9.999429019817611675e-01
6.075601521644168679e+04 1.000550400504502058e+00
6.075601547650239081e+04 9.969764200301832746e-01
6.075601573656309483e+04 9.965298241678199886e-01
6.075601599662379886e+04 9.999094880217076486e-01
6.075601625668450288e+04 9.878400155507621738e-01
6.075601651674520690e+04 9.944001036131066007e-01
6.075601677680591092e+04 1.009701538490510142e+00
6.075601703686661494e+04 1.000090745876603959e+00
6.075601729692732624e+04 9.960081976456041097e-01
6.075601755698802299e+04 9.977059162630544931e-01
6.075601781704872701e+04 9.851577399593092199e-01
6.075601807710943831e+04 1.002926999122823348e+00
6.075601833717014233e+04 1.008870851906413790e+00
6.075601859723084635e+04 1.000380432720495927e+00
6.075601885729155038e+04 1.018626847344729969e+00
6.075601911735225440e+04 9.991524412008305767e-01
6.075601937741295842e+04 1.013279234596455858e+00
6.075601963747365517e+04 9.965194094982381401e-01
6.075601989753436646e+04 9.942898433451997642e-01
6.075602015759507049e+04 9.797560014339289358e-01
6.075602041765577451e+04 9.927506133101534624e-01
6.075602067771648581e+04 9.951071151098470624e-01
6.075602093777718255e+04 1.008198825453567427e+00
6.075602119783788658e+04 1.001583256997865323e+00
6.075602145789859787e+04 9.887035157763731652e-01
6.075602171795930190e+04 1.006403731889893294e+00
6.075602197802000592e+04 9.753365788014947135e-01
6.075602223808070994e+04 9.893889539527197519e-01
6.075602249814141396e+04 1.023146714974621618e+00
6.075602275820211798e+04 1.005193681058354160e+00
6.075602301826282201e+04 9.902999120661670762e-01
6.075602327832352603e+04 1.006639950572389974e+00
6.075602353838423005e+04 9.940560029167930800e-01
6.075602379844494135e+04 1.006049009573616537e+00
6.075602405850564537e+04 1.016255909012799608e+00
6.075602431856634212e+04 1.012807451824714988e+00
6.075602457862704614e+04 9.983536185071134605e-01
6.075602483868775744e+04 9.900822457097189222e-01
6.075602509874846146e+04 1.002144882084182953e+00
6.075602535880916548e+04 9.952041025966847920e-01
6.075602561886986950e+04 1.023932502578767778e+00
6.075602587893057353e+04 1.000625276979843381e+00
6.075602613899127755e+04 9.993386091947624728e-01
6.075602639905198885e+04 1.003572121338524248e+00
6.075602665911269287e+04 9.992996294554273851e-01
6.075602691917338962e+04 9.987772595479162963e-01
6.075602717923410091e+04 1.010934103418789975e+00
6.075602743929480494e+04 1.000346492665468379e+00
6.075602769935550168e+04 1.009407718003290100e+00
6.075602795941621298e+04 1.003722164131132022e+00
6.075602821947691700e+04 1.011347513726371217e+00
6.075602847953762102e+04 9.974868671816595755e-01
6.075602873959833232e+04 1.003603132221368766e+00
6.075602899965902907e+04 9.863365299398728636e-01
6.075602925971973309e+04 1.002580656049014252e+00
6.075603093119423283e+04 1.009891905193239348e+00
6.075603119125482772e+04 1.015349348437984522e+00
6.075603145131542988e+04 9.987499650262795514e-01
6.075603171137602476e+04 1.002328128014247755e+00
6.075603197143662692e+04 9.922564705115933803e-01
6.075603223149722908e+04 9.925084066987420739e-01
6.075603249155782396e+04 1.013441746743255045e+00
6.075603275161842612e+04 1.003364134793793383e+00
6.075603301167902100e+04 1.001610599949806168e+00
6.075603327173962316e+04 1.012151558181981548e+00
6.075603353180022532e+04 9.942813874681698527e-01
6.075603379186082020e+04 1.002838594328372634e+00
6.075603405192141508e+04 9.971072974326496974e-01
6.075603431198201724e+04 9.969540678889835528e-01
6.075603457204261213e+04 1.001518020623844984e+00
6.075603483210320701e+04 1.022832133062745230e+00
6.075603509216381644e+04 1.009934804345503423e+00
6.075603535222441133e+04 9.939078108482636287e-01
6.075603561228501349e+04 1.004163332202819170e+00
6.075603587234560837e+04 9.931219786979114117e-01
6.075603613240621053e+04 1.010529162342999498e+00
6.075603639246681269e+04 1.003095834361026562e+00
6.075603665252740757e+04 1.010303657356686147e+00
6.075603691258800245e+04 1.010508672110292494e+00
6.075603717264860461e+04 1.005052681150113481e+00
6.075603743270919949e+04 1.008699092087331994e+00
6.075603769276979438e+04 9.963300775590322456e-01
6.075603795283040381e+04 1.001228735160382355e+00
6.075603821289099869e+04 9.851206302277424331e-01
6.075603847295160085e+04 1.003568668202280412e+00
6.075603873301219573e+04 1.006852379419964416e+00
6.075603899307279789e+04 1.005928422650552490e+00
6.075603925313340005e+04 1.000273792513590498e+00
6.075603951319399494e+04 1.003150415047964650e+00
6.075603977325458982e+04 1.017462170790933706e+00
6.075604003331519198e+04 1.003032944963554440e+00
6.075604029337578686e+04 1.011522330685570958e+00
6.075604055343638902e+04 9.901408783096216082e-01
6.075604081349698390e+04 1.005627921311881945e+00
6.075604107355758606e+04 9.976346732087049141e-01
6.075604133361818822e+04 1.026147221065867976e+00
6.075604159367878310e+04 9.844252383719203081e-01
6.075604185373938526e+04 1.005649625683725956e+00
6.075604211379998742e+04 1.010482791998075669e+00
6.075604237386058230e+04 1.010963211751555013e+00
6.075604263392118446e+04 9.918430954756890516e-01
6.075604289398177934e+04 1.002763471985960386e+00
6.075604315404237423e+04 9.880903258494388997e-01
6.075604341410297639e+04 9.983842731261782788e-01
6.075604367416357127e+04 1.010227971108883960e+00
6.075604393422418070e+04 1.014220304123778282e+00
6.075604419428477559e+04 1.015853111834326361e+00
6.075604445434537047e+04 9.881748188508752140e-01
6.075604471440597990e+04 9.886988020865612459e-01
6.075604497446657479e+04 9.992181276985969696e-01
6.075604523452717694e+04 9.902353626572230061e-01
6.075604549458777183e+04 1.009740469404474039e+00
6.075604575464836671e+04 1.007810686177050608e+00
6.075604601470896887e+04 9.841698302627535089e-01
6.075604627476956375e+04 9.973670824382689926e-01
6.075604653483016591e+04 9.875710657938324699e-01
6.075604679489076807e+04 1.010331453389744727e+00
6.075604705495136295e+04 1.019061921875156651e+00
6.075604731501196511e+04 9.906058020789660912e-01
6.075604757507256727e+04 1.012617135101600230e+00
6.075604783513316943e+04 9.992455358782625918e-01
6.075604809519376431e+04 9.848388340466620594e-01
6.075604835525435919e+04 1.010102584889336796e+00
6.075604861531496135e+04 1.004232017974012514e+00
6.075604887537555624e+04 9.919576679626745941e-01
6.075604913543615839e+04 9.973497288932364757e-01
6.075604939549675328e+04 1.013315564221960674e+00
6.075604965555735544e+04 1.017560879083889924e+00
6.075604991561795759e+04 1.004744882391221505e+00
6.075605017567855248e+04 9.959502975019663973e-01
6.075605043573915464e+04 9.897597093603582863e-01
6.075605069579975680e+04 1.005483634990746111e+00
6.075605095586035168e+04 1.003488710526891259e+00
6.075605121592095384e+04 1.010151026886542125e+00
6.075605147598154872e+04 1.006818466774608956e+00
6.075605173604215088e+04 1.006151535121263985e+00
6.075605199610274576e+04 9.921562067734547297e-01
6.075605225616334792e+04 9.927578423301161026e-01
6.075605251622395008e+04 1.004051928204902300e+00
6.075605277628454496e+04 1.008041162695644699e+00
6.075605303634514712e+04 9.925383537024611291e-01
6.075605329640574200e+04 1.005527219716472853e+00
6.075605355646635144e+04 9.942242500300647601e-01
6.075605381652694632e+04 9.910064047514058894e-01
6.075605407658754848e+04 1.014168828237469677e+00
6.075605433664814336e+04 1.011148550221116604e+00
6.075605459670873825e+04 1.014548329957670081e+00
6.075605485676934040e+04 1.009939502160441149e+00
6.075605511682993529e+04 9.968887620098659808e-01
6.075605537689054472e+04 1.014638352065665439e+00
6.075605563695113960e+04 1.008517254116126916e+00
6.075605589701174176e+04 9.943099473143908185e-01
6.075605615707233665e+04 1.006223102562646021e+00
6.075605641713293880e+04 9.830606329948963218e-01
6.075605667719354096e+04 1.005909017930701754e+00
6.075605693725413585e+04 9.962923851338658654e-01
6.075605719731473800e+04 9.908053075713063595e-01
6.075605745737533289e+04 1.014904403660581655e+00
6.075605771743593505e+04 1.001419838094603554e+00
6.075605797749652993e+04 1.000841809293697260e+00
6.075605823755713209e+04 9.973905565871082901e-01
6.075605849761773425e+04 1.012819588629845002e+00
6.075605875767832913e+04 1.014274881579810383e+00
6.075605901773893129e+04 9.960837881339995592e-01
6.075605927779953345e+04 1.013154363508905753e+00
6.075606082322710427e+04 1.000377320019951277e+00
6.075606108328780829e+04 9.936430690492145112e-01
6.075606134334851231e+04 9.897891921000910864e-01
6.075606160340922361e+04 9.796574779540723199e-01
6.075606186346992035e+04 1.002597855017226536e+00
6.075606212353063165e+04 9.825340846392213168e-01
6.075606238359133567e+04 9.979068172289908834e-01
6.075606264365204697e+04 9.974966290909469402e-01
6.075606290371275099e+04 9.901137715853880472e-01
6.075606316377345502e+04 1.005740562051824494e+00
6.075606342383415904e+04 9.988576313365218340e-01
6.075606368389486306e+04 9.941267526272896671e-01
6.075606394395557436e+04 1.004677767020443424e+00
6.075606420401627838e+04 9.977563013722439145e-01
6.075606446407698240e+04 9.935480870236709228e-01
6.075606472413768643e+04 9.962683066001676302e-01
6.075606498419839772e+04 1.008874849303051047e+00
6.075606524425910175e+04 9.974051189810949625e-01
6.075606550431981304e+04 9.938963487980013722e-01
6.075606576438050979e+04 9.831445535619577347e-01
6.075606602444122109e+04 9.834521426831829283e-01
6.075606628450192511e+04 9.999760982265394338e-01
6.075606654456262913e+04 1.002354825910587444e+00
6.075606680462333316e+04 1.007507981601942548e+00
6.075606706468404445e+04 9.935242074416799074e-01
6.075606732474474848e+04 1.011165079407029488e+00
6.075606758480545250e+04 1.000891702803923922e+00
6.075606784486615652e+04 1.005223352563064054e+00
6.075606810492686054e+04 9.967416893400909972e-01
6.075606836498757184e+04 9.883572796628545820e-01
6.075606862504827586e+04 9.885082865216231474e-01
6.075606888510898716e+04 1.001291656788319218e+00
6.075606914516968391e+04 9.967235511010075211e-01
6.075606940523039520e+04 1.008052362556238091e+00
6.075606966529109923e+04 9.973833393191366969e-01
6.075606992535180325e+04 9.955839526921643756e-01
6.075607018541250727e+04 9.942431700804534866e-01
6.075607044547321857e+04 9.908906749558012983e-01
6.075607070553392259e+04 1.002828975848441218e+00
6.075607096559463389e+04 9.927171161745371730e-01
6.075607122565533064e+04 1.006084942241127989e+00
6.075607148571604193e+04 1.001945629296539853e+00
6.075607174577674596e+04 9.847651893259873335e-01
6.075607200583745725e+04 9.875614349876704612e-01
6.075607226589816128e+04 9.983620090843456918e-01
6.075607252595886530e+04 1.003300523495654462e+00
6.075607278601956932e+04 9.846355701849198727e-01
6.075607304608028062e+04 9.873749161819389553e-01
6.075607330614097737e+04 1.000771190219292173e+00
6.075607356620169594e+04 1.003597301000090924e+00
6.075607382626239269e+04 9.972917098303887284e-01
6.075607408632310398e+04 9.956406507608269729e-01
6.075607434638380801e+04 9.858970677869050014e-01
6.075607460644451203e+04 9.878531128874199485e-01
6.075607486650521605e+04 1.006897784867723633e+00
6.075607512656592735e+04 9.999716024435787443e-01
6.075607538662663137e+04 9.982268390656648949e-01
6.075607564668734267e+04 1.006219390775169087e+00
6.075607590674803942e+04 9.919413363156414087e-01
6.075607616680875071e+04 1.006866134379011735e+00
6.075607642686945474e+04 9.973023448171142169e-01
6.075607668693016603e+04 1.007504880488519605e+00
6.075607694699087006e+04 9.981892607399071027e-01
6.075607720705157408e+04 9.913278233297765363e-01
6.075607746711227810e+04 9.881393878791121521e-01
6.075607772717298940e+04 1.014889107719731509e+00
6.075607798723368614e+04 9.823615975467749895e-01
6.075607824729439744e+04 9.774528372221694683e-01
6.075607850735510146e+04 9.893720938345642590e-01
6.075607876741581276e+04 9.948024930698703416e-01
6.075607902747651679e+04 9.920717651125474656e-01
6.075607928753722081e+04 1.006159217616364288e+00
6.075607954759792483e+04 1.005202937119833662e+00
6.075607980765863613e+04 9.852843804784102710e-01
6.075608006771934015e+04 9.988053616052026129e-01
6.075608032778005145e+04 1.010679704992278882e+00
6.075608058784074819e+04 9.886048953142276829e-01
6.075608084790145949e+04 1.004099522844911219e+00
6.075608110796216351e+04 9.916521423181262618e-01
6.075608136802286754e+04 9.923637483144057692e-01
6.075608162808357156e+04 9.781959202746688398e-01
6.075608188814428286e+04 9.767565092420341655e-01
6.075608214820498688e+04 1.000860386126552148e+00
6.075608240826569818e+04 9.691784425762891564e-01
6.075608266832639492e+04 1.000685670705425023e+00
6.075608292838710622e+04 1.005519815911387393e+00
6.075608318844781024e+04 9.870727271621122512e-01
6.075608344850852154e+04 1.006189902833339200e+00
6.075608370856922556e+04 1.002956993981267475e+00
6.075608396862992959e+04 9.904274164346918985e-01
6.075608422869064088e+04 1.004159849787416015e+00
6.075608448875134491e+04 1.002776250539384018e+00
6.075608474881204893e+04 9.954578395893950438e-01
6.075608500887276023e+04 9.937207128188163541e-01
6.075608526893346425e+04 9.926495492138796006e-01
6.075608552899416827e+04 9.931108119418480262e-01
6.075608578905487957e+04 9.912036309133476220e-01
6.075608604911557632e+04 9.907474291261254562e-01
6.075608630917628761e+04 9.859241326214025491e-01
6.075608656923699164e+04 9.922801278495945176e-01
6.075608682929770293e+04 9.943218060739283937e-01
6.075608708935840696e+04 1.005806335116593786e+00
6.075608734941911098e+04 9.946981553373931417e-01
6.075608760947981500e+04 1.002523000311576595e+00
6.075608786954052630e+04 9.973424257406182658e-01
6.075608812960123760e+04 1.008470304999508071e+00
6.075608838966194162e+04 9.856448730631052202e-01
6.075608864972264564e+04 9.920964894030372960e-01
6.075608890978334966e+04 9.962300188563265602e-01
6.075608916984406096e+04 1.008044416362797069e+00
6.075609076569380704e+04 9.914318728854767393e-01
6.075609102575441648e+04 9.906910385873598512e-01
6.075609128581501136e+04 9.766978098276359876e-01
6.075609154587561352e+04 9.963217670042855412e-01
6.075609180593621568e+04 9.994945888562261072e-01
6.075609206599681784e+04 9.904565374855905935e-01
6.075609232605741272e+04 9.885972244314682467e-01
6.075609258611801488e+04 9.907004984825097393e-01
6.075609284617860976e+04 9.873467410619475304e-01
6.075609310623921192e+04 1.005627818371621629e+00
6.075609336629981408e+04 1.006412461710220585e+00
6.075609362636040896e+04 9.884100929725424534e-01
6.075609388642101840e+04 9.890268403995117197e-01
6.075609414648161328e+04 9.802709882355834514e-01
6.075609440654221544e+04 1.005795248674475451e+00
6.075609466660281760e+04 9.897782049226679923e-01
6.075609492666341976e+04 9.930207762528659998e-01
6.075609518672402191e+04 9.969782992486962980e-01
6.075609544678461680e+04 9.932354721321069446e-01
6.075609570684521896e+04 1.011662106459477295e+00
6.075609596690581384e+04 1.007626026626788684e+00
6.075609622696641600e+04 1.017475323189096947e+00
6.075609648702701088e+04 1.005909942519412015e+00
6.075609674708762032e+04 1.002389742920730464e+00
6.075609700714822247e+04 9.952454535437651462e-01
6.075609726720881736e+04 1.011356649825322362e+00
6.075609752726942679e+04 9.940500638214819773e-01
6.075609778733002167e+04 1.018009514410002314e+00
6.075609804739062383e+04 9.952117691793950227e-01
6.075609830745121872e+04 9.975071422299803814e-01
6.075609856751182087e+04 1.000377103094721720e+00
6.075609882757242303e+04 1.000235752876800444e+00
6.075609908763301792e+04 1.003597862332035406e+00
6.075609934769362008e+04 1.005219718573651111e+00
6.075609960775422223e+04 9.745959324007101854e-01
6.075609986781482439e+04 1.000429567827814337e+00
6.075610012787541928e+04 9.938959925185548716e-01
6.075610038793602143e+04 1.017221568876756521e+00
6.075610064799663087e+04 9.957367359220323788e-01
6.075610090805722575e+04 9.916064063310155996e-01
6.075610116811782791e+04 9.961193728789270452e-01
6.075610142817842279e+04 1.004166664009716436e+00
6.075610168823902495e+04 9.977614267695243955e-01
6.075610194829962711e+04 9.849368875431477877e-01
6.075610220836022199e+04 1.012697371127772028e+00
6.075610246842083143e+04 9.874925860287143697e-01
6.075610272848142631e+04 1.013273107781633486e+00
6.075610298854202847e+04 9.861819924668067117e-01
6.075610324860263063e+04 1.014475903253855504e+00
6.075610350866323279e+04 1.011778592138525834e+00
6.075610376872383495e+04 1.018940281666111281e+00
6.075610402878442983e+04 9.988380610723601727e-01
6.075610428884503199e+04 1.014621030095031129e+00
6.075610454890563415e+04 9.997855514487175022e-01
6.075610480896622903e+04 9.959955345979449870e-01
6.075610506902683119e+04 9.909059191594118410e-01
6.075610532908743335e+04 1.011302742354011297e+00
6.075610558914803551e+04 9.857361019011279257e-01
6.075610584920863766e+04 1.003726750884719632e+00
6.075610610926923255e+04 9.888640703847664248e-01
6.075610636932984198e+04 1.015820382587931503e+00
6.075610662939043686e+04 1.005225722971156310e+00
6.075610688945103902e+04 9.952905154611541017e-01
6.075610714951164118e+04 1.001017268710424624e+00
6.075610740957223607e+04 1.004893907804859321e+00
6.075610766963283822e+04 1.007834612300372301e+00
6.075610792969343311e+04 9.956913735071014626e-01
6.075610818975403527e+04 1.004143020751696147e+00
6.075610844981464470e+04 9.936541242993255363e-01
6.075610870987523958e+04 1.023089443860167869e+00
6.075610896993584174e+04 9.958867086207846553e-01
6.075610922999644390e+04 9.894454330647959317e-01
6.075610949005704606e+04 1.003475362890494438e+00
6.075610975011764822e+04 9.884862511923836470e-01
6.075611001017824310e+04 9.944181056525411844e-01
6.075611027023884526e+04 1.010867832043429448e+00
6.075611053029944742e+04 1.009455191798431128e+00
6.075611079036004230e+04 1.005860346801389582e+00
6.075611105042064446e+04 9.860933206611959267e-01
6.075611131048124662e+04 1.014100597821471217e+00
6.075611157054184878e+04 1.016619015760837907e+00
6.075611183060245094e+04 1.000138614908594015e+00
6.075611209066305310e+04 9.957279126024771720e-01
6.075611235072365525e+04 1.010644355807795547e+00
6.075611261078425741e+04 9.954456961094457768e-01
6.075611287084485230e+04 9.994148423651586510e-01
6.075611313090545445e+04 1.013121727776407965e+00
6.075611339096604934e+04 1.004111279942167867e+00
6.075611365102665150e+04 9.996835899140467108e-01
6.075611391108725365e+04 9.965837160120319949e-01
6.075611417114785581e+04 1.004162003011580762e+00
6.075611443120845797e+04 1.007915496421591506e+00
6.075611469126906013e+04 1.002085919564253302e+00
6.075611495132966229e+04 9.986163515944715963e-01
6.075611521139026445e+04 1.007775796890280740e+00
6.075611547145085933e+04 1.001940081374281144e+00
6.075611573151146149e+04 1.012567622780319310e+00
6.075611599157206365e+04 1.002875128190603871e+00
6.075611625163265853e+04 1.006676853264915295e+00
6.075611651169326069e+04 9.918945319387968418e-01
6.075611677175386285e+04 1.005379764339731530e+00
6.075611703181446501e+04 1.005073998950868797e+00
6.075611729187506717e+04 9.964215163837480960e-01
6.075611755193566933e+04 9.865485694559769092e-01
6.075611781199626421e+04 9.941862294100386466e-01
6.075611807205687364e+04 1.007871023965300372e+00
6.075611833211747580e+04 1.000600822106872290e+00
6.075611859217807068e+04 1.008978196591847176e+00
6.075611885223867284e+04 9.955572984860604491e-01
6.075611911229926773e+04 9.949274395879994515e-01
6.075612077117233275e+04 9.828460481509848634e-01
6.075612103123303677e+04 1.018716590773574238e+00
6.075612129129374080e+04 1.010070299166557550e+00
6.075612155135445209e+04 1.010332405991562155e+00
6.075612181141516339e+04 9.995658771730030479e-01
6.075612207147586741e+04 9.870191172842829319e-01
6.075612233153657144e+04 1.009657744075869168e+00
6.075612259159728274e+04 9.989962702131797156e-01
6.075612285165798676e+04 1.002185525064092975e+00
6.075612311171869806e+04 1.008560572890411899e+00
6.075612337177940935e+04 9.944156774086159167e-01
6.075612363184010610e+04 9.880695460255507490e-01
6.075612389190081740e+04 9.916612370138492283e-01
6.075612415196152870e+04 1.009211969184486746e+00
6.075612441202222544e+04 1.009400674342674442e+00
6.075612467208293674e+04 1.007110282438804960e+00
6.075612493214364804e+04 1.011492329112694044e+00
6.075612519220435206e+04 9.999631010019733868e-01
6.075612545226506336e+04 1.002995383686125619e+00
6.075612571232576738e+04 1.009814994405858979e+00
6.075612597238647140e+04 9.929907653523497579e-01
6.075612623244718270e+04 1.018274273894989701e+00
6.075612649250789400e+04 9.955655099929283658e-01
6.075612675256859802e+04 1.024187616448901883e+00
6.075612701262930204e+04 9.992425411525955870e-01
6.075612727269001334e+04 9.909646060875227924e-01
6.075612753275071736e+04 1.008196868554030567e+00
6.075612779281142139e+04 9.981789129050533393e-01
6.075612805287213268e+04 1.004459365914414981e+00
6.075612831293283671e+04 9.950162645707393283e-01
6.075612857299354800e+04 1.011400566118272115e+00
6.075612883305425930e+04 1.014210541622621253e+00
6.075612909311495605e+04 1.006535581065453711e+00
6.075612935317566735e+04 9.956303015466039241e-01
6.075612961323637865e+04 1.002358210533764726e+00
6.075612987329708267e+04 9.932772751536861344e-01
6.075613013335779397e+04 1.019996066056727546e+00
6.075613039341849799e+04 1.004639274266818205e+00
6.075613065347920201e+04 1.014789931182925820e+00
6.075613091353991331e+04 1.011012163366671102e+00
6.075613117360061733e+04 1.009135397826193659e+00
6.075613143366133590e+04 1.005091027840503859e+00
6.075613169372203265e+04 1.004240359216369338e+00
6.075613195378274395e+04 9.941977056139066349e-01
6.075613221384345525e+04 9.901841173834124987e-01
6.075613247390415199e+04 1.003161366332847360e+00
6.075613273396486329e+04 9.906526653297652585e-01
6.075613299402557459e+04 1.016135523914443617e+00
6.075613325408627861e+04 1.013856677367773518e+00
6.075613351414698991e+04 9.869364762882791853e-01
6.075613377420769393e+04 1.002866875240657318e+00
6.075613403426840523e+04 9.996907551390433744e-01
6.075613429432910925e+04 9.904874353011590138e-01
6.075613455438982055e+04 9.904966018321255117e-01
6.075613481445053185e+04 9.986930064599591761e-01
6.075613507451122859e+04 1.002232110807544041e+00
6.075613533457193989e+04 9.967337448219527607e-01
6.075613559463265119e+04 9.999136128718352223e-01
6.075613585469334794e+04 1.000204926116326165e+00
6.075613611475405924e+04 9.936436140443873910e-01
6.075613637481477053e+04 1.004106848789265927e+00
6.075613663487548183e+04 9.957856366393550429e-01
6.075613689493618585e+04 1.001828890723712284e+00
6.075613715499688988e+04 9.848261325256174592e-01
6.075613741505760117e+04 9.881683373881735566e-01
6.075613767511830520e+04 1.004376514072105930e+00
6.075613793517901649e+04 9.851486854603700438e-01
6.075613819523972779e+04 1.005228133442322536e+00
6.075613845530043181e+04 1.004401594708645096e+00
6.075613871536113584e+04 1.006335977508855839e+00
6.075613897542184714e+04 9.909226024128828803e-01
6.075613923548255116e+04 9.985499254313756623e-01
6.075613949554325518e+04 1.005064400224862320e+00
6.075613975560396648e+04 1.011579922717641633e+00
6.075614001566467778e+04 9.991331030197075913e-01
6.075614027572538907e+04 1.000695333133367670e+00
6.075614053578608582e+04 9.942868851616838421e-01
6.075614079584679712e+04 9.933037004925614477e-01
6.075614105590750842e+04 1.000749633607864730e+00
6.075614131596821244e+04 1.005762272851331129e+00
6.075614157602892374e+04 9.997438874386643803e-01
6.075614183608962776e+04 1.003811427748859453e+00
6.075614209615033906e+04 9.907680965551667329e-01
6.075614235621104308e+04 9.997118663354171986e-01
6.075614261627174710e+04 1.002388776369565138e+00
6.075614287633246568e+04 1.006003370665087715e+00
6.075614313639316970e+04 9.938956989117124774e-01
6.075614339645387372e+04 1.018735897994148099e+00
6.075614365651458502e+04 1.004834357272505141e+00
6.075614391657528904e+04 9.918934623217979807e-01
6.075614417663600034e+04 9.858268105399317083e-01
6.075614443669670436e+04 1.000692423058662017e+00
6.075614469675741566e+04 9.899381554123161120e-01
6.075614495681812696e+04 1.004823986851096640e+00
6.075614521687882370e+04 9.834408720825011940e-01
6.075614547693953500e+04 9.959966932397704698e-01
6.075614573700024630e+04 1.007123269815116018e+00
6.075614599706095760e+04 1.005590948823360531e+00
6.075614625712166162e+04 9.923607807579760687e-01
6.075614651718236564e+04 9.984186997027493238e-01
6.075614677724307694e+04 1.011418537253882421e+00
6.075614703730378824e+04 9.991126807530972265e-01
6.075614729736448498e+04 9.976610153879565956e-01
6.075614755742519628e+04 9.970643703241822697e-01
6.075614781748590758e+04 1.008432061660995416e+00
6.075614807754661888e+04 1.003257201489016648e+00
6.075614833760732290e+04 1.009279706305518776e+00
6.075614859766802692e+04 9.973272868077830422e-01
6.075614885772873822e+04 9.904545497341311622e-01
6.075614911778944952e+04 1.003376367590542939e+00
