6.075547523418369383e+04 9.850489154789269231e-01
6.075547549424438330e+04 9.853378419023014478e-01
6.075547575430508005e+04 9.915755505937901004e-01
6.075547601436576224e+04 9.739655701724764247e-01
6.075547627442645899e+04 9.874820908388450835e-01
6.075547653448714846e+04 9.813280930709219474e-01
6.075547679454784520e+04 9.873612163203135950e-01
6.075547705460853467e+04 9.764274791312453905e-01
6.075547731466922414e+04 9.884125039252911193e-01
6.075547757472991361e+04 9.899593917048775671e-01
6.075547783479061036e+04 9.929369200959142772e-01
6.075547809485129255e+04 9.877179430192970511e-01
6.075547835491198930e+04 9.901226414997315040e-01
6.075547861497267877e+04 9.793103921663747213e-01
6.075547887503337552e+04 9.785788052720845176e-01
6.075547913509406499e+04 9.866273887813652443e-01
6.075547939515475446e+04 9.731091620666277864e-01
6.075547965521544393e+04 9.884206177912027158e-01
6.075547991527614067e+04 9.807437273616248508e-01
6.075548017533683014e+04 9.939228062608261860e-01
6.075548043539752689e+04 9.884236575263750657e-01
6.075548069545820908e+04 9.955524895360704507e-01
6.075548095551890583e+04 1.003030421779762538e+00
6.075548121557959530e+04 9.908292750475881094e-01
6.075548147564028477e+04 9.911454605254006456e-01
6.075548173570098152e+04 9.857776038157184395e-01
6.075548199576167099e+04 9.908565167653683448e-01
6.075548225582236773e+04 9.831223851944211889e-01
6.075548251588305720e+04 9.874135467631098839e-01
6.075548277594374667e+04 9.879022635739541647e-01
6.075548303600443614e+04 9.847413913764998528e-01
6.075548329606513289e+04 1.001517180139738450e+00
6.075548355612582236e+04 9.905301378308096760e-01
6.075548381618651911e+04 9.886105809964794711e-01
6.075548407624720130e+04 9.851629851479792865e-01
6.075548433630789805e+04 9.876507699448362487e-01
6.075548459636858752e+04 9.864287662008663915e-01
6.075548485642928426e+04 9.942721906903488893e-01
6.075548511648997373e+04 9.915106118180441186e-01
6.075548537655066320e+04 9.936690783379278358e-01
6.075548563661135267e+04 9.971090021443638207e-01
6.075548589667204942e+04 9.917272275779643875e-01
6.075548615673273162e+04 9.952720071299671067e-01
6.075548641679342836e+04 9.956205423967242618e-01
6.075548667685411783e+04 1.006330970013142423e+00
6.075548693691481458e+04 9.847231215700606999e-01
6.075548719697551132e+04 9.927247091369182375e-01
6.075548745703619352e+04 9.940785390096781304e-01
6.075548771709689026e+04 1.002625956231179449e+00
6.075548797715757973e+04 9.885314087308991748e-01
6.075548823721827648e+04 9.997256743766933518e-01
6.075548849727896595e+04 9.920669155599073363e-01
6.075548875733965542e+04 9.850342298460291746e-01
6.075548901740034489e+04 9.964742454733366284e-01
6.075548927746104164e+04 9.867493741394848250e-01
6.075548953752172383e+04 9.838701270560407108e-01
6.075548979758242058e+04 9.948383348320092301e-01
6.075549005764311732e+04 9.874581984477609486e-01
6.075549031770380680e+04 9.996183827903206698e-01
6.075549057776450354e+04 9.910361072558101503e-01
6.075549083782518574e+04 9.923393024505108295e-01
6.075549109788588248e+04 9.881072130094570305e-01
6.075549135794657195e+04 9.971991053630827606e-01
6.075549161800726870e+04 9.945224702815083084e-01
6.075549187806795817e+04 9.904957407195098540e-01
6.075549213812864764e+04 1.007722053953397978e+00
6.075549239818933711e+04 9.947589295805328025e-01
6.075549265825003386e+04 9.922885284497965364e-01
6.075549291831072333e+04 9.878078458210916013e-01
6.075549317837142007e+04 9.798790331734089643e-01
6.075549343843210954e+04 9.889036481268822509e-01
6.075549369849279901e+04 1.010249855430621624e+00
6.075549395855349576e+04 9.936484806465049058e-01
6.075549421861417795e+04 9.897377416023103169e-01
6.075549447867487470e+04 9.921502657241911827e-01
6.075549473873556417e+04 9.926626465543232358e-01
6.075549499879626092e+04 9.952772614958941277e-01
6.075549525885695766e+04 9.920398684090534491e-01
6.075549551891763986e+04 1.003661571519291584e+00
6.075549577897833660e+04 1.002615890901976448e+00
6.075549603903902607e+04 1.007538206472088804e+00
6.075549629909972282e+04 9.945957026099081499e-01
6.075549655916041229e+04 1.005902663897915161e+00
6.075549681922110176e+04 9.962454419361220781e-01
6.075549707928179851e+04 9.953298765323151942e-01
6.075549733934248798e+04 9.922900560441149098e-01
6.075549759940317745e+04 1.006700476117746046e+00
6.075549785946386692e+04 1.002617339845730982e+00
6.075549811952456366e+04 1.005688994798934477e+00
6.075549837958525313e+04 1.002342066570792056e+00
6.075549863964594988e+04 1.002919172617423360e+00
6.075549889970663935e+04 1.001437523484683512e+00
6.075549915976732882e+04 1.003866387537052374e+00
6.075549941982802557e+04 1.010915974520982585e+00
6.075549967988871504e+04 1.005374921593518378e+00
6.075549993994941178e+04 1.007323866182566530e+00
6.075550020001009398e+04 1.008162126912864887e+00
6.075550046007079072e+04 1.009150902219449808e+00
6.075550072013148747e+04 1.013122748376956928e+00
6.075550098019216966e+04 1.003762232448914382e+00
6.075550124025286641e+04 9.939854933773187851e-01
6.075550150031355588e+04 1.001163314620819866e+00
6.075550176037425263e+04 9.840549347571961869e-01
6.075550202043494210e+04 9.984536188715489313e-01
6.075550228049563157e+04 9.937123219298963361e-01
6.075550254055632831e+04 1.004410813209741571e+00
6.075550280061701778e+04 1.007108693700808466e+00
6.075550306067771453e+04 1.000431099298745297e+00
6.075550332073840400e+04 1.003475833263403283e+00
6.075550358079909347e+04 1.004907825523644993e+00
6.075550513883041276e+04 9.990639216396554056e-01
6.075550539889110951e+04 1.019737721845359379e+00
6.075550565895179898e+04 9.994225027409705531e-01
6.075550591901248845e+04 1.012904415809247283e+00
6.075550617907318519e+04 1.003645850484010893e+00
6.075550643913387466e+04 1.010017675989649755e+00
6.075550669919457141e+04 1.006462814932223893e+00
6.075550695925526088e+04 1.013147691446298015e+00
6.075550721931595035e+04 1.005881182720055111e+00
6.075550747937664710e+04 1.009113615862586855e+00
6.075550773943733657e+04 1.005655671468562939e+00
6.075550799949803331e+04 1.004961813610469878e+00
6.075550825955872278e+04 1.008720802744054401e+00
6.075550851961941225e+04 1.004810474579441948e+00
6.075550877968010900e+04 1.012493038175287463e+00
6.075550903974079847e+04 9.981513941478511454e-01
6.075550929980148794e+04 1.001342626623683341e+00
6.075550955986217741e+04 1.010836384076460925e+00
6.075550981992287416e+04 9.959358778853367733e-01
6.075551007998357090e+04 9.979727754621559033e-01
6.075551034004426037e+04 9.931911219735628515e-01
6.075551060010494984e+04 1.016540768596512656e+00
6.075551086016564659e+04 1.002505588311352058e+00
6.075551112022633606e+04 1.011495218081576830e+00
6.075551138028703281e+04 1.011324318778307196e+00
6.075551164034772228e+04 1.011640064923985394e+00
6.075551190040841175e+04 1.005605061914187193e+00
6.075551216046910849e+04 9.974892356116937808e-01
6.075551242052979796e+04 1.014469445513789259e+00
6.075551268059049471e+04 1.022565038486741518e+00
6.075551294065118418e+04 1.014316501638530044e+00
6.075551320071187365e+04 1.015581711281640542e+00
6.075551346077257040e+04 1.004196946597655904e+00
6.075551372083325987e+04 1.019037854413539668e+00
6.075551398089394934e+04 1.000581107648122359e+00
6.075551424095464608e+04 1.009866132878193268e+00
6.075551450101533555e+04 1.008160039439570221e+00
6.075551476107603230e+04 1.011214169846176736e+00
6.075551502113672177e+04 1.011935278652003500e+00
6.075551528119741124e+04 1.006160929750135935e+00
6.075551554125810799e+04 1.006856938403376533e+00
6.075551580131879746e+04 1.000209372325080004e+00
6.075551606137949420e+04 9.994388155016012965e-01
6.075551632144019095e+04 1.012541091390197101e+00
6.075551658150087314e+04 1.010233008523977682e+00
6.075551684156156989e+04 1.001402025162020593e+00
6.075551710162226664e+04 1.002828029522403686e+00
6.075551736168294883e+04 1.008480728387939340e+00
6.075551762174364558e+04 1.004916681086075902e+00
6.075551788180433505e+04 1.005343004338698609e+00
6.075551814186503179e+04 1.007916207587682189e+00
6.075551840192572854e+04 1.002415501472409209e+00
6.075551866198641073e+04 1.009847859804578807e+00
6.075551892204710748e+04 1.009577052216893422e+00
6.075551918210780423e+04 1.005393708090879912e+00
6.075551944216849370e+04 1.003755825984967265e+00
6.075551970222919044e+04 1.010733043624358007e+00
6.075551996228987991e+04 9.992266899209775177e-01
6.075552022235056938e+04 1.009753836485246969e+00
6.075552048241126613e+04 1.016976713233454843e+00
6.075552074247194832e+04 1.000832274615669482e+00
6.075552100253265235e+04 1.003596615936395597e+00
6.075552126259334182e+04 1.007310223863349563e+00
6.075552152265403129e+04 9.957407226907465381e-01
6.075552178271472803e+04 1.012183979177838866e+00
6.075552204277541750e+04 1.008147124536447503e+00
6.075552230283610697e+04 1.002360331635257618e+00
6.075552256289680372e+04 1.014973845001853281e+00
6.075552282295750047e+04 1.005004030757260747e+00
6.075552308301818994e+04 1.014241081770361097e+00
6.075552334307887941e+04 1.006872044555269019e+00
6.075552360313957615e+04 1.010802658508362262e+00
6.075552386320026562e+04 1.008522636084797419e+00
6.075552412326096237e+04 1.002424205433763094e+00
6.075552438332165912e+04 1.007557624956670006e+00
6.075552464338234131e+04 1.012080699215895718e+00
6.075552490344303806e+04 1.015220157826673519e+00
6.075552516350373480e+04 1.015487688526488741e+00
6.075552542356441700e+04 1.004763875812443086e+00
6.075552568362511374e+04 1.006067913940726255e+00
6.075552594368581049e+04 1.015268257188246759e+00
6.075552620374649996e+04 1.008742890911446866e+00
6.075552646380719671e+04 1.009281563578950491e+00
6.075552672386788618e+04 1.008797689493319050e+00
6.075552698392857565e+04 1.005466023908159645e+00
6.075552724398927239e+04 1.005544471475497526e+00
6.075552750404996914e+04 1.005030684683085207e+00
6.075552776411065861e+04 1.011303725626710781e+00
6.075552802417134808e+04 1.015784244777325540e+00
6.075552828423204483e+04 1.008039206594883108e+00
6.075552854429273430e+04 1.005392676393969786e+00
6.075552880435342377e+04 1.009228823766334271e+00
6.075552906441412051e+04 9.973357678158418782e-01
6.075552932447480998e+04 1.001945797892610512e+00
6.075552958453550673e+04 9.936387129383729144e-01
6.075552984459620347e+04 1.008287594053803637e+00
6.075553010465688567e+04 1.007938864592644368e+00
6.075553036471758242e+04 1.005947085771855765e+00
6.075553062477827916e+04 9.951741038194751310e-01
6.075553088483896863e+04 1.000086430062731235e+00
6.075553114489966538e+04 9.991932981460701635e-01
6.075553140496035485e+04 1.010507390101914815e+00
6.075553166502104432e+04 9.975352748271658632e-01
6.075553192508174106e+04 1.013882494588896455e+00
6.075553218514243054e+04 1.019780901529940831e+00
6.075553244520312728e+04 1.013160721038596890e+00
6.075553270526381675e+04 1.007953803670907922e+00
6.075553296532451350e+04 9.987202819815496069e-01
6.075553322538520297e+04 1.007357390272296760e+00
6.075553348544589244e+04 9.958862061604354388e-01
6.075553503087646095e+04 9.945683379766836474e-01
6.075553529093715770e+04 9.880140223561367785e-01
6.075553555099784717e+04 1.005864390000171360e+00
6.075553581105853664e+04 1.012136843927742724e+00
6.075553607111923338e+04 9.989857658147811570e-01
6.075553633117992285e+04 9.883498114009817703e-01
6.075553659124061960e+04 9.943156198682275848e-01
6.075553685130131635e+04 9.941008198526455342e-01
6.075553711136199854e+04 1.009163420355028595e+00
6.075553737142269529e+04 1.001251071129790837e+00
6.075553763148339203e+04 9.882864072221216878e-01
6.075553789154408878e+04 1.000579132825806905e+00
6.075553815160477825e+04 1.008774217622320668e+00
6.075553841166546772e+04 9.976338591440907511e-01
6.075553867172616447e+04 9.998459243739802327e-01
6.075553893178685394e+04 9.982568059708172292e-01
6.075553919184754341e+04 9.993504352026286730e-01
6.075553945190824015e+04 1.006399625477509829e+00
6.075553971196892962e+04 1.012597026211724760e+00
6.075553997202962637e+04 1.019164055311735817e+00
6.075554023209032312e+04 9.950389732146268651e-01
6.075554049215101259e+04 9.873270038270709481e-01
6.075554075221170206e+04 9.971206112614218187e-01
6.075554101227239880e+04 1.009065448042679058e+00
6.075554127233309555e+04 1.002253905598422756e+00
6.075554153239378502e+04 9.912079387780291517e-01
6.075554179245447449e+04 9.946475716697481539e-01
6.075554205251517124e+04 1.003565886011986263e+00
6.075554231257586798e+04 9.933447845550154032e-01
6.075554257263655018e+04 1.005781612604584874e+00
6.075554283269725420e+04 9.964270673174780990e-01
6.075554309275794367e+04 1.011776580500838074e+00
6.075554335281863314e+04 1.007949826373174318e+00
6.075554361287932988e+04 1.000882882994110989e+00
6.075554387294001936e+04 9.941583010901486883e-01
6.075554413300071610e+04 1.002007752125666062e+00
6.075554439306140557e+04 9.950781636529376639e-01
6.075554465312210232e+04 1.001143560658238618e+00
6.075554491318279906e+04 9.976468994107539068e-01
6.075554517324348853e+04 9.868966635611465810e-01
6.075554543330417800e+04 9.877249329192444582e-01
6.075554569336487475e+04 9.905647651209015248e-01
6.075554595342557150e+04 9.941300835514699230e-01
6.075554621348626097e+04 9.926485407570607711e-01
6.075554647354695044e+04 1.001525922936790769e+00
6.075554673360764718e+04 1.016591691282761278e+00
6.075554699366834393e+04 9.903867638724719313e-01
6.075554725372902612e+04 1.006577626379568047e+00
6.075554751378972287e+04 1.004315802132407676e+00
6.075554777385041962e+04 9.982326723606145258e-01
6.075554803391111636e+04 1.001657348810280457e+00
6.075554829397180583e+04 9.946257441086487905e-01
6.075554855403249530e+04 1.000083901719988289e+00
6.075554881409319205e+04 1.006708477599831619e+00
6.075554907415388152e+04 9.944015655815696686e-01
6.075554933421457827e+04 9.938637347896673857e-01
6.075554959427527501e+04 9.961724659983302033e-01
6.075554985433596448e+04 9.988372990384670747e-01
6.075555011439665395e+04 9.990933224963339798e-01
6.075555037445735070e+04 9.836185432774379178e-01
6.075555063451804017e+04 1.001010294397215450e+00
6.075555089457873692e+04 1.002278746356635164e+00
6.075555115463942639e+04 9.969009852720853715e-01
6.075555141470012313e+04 1.001462271277015148e+00
6.075555167476081988e+04 1.000939994534057798e+00
6.075555193482150935e+04 9.951180132281615132e-01
6.075555219488219882e+04 1.002749883747976689e+00
6.075555245494289557e+04 9.965018886981924506e-01
6.075555271500359231e+04 9.986932786417906938e-01
6.075555297506428906e+04 1.002510678261056887e+00
6.075555323512497125e+04 9.987777859551422166e-01
6.075555349518566800e+04 9.943320110377574794e-01
6.075555375524636474e+04 9.834397096707065966e-01
6.075555401530705421e+04 9.952717624405552632e-01
6.075555427536775096e+04 9.920175279771523691e-01
6.075555453542844043e+04 9.901554052724352850e-01
6.075555479548913718e+04 9.814089382165761544e-01
6.075555505554983392e+04 9.929468802166290242e-01
6.075555531561051612e+04 9.840500460598103905e-01
6.075555557567121286e+04 9.926478970114833711e-01
6.075555583573190961e+04 9.948770906133640457e-01
6.075555609579260636e+04 9.929629308036920232e-01
6.075555635585329583e+04 9.825763723161082819e-01
6.075555661591398530e+04 9.934852634060242771e-01
6.075555687597468204e+04 9.917438761390697799e-01
6.075555713603537879e+04 9.998486244064739292e-01
6.075555739609607554e+04 9.818910892270555912e-01
6.075555765615676501e+04 9.822533323308705322e-01
6.075555791621745448e+04 9.767566419895924446e-01
6.075555817627815122e+04 9.936929407589233376e-01
6.075555843633884797e+04 9.950925753409659569e-01
6.075555869639953016e+04 9.967320431726794938e-01
6.075555895646022691e+04 9.924379093079870318e-01
6.075555921652092366e+04 9.962981945521708349e-01
6.075555947658162040e+04 9.979450108014003007e-01
6.075555973664230987e+04 1.008980140543162651e+00
6.075555999670299934e+04 9.888540799715306306e-01
6.075556025676369609e+04 9.903414036117434982e-01
6.075556051682439283e+04 1.001013628116479204e+00
6.075556077688508958e+04 9.808580145010457052e-01
6.075556103694577905e+04 9.889826317833575464e-01
6.075556129700646852e+04 9.988964569779501534e-01
6.075556155706716527e+04 1.004278432890135742e+00
6.075556181712786201e+04 9.886579113276745545e-01
6.075556207718854421e+04 9.950278310253648506e-01
6.075556233724924095e+04 9.887715445794914570e-01
6.075556259730993770e+04 1.000078927804362028e+00
6.075556285737063445e+04 9.980366731850165429e-01
6.075556311743133119e+04 1.000098791785576813e+00
6.075556337749201339e+04 9.809289419979694280e-01
6.075556504896522529e+04 9.895926334340299224e-01
6.075556530902591476e+04 1.005081388819856203e+00
6.075556556908661150e+04 9.902226474092555852e-01
6.075556582914730097e+04 9.955791323227026757e-01
6.075556608920799772e+04 1.003675594921479286e+00
6.075556634926869447e+04 9.873848712947326245e-01
6.075556660932938394e+04 9.942593233799256192e-01
6.075556686939008068e+04 1.001824519469723285e+00
6.075556712945077015e+04 1.002350389527543628e+00
6.075556738951146690e+04 9.780043902368923403e-01
6.075556764957216365e+04 9.982636673547774508e-01
6.075556790963285312e+04 9.943101982512307924e-01
6.075556816969354986e+04 9.785693527615407783e-01
6.075556842975423933e+04 1.000842844821083544e+00
6.075556868981492880e+04 9.854461346996410409e-01
6.075556894987563282e+04 1.002120214788143393e+00
6.075556920993632230e+04 9.883716437420770884e-01
6.075556946999701904e+04 9.904019065503095742e-01
6.075556973005770851e+04 9.934006258929387601e-01
6.075556999011839798e+04 9.994838931640418478e-01
6.075557025017909473e+04 1.001715695001800910e+00
6.075557051023979147e+04 1.002210417627130035e+00
6.075557077030048822e+04 9.941085463435027636e-01
6.075557103036117769e+04 1.002002517604367871e+00
6.075557129042186716e+04 9.915251179860176123e-01
6.075557155048256391e+04 9.972119974516853169e-01
6.075557181054326065e+04 9.906049231353374340e-01
6.075557207060395740e+04 9.945292924529491874e-01
6.075557233066464687e+04 9.888515320393856944e-01
6.075557259072533634e+04 9.906799798765030252e-01
6.075557285078603309e+04 9.839218598690930850e-01
6.075557311084672983e+04 9.842853801332918096e-01
6.075557337090741930e+04 9.938814727795177717e-01
6.075557363096811605e+04 1.007993726809298218e+00
6.075557389102880552e+04 9.913542921238238659e-01
6.075557415108950227e+04 9.963489809335823733e-01
6.075557441115019901e+04 9.979836393335932421e-01
6.075557467121088848e+04 9.987787812979165292e-01
6.075557493127158523e+04 1.009829552093591820e+00
6.075557519133227470e+04 9.991876610235710388e-01
6.075557545139297144e+04 9.953187589399550284e-01
6.075557571145366819e+04 9.960147326285569980e-01
6.075557597151435766e+04 9.777259659151306126e-01
6.075557623157505441e+04 9.963305345519232192e-01
6.075557649163575115e+04 9.977129254683736459e-01
6.075557675169643335e+04 1.002557772468970931e+00
6.075557701175713009e+04 9.957314669758862147e-01
6.075557727181782684e+04 9.955444538095816753e-01
6.075557753187852359e+04 9.954163602066634642e-01
6.075557779193922033e+04 1.002664813967074409e+00
6.075557805199990980e+04 1.005364569392189544e+00
6.075557831206059927e+04 9.990323392919897572e-01
6.075557857212129602e+04 9.899589692749870551e-01
6.075557883218199277e+04 9.905741404423545893e-01
6.075557909224268951e+04 1.000101493752511006e+00
6.075557935230337898e+04 1.005131817880555500e+00
6.075557961236407573e+04 1.013817666883584101e+00
6.075557987242476520e+04 1.008422998331652609e+00
6.075558013248546195e+04 1.003571107998387335e+00
6.075558039254615869e+04 9.909250345968350082e-01
6.075558065260684816e+04 1.002546831134061733e+00
6.075558091266754491e+04 9.991190031051231379e-01
6.075558117272824165e+04 9.897868088795731545e-01
6.075558143278892385e+04 9.979178200872974580e-01
6.075558169284962059e+04 9.959866123148344297e-01
6.075558195291031734e+04 1.000940491905744079e+00
6.075558221297101409e+04 9.955494417808986585e-01
6.075558247303171083e+04 9.979543343020693680e-01
6.075558273309240030e+04 1.008085302604631250e+00
6.075558299315309705e+04 1.007186247478450980e+00
6.075558325321378652e+04 9.971316258554546730e-01
6.075558351327448327e+04 9.947643611345708958e-01
6.075558377333518001e+04 9.999304248504606862e-01
6.075558403339586948e+04 9.952715151106840130e-01
6.075558429345656623e+04 9.958537357162700054e-01
6.075558455351726298e+04 1.001663959586419184e+00
6.075558481357794517e+04 1.006894243049754056e+00
6.075558507363864192e+04 1.013156587993417901e+00
6.075558533369933866e+04 1.000627279135365866e+00
6.075558559376003541e+04 1.003912602692835776e+00
6.075558585382073215e+04 9.987023710989758607e-01
6.075558611388142162e+04 1.008755982710784593e+00
6.075558637394211837e+04 1.002314964056122859e+00
6.075558663400280784e+04 1.010555164274007156e+00
6.075558689406350459e+04 9.938321388263691158e-01
6.075558715412420133e+04 1.005236231262604862e+00
6.075558741418489080e+04 1.001706823205404273e+00
6.075558767424558755e+04 1.002920642051275513e+00
6.075558793430628430e+04 1.003183669086147756e+00
6.075558819436697377e+04 1.010510115529612785e+00
6.075558845442767051e+04 1.007723741189092470e+00
6.075558871448835998e+04 9.915070385240880579e-01
6.075558897454905673e+04 1.008646651168822350e+00
6.075558923460975348e+04 1.002634896480358639e+00
6.075558949467044295e+04 1.002450037643094038e+00
6.075558975473113969e+04 9.879653931054191984e-01
6.075559001479183644e+04 1.000080201892788567e+00
6.075559027485253318e+04 9.996467661343687583e-01
6.075559053491322265e+04 1.012422968245261234e+00
6.075559079497391212e+04 1.013716429290334675e+00
6.075559105503460887e+04 1.016783617453530963e+00
6.075559131509530562e+04 9.975807875624913557e-01
6.075559157515600236e+04 1.014892492855453021e+00
6.075559183521669911e+04 1.004084667382284524e+00
6.075559209527738858e+04 1.009745995823915665e+00
6.075559235533808533e+04 1.012286421724759355e+00
6.075559261539877480e+04 1.004508406594456726e+00
6.075559287545946427e+04 1.007154282540957180e+00
6.075559313552016101e+04 1.004067595324241946e+00
6.075559339558085776e+04 1.010496556461274675e+00
6.075559494101491873e+04 1.015533201246552997e+00
6.075559520107561548e+04 1.022167491855307864e+00
6.075559546113631222e+04 1.010675737465432489e+00
6.075559572119700897e+04 1.019273159650846861e+00
6.075559598125769844e+04 1.005925445627724235e+00
6.075559624131839519e+04 1.007742085542222776e+00
6.075559650137908466e+04 1.022462406408960467e+00
6.075559676143977413e+04 1.006033058916952827e+00
6.075559702150047087e+04 1.011649537117992326e+00
6.075559728156116762e+04 1.000421259079874226e+00
6.075559754162186437e+04 1.011952281068637882e+00
6.075559780168256111e+04 1.006307480530841625e+00
6.075559806174325058e+04 1.004885474731856521e+00
6.075559832180394733e+04 1.004210167446065949e+00
6.075559858186464407e+04 1.024247965382589332e+00
6.075559884192533355e+04 1.004063926691362907e+00
6.075559910198603029e+04 1.016708523756881144e+00
6.075559936204671976e+04 1.003027777693524136e+00
6.075559962210741651e+04 1.009256647005817742e+00
6.075559988216811325e+04 1.006237317652552088e+00
6.075560014222880272e+04 1.008591941157274352e+00
6.075560040228950675e+04 1.005800208755703196e+00
6.075560066235019622e+04 1.013696141544794260e+00
6.075560092241089296e+04 1.010114643697721526e+00
6.075560118247158971e+04 1.014671608796383184e+00
6.075560144253227918e+04 1.013487676487307088e+00
6.075560170259296865e+04 1.005560655617451893e+00
6.075560196265366540e+04 1.017723841630077120e+00
6.075560222271436214e+04 1.003738252943795706e+00
6.075560248277505889e+04 1.004624265406419248e+00
6.075560274283574836e+04 1.018269668118969351e+00
6.075560300289644510e+04 1.010435049384467154e+00
6.075560326295714185e+04 1.012137444059578284e+00
6.075560352301783860e+04 1.013870484862595456e+00
6.075560378307853534e+04 1.000594076823291489e+00
6.075560404313922481e+04 9.995690835654628126e-01
6.075560430319992156e+04 1.018562745357797450e+00
6.075560456326061831e+04 1.012284725893187742e+00
6.075560482332130050e+04 1.008383649929663672e+00
6.075560508338199725e+04 1.011389694920748372e+00
6.075560534344269399e+04 1.013212616302906488e+00
6.075560560350339074e+04 1.012002936410433485e+00
6.075560586356408749e+04 1.011091424940995909e+00
6.075560612362477696e+04 1.013535940203197150e+00
6.075560638368547370e+04 1.011973118693300311e+00
6.075560664374617045e+04 1.008839526924561358e+00
6.075560690380686719e+04 1.010315177859252511e+00
6.075560716386756394e+04 1.012161609711021759e+00
6.075560742392825341e+04 1.014544682091586658e+00
6.075560768398895016e+04 1.016477187405065541e+00
6.075560794404964690e+04 1.011448271078183359e+00
6.075560820411032910e+04 1.016178972144555326e+00
6.075560846417102584e+04 1.017433545213061397e+00
6.075560872423172259e+04 1.007698108991716524e+00
6.075560898429241934e+04 9.957659502700132448e-01
6.075560924435311608e+04 1.009927053426816101e+00
6.075560950441380555e+04 1.003092642257404910e+00
6.075560976447450230e+04 1.011255946708203179e+00
6.075561002453519905e+04 1.006331934065856082e+00
6.075561028459589579e+04 1.018740707925610112e+00
6.075561054465659254e+04 1.023770000253743317e+00
6.075561080471728201e+04 1.002312435980283079e+00
6.075561106477797875e+04 1.005409110184307009e+00
6.075561132483867550e+04 1.032312695004938163e+00
6.075561158489937225e+04 9.950324949307918221e-01
6.075561184496006899e+04 1.007154199055342758e+00
6.075561210502075846e+04 1.005635261617107590e+00
6.075561236508144793e+04 1.008648930391165432e+00
6.075561262514214468e+04 1.014999379206989127e+00
6.075561288520283415e+04 1.011191721267571175e+00
6.075561314526353090e+04 9.975920054058093900e-01
6.075561340532422764e+04 1.004088031400309111e+00
6.075561366538492439e+04 9.980691036331257315e-01
6.075561392544562113e+04 1.004668411974105613e+00
6.075561418550631060e+04 1.005884403208235911e+00
6.075561444556700735e+04 1.001469262597259657e+00
6.075561470562770410e+04 1.015598336424446746e+00
6.075561496568840084e+04 1.010144879588567024e+00
6.075561522574909759e+04 1.009852972982927088e+00
6.075561548580978706e+04 1.008641193176918138e+00
6.075561574587048381e+04 1.005132478352344316e+00
6.075561600593118055e+04 1.003296968065490402e+00
6.075561626599187002e+04 1.017771734754352897e+00
6.075561652605256677e+04 1.015996236684089560e+00
6.075561678611326352e+04 1.008566114916321865e+00
6.075561704617396026e+04 1.003285538233321228e+00
6.075561730623465701e+04 1.003497649093310740e+00
6.075561756629534648e+04 1.003068783727146362e+00
6.075561782635604322e+04 1.008921193161437913e+00
6.075561808641673269e+04 1.012476045504479671e+00
6.075561834647742944e+04 1.001024553789536808e+00
6.075561860653812619e+04 1.008016430341317049e+00
6.075561886659881566e+04 1.011804645017677418e+00
6.075561912665951240e+04 1.004736173232494867e+00
6.075561938672020915e+04 1.011110920901603372e+00
6.075561964678089862e+04 1.012286963008935281e+00
6.075561990684160264e+04 1.002525883552642938e+00
6.075562016690229211e+04 9.978244274959209292e-01
6.075562042696298886e+04 1.004189199017871070e+00
6.075562068702368560e+04 9.969587874075768186e-01
6.075562094708437508e+04 9.990128559510372819e-01
6.075562120714507182e+04 9.925902586689190343e-01
6.075562146720576857e+04 1.008308141059183427e+00
6.075562172726646531e+04 1.022532375100879021e+00
6.075562198732716206e+04 1.010625016572414658e+00
6.075562224738785153e+04 9.918733448029203315e-01
6.075562250744854828e+04 1.033664493415251240e+00
6.075562276750924502e+04 1.010199389263008785e+00
6.075562302756994177e+04 1.006310229127860945e+00
6.075562328763063852e+04 1.001534049064163323e+00
6.075562490904599690e+04 1.001340802268115837e+00
6.075562516909990518e+04 9.964206358486868975e-01
6.075562542915379890e+04 9.998904971860910207e-01
6.075562568920769263e+04 9.990179329367440131e-01
6.075562594926160091e+04 1.010530350928840360e+00
6.075562620931549463e+04 9.967611256777023643e-01
6.075562646936939564e+04 9.931690949981665240e-01
6.075562672942329664e+04 9.975919104121712122e-01
6.075562698947719036e+04 1.001480708766449235e+00
6.075562724953109864e+04 1.000632349450763847e+00
6.075562750958499237e+04 9.958209834627782531e-01
6.075562776963889337e+04 1.001628540119976041e+00
6.075562802969280165e+04 9.925733251835866522e-01
6.075562828974669537e+04 1.004093196131947030e+00
6.075562854980059637e+04 9.988840529333787854e-01
6.075562880985449738e+04 9.900561580335962564e-01
6.075562906990839110e+04 1.003097166324578904e+00
6.075562932996229938e+04 9.993798003318384859e-01
6.075562959001619311e+04 9.923393522793003685e-01
6.075562985007009411e+04 9.936050659234109128e-01
6.075563011012399511e+04 9.989138795555129180e-01
6.075563037017788884e+04 9.936255991086587747e-01
6.075563063023179711e+04 9.944081379694392764e-01
6.075563089028569084e+04 9.923362680715140938e-01
6.075563115033958456e+04 1.003062739266872283e+00
6.075563141039349284e+04 1.004942313254443276e+00
6.075563167044738657e+04 9.923465644680963260e-01
6.075563193050128757e+04 9.932550223819974766e-01
6.075563219055518857e+04 9.865941858332774039e-01
6.075563245060908230e+04 9.900510794728498709e-01
6.075563271066299058e+04 9.862058577834854622e-01
6.075563297071688430e+04 9.955665438753918961e-01
6.075563323077078530e+04 9.910363311792287355e-01
6.075563349082468631e+04 9.809429403098012257e-01
6.075563375087858003e+04 9.963251468229817887e-01
6.075563401093248831e+04 9.969688857014895600e-01
6.075563427098638203e+04 9.853340559577453694e-01
6.075563453104027576e+04 9.910677348536854891e-01
6.075563479109418404e+04 1.000886769391228448e+00
6.075563505114807776e+04 9.852766192610374896e-01
6.075563531120197877e+04 9.926955142086637540e-01
6.075563557125588704e+04 9.948213055738889254e-01
6.075563583130978077e+04 9.894226133261904144e-01
6.075563609136368905e+04 9.856442076074275471e-01
6.075563635141758277e+04 9.883760698426746760e-01
6.075563661147148377e+04 9.871233710952445062e-01
6.075563687152538478e+04 9.856284246716386921e-01
6.075563713157927850e+04 9.922787910195426386e-01
6.075563739163318678e+04 9.826856948123685598e-01
6.075563765168708051e+04 9.908508521271507385e-01
6.075563791174097423e+04 9.960256883694210694e-01
6.075563817179488251e+04 1.001003190975324975e+00
6.075563843184877624e+04 9.888690152848765846e-01
6.075563869190267724e+04 1.003989688183010154e+00
6.075563895195657824e+04 9.896831743349412402e-01
6.075563921201047197e+04 9.995770993002147664e-01
6.075563947206438024e+04 9.931139549131356992e-01
6.075563973211827397e+04 1.001502729256835922e+00
6.075563999217217497e+04 1.000902857148532110e+00
6.075564025222608325e+04 9.888777961952162077e-01
6.075564051227997697e+04 9.905109405202010553e-01
6.075564077233388525e+04 9.907459163909353439e-01
6.075564103238777898e+04 9.977955280619404954e-01
6.075564129244167270e+04 9.971244713715333718e-01
6.075564155249558098e+04 9.935864371161052810e-01
6.075564181254947471e+04 9.978771873453231578e-01
6.075564207260337571e+04 9.951443386629820198e-01
6.075564233265727671e+04 9.863736062515626735e-01
6.075564259271117044e+04 9.837440910296019192e-01
6.075564285276507871e+04 9.922652158388476362e-01
6.075564311281897244e+04 9.835026928346308761e-01
6.075564337287286617e+04 1.002052236275010166e+00
6.075564363292677444e+04 1.011670268794941263e+00
6.075564389298066817e+04 9.986451066002980381e-01
6.075564415303458372e+04 9.963530274380280050e-01
6.075564441308847745e+04 9.930160269823807839e-01
6.075564467314237118e+04 9.940780592826998774e-01
6.075564493319627945e+04 1.012778641473226271e+00
6.075564519325017318e+04 9.868809924142170065e-01
6.075564545330407418e+04 9.831154157396906346e-01
6.075564571335797518e+04 9.746945910699522653e-01
6.075564597341186891e+04 9.867296542934498316e-01
6.075564623346577719e+04 9.761916413186982888e-01
6.075564649351967091e+04 9.956371070955105651e-01
6.075564675357356464e+04 9.924764039115526737e-01
6.075564701362747292e+04 9.868790424758480118e-01
6.075564727368136664e+04 9.861654743994405781e-01
6.075564753373527492e+04 9.976303556625454316e-01
6.075564779378917592e+04 9.825516046052343855e-01
6.075564805384306965e+04 9.983924946111593091e-01
6.075564831389697792e+04 9.987541390622858284e-01
6.075564857395087165e+04 1.000158940071945723e+00
6.075564883400477265e+04 9.813048971869888781e-01
6.075564909405867365e+04 9.931288120810444209e-01
6.075564935411256738e+04 9.999366283581527792e-01
6.075564961416647566e+04 9.958566176492819055e-01
6.075564987422036938e+04 9.895099918021162955e-01
6.075565013427426311e+04 1.004904818337897243e+00
6.075565039432817866e+04 9.930482188859491854e-01
6.075565065438207239e+04 9.885054829356082484e-01
6.075565091443597339e+04 9.889537981375741138e-01
6.075565117448987439e+04 9.951869402695436850e-01
6.075565143454376812e+04 9.966162750345378685e-01
6.075565169459767640e+04 9.856398998932586197e-01
6.075565195465157012e+04 9.939419599842690412e-01
6.075565221470547112e+04 9.984370406221741989e-01
6.075565247475937213e+04 1.000903563245416183e+00
6.075565273481326585e+04 9.946123685460518393e-01
6.075565299486718141e+04 1.007831324675205975e+00
6.075565325492107513e+04 1.006830824588346829e+00
6.075565492676799477e+04 9.939116850307967432e-01
6.075565518682868424e+04 9.978853165390817459e-01
6.075565544688938098e+04 9.920574854039456714e-01
6.075565570695007773e+04 9.956336763275035473e-01
6.075565596701077448e+04 9.961771995386312639e-01
6.075565622707147122e+04 1.001168176729014592e+00
6.075565648713216069e+04 9.921143842485768971e-01
6.075565674719285744e+04 9.856523233158318575e-01
6.075565700725356146e+04 9.843964640055338222e-01
6.075565726731425821e+04 1.008318945775428910e+00
6.075565752737495495e+04 9.948552663533836160e-01
6.075565778743564442e+04 9.999423107093600160e-01
6.075565804749634117e+04 9.909657404481677645e-01
6.075565830755703792e+04 1.002842837839065027e+00
6.075565856761772739e+04 1.004385494908389909e+00
6.075565882767842413e+04 9.972203762647142700e-01
6.075565908773912088e+04 9.880251818655224616e-01
6.075565934779981762e+04 1.003567256783156836e+00
6.075565960786051437e+04 9.976450626952998446e-01
6.075565986792121112e+04 9.990475336514486049e-01
6.075566012798190786e+04 1.004916265219907956e+00
6.075566038804260461e+04 9.863371236100755279e-01
6.075566064810330136e+04 9.900012019121914308e-01
6.075566090816399810e+04 9.954971354330152122e-01
6.075566116822468757e+04 1.027804971468367690e+00
6.075566142828538432e+04 9.942750895097048902e-01
6.075566168834608106e+04 9.898117664826736606e-01
6.075566194840677781e+04 9.969972902181576391e-01
6.075566220846748183e+04 9.894812146890002991e-01
6.075566246852817130e+04 9.983363324853870013e-01
6.075566272858886805e+04 1.004964717049134038e+00
6.075566298864956480e+04 1.005248556480305755e+00
6.075566324871025427e+04 9.791240413206445670e-01
6.075566350877095101e+04 9.876718798325135884e-01
6.075566376883164776e+04 9.881272852803500983e-01
6.075566402889234450e+04 9.984903974721730524e-01
6.075566428895304125e+04 1.001293867592224496e+00
6.075566454901373800e+04 9.994111035423309808e-01
6.075566480907443474e+04 1.006230400720050433e+00
6.075566506913513149e+04 9.932670495718199932e-01
6.075566532919582824e+04 1.001471751074858529e+00
6.075566558925652498e+04 1.012688830918645699e+00
6.075566584931721445e+04 1.008859973122423259e+00
6.075566610937791120e+04 1.001524725695957851e+00
6.075566636943860794e+04 9.940662162812277103e-01
6.075566662949930469e+04 1.005511037974760491e+00
6.075566688956000144e+04 1.009482931638083114e+00
6.075566714962069818e+04 1.006100988318777256e+00
6.075566740968139493e+04 9.943185348548150282e-01
6.075566766974209168e+04 9.960065832797685426e-01
6.075566792980278115e+04 9.953888528533731961e-01
6.075566818986347789e+04 9.929108484975496252e-01
6.075566844992417464e+04 9.994055587382555395e-01
6.075566870998487866e+04 1.011888387090815078e+00
6.075566897004557541e+04 1.007904754289187466e+00
6.075566923010626488e+04 1.003614384733288345e+00
6.075566949016696162e+04 9.996625216310018880e-01
6.075566975022765837e+04 9.970758406802845419e-01
6.075567001028834784e+04 1.002701014198638552e+00
6.075567027034905186e+04 1.011163928349874785e+00
6.075567053040974133e+04 1.004268114794055977e+00
6.075567079047044535e+04 9.953057931407091052e-01
6.075567105053114210e+04 1.010165186625013423e+00
6.075567131059183157e+04 1.009001394623927128e+00
6.075567157065252832e+04 1.004916654030155065e+00
6.075567183071322506e+04 1.011931444499249988e+00
6.075567209077392181e+04 1.001094917151661878e+00
6.075567235083461856e+04 1.010004150841612880e+00
6.075567261089531530e+04 1.005690658979115915e+00
6.075567287095601205e+04 1.005602139958442498e+00
6.075567313101670879e+04 1.011213121004072679e+00
6.075567339107740554e+04 1.004158329969612851e+00
6.075567365113810229e+04 1.008299456604950795e+00
6.075567391119879176e+04 1.008377336292865412e+00
6.075567417125948850e+04 1.000805878918950231e+00
6.075567443132019253e+04 9.939591384450945366e-01
6.075567469138088200e+04 9.918256336462196732e-01
6.075567495144157874e+04 1.007850590496483623e+00
6.075567521150227549e+04 1.008450945825404510e+00
6.075567547156297223e+04 1.002794009452767199e+00
6.075567573162366898e+04 9.957280177116700770e-01
6.075567599168436573e+04 1.012791188185200753e+00
6.075567625174506247e+04 1.006717525818873415e+00
6.075567651180575922e+04 1.002116340822100327e+00
6.075567677186645597e+04 1.008267566842059315e+00
6.075567703192715271e+04 1.014518986813355506e+00
6.075567729198784218e+04 1.005794317672536575e+00
6.075567755204853893e+04 1.012399848372332878e+00
6.075567781210924295e+04 1.001115844917397135e+00
6.075567807216993242e+04 1.011778978914962046e+00
6.075567833223062917e+04 1.007870018282803759e+00
6.075567859229132591e+04 1.010654061697846773e+00
6.075567885235202266e+04 1.018691860560225759e+00
6.075567911241271941e+04 1.017185166205144542e+00
6.075567937247341615e+04 1.005472661896689823e+00
6.075567963253411290e+04 1.019648431407501832e+00
6.075567989259480964e+04 1.012683701994028906e+00
6.075568015265550639e+04 1.017593075222382293e+00
6.075568041271620314e+04 9.954987782557753739e-01
6.075568067277689261e+04 1.019996901388694033e+00
6.075568093283759663e+04 1.005528057648811924e+00
6.075568119289829338e+04 9.958367848335649697e-01
6.075568145295898285e+04 1.002814187443985317e+00
6.075568171301968687e+04 9.918895264863283323e-01
6.075568197308037634e+04 1.018091636850555037e+00
6.075568223314107308e+04 1.019569492044642312e+00
6.075568249320177711e+04 1.011949577856481985e+00
6.075568275326246658e+04 1.016761585464747153e+00
6.075568301332316332e+04 1.008246703424754420e+00
6.075568327338386007e+04 1.019593048149890269e+00
6.075568483179301256e+04 1.005068801032444226e+00
6.075568509184680443e+04 1.011136611394555684e+00
6.075568535190059629e+04 1.014952642634421309e+00
6.075568561195438815e+04 9.985962720983865282e-01
6.075568587200818729e+04 1.002500742672905565e+00
6.075568613206199370e+04 1.008870742951072819e+00
6.075568639211578557e+04 1.020514959162587942e+00
6.075568665216957743e+04 9.974006286727540305e-01
6.075568691222336929e+04 1.000259769964861656e+00
6.075568717227716115e+04 9.993707958466492292e-01
6.075568743233096029e+04 1.011920305351567739e+00
6.075568769238475215e+04 1.010772548349980759e+00
6.075568795243854402e+04 1.007765314782137489e+00
6.075568821249233588e+04 1.035189950535224446e+00
6.075568847254613502e+04 1.003523479487942627e+00
6.075568873259992688e+04 1.019925409768443592e+00
6.075568899265372602e+04 1.018686411917724133e+00
6.075568925270752516e+04 1.007882456678046657e+00
6.075568951276131702e+04 1.018930029186943864e+00
6.075568977281511616e+04 1.002028862679511967e+00
6.075569003286890802e+04 1.010409334050319741e+00
6.075569029292269988e+04 1.013777424756406864e+00
6.075569055297649174e+04 1.003935828137032082e+00
6.075569081303029088e+04 1.003718975342734909e+00
6.075569107308408275e+04 1.015233566285283828e+00
6.075569133313787461e+04 1.022039661716007020e+00
6.075569159319166647e+04 1.005988627795801893e+00
6.075569185324547288e+04 1.009678611748360710e+00
6.075569211329927202e+04 1.011060918400480624e+00
6.075569237335306389e+04 1.006815112283232949e+00
6.075569263340685575e+04 1.018601930313952186e+00
6.075569289346064761e+04 1.006335105766598792e+00
6.075569315351444675e+04 1.015105466022207414e+00
6.075569341356823861e+04 1.010570697101650817e+00
6.075569367362203047e+04 9.952978965029487535e-01
6.075569393367582234e+04 1.011555331385674661e+00
6.075569419372962147e+04 1.016868912612314935e+00
6.075569445378341334e+04 1.015112546341440769e+00
6.075569471383720520e+04 9.986237302879554800e-01
6.075569497389100434e+04 1.013754484354866481e+00
6.075569523394481075e+04 1.002409488129811788e+00
6.075569549399860261e+04 9.958817048661711135e-01
6.075569575405239448e+04 1.011418595587422198e+00
6.075569601410618634e+04 1.007241747718942149e+00
6.075569627415998548e+04 9.953262341892288312e-01
6.075569653421377734e+04 1.020678628756245487e+00
6.075569679426756920e+04 1.006149475179547670e+00
6.075569705432136107e+04 1.002581395630644856e+00
6.075569731437516020e+04 1.007094844447371518e+00
6.075569757442895207e+04 1.007977928844891791e+00
6.075569783448274393e+04 1.011188510328110191e+00
6.075569809453654307e+04 1.003591274942783329e+00
6.075569835459034948e+04 1.008730704002307244e+00
6.075569861464414134e+04 1.012745547619500419e+00
6.075569887469793321e+04 9.943519104388368612e-01
6.075569913475172507e+04 9.982385643056833624e-01
6.075569939480552421e+04 9.932583287705890607e-01
6.075569965485931607e+04 1.006849263740653422e+00
6.075569991491310793e+04 1.013286783160764815e+00
6.075570017496689979e+04 1.010649040333095661e+00
6.075570043502069893e+04 1.018077728195813547e+00
6.075570069507449080e+04 9.976266938264150008e-01
6.075570095512828993e+04 1.006456179620980773e+00
6.075570121518208907e+04 1.020664948873707623e+00
6.075570147523588821e+04 1.003559157492482701e+00
6.075570173528968007e+04 1.006418501664324783e+00
6.075570199534347194e+04 1.022792355399672726e+00
6.075570225539727107e+04 1.005462441683445229e+00
6.075570251545106294e+04 1.001677970427638842e+00
6.075570277550485480e+04 1.005681305598446817e+00
6.075570303555864666e+04 1.008606465078581982e+00
6.075570329561244580e+04 9.937568032665304862e-01
6.075570355566623766e+04 1.002811444196226587e+00
6.075570381572002952e+04 1.002822986406931571e+00
6.075570407577382866e+04 1.005136330347626172e+00
6.075570433582763508e+04 1.006388781889049122e+00
6.075570459588142694e+04 1.002021797173959561e+00
6.075570485593521880e+04 9.930729075257437310e-01
6.075570511598901066e+04 9.953629985469713004e-01
6.075570537604280980e+04 9.931259816925738226e-01
6.075570563609660167e+04 9.936528685906469427e-01
6.075570589615039353e+04 1.005753492289519269e+00
6.075570615620419267e+04 1.008427791372017657e+00
6.075570641625798453e+04 9.996561083699465611e-01
6.075570667631177639e+04 9.852932981824401582e-01
6.075570693636557553e+04 9.992579405266169834e-01
6.075570719641938194e+04 1.003999454229844934e+00
6.075570745647317381e+04 1.000260836534287101e+00
6.075570771652696567e+04 1.014345036413391243e+00
6.075570797658076481e+04 1.000192925548412326e+00
6.075570823663455667e+04 1.007005247784271917e+00
6.075570849668834853e+04 9.951642565675818952e-01
6.075570875674214039e+04 1.002912456860671098e+00
6.075570901679593953e+04 9.974081301076983541e-01
6.075570927684973140e+04 1.001022059130253883e+00
6.075570953690352326e+04 9.943040078937525061e-01
6.075570979695732240e+04 9.919629574910047154e-01
6.075571005701112153e+04 9.855486273455374979e-01
6.075571031706492067e+04 1.002210597953670179e+00
6.075571057711871254e+04 1.000841905858042669e+00
6.075571083717251167e+04 1.001994763159923973e+00
6.075571109722630354e+04 1.002805298974661419e+00
6.075571135728009540e+04 9.895209460984337735e-01
6.075571161733389454e+04 1.000412889444016518e+00
6.075571187738768640e+04 9.981311367560427028e-01
6.075571213744147826e+04 9.964917708962640619e-01
6.075571239749527740e+04 1.007678228234883733e+00
6.075571265754906926e+04 9.868940089563574825e-01
6.075571291760286840e+04 9.947545387680256646e-01
6.075571317765666754e+04 1.011086529415058832e+00
6.075571474868715450e+04 9.979424486891471657e-01
6.075571500874785124e+04 1.006920758136590210e+00
6.075571526880854799e+04 9.846241012314286278e-01
6.075571552886924474e+04 9.929763423768496189e-01
6.075571578892994148e+04 9.895031077131685171e-01
6.075571604899063823e+04 9.930698042816472615e-01
6.075571630905133497e+04 9.914682999483664938e-01
6.075571656911203172e+04 9.937587913842755860e-01
6.075571682917273574e+04 9.916792729090905256e-01
6.075571708923342521e+04 1.003282477439976894e+00
6.075571734929412196e+04 9.918250136604879197e-01
6.075571760935482598e+04 9.830071622801963560e-01
6.075571786941552273e+04 9.951542599417446677e-01
6.075571812947621947e+04 9.943603131590830202e-01
6.075571838953690894e+04 9.953261734840683772e-01
6.075571864959761297e+04 1.012499999741693468e+00
6.075571890965830971e+04 1.005931366707722541e+00
6.075571916971899918e+04 9.911337550875217728e-01
6.075571942977970320e+04 9.853760659351114004e-01
6.075571968984039995e+04 9.975220377749346445e-01
6.075571994990109670e+04 9.934162225865090790e-01
6.075572020996180072e+04 9.987068269820841282e-01
6.075572047002249019e+04 9.973194238394553768e-01
6.075572073008318694e+04 9.898733835850040963e-01
6.075572099014388368e+04 1.005487547140807791e+00
6.075572125020458770e+04 9.876632730226964085e-01
6.075572151026528445e+04 9.939346947025041734e-01
6.075572177032597392e+04 9.737226499221667275e-01
6.075572203038667794e+04 1.002121631264808244e+00
6.075572229044737469e+04 9.871768449880891083e-01
6.075572255050806416e+04 9.932420163045999617e-01
6.075572281056877546e+04 9.944731927904960633e-01
6.075572307062946493e+04 1.000553501477821960e+00
6.075572333069016167e+04 9.883345757886825567e-01
6.075572359075086570e+04 9.998176682577832874e-01
6.075572385081155517e+04 9.887261195576246831e-01
6.075572411087225191e+04 9.888028477565364849e-01
6.075572437093294866e+04 9.899956267053742209e-01
6.075572463099365268e+04 9.894493291566873738e-01
6.075572489105434943e+04 9.888219913927462912e-01
6.075572515111503890e+04 9.967215307770949106e-01
6.075572541117574292e+04 9.900727116276348827e-01
6.075572567123643967e+04 9.959015195997736880e-01
6.075572593129713641e+04 9.899221921099531363e-01
6.075572619135784043e+04 1.005851608283529153e+00
6.075572645141852990e+04 9.889574496634926382e-01
6.075572671147922665e+04 9.824322029891642272e-01
6.075572697153993067e+04 9.920681229365396758e-01
6.075572723160062014e+04 9.920529260402232152e-01
6.075572749166131689e+04 1.000629987835004453e+00
6.075572775172202091e+04 9.888208045775606081e-01
6.075572801178271766e+04 9.913703832018546658e-01
6.075572827184341440e+04 1.001521182700626733e+00
6.075572853190411115e+04 9.983537179919707016e-01
6.075572879196480790e+04 9.943041067872742111e-01
6.075572905202550464e+04 9.852782964144927158e-01
6.075572931208620867e+04 9.955671483561565616e-01
6.075572957214690541e+04 9.931730078411320495e-01
6.075572983220759488e+04 9.975367753077077904e-01
6.075573009226829890e+04 1.005683598351773345e+00
6.075573035232899565e+04 1.002318124745897210e+00
6.075573061238968512e+04 1.000980816307572852e+00
6.075573087245038914e+04 9.974531893726555909e-01
6.075573113251108589e+04 9.814735022915493934e-01
6.075573139257178264e+04 9.952934910816287895e-01
6.075573165263248666e+04 9.836477415360779242e-01
6.075573191269317613e+04 9.923925413745107171e-01
6.075573217275387287e+04 9.930963994385110238e-01
6.075573243281457690e+04 9.854939699366791483e-01
6.075573269287527364e+04 9.871340805526445106e-01
6.075573295293597039e+04 9.879690050727203410e-01
6.075573321299666713e+04 9.941254009090038091e-01
6.075573347305736388e+04 9.959529841905702119e-01
6.075573373311806063e+04 9.883720506748759904e-01
6.075573399317875737e+04 9.927200465554855136e-01
6.075573425323946140e+04 9.950870758501172419e-01
6.075573451330015087e+04 9.797741147216819657e-01
6.075573477336085489e+04 9.968262093425696024e-01
6.075573503342155163e+04 9.944334792192476291e-01
6.075573529348224110e+04 9.900855448590621943e-01
6.075573555354294513e+04 9.963022743398477488e-01
6.075573581360364187e+04 9.885868156683189634e-01
6.075573607366434589e+04 1.002864253349112111e+00
6.075573633372504264e+04 1.008330274854274178e+00
6.075573659378573211e+04 1.003048155355237059e+00
6.075573685384643613e+04 1.008885284974623930e+00
6.075573711390713288e+04 9.900843674472362688e-01
6.075573737396782963e+04 9.978554837052433513e-01
6.075573763402853365e+04 9.949846734025441508e-01
6.075573789408922312e+04 1.009393825402522094e+00
6.075573815414991986e+04 9.967094186062610550e-01
6.075573841421062389e+04 9.971094347362743360e-01
6.075573867427131336e+04 9.907050179661885947e-01
6.075573893433201010e+04 9.876426084530433025e-01
6.075573919439271413e+04 9.952933742588561117e-01
6.075573945445341087e+04 9.888317548158332970e-01
6.075573971451411489e+04 9.988285214505497889e-01
6.075573997457480436e+04 1.000570622950838429e+00
6.075574023463550111e+04 9.970382149302169372e-01
6.075574049469620513e+04 9.932384535656676450e-01
6.075574075475690188e+04 9.956834437288334394e-01
6.075574101481759863e+04 1.004492267851698761e+00
6.075574127487829537e+04 1.001091465334290387e+00
6.075574153493899212e+04 9.898144260815056050e-01
6.075574179499969614e+04 1.002254969132623241e+00
6.075574205506038561e+04 9.975738606162241062e-01
6.075574231512108236e+04 9.924700465580451603e-01
6.075574257518178638e+04 9.927876782756560603e-01
6.075574283524248312e+04 9.972391654600512023e-01
6.075574309530317987e+04 9.969287906647039676e-01
6.075574483016229351e+04 9.938150847163331747e-01
6.075574509021608537e+04 9.937401518762403185e-01
6.075574535026989179e+04 9.949307802173892323e-01
6.075574561032369093e+04 9.958291419090168350e-01
6.075574587037748279e+04 1.003097768801056056e+00
6.075574613043128193e+04 9.943165341813687830e-01
6.075574639048507379e+04 9.989430860560808423e-01
6.075574665053887293e+04 1.003132944046190467e+00
6.075574691059266479e+04 1.000837260180596600e+00
6.075574717064645665e+04 1.013795271476411797e+00
6.075574743070025579e+04 1.004101823558207762e+00
6.075574769075404765e+04 1.005659406017345603e+00
6.075574795080784679e+04 9.972546155975294813e-01
6.075574821086163865e+04 9.933660605550576062e-01
6.075574847091544507e+04 1.007654490653175028e+00
6.075574873096924421e+04 9.946800937511274254e-01
6.075574899102303607e+04 1.011469081701461326e+00
6.075574925107683521e+04 1.014231360696711715e+00
6.075574951113062707e+04 1.011004980110671969e+00
6.075574977118442621e+04 1.001570676363850332e+00
6.075575003123821807e+04 1.002078823381627126e+00
6.075575029129201721e+04 9.965121221915103078e-01
6.075575055134580907e+04 9.952523471658566434e-01
6.075575081139960093e+04 9.992741533977016477e-01
6.075575107145340007e+04 1.012951197170912199e+00
6.075575133150719921e+04 1.006680539412820874e+00
6.075575159156100563e+04 9.985675164596695685e-01
6.075575185161479749e+04 9.957339024066865774e-01
6.075575211166859663e+04 1.008791888022104732e+00
6.075575237172238849e+04 1.004281384318257198e+00
6.075575263177618035e+04 1.006441552826660590e+00
6.075575289182997949e+04 1.007704832771319614e+00
6.075575315188377135e+04 9.960065295129227891e-01
6.075575341193757049e+04 9.983063883564483598e-01
6.075575367199136235e+04 1.014374739461580299e+00
6.075575393204516149e+04 1.010542941016669083e+00
6.075575419209895335e+04 1.008129623097873129e+00
6.075575445215275249e+04 1.003750551638648458e+00
6.075575471220655891e+04 1.005108600867349988e+00
6.075575497226035077e+04 9.973422870100538962e-01
6.075575523231414991e+04 1.002523512352872848e+00
6.075575549236794177e+04 9.939576163614228799e-01
6.075575575242174091e+04 1.014860791047857314e+00
6.075575601247553277e+04 1.007818379124318264e+00
6.075575627252933191e+04 1.006975902152921432e+00
6.075575653258312377e+04 1.016021381206131391e+00
6.075575679263691563e+04 1.018482180441090623e+00
6.075575705269071477e+04 1.010904626628847502e+00
6.075575731274451391e+04 1.002517894143294841e+00
6.075575757279832033e+04 1.002203024308215173e+00
6.075575783285211219e+04 1.013580472933834686e+00
6.075575809290591133e+04 1.014988145460261393e+00
6.075575835295970319e+04 1.013846606666052530e+00
6.075575861301350233e+04 1.007802117807766518e+00
6.075575887306729419e+04 9.944942769619078415e-01
6.075575913312109333e+04 1.012137669870515566e+00
6.075575939317488519e+04 1.015534891378112370e+00
6.075575965322867705e+04 1.006244579375001669e+00
6.075575991328247619e+04 9.988107222867674828e-01
6.075576017333626805e+04 1.005041711679400374e+00
6.075576043339007447e+04 1.001437845104917734e+00
6.075576069344387361e+04 1.010974048746007048e+00
6.075576095349767274e+04 1.007290511350954487e+00
6.075576121355146461e+04 1.009524311258540807e+00
6.075576147360526375e+04 1.013541315855144953e+00
6.075576173365905561e+04 1.019918558139142339e+00
6.075576199371285475e+04 1.006639657812459898e+00
6.075576225376664661e+04 1.008703132322419815e+00
6.075576251382044575e+04 1.003571599698883432e+00
6.075576277387423761e+04 1.009549267117194171e+00
6.075576303392802947e+04 1.002936487187829684e+00
6.075576329398183589e+04 1.006968373267207451e+00
6.075576355403563502e+04 9.968979897437514337e-01
6.075576381408943416e+04 1.014857030805388804e+00
6.075576407414322603e+04 1.013490520615193624e+00
6.075576433419702516e+04 1.020292918673010529e+00
6.075576459425081703e+04 1.015104108643343661e+00
6.075576485430461616e+04 1.010748280270648003e+00
6.075576511435840803e+04 1.026267787306612389e+00
6.075576537441220717e+04 1.012466442352459861e+00
6.075576563446599903e+04 1.015126646070535710e+00
6.075576589451979817e+04 1.007786730423299915e+00
6.075576615457359003e+04 1.025529600545444842e+00
6.075576641462739644e+04 1.008905634352156744e+00
6.075576667468119558e+04 1.006487781790329272e+00
6.075576693473499472e+04 1.010798688564790382e+00
6.075576719478878658e+04 1.011148423853756917e+00
6.075576745484258572e+04 1.009653917206187135e+00
6.075576771489637758e+04 1.009153712347240495e+00
6.075576797495017672e+04 1.015460312048108493e+00
6.075576823500396858e+04 1.005543356214574580e+00
6.075576849505776045e+04 1.008097034676135095e+00
6.075576875511155959e+04 1.008750546475153609e+00
6.075576901516535145e+04 1.003986061215849990e+00
6.075576927521915786e+04 1.011442257997927197e+00
6.075576953527295700e+04 1.006196154407633880e+00
6.075576979532675614e+04 1.003882453135694464e+00
6.075577005538054800e+04 1.013048635800996689e+00
6.075577031543434714e+04 1.013999809390280449e+00
6.075577057548813900e+04 1.010160427898082469e+00
6.075577083554193814e+04 1.015573593344818448e+00
6.075577109559573000e+04 1.003509161189265697e+00
6.075577135564952914e+04 1.021431091720010009e+00
6.075577161570332100e+04 9.999705134713191557e-01
6.075577187575712014e+04 1.013795160675484697e+00
6.075577213581091200e+04 1.009200127932539326e+00
6.075577239586471842e+04 1.010123089579043842e+00
6.075577265591851756e+04 1.007628653584628609e+00
6.075577291597231670e+04 9.975735397852918407e-01
6.075577317602610856e+04 1.008892677414622518e+00
