6.075585120116569306e+04 1.004173660128522050e+00
6.075585146121949219e+04 1.003453020784004002e+00
6.075585172127328406e+04 1.006176803967461231e+00
6.075585198132708319e+04 1.014984396925971755e+00
6.075585224138088233e+04 1.012917875315366034e+00
6.075585250143468147e+04 9.983617340844171961e-01
6.075585276148847333e+04 1.007506336556650561e+00
6.075585302154227247e+04 9.956028719750333877e-01
6.075585328159607161e+04 1.003739171028562138e+00
6.075585354164987803e+04 1.012063240522624419e+00
6.075585380170368444e+04 1.018231723491447527e+00
6.075585406175747630e+04 1.009273495977911939e+00
6.075585432181127544e+04 1.012269642889311205e+00
6.075585458186507458e+04 9.941559211280344144e-01
6.075585484191887372e+04 1.003181903333447256e+00
6.075585510197266558e+04 1.011500882106102006e+00
6.075585536202646472e+04 1.007081801602713877e+00
6.075585562208026386e+04 1.012963435564886661e+00
6.075585588213406299e+04 1.012105127585205544e+00
6.075585614218786213e+04 1.015878624049422418e+00
6.075585640224165400e+04 1.012530469304801395e+00
6.075585666229546041e+04 1.008833552103926445e+00
6.075585692234926682e+04 1.008680413468741710e+00
6.075585718240306596e+04 1.008079744593282534e+00
6.075585744245685783e+04 1.011515097901471982e+00
6.075585770251065696e+04 1.012315322482283175e+00
6.075585796256445610e+04 1.008609970682694090e+00
6.075585822261825524e+04 1.010087539075942953e+00
6.075585848267205438e+04 1.013512418429299178e+00
6.075585874272584624e+04 1.002762215299008997e+00
6.075585900277964538e+04 9.981137718374329948e-01
6.075585926283344452e+04 1.005842100965895325e+00
6.075585952288725093e+04 1.001437941525209707e+00
6.075585978294105735e+04 1.004220976554668576e+00
6.075586004299484921e+04 1.012762762562200658e+00
6.075586030304864835e+04 1.009515270806695675e+00
6.075586056310244749e+04 1.010715351118292027e+00
6.075586082315624662e+04 1.003703029732075036e+00
6.075586108321004576e+04 1.003441786918398471e+00
6.075586134326383763e+04 1.011159995113306787e+00
6.075586160331763676e+04 1.008344961360894132e+00
6.075586186337143590e+04 1.007375038867983630e+00
6.075586212342523504e+04 1.010470659264081750e+00
6.075586238347903418e+04 1.001463660689791313e+00
6.075586264353283332e+04 1.009310143156237904e+00
6.075586290358663973e+04 9.987861632547766488e-01
6.075586316364043887e+04 1.001289870793484305e+00
6.075586342369423801e+04 1.007903608820729824e+00
6.075586368374803715e+04 1.000594896106616227e+00
6.075586394380182901e+04 1.012762152904638446e+00
6.075586420385562815e+04 1.008033471774745449e+00
6.075586446390942729e+04 1.012226061775530539e+00
6.075586472396322642e+04 1.012570642111588093e+00
6.075586498401702556e+04 1.013012409700677185e+00
6.075586524407081743e+04 9.969363261413834998e-01
6.075586550412462384e+04 1.007593529425813150e+00
6.075586576417843025e+04 1.004576044272882829e+00
6.075586602423222939e+04 9.964517068281741885e-01
6.075586628428602853e+04 9.878686404928583853e-01
6.075586654433982039e+04 1.001606031523640361e+00
6.075586680439361953e+04 1.005857041755603865e+00
6.075586706444741867e+04 1.012877367339773738e+00
6.075586732450121781e+04 1.004431153378794184e+00
6.075586758455501695e+04 1.001695266974644394e+00
6.075586784460881609e+04 1.015101427015969726e+00
6.075586810466260795e+04 9.881633844066477490e-01
6.075586836471640709e+04 1.005986419957146438e+00
6.075586862477021350e+04 1.000263541026641390e+00
6.075586888482401991e+04 1.010859281254314679e+00
6.075586914487781905e+04 1.014212630418962036e+00
6.075586940493161092e+04 9.922576278728241217e-01
6.075586966498541005e+04 1.004391710596871379e+00
6.075586992503920919e+04 9.991386814835716557e-01
6.075587018509300833e+04 1.009995503082537160e+00
6.075587044514680747e+04 1.000867249561290917e+00
6.075587070520060661e+04 9.988415736037528081e-01
6.075587096525439847e+04 9.981012742782782166e-01
6.075587122530819761e+04 9.875317590258916312e-01
6.075587148536199675e+04 1.001521413659557602e+00
6.075587174541581044e+04 1.010288287144258002e+00
6.075587200546960958e+04 1.002940835665167674e+00
6.075587226552340871e+04 9.966191727020229374e-01
6.075587252557720058e+04 9.933705594281034834e-01
6.075587278563099972e+04 1.003222693706801172e+00
6.075587304568479885e+04 9.972942178431231097e-01
6.075587330573859799e+04 1.000535023298055881e+00
6.075587356579239713e+04 9.873148846302524095e-01
6.075587382584619627e+04 1.001612219532237669e+00
6.075587408589998813e+04 9.944261696929399541e-01
6.075587434595378727e+04 9.990695593836733668e-01
6.075587460600759368e+04 9.980101426517030694e-01
6.075587486606140010e+04 1.001409860099029103e+00
6.075587512611519924e+04 1.002661527548917908e+00
6.075587538616899838e+04 9.958772200678646103e-01
6.075587564622279751e+04 9.985828345836611497e-01
6.075587590627658938e+04 1.002295865618354487e+00
6.075587616633038851e+04 9.988184413939651396e-01
6.075587642638418765e+04 9.949523503268971059e-01
6.075587668643798679e+04 9.989565131755524519e-01
6.075587694649178593e+04 1.003408498952965688e+00
6.075587720654558507e+04 1.001482192696403040e+00
6.075587746659937693e+04 1.003913405966070815e+00
6.075587772665318334e+04 1.007563966127059674e+00
6.075587798670698976e+04 9.948006960153075173e-01
6.075587824676078890e+04 9.880850862945719237e-01
6.075587850681458804e+04 9.982053879602331703e-01
6.075587876686838717e+04 1.006978115196672352e+00
6.075587902692218631e+04 1.003387474008306857e+00
6.075587928697597818e+04 9.856833310653931868e-01
6.075587954702977731e+04 9.797328329313650386e-01
6.075588115586427011e+04 1.005379132281886800e+00
6.075588141592496686e+04 9.934703412232157582e-01
6.075588167598567088e+04 9.916576614868944928e-01
6.075588193604636763e+04 9.931625624432941501e-01
6.075588219610707165e+04 1.011277637986878419e+00
6.075588245616777567e+04 1.002317662612310256e+00
6.075588271622847242e+04 9.997239823514624257e-01
6.075588297628917644e+04 9.928876909766450876e-01
6.075588323634988046e+04 9.898376414613002661e-01
6.075588349641056993e+04 9.911634956583018630e-01
6.075588375647127395e+04 9.987950263217914015e-01
6.075588401653197798e+04 9.949228902754597703e-01
6.075588427659268200e+04 9.987182954933385703e-01
6.075588453665338602e+04 9.950435687615546421e-01
6.075588479671408277e+04 9.848417014737301800e-01
6.075588505677478679e+04 9.956024197000277187e-01
6.075588531683548354e+04 9.987149709816290910e-01
6.075588557689618756e+04 9.887682950715979135e-01
6.075588583695689158e+04 9.945014584852810424e-01
6.075588609701758833e+04 9.884826162400621730e-01
6.075588635707829235e+04 9.992416321858169637e-01
6.075588661713899637e+04 1.002714167755188734e+00
6.075588687719969312e+04 9.924783750446917185e-01
6.075588713726038986e+04 9.964272411922414641e-01
6.075588739732109389e+04 9.972357438972963006e-01
6.075588765738179791e+04 1.015664548756781471e+00
6.075588791744250193e+04 9.932477461873310265e-01
6.075588817750319868e+04 9.928285520387519769e-01
6.075588843756390270e+04 1.006212517752090196e+00
6.075588869762460672e+04 9.943068501241459911e-01
6.075588895768530347e+04 1.000797500553301855e+00
6.075588921774600749e+04 1.009371536874999142e+00
6.075588947780670424e+04 9.898452132544517390e-01
6.075588973786740826e+04 1.000412799920113338e+00
6.075588999792811228e+04 9.937649522543346992e-01
6.075589025798880903e+04 9.942469499594726035e-01
6.075589051804952032e+04 9.860855830887003126e-01
6.075589077811021707e+04 9.884482437714298131e-01
6.075589103817091382e+04 9.996938878061052414e-01
6.075589129823161784e+04 9.868443624777397671e-01
6.075589155829231458e+04 9.914022642350677206e-01
6.075589181835301861e+04 9.896004818671031433e-01
6.075589207841372263e+04 9.969577074013014073e-01
6.075589233847442665e+04 1.001905724509977613e+00
6.075589259853513067e+04 9.944313904162340734e-01
6.075589285859582742e+04 9.889073754892563350e-01
6.075589311865652417e+04 9.835735795819575689e-01
6.075589337871722819e+04 9.796745182402418761e-01
6.075589363877793221e+04 9.866003356888429776e-01
6.075589389883863623e+04 9.820820539375002545e-01
6.075589415889933298e+04 9.901958846304860229e-01
6.075589441896003700e+04 9.892600032199958537e-01
6.075589467902074102e+04 9.926643891699847844e-01
6.075589493908143777e+04 9.978411362221045744e-01
6.075589519914213452e+04 9.972475372850758690e-01
6.075589545920283854e+04 9.818852070068269100e-01
6.075589571926354256e+04 1.007533114935925234e+00
6.075589597932424658e+04 9.838344050519216566e-01
6.075589623938494333e+04 9.893082458270889834e-01
6.075589649944564735e+04 9.766468168090001178e-01
6.075589675950635137e+04 9.837458989344634031e-01
6.075589701956705539e+04 9.841857259826427562e-01
6.075589727962775942e+04 9.880303275314495925e-01
6.075589753968844889e+04 9.818996327461255724e-01
6.075589779974915291e+04 9.918673003414610889e-01
6.075589805980985693e+04 9.783039501469752430e-01
6.075589831987055368e+04 9.916516974126685646e-01
6.075589857993125770e+04 9.874284725676384378e-01
6.075589883999196172e+04 9.980357519328901805e-01
6.075589910005266574e+04 9.907199084654341181e-01
6.075589936011336977e+04 9.937688076136059756e-01
6.075589962017406651e+04 9.908377772774509262e-01
6.075589988023477054e+04 9.931671652376949933e-01
6.075590014029546728e+04 9.912747014848974914e-01
6.075590040035617130e+04 9.987008279660558596e-01
6.075590066041687533e+04 1.003799514440358198e+00
6.075590092047757207e+04 9.804010789977957163e-01
6.075590118053827609e+04 9.963713621076422111e-01
6.075590144059898012e+04 9.824670014011158692e-01
6.075590170065967686e+04 1.004097266344445405e+00
6.075590196072038816e+04 9.940121057320772113e-01
6.075590222078108491e+04 9.935438765795845395e-01
6.075590248084178893e+04 1.000130841079659882e+00
6.075590274090249295e+04 1.001234069806914651e+00
6.075590300096318242e+04 9.848996092711732597e-01
6.075590326102388644e+04 1.006869445719508205e+00
6.075590352108459047e+04 9.996283690211313910e-01
6.075590378114529449e+04 9.888377991841801329e-01
6.075590404120599851e+04 9.951706690759042351e-01
6.075590430126669526e+04 1.006128307377110342e+00
6.075590456132739928e+04 9.991665156366548173e-01
6.075590482138810330e+04 1.000048342893131492e+00
6.075590508144880732e+04 9.876408976122152961e-01
6.075590534150951135e+04 9.920197130712260503e-01
6.075590560157020809e+04 1.004116884981814728e+00
6.075590586163091211e+04 9.990937556597746516e-01
6.075590612169160886e+04 9.999463354854981612e-01
6.075590638175230561e+04 9.936109385418533391e-01
6.075590664181300963e+04 9.995017036923139475e-01
6.075590690187371365e+04 9.989355940832059799e-01
6.075590716193441767e+04 1.007481716072194056e+00
6.075590742199512169e+04 1.002077854715736960e+00
6.075590768205581844e+04 9.988910502280876624e-01
6.075590794211652246e+04 1.010787089009450357e+00
6.075590820217722649e+04 1.006449263538736094e+00
6.075590846223793051e+04 9.924032253106574997e-01
6.075590872229863453e+04 1.007961575611911575e+00
6.075590898235933128e+04 1.004576301655645931e+00
6.075590924242003530e+04 1.011069718847909860e+00
6.075590950248073932e+04 9.888787681500493809e-01
6.075591106051386305e+04 9.924346657488618551e-01
6.075591132057445793e+04 9.960831473887411525e-01
6.075591158063505281e+04 1.000088348427633722e+00
6.075591184069564770e+04 9.970490022571623090e-01
6.075591210075624258e+04 9.970736252327939697e-01
6.075591236081683746e+04 9.909358389465361405e-01
6.075591262087743235e+04 1.005473383868473070e+00
6.075591288093802723e+04 9.930301235817622363e-01
6.075591314099862211e+04 1.004446778063242673e+00
6.075591340105922427e+04 1.000204591880789806e+00
6.075591366111981915e+04 1.005143260916566472e+00
6.075591392118041404e+04 9.908202957080002315e-01
6.075591418124100892e+04 9.987224966004916160e-01
6.075591444130160380e+04 1.000824569351250526e+00
6.075591470136219868e+04 1.000297772922693174e+00
6.075591496142279357e+04 9.919596660682755696e-01
6.075591522148338845e+04 1.001456573128136407e+00
6.075591548154399061e+04 9.979820755236628038e-01
6.075591574160458549e+04 9.902898574942982091e-01
6.075591600166518037e+04 1.001026631763563435e+00
6.075591626172577526e+04 1.000864671189227506e+00
6.075591652178637742e+04 9.979493065159009690e-01
6.075591678184697230e+04 1.009130288434767708e+00
6.075591704190756718e+04 1.006057174301336232e+00
6.075591730196816206e+04 1.008173773751565028e+00
6.075591756202875695e+04 1.008303564050371692e+00
6.075591782208935183e+04 9.983277967079631221e-01
6.075591808214994671e+04 1.001586865583035335e+00
6.075591834221054160e+04 9.999942488841999655e-01
6.075591860227113648e+04 9.978120549935637351e-01
6.075591886233173136e+04 1.007902705463375570e+00
6.075591912239232624e+04 1.010681150583085719e+00
6.075591938245292840e+04 1.010266789583847746e+00
6.075591964251352329e+04 1.006823248730026821e+00
6.075591990257411817e+04 1.001506182798759914e+00
6.075592016263471305e+04 1.005571657942551322e+00
6.075592042269530793e+04 9.980604662081429268e-01
6.075592068275590282e+04 1.004405267614931763e+00
6.075592094281649770e+04 9.948072218882914042e-01
6.075592120287709986e+04 1.005365040121054099e+00
6.075592146293769474e+04 1.011163046964349777e+00
6.075592172299828962e+04 1.004585420393073081e+00
6.075592198305888451e+04 1.011133028029717051e+00
6.075592224311948667e+04 1.010584154634883713e+00
6.075592250318008155e+04 1.007161843054874328e+00
6.075592276324067643e+04 1.003659679091859935e+00
6.075592302330127131e+04 1.004160742556922559e+00
6.075592328336186620e+04 9.935707604037534724e-01
6.075592354342246108e+04 1.001526025390607977e+00
6.075592380348305596e+04 9.889096411208850856e-01
6.075592406354365812e+04 1.002817320738863538e+00
6.075592432360425300e+04 1.002389855371752958e+00
6.075592458366484789e+04 1.008468007577334680e+00
6.075592484372544277e+04 1.002106759257419988e+00
6.075592510378604493e+04 1.004398523030750612e+00
6.075592536384663981e+04 9.979875664087741738e-01
6.075592562390723469e+04 1.015639254619739917e+00
6.075592588396782958e+04 1.012199294636222602e+00
6.075592614402842446e+04 1.017593207167008407e+00
6.075592640408901934e+04 1.018081872604891691e+00
6.075592666414961423e+04 1.009571976401554938e+00
6.075592692421020911e+04 1.006379604789220394e+00
6.075592718427081127e+04 1.005572942772412048e+00
6.075592744433140615e+04 1.000371947265343398e+00
6.075592770439200103e+04 1.008156788408429705e+00
6.075592796445260319e+04 1.006156086925648285e+00
6.075592822451319807e+04 1.011236292301030959e+00
6.075592848457379296e+04 1.002243959227560932e+00
6.075592874463438784e+04 9.979110466072079744e-01
6.075592900469498272e+04 1.000830319182062000e+00
6.075592926475557761e+04 1.006181893674921168e+00
6.075592952481617249e+04 1.006088757113629217e+00
6.075592978487676737e+04 1.013524631862617209e+00
6.075593004493736953e+04 1.005554012108515360e+00
6.075593030499796441e+04 1.014633701525796239e+00
6.075593056505855930e+04 1.007290389691214427e+00
6.075593082511916145e+04 1.009024489511035627e+00
6.075593108517975634e+04 9.997174991888929663e-01
6.075593134524035122e+04 1.005146650618052417e+00
6.075593160530094610e+04 1.018393230995844556e+00
6.075593186536154099e+04 1.015785483740657025e+00
6.075593212542213587e+04 1.005104257194066042e+00
6.075593238548273075e+04 1.007455515823450609e+00
6.075593264554332563e+04 1.009049582811675227e+00
6.075593290560392779e+04 1.007468948968947009e+00
6.075593316566452268e+04 1.003439163760608599e+00
6.075593342572511756e+04 1.004960848755835467e+00
6.075593368578571244e+04 1.006553963866961166e+00
6.075593394584631460e+04 1.016763560616043671e+00
6.075593420590690948e+04 1.009637652789304285e+00
6.075593446596750437e+04 1.007154345692670816e+00
6.075593472602809925e+04 1.002687954239056989e+00
6.075593498608869413e+04 1.009990523834639609e+00
6.075593524614928901e+04 1.012122994016178668e+00
6.075593550620988390e+04 1.019892376012427659e+00
6.075593576627048606e+04 1.016425171988802667e+00
6.075593602633108094e+04 1.007274560373360384e+00
6.075593628639167582e+04 9.982249740789368442e-01
6.075593654645227070e+04 9.949677865494279683e-01
6.075593680651287286e+04 1.006289489865438203e+00
6.075593706657346775e+04 1.006779387947348114e+00
6.075593732663406263e+04 1.003693792725348422e+00
6.075593758669465751e+04 1.004794238552163987e+00
6.075593784675525239e+04 1.004963221158684306e+00
6.075593810681584728e+04 1.014426535869457968e+00
6.075593836687644216e+04 1.018695353335958398e+00
6.075593862693704432e+04 1.008512599612672256e+00
6.075593888699763920e+04 1.001349295671208228e+00
6.075593914705823408e+04 1.010422044085576010e+00
6.075593940711883624e+04 9.947484749844972551e-01
6.075594106598430517e+04 1.003933588599212889e+00
6.075594132604500919e+04 1.003866794492572767e+00
6.075594158610571321e+04 1.013945033237276361e+00
6.075594184616640996e+04 1.000496573219659568e+00
6.075594210622711398e+04 1.008144072840140515e+00
6.075594236628781800e+04 1.011709557125046066e+00
6.075594262634852203e+04 1.009865225281449508e+00
6.075594288640922605e+04 9.898421175047356080e-01
6.075594314646992279e+04 1.002650874841925388e+00
6.075594340653063409e+04 1.017033652238271246e+00
6.075594366659133811e+04 1.012326011477542753e+00
6.075594392665203486e+04 1.001513014770140764e+00
6.075594418671273888e+04 9.958654975635887752e-01
6.075594444677344291e+04 1.004405422038993301e+00
6.075594470683414693e+04 1.010653989681408182e+00
6.075594496689485095e+04 1.012395347105789822e+00
6.075594522695554770e+04 1.005814998776501490e+00
6.075594548701625172e+04 1.001030063428495653e+00
6.075594574707695574e+04 1.005262985345034998e+00
6.075594600713765976e+04 9.929071970217999699e-01
6.075594626719836378e+04 1.009157896937481258e+00
6.075594652725906053e+04 1.004880912412128291e+00
6.075594678731976455e+04 1.006824619337862270e+00
6.075594704738046858e+04 1.009255351370669018e+00
6.075594730744116532e+04 1.003672034184965423e+00
6.075594756750187662e+04 1.005443526011196242e+00
6.075594782756257337e+04 1.007051000217490166e+00
6.075594808762328466e+04 1.001141057975128978e+00
6.075594834768398869e+04 1.011419060850592411e+00
6.075594860774468543e+04 1.006857527057910096e+00
6.075594886780538945e+04 1.005667031979227355e+00
6.075594912786609348e+04 1.000227533373317268e+00
6.075594938792679750e+04 1.006684062517804845e+00
6.075594964798750152e+04 1.001744496490597047e+00
6.075594990804819827e+04 1.000236480135255235e+00
6.075595016810890229e+04 1.006279792308480969e+00
6.075595042816960631e+04 9.949743412982192670e-01
6.075595068823031033e+04 9.936778439849516253e-01
6.075595094829101436e+04 1.005469118376293824e+00
6.075595120835171110e+04 9.955595657318738745e-01
6.075595146841241512e+04 9.987016361807551368e-01
6.075595172847312642e+04 1.002077247362735957e+00
6.075595198853382317e+04 1.004552998245860529e+00
6.075595224859452719e+04 1.001088851371626065e+00
6.075595250865523121e+04 9.994333068957567123e-01
6.075595276871593524e+04 1.002436721200047343e+00
6.075595302877663926e+04 1.012020769913573037e+00
6.075595328883733600e+04 1.003273823382682117e+00
6.075595354889804003e+04 1.011402556066303582e+00
6.075595380895874405e+04 9.973638854448476643e-01
6.075595406901944807e+04 1.004153233027147429e+00
6.075595432908015209e+04 1.003367879280554931e+00
6.075595458914084884e+04 9.954952864780041155e-01
6.075595484920156014e+04 9.982466640347935627e-01
6.075595510926226416e+04 9.893949456535369169e-01
6.075595536932296091e+04 1.019681577111797299e+00
6.075595562938366493e+04 1.010404546624765088e+00
6.075595588944436895e+04 9.914099907404562151e-01
6.075595614950507297e+04 9.989856966741317290e-01
6.075595640956577699e+04 1.009171002891045665e+00
6.075595666962647374e+04 1.005450161761136441e+00
6.075595692968717776e+04 1.000761113104440492e+00
6.075595718974788178e+04 9.911530934149193062e-01
6.075595744980858581e+04 9.956944828071373488e-01
6.075595770986929710e+04 9.969855366085524917e-01
6.075595796992999385e+04 9.922629111884976316e-01
6.075595822999069787e+04 9.933832855323305733e-01
6.075595849005140190e+04 9.958510970262272055e-01
6.075595875011209864e+04 1.003523756549880241e+00
6.075595901017280994e+04 9.996130538935327214e-01
6.075595927023350669e+04 9.892527792803185172e-01
6.075595953029421071e+04 9.847258230450939287e-01
6.075595979035491473e+04 9.911311126275808014e-01
6.075596005041561148e+04 9.873521963580059735e-01
6.075596031047632277e+04 9.873220870045212871e-01
6.075596057053702680e+04 1.004215301394263848e+00
6.075596083059773082e+04 9.907728389499412813e-01
6.075596109065843484e+04 9.866558299729526471e-01
6.075596135071913159e+04 1.001943875051982902e+00
6.075596161077983561e+04 9.988489914619754773e-01
6.075596187084053963e+04 9.934075661182817374e-01
6.075596213090124365e+04 9.941847335441647004e-01
6.075596239096194768e+04 9.918770639591035776e-01
6.075596265102265170e+04 9.983129166405755317e-01
6.075596291108335572e+04 1.001132958381562243e+00
6.075596317114405974e+04 9.897205928405411468e-01
6.075596343120475649e+04 9.935412131939125313e-01
6.075596369126546051e+04 1.001538037621238830e+00
6.075596395132616453e+04 9.908681197062554347e-01
6.075596421138686856e+04 9.799908241614760929e-01
6.075596447144757258e+04 9.858684798314178988e-01
6.075596473150827660e+04 9.856514918771853706e-01
6.075596499156898062e+04 9.941891809344575170e-01
6.075596525162968464e+04 9.894072312992163720e-01
6.075596551169038867e+04 1.004248666272135271e+00
6.075596577175109269e+04 9.921681935356431170e-01
6.075596603181178943e+04 9.860399370023446020e-01
6.075596629187249346e+04 9.985381001217247254e-01
6.075596655193319748e+04 1.001687134133016466e+00
6.075596681199390150e+04 9.901131561573340845e-01
6.075596707205460552e+04 9.944677812721843813e-01
6.075596733211530955e+04 9.897986622282236580e-01
6.075596759217601357e+04 9.944640064211809349e-01
6.075596785223671759e+04 9.951880033652034108e-01
6.075596811229741434e+04 9.934187774289808814e-01
6.075596837235811836e+04 9.946755804805322843e-01
6.075596863241882238e+04 1.000540901783141479e+00
6.075596889247953368e+04 1.001794747995822688e+00
6.075596915254023770e+04 9.843328239015134429e-01
6.075596941260093445e+04 9.763070306431171907e-01
6.075597102105359954e+04 9.898138298103588140e-01
6.075597128111420170e+04 1.002650407220988527e+00
6.075597154117479658e+04 9.961582851334566113e-01
6.075597180123539147e+04 9.912006689385814973e-01
6.075597206129598635e+04 9.878923352834488858e-01
6.075597232135658123e+04 9.916649345076109512e-01
6.075597258141718339e+04 9.945591570522956948e-01
6.075597284147777827e+04 1.002232239414751369e+00
6.075597310153837316e+04 9.863632792670716798e-01
6.075597336159897532e+04 9.860130118275890476e-01
6.075597362165957020e+04 9.863129458385399007e-01
6.075597388172016508e+04 9.828666589200887316e-01
6.075597414178077452e+04 1.000338015430203731e+00
6.075597440184136940e+04 1.002480798841028919e+00
6.075597466190196428e+04 1.003121297215800123e+00
6.075597492196255916e+04 9.819736903338849299e-01
6.075597518202315405e+04 9.920725276934737602e-01
6.075597544208374893e+04 9.979529731592995390e-01
6.075597570214434381e+04 9.971311924810422056e-01
6.075597596220494597e+04 9.952917097833183790e-01
6.075597622226554813e+04 9.887678491057894092e-01
6.075597648232614301e+04 9.952887201536568806e-01
6.075597674238673790e+04 9.799796695047311434e-01
6.075597700244734006e+04 9.869267733659264907e-01
6.075597726250793494e+04 9.958472473491446486e-01
6.075597752256853710e+04 9.918616966221960318e-01
6.075597778262913198e+04 9.986545198828348235e-01
6.075597804268972686e+04 9.857971162869374471e-01
6.075597830275032175e+04 9.972858427330835163e-01
6.075597856281091663e+04 9.957719630329213700e-01
6.075597882287151151e+04 9.875431021603331416e-01
6.075597908293212095e+04 9.906670258662371165e-01
6.075597934299271583e+04 9.987101750366066399e-01
6.075597960305331071e+04 9.979875391256352035e-01
6.075597986311390559e+04 9.973283437862718870e-01
6.075598012317450775e+04 9.955872165750916380e-01
6.075598038323510264e+04 9.963304289557900484e-01
6.075598064329570479e+04 9.943963728438034444e-01
6.075598090335629968e+04 9.968666430807014978e-01
6.075598116341689456e+04 9.910446640038560462e-01
6.075598142347748944e+04 9.839290514052629888e-01
6.075598168353808433e+04 1.000890728831647314e+00
6.075598194359869376e+04 9.894949836990182268e-01
6.075598220365928864e+04 9.966876827571800046e-01
6.075598246371988353e+04 9.921664424426188678e-01
6.075598272378047841e+04 9.856792136924080738e-01
6.075598298384108057e+04 9.958219638009645491e-01
6.075598324390167545e+04 9.982182493509510479e-01
6.075598350396227761e+04 9.935477548737936537e-01
6.075598376402287249e+04 9.841027151168544318e-01
6.075598402408346738e+04 9.994929489467098138e-01
6.075598428414406226e+04 9.946371210942825947e-01
6.075598454420465714e+04 9.896745606337491452e-01
6.075598480426526658e+04 1.006621962412326488e+00
6.075598506432586146e+04 1.000647029785278752e+00
6.075598532438645634e+04 1.004465422883420223e+00
6.075598558444705122e+04 1.007704797031569344e+00
6.075598584450765338e+04 9.922142672083489323e-01
6.075598610456825554e+04 9.962122470998127088e-01
6.075598636462885042e+04 9.912615081893452196e-01
6.075598662468944531e+04 9.958359624607958649e-01
6.075598688475004019e+04 9.952510665590762473e-01
6.075598714481063507e+04 9.867841777521040303e-01
6.075598740487123723e+04 1.000130782075529412e+00
6.075598766493183211e+04 1.006130103022301991e+00
6.075598792499243427e+04 9.918204971868969100e-01
6.075598818505302916e+04 9.993885607896327850e-01
6.075598844511362404e+04 9.963766081336710156e-01
6.075598870517423347e+04 9.988585712045283671e-01
6.075598896523482836e+04 9.987407259624730971e-01
6.075598922529542324e+04 9.936282722839385739e-01
6.075598948535601812e+04 9.933782593214085521e-01
6.075598974541661300e+04 9.914734650381960002e-01
6.075599000547721516e+04 9.883840540505550720e-01
6.075599026553781005e+04 9.979347317233181469e-01
6.075599052559840493e+04 1.004174838724324559e+00
6.075599078565900709e+04 9.817335995500519052e-01
6.075599104571960197e+04 1.004610001492996396e+00
6.075599130578020413e+04 9.926628156357681920e-01
6.075599156584080629e+04 9.993094475246658837e-01
6.075599182590140117e+04 1.000714386352010044e+00
6.075599208596199605e+04 9.918795945704690364e-01
6.075599234602259094e+04 1.003313160821581951e+00
6.075599260608319310e+04 1.002175925569286141e+00
6.075599286614378798e+04 1.001443217025875354e+00
6.075599312620438286e+04 1.003446788242366106e+00
6.075599338626497774e+04 1.005112913216672954e+00
6.075599364632558718e+04 1.004207248210526648e+00
6.075599390638618206e+04 1.004346315682438151e+00
6.075599416644677694e+04 1.001419381233203953e+00
6.075599442650737910e+04 1.000798315530879501e+00
6.075599468656797399e+04 1.006776027389792771e+00
6.075599494662857614e+04 1.009318492286077840e+00
6.075599520668917103e+04 9.960526988457667485e-01
6.075599546674976591e+04 1.003398877210335050e+00
6.075599572681036079e+04 9.952052669566322507e-01
6.075599598687096295e+04 9.902233569915878109e-01
6.075599624693155783e+04 9.920478672535609777e-01
6.075599650699215999e+04 1.005041581912404114e+00
6.075599676705275488e+04 9.981857391174696614e-01
6.075599702711334976e+04 9.927184606778393094e-01
6.075599728717395192e+04 9.919479148673244762e-01
6.075599754723455408e+04 9.993362585822382904e-01
6.075599780729514896e+04 1.002356419663529730e+00
6.075599806735574384e+04 1.004746960556261559e+00
6.075599832741634600e+04 1.003053535357659287e+00
6.075599858747694088e+04 1.007944659563373646e+00
6.075599884753753577e+04 9.981002236926544979e-01
6.075599910759813065e+04 1.006999358177391501e+00
6.075599936765874008e+04 9.983314814301872397e-01
6.075600091310295102e+04 1.041137943128354726e+00
6.075600117316365504e+04 1.003949858452046318e+00
6.075600143322435179e+04 9.915767773638856086e-01
6.075600169328505581e+04 1.005379087359854706e+00
6.075600195334576711e+04 9.966869899591153104e-01
6.075600221340647113e+04 1.001189170486782576e+00
6.075600247346717515e+04 1.003961222982800772e+00
6.075600273352787190e+04 9.978042759200033140e-01
6.075600299358858319e+04 1.002472459218251011e+00
6.075600325364928722e+04 1.010241118590478715e+00
6.075600351370998396e+04 1.001355058389556962e+00
6.075600377377069526e+04 1.006910175658289441e+00
6.075600403383139928e+04 9.960563830809034958e-01
6.075600429389210331e+04 1.014276739639143221e+00
6.075600455395280733e+04 1.005049426720040273e+00
6.075600481401350407e+04 1.004207857541873583e+00
6.075600507407421537e+04 1.007126186644100807e+00
6.075600533413491939e+04 9.970816185100100926e-01
6.075600559419562342e+04 1.012203290724172255e+00
6.075600585425632744e+04 1.003908882066651298e+00
6.075600611431703146e+04 1.005109075358706860e+00
6.075600637437773548e+04 1.007063216000266381e+00
6.075600663443843951e+04 1.007745895795292501e+00
6.075600689449914353e+04 9.944974108558676251e-01
6.075600715455985483e+04 9.928552986410993375e-01
6.075600741462055157e+04 1.007867341750003920e+00
6.075600767468125559e+04 9.986254592992819257e-01
6.075600793474195962e+04 1.013325820340175820e+00
6.075600819480266364e+04 9.997094973633616766e-01
6.075600845486336766e+04 1.008892604269726156e+00
6.075600871492407168e+04 1.001712657898564007e+00
6.075600897498478298e+04 1.000853664356407657e+00
6.075600923504548700e+04 1.013024899667988032e+00
6.075600949510618375e+04 1.009527230296741518e+00
6.075600975516688777e+04 1.016511191394126712e+00
6.075601001522759907e+04 1.018271852293590962e+00
6.075601027528830309e+04 1.010198894229715982e+00
6.075601053534900711e+04 1.001832274275017864e+00
6.075601079540970386e+04 1.003249279118110238e+00
6.075601105547041516e+04 1.010400046426370491e+00
6.075601131553111918e+04 1.008220154577806227e+00
6.075601157559181593e+04 1.016058322578593076e+00
6.075601183565252722e+04 1.013767952952115525e+00
6.075601209571323125e+04 1.011511314131881445e+00
6.075601235577393527e+04 1.012207280822760680e+00
6.075601261583463929e+04 1.013942310608778596e+00
6.075601287589534331e+04 1.017511054779387081e+00
6.075601313595604734e+04 1.005444921943417391e+00
6.075601339601675136e+04 1.000877065197310678e+00
6.075601365607746266e+04 1.005437160323783718e+00
6.075601391613816668e+04 1.010293478757073871e+00
6.075601417619886342e+04 1.006124451401118058e+00
6.075601443625956745e+04 1.012921900687962395e+00
6.075601469632027874e+04 1.009695113337608419e+00
6.075601495638097549e+04 1.019907642593351316e+00
6.075601521644168679e+04 1.013152903062814136e+00
6.075601547650239081e+04 1.012833806219523236e+00
6.075601573656309483e+04 1.012780403860614520e+00
6.075601599662379886e+04 1.019669856114717277e+00
6.075601625668450288e+04 1.018485247677645589e+00
6.075601651674520690e+04 1.008988235959216384e+00
6.075601677680591092e+04 1.008815014274137223e+00
6.075601703686661494e+04 1.008433763006035599e+00
6.075601729692732624e+04 1.028746720522790259e+00
6.075601755698802299e+04 1.017415869610246437e+00
6.075601781704872701e+04 1.015929501243142186e+00
6.075601807710943831e+04 1.010811871322235822e+00
6.075601833717014233e+04 1.003518421551442774e+00
6.075601859723084635e+04 9.918228553972376904e-01
6.075601885729155038e+04 1.013028689616773059e+00
6.075601911735225440e+04 1.010689206322812117e+00
6.075601937741295842e+04 1.014125619130105349e+00
6.075601963747365517e+04 1.002195503728428694e+00
6.075601989753436646e+04 1.014710147100146287e+00
6.075602015759507049e+04 1.003269479580660040e+00
6.075602041765577451e+04 1.006616733389963825e+00
6.075602067771648581e+04 1.008392071481607255e+00
6.075602093777718255e+04 1.023744234221740657e+00
6.075602119783788658e+04 9.934014303137980173e-01
6.075602145789859787e+04 1.008118398062562759e+00
6.075602171795930190e+04 1.008374441231194130e+00
6.075602197802000592e+04 1.016056791702142581e+00
6.075602223808070994e+04 1.008946351923271090e+00
6.075602249814141396e+04 1.019638005595196795e+00
6.075602275820211798e+04 1.004775117273086771e+00
6.075602301826282201e+04 1.020034816043521086e+00
6.075602327832352603e+04 1.013059848426347997e+00
6.075602353838423005e+04 1.010668792406420158e+00
6.075602379844494135e+04 1.013423812553654546e+00
6.075602405850564537e+04 1.003129293715183668e+00
6.075602431856634212e+04 1.021674015615517739e+00
6.075602457862704614e+04 1.008190460954939915e+00
6.075602483868775744e+04 1.009835379480688022e+00
6.075602509874846146e+04 1.016457208177819815e+00
6.075602535880916548e+04 1.002411773923287841e+00
6.075602561886986950e+04 1.017863061063822405e+00
6.075602587893057353e+04 1.002164818426295234e+00
6.075602613899127755e+04 1.002618475170282464e+00
6.075602639905198885e+04 1.012854395965676835e+00
6.075602665911269287e+04 1.008328365764142642e+00
6.075602691917338962e+04 9.957946221778849472e-01
6.075602717923410091e+04 1.009127138461558770e+00
6.075602743929480494e+04 9.960482634743471619e-01
6.075602769935550168e+04 1.005124493108521699e+00
6.075602795941621298e+04 1.006597713611628864e+00
6.075602821947691700e+04 1.010043580659583773e+00
6.075602847953762102e+04 1.003378502245383830e+00
6.075602873959833232e+04 1.015033592692170306e+00
6.075602899965902907e+04 9.928895488721284357e-01
6.075602925971973309e+04 9.961530767031337996e-01
6.075603093119423283e+04 1.000201535332036373e+00
6.075603119125482772e+04 9.985080317807729644e-01
6.075603145131542988e+04 1.022374178943370238e+00
6.075603171137602476e+04 1.013430329547865494e+00
6.075603197143662692e+04 1.011948877509460942e+00
6.075603223149722908e+04 1.007793003156660872e+00
6.075603249155782396e+04 1.008867923425199153e+00
6.075603275161842612e+04 1.008090365237795272e+00
6.075603301167902100e+04 1.006625716744271593e+00
6.075603327173962316e+04 1.005049975734117362e+00
6.075603353180022532e+04 1.000840473852127932e+00
6.075603379186082020e+04 1.004261926493222212e+00
6.075603405192141508e+04 1.014985054707466583e+00
6.075603431198201724e+04 9.952723448783767912e-01
6.075603457204261213e+04 9.988265259061955836e-01
6.075603483210320701e+04 1.008143346833017207e+00
6.075603509216381644e+04 1.005636017544453420e+00
6.075603535222441133e+04 1.002580647715627160e+00
6.075603561228501349e+04 1.005921770067368826e+00
6.075603587234560837e+04 1.002178757587204316e+00
6.075603613240621053e+04 1.004296807969144778e+00
6.075603639246681269e+04 9.918564895442276708e-01
6.075603665252740757e+04 1.003510377331519487e+00
6.075603691258800245e+04 9.975353719212198822e-01
6.075603717264860461e+04 1.011398239642909758e+00
6.075603743270919949e+04 9.963819276612995157e-01
6.075603769276979438e+04 1.001410198736947255e+00
6.075603795283040381e+04 1.004599426784185567e+00
6.075603821289099869e+04 9.998386400976536637e-01
6.075603847295160085e+04 1.009537009027554832e+00
6.075603873301219573e+04 1.008729353832187314e+00
6.075603899307279789e+04 1.005880720411103546e+00
6.075603925313340005e+04 1.000940567336343401e+00
6.075603951319399494e+04 9.992307935438523581e-01
6.075603977325458982e+04 9.977592998705357985e-01
6.075604003331519198e+04 9.982838475466788708e-01
6.075604029337578686e+04 1.001981581819947120e+00
6.075604055343638902e+04 9.976252837382083571e-01
6.075604081349698390e+04 9.972677123416830991e-01
6.075604107355758606e+04 1.000680884388352121e+00
6.075604133361818822e+04 9.956654634177745100e-01
6.075604159367878310e+04 9.982150018799630375e-01
6.075604185373938526e+04 9.935280860846947837e-01
6.075604211379998742e+04 9.938970470683010650e-01
6.075604237386058230e+04 1.010046815916657792e+00
6.075604263392118446e+04 9.937564054577133765e-01
6.075604289398177934e+04 9.978613227437408417e-01
6.075604315404237423e+04 1.004967622828375928e+00
6.075604341410297639e+04 9.952828920012808389e-01
6.075604367416357127e+04 9.967241438048026758e-01
6.075604393422418070e+04 1.002581301597583074e+00
6.075604419428477559e+04 9.925692779120331988e-01
6.075604445434537047e+04 9.940583101257028931e-01
6.075604471440597990e+04 9.973660410466712589e-01
6.075604497446657479e+04 1.008321614823978640e+00
6.075604523452717694e+04 1.001617703442869489e+00
6.075604549458777183e+04 1.003277872903374224e+00
6.075604575464836671e+04 1.004385534095312060e+00
6.075604601470896887e+04 1.002491202514302460e+00
6.075604627476956375e+04 9.969053886979329926e-01
6.075604653483016591e+04 9.912607758842635342e-01
6.075604679489076807e+04 9.845390253040009476e-01
6.075604705495136295e+04 9.839684787929420251e-01
6.075604731501196511e+04 9.887684751032620456e-01
6.075604757507256727e+04 9.852654165179687284e-01
6.075604783513316943e+04 9.980562320786690034e-01
6.075604809519376431e+04 9.916484523791069261e-01
6.075604835525435919e+04 1.002356286752497327e+00
6.075604861531496135e+04 9.957226194557264876e-01
6.075604887537555624e+04 1.004442894490719329e+00
6.075604913543615839e+04 9.977123937812814036e-01
6.075604939549675328e+04 9.924993525521265125e-01
6.075604965555735544e+04 9.931674065458644396e-01
6.075604991561795759e+04 9.944308682024253221e-01
6.075605017567855248e+04 9.989820129958650874e-01
6.075605043573915464e+04 9.982915809558703391e-01
6.075605069579975680e+04 1.001361830459890800e+00
6.075605095586035168e+04 9.983836330546518312e-01
6.075605121592095384e+04 9.943548283642162922e-01
6.075605147598154872e+04 9.936881835628615933e-01
6.075605173604215088e+04 9.917126987285932449e-01
6.075605199610274576e+04 9.833717272969767498e-01
6.075605225616334792e+04 9.949763830548574717e-01
6.075605251622395008e+04 1.001466435869311722e+00
6.075605277628454496e+04 1.006181353865939210e+00
6.075605303634514712e+04 1.001593733127911223e+00
6.075605329640574200e+04 9.929243412547872349e-01
6.075605355646635144e+04 1.001260179750502965e+00
6.075605381652694632e+04 1.004468300646519152e+00
6.075605407658754848e+04 9.878648279484008032e-01
6.075605433664814336e+04 1.008417077353271463e+00
6.075605459670873825e+04 1.000753542379028804e+00
6.075605485676934040e+04 9.947500028189915078e-01
6.075605511682993529e+04 9.875179462118197637e-01
6.075605537689054472e+04 9.955991736497800115e-01
6.075605563695113960e+04 9.911914315209277015e-01
6.075605589701174176e+04 9.908207542590857786e-01
6.075605615707233665e+04 9.923133077341922403e-01
6.075605641713293880e+04 9.863117121285982503e-01
6.075605667719354096e+04 9.972350631913665664e-01
6.075605693725413585e+04 9.878856762058829677e-01
6.075605719731473800e+04 9.924006315981447335e-01
6.075605745737533289e+04 9.949192423250601269e-01
6.075605771743593505e+04 9.835083061675045091e-01
6.075605797749652993e+04 9.875831727380072200e-01
6.075605823755713209e+04 9.922190110764910198e-01
6.075605849761773425e+04 9.893175208671198817e-01
6.075605875767832913e+04 9.928210671602878401e-01
6.075605901773893129e+04 9.911591877063893330e-01
6.075605927779953345e+04 9.833401892046286230e-01
6.075606082322710427e+04 9.827936754536371611e-01
6.075606108328780829e+04 9.894035907556532061e-01
6.075606134334851231e+04 9.771090597807382538e-01
6.075606160340922361e+04 9.835259993831315661e-01
6.075606186346992035e+04 9.974609299825876185e-01
6.075606212353063165e+04 9.916052765076890374e-01
6.075606238359133567e+04 9.849415905050780129e-01
6.075606264365204697e+04 9.879137348211523006e-01
6.075606290371275099e+04 9.926566185622601735e-01
6.075606316377345502e+04 9.744380628418419787e-01
6.075606342383415904e+04 9.817823918838960440e-01
6.075606368389486306e+04 9.820509183461636482e-01
6.075606394395557436e+04 9.944944969122244682e-01
6.075606420401627838e+04 9.885087764775885022e-01
6.075606446407698240e+04 9.986185243693138647e-01
6.075606472413768643e+04 9.909460680255725018e-01
6.075606498419839772e+04 9.901478175872377996e-01
6.075606524425910175e+04 9.889934590781851442e-01
6.075606550431981304e+04 9.860318196245508870e-01
6.075606576438050979e+04 9.825985132977127501e-01
6.075606602444122109e+04 9.894004269505197735e-01
6.075606628450192511e+04 9.928792611097048137e-01
6.075606654456262913e+04 9.897673413618439664e-01
6.075606680462333316e+04 9.934945733037984228e-01
6.075606706468404445e+04 9.931094719121117409e-01
6.075606732474474848e+04 9.903410471704706675e-01
6.075606758480545250e+04 9.887908505600805364e-01
6.075606784486615652e+04 9.947047339691442724e-01
6.075606810492686054e+04 9.902397472591868421e-01
6.075606836498757184e+04 1.000585099140324896e+00
6.075606862504827586e+04 9.917964433330963558e-01
6.075606888510898716e+04 9.789356272817228977e-01
6.075606914516968391e+04 9.943738185878323588e-01
6.075606940523039520e+04 9.958845478190044842e-01
6.075606966529109923e+04 9.896611018138488092e-01
6.075606992535180325e+04 9.941829354867697255e-01
6.075607018541250727e+04 9.919580650363812868e-01
6.075607044547321857e+04 1.006441604099830078e+00
6.075607070553392259e+04 9.792282840386360432e-01
6.075607096559463389e+04 9.829253040881663628e-01
6.075607122565533064e+04 9.867062743809629222e-01
6.075607148571604193e+04 9.892824916595318596e-01
6.075607174577674596e+04 1.003909714018534682e+00
6.075607200583745725e+04 1.000202371388368316e+00
6.075607226589816128e+04 9.908620448352973842e-01
6.075607252595886530e+04 9.829524790584135419e-01
6.075607278601956932e+04 9.876214929125654018e-01
6.075607304608028062e+04 9.925818490762527979e-01
6.075607330614097737e+04 9.880905728422942902e-01
6.075607356620169594e+04 1.004580835107290238e+00
6.075607382626239269e+04 9.877704083409863944e-01
6.075607408632310398e+04 1.001061954171526436e+00
6.075607434638380801e+04 9.863135573568738712e-01
6.075607460644451203e+04 9.913124054206756686e-01
6.075607486650521605e+04 9.869595620895285082e-01
6.075607512656592735e+04 9.997542364039221363e-01
6.075607538662663137e+04 9.854114727266474194e-01
6.075607564668734267e+04 1.002128808012932693e+00
6.075607590674803942e+04 1.000130369800863450e+00
6.075607616680875071e+04 9.977503926882025365e-01
6.075607642686945474e+04 9.960728831939489325e-01
6.075607668693016603e+04 9.922910226414479729e-01
6.075607694699087006e+04 9.964824461190259219e-01
6.075607720705157408e+04 9.902784295488687993e-01
6.075607746711227810e+04 9.887166715152770902e-01
6.075607772717298940e+04 9.910398070682631122e-01
6.075607798723368614e+04 9.912630525905666845e-01
6.075607824729439744e+04 9.953787675070020491e-01
6.075607850735510146e+04 9.986188681770730158e-01
6.075607876741581276e+04 1.000847372399271240e+00
6.075607902747651679e+04 9.916351283554125651e-01
6.075607928753722081e+04 9.954462502888281605e-01
6.075607954759792483e+04 1.006519123168249541e+00
6.075607980765863613e+04 9.952690110901195597e-01
6.075608006771934015e+04 1.005225878074292867e+00
6.075608032778005145e+04 9.933566294125848462e-01
6.075608058784074819e+04 1.006440064425771386e+00
6.075608084790145949e+04 9.930875848711664400e-01
6.075608110796216351e+04 1.002488666975033693e+00
6.075608136802286754e+04 9.909909049185223751e-01
6.075608162808357156e+04 1.001333438564731892e+00
6.075608188814428286e+04 1.005503903409838529e+00
6.075608214820498688e+04 9.970316512422350286e-01
6.075608240826569818e+04 9.922873026355790715e-01
6.075608266832639492e+04 9.966611720721300083e-01
6.075608292838710622e+04 9.926079359016610759e-01
6.075608318844781024e+04 1.000258410635585848e+00
6.075608344850852154e+04 1.002370908064767141e+00
6.075608370856922556e+04 9.985793063612391496e-01
6.075608396862992959e+04 9.961050361756409455e-01
6.075608422869064088e+04 1.004128098549624815e+00
6.075608448875134491e+04 9.981797668698041415e-01
6.075608474881204893e+04 9.982270137842129687e-01
6.075608500887276023e+04 9.909288949901278176e-01
6.075608526893346425e+04 1.007560408140037778e+00
6.075608552899416827e+04 9.963171228610451235e-01
6.075608578905487957e+04 1.013354203996297498e+00
6.075608604911557632e+04 1.005316527563902440e+00
6.075608630917628761e+04 1.002693571992538280e+00
6.075608656923699164e+04 1.000132414191845509e+00
6.075608682929770293e+04 9.995053610712428815e-01
6.075608708935840696e+04 1.001225381909034207e+00
6.075608734941911098e+04 1.002270564398174413e+00
6.075608760947981500e+04 1.003680498739163207e+00
6.075608786954052630e+04 9.965766035261649503e-01
6.075608812960123760e+04 1.005189883072307389e+00
6.075608838966194162e+04 1.011488876079366994e+00
6.075608864972264564e+04 1.003022113994983977e+00
6.075608890978334966e+04 1.004289703217526419e+00
6.075608916984406096e+04 1.017115683613984300e+00
6.075609076569380704e+04 1.009705474881185339e+00
6.075609102575441648e+04 1.000847400191360759e+00
6.075609128581501136e+04 9.956471252720299203e-01
6.075609154587561352e+04 9.956425206360913771e-01
6.075609180593621568e+04 1.005326384673393525e+00
6.075609206599681784e+04 1.008362765892823365e+00
6.075609232605741272e+04 1.001141693247573183e+00
6.075609258611801488e+04 9.880605382896288091e-01
6.075609284617860976e+04 9.989655132253563163e-01
6.075609310623921192e+04 9.999261521136214581e-01
6.075609336629981408e+04 1.007174935473456712e+00
6.075609362636040896e+04 9.962164550154070097e-01
6.075609388642101840e+04 1.003129985626943332e+00
6.075609414648161328e+04 1.008945402933393076e+00
6.075609440654221544e+04 9.941567702390066152e-01
6.075609466660281760e+04 9.904090735332988782e-01
6.075609492666341976e+04 9.976370971312379377e-01
6.075609518672402191e+04 9.973581843635390687e-01
6.075609544678461680e+04 1.007562664000049679e+00
6.075609570684521896e+04 1.008070019991573751e+00
6.075609596690581384e+04 1.014675677910175100e+00
6.075609622696641600e+04 1.001951036881104207e+00
6.075609648702701088e+04 1.015378391605898267e+00
6.075609674708762032e+04 1.011866308497875622e+00
6.075609700714822247e+04 1.006250658132924691e+00
6.075609726720881736e+04 1.002104866934779626e+00
6.075609752726942679e+04 1.002425137216920614e+00
6.075609778733002167e+04 1.004209622513650091e+00
6.075609804739062383e+04 1.011489172586203189e+00
6.075609830745121872e+04 1.007957322424312574e+00
6.075609856751182087e+04 1.000005198589190236e+00
6.075609882757242303e+04 1.000740164129603871e+00
6.075609908763301792e+04 1.003781965639922058e+00
6.075609934769362008e+04 1.000815558470586453e+00
6.075609960775422223e+04 1.006513589364840255e+00
6.075609986781482439e+04 1.008540521742708584e+00
6.075610012787541928e+04 1.012977723563732502e+00
6.075610038793602143e+04 1.005803279033269826e+00
6.075610064799663087e+04 1.002182577648025763e+00
6.075610090805722575e+04 1.006243488140759812e+00
6.075610116811782791e+04 1.002813706642389224e+00
6.075610142817842279e+04 1.005698291594984584e+00
6.075610168823902495e+04 1.014191956363967861e+00
6.075610194829962711e+04 1.005176522647327930e+00
6.075610220836022199e+04 1.006212362565767293e+00
6.075610246842083143e+04 1.006689290999427611e+00
6.075610272848142631e+04 1.013056195675847260e+00
6.075610298854202847e+04 1.018546042862407353e+00
6.075610324860263063e+04 1.013995595721881582e+00
6.075610350866323279e+04 1.002093027051631058e+00
6.075610376872383495e+04 1.008388611398791213e+00
6.075610402878442983e+04 1.008062842219109800e+00
6.075610428884503199e+04 1.000107189530826224e+00
6.075610454890563415e+04 9.994532462661180894e-01
6.075610480896622903e+04 9.971198653041180027e-01
6.075610506902683119e+04 1.011180869372601432e+00
6.075610532908743335e+04 9.925802613063831048e-01
6.075610558914803551e+04 9.898789800454441679e-01
6.075610584920863766e+04 1.017084810648633431e+00
6.075610610926923255e+04 9.989347619697539482e-01
6.075610636932984198e+04 1.000702811339220899e+00
6.075610662939043686e+04 1.011334858463548203e+00
6.075610688945103902e+04 1.013082141262842795e+00
6.075610714951164118e+04 9.949977804624987598e-01
6.075610740957223607e+04 1.005074333118381347e+00
6.075610766963283822e+04 1.010875531146089745e+00
6.075610792969343311e+04 1.006409272815115941e+00
6.075610818975403527e+04 1.000771201064002192e+00
6.075610844981464470e+04 1.005809843556286998e+00
6.075610870987523958e+04 1.010232390092331345e+00
6.075610896993584174e+04 9.925134643330667528e-01
6.075610922999644390e+04 1.007040721840385622e+00
6.075610949005704606e+04 1.000638901627683319e+00
6.075610975011764822e+04 1.002637177676546809e+00
6.075611001017824310e+04 9.957637783327474290e-01
6.075611027023884526e+04 1.002776068683929989e+00
6.075611053029944742e+04 9.953527221043810824e-01
6.075611079036004230e+04 9.988354929549839722e-01
6.075611105042064446e+04 1.004651353477952425e+00
6.075611131048124662e+04 1.009246958621519807e+00
6.075611157054184878e+04 1.005234472999821493e+00
6.075611183060245094e+04 9.938457401335863972e-01
6.075611209066305310e+04 1.004479434541338589e+00
6.075611235072365525e+04 1.011273199867638528e+00
6.075611261078425741e+04 1.008153982428827034e+00
6.075611287084485230e+04 9.974651517211460261e-01
6.075611313090545445e+04 1.007842907133095878e+00
6.075611339096604934e+04 9.991886157540045277e-01
6.075611365102665150e+04 9.982983087238141984e-01
6.075611391108725365e+04 1.011701300212703325e+00
6.075611417114785581e+04 1.010928961825031669e+00
6.075611443120845797e+04 1.012885118941384777e+00
6.075611469126906013e+04 9.937110904548929202e-01
6.075611495132966229e+04 1.000012454806553652e+00
6.075611521139026445e+04 9.960891687272581674e-01
6.075611547145085933e+04 1.000367994108869452e+00
6.075611573151146149e+04 1.009767398785696546e+00
6.075611599157206365e+04 1.002967721977299442e+00
6.075611625163265853e+04 9.979234478481184833e-01
6.075611651169326069e+04 1.009854196257447212e+00
6.075611677175386285e+04 1.001255828654453506e+00
6.075611703181446501e+04 1.007677863814491204e+00
6.075611729187506717e+04 1.002462783069099306e+00
6.075611755193566933e+04 9.937841963539923995e-01
6.075611781199626421e+04 9.921564944916642093e-01
6.075611807205687364e+04 1.008708628289635145e+00
6.075611833211747580e+04 1.011726019326618431e+00
6.075611859217807068e+04 1.001622018815082171e+00
6.075611885223867284e+04 9.872460599312959939e-01
6.075611911229926773e+04 9.869747406765664310e-01
6.075612077117233275e+04 9.941400315271805566e-01
6.075612103123303677e+04 1.009841545055004897e+00
6.075612129129374080e+04 1.003100313834387913e+00
6.075612155135445209e+04 1.016485024306962082e+00
6.075612181141516339e+04 9.983612784885010916e-01
6.075612207147586741e+04 1.001840620047317998e+00
6.075612233153657144e+04 9.956752889904397774e-01
6.075612259159728274e+04 9.984155369069480646e-01
6.075612285165798676e+04 1.002162253195554964e+00
6.075612311171869806e+04 1.008541070060634093e+00
6.075612337177940935e+04 1.005808570441720118e+00
6.075612363184010610e+04 1.008244677379454224e+00
6.075612389190081740e+04 1.004387619517346231e+00
6.075612415196152870e+04 9.976966589920284179e-01
6.075612441202222544e+04 1.004283086459768271e+00
6.075612467208293674e+04 1.005920768677287080e+00
6.075612493214364804e+04 9.946130288738330716e-01
6.075612519220435206e+04 9.990077777334985809e-01
6.075612545226506336e+04 1.010232762951674745e+00
6.075612571232576738e+04 1.007461376795102170e+00
6.075612597238647140e+04 9.949197530590311311e-01
6.075612623244718270e+04 1.005623856128039728e+00
6.075612649250789400e+04 9.946111271955315747e-01
6.075612675256859802e+04 1.006774362570394654e+00
6.075612701262930204e+04 9.975774690356551400e-01
6.075612727269001334e+04 1.002532584859868514e+00
6.075612753275071736e+04 1.000045721706551038e+00
6.075612779281142139e+04 9.944780665317382029e-01
6.075612805287213268e+04 1.001739150583450533e+00
6.075612831293283671e+04 9.930162416151459004e-01
6.075612857299354800e+04 9.970593925618865816e-01
6.075612883305425930e+04 1.001244338432393688e+00
6.075612909311495605e+04 9.941457384631584571e-01
6.075612935317566735e+04 9.958633159263773349e-01
6.075612961323637865e+04 1.003945095958479472e+00
6.075612987329708267e+04 1.006314524081695971e+00
6.075613013335779397e+04 1.002481347394527322e+00
6.075613039341849799e+04 1.007965806552338472e+00
6.075613065347920201e+04 9.947627203316465883e-01
6.075613091353991331e+04 9.886147686593939055e-01
6.075613117360061733e+04 9.979623554697424348e-01
6.075613143366133590e+04 9.915556234075382225e-01
6.075613169372203265e+04 1.001683715892626836e+00
6.075613195378274395e+04 9.840424532666904867e-01
6.075613221384345525e+04 9.990565507361459652e-01
6.075613247390415199e+04 9.940286700236009576e-01
6.075613273396486329e+04 9.883295006480267153e-01
6.075613299402557459e+04 9.964145710509185738e-01
6.075613325408627861e+04 9.861345399447275506e-01
6.075613351414698991e+04 9.967572408926347327e-01
6.075613377420769393e+04 9.936061234048154667e-01
6.075613403426840523e+04 1.000644215511935275e+00
6.075613429432910925e+04 9.976595363381550730e-01
6.075613455438982055e+04 9.886912613073667311e-01
6.075613481445053185e+04 9.986894140758001415e-01
6.075613507451122859e+04 9.946856274224585848e-01
6.075613533457193989e+04 9.922042197514263639e-01
6.075613559463265119e+04 9.790477028549758876e-01
6.075613585469334794e+04 1.000437968792406318e+00
6.075613611475405924e+04 1.006776785231483506e+00
6.075613637481477053e+04 9.976790739653926821e-01
6.075613663487548183e+04 9.931513001005221053e-01
6.075613689493618585e+04 9.942473061065677520e-01
6.075613715499688988e+04 9.926124382797399948e-01
6.075613741505760117e+04 9.987118142511456353e-01
6.075613767511830520e+04 1.002849334934514447e+00
6.075613793517901649e+04 9.873815480724378313e-01
6.075613819523972779e+04 9.827267738358478333e-01
6.075613845530043181e+04 9.960390433831050050e-01
6.075613871536113584e+04 9.912091502739405202e-01
6.075613897542184714e+04 1.002686889141865878e+00
6.075613923548255116e+04 9.955445196914167738e-01
6.075613949554325518e+04 9.960216283245569846e-01
6.075613975560396648e+04 9.890258238636508992e-01
6.075614001566467778e+04 9.914813115747708183e-01
6.075614027572538907e+04 9.922779806794639335e-01
6.075614053578608582e+04 9.925661148043439796e-01
6.075614079584679712e+04 9.977112965058760885e-01
6.075614105590750842e+04 9.950451647963325374e-01
6.075614131596821244e+04 9.976108471002989031e-01
6.075614157602892374e+04 9.905833329442842450e-01
6.075614183608962776e+04 9.963428976029983231e-01
6.075614209615033906e+04 9.906901913995993514e-01
6.075614235621104308e+04 9.764268610055725217e-01
6.075614261627174710e+04 9.907575158853741959e-01
6.075614287633246568e+04 9.877637111957356941e-01
6.075614313639316970e+04 1.002841436135661013e+00
6.075614339645387372e+04 9.957653737273436390e-01
6.075614365651458502e+04 9.990751964052656531e-01
6.075614391657528904e+04 9.899135782831024466e-01
6.075614417663600034e+04 9.840614067652281305e-01
6.075614443669670436e+04 9.963939468801845667e-01
6.075614469675741566e+04 9.942230976154643463e-01
6.075614495681812696e+04 9.861324497001748846e-01
6.075614521687882370e+04 9.869194071554343584e-01
6.075614547693953500e+04 9.995165494967114261e-01
6.075614573700024630e+04 9.897430427706777056e-01
6.075614599706095760e+04 1.001992838378266359e+00
6.075614625712166162e+04 9.923359275645703415e-01
6.075614651718236564e+04 9.934608331906514822e-01
6.075614677724307694e+04 9.940101343397089728e-01
6.075614703730378824e+04 9.924355105665254584e-01
6.075614729736448498e+04 9.893280738383324335e-01
6.075614755742519628e+04 9.895661127388910572e-01
6.075614781748590758e+04 1.002358322683759351e+00
6.075614807754661888e+04 9.973135329305217178e-01
6.075614833760732290e+04 9.881914010785088909e-01
6.075614859766802692e+04 9.969265823000857951e-01
6.075614885772873822e+04 9.816770581850793320e-01
6.075614911778944952e+04 9.944812605023916063e-01
