6.075547523418369383e+04 9.959380976038758604e-01
6.075547549424438330e+04 9.861526528973399985e-01
6.075547575430508005e+04 9.930791270939228754e-01
6.075547601436576224e+04 9.954165606714200365e-01
6.075547627442645899e+04 9.875244184937376213e-01
6.075547653448714846e+04 9.881686900669754969e-01
6.075547679454784520e+04 9.936004597666512339e-01
6.075547705460853467e+04 1.006741456757400011e+00
6.075547731466922414e+04 1.006838896286474716e+00
6.075547757472991361e+04 1.000032359745632871e+00
6.075547783479061036e+04 1.002295389656207458e+00
6.075547809485129255e+04 9.920642400732357924e-01
6.075547835491198930e+04 9.909436938754281332e-01
6.075547861497267877e+04 9.877873934999400474e-01
6.075547887503337552e+04 1.001648041733088412e+00
6.075547913509406499e+04 9.857622929456805183e-01
6.075547939515475446e+04 9.960852374198058135e-01
6.075547965521544393e+04 1.007492566022057057e+00
6.075547991527614067e+04 1.015948063006497648e+00
6.075548017533683014e+04 1.002297211691243195e+00
6.075548043539752689e+04 1.000688119919514563e+00
6.075548069545820908e+04 9.973811478447871526e-01
6.075548095551890583e+04 1.005189575300470928e+00
6.075548121557959530e+04 1.003968028683179803e+00
6.075548147564028477e+04 9.879718783152774408e-01
6.075548173570098152e+04 1.000750830053758422e+00
6.075548199576167099e+04 1.003282253830280579e+00
6.075548225582236773e+04 9.984425747569094511e-01
6.075548251588305720e+04 1.003579280201824631e+00
6.075548277594374667e+04 9.935812090101981964e-01
6.075548303600443614e+04 1.010905263348955252e+00
6.075548329606513289e+04 1.000318946720807123e+00
6.075548355612582236e+04 1.004813491383909740e+00
6.075548381618651911e+04 1.008994659000028049e+00
6.075548407624720130e+04 9.936084061010925783e-01
6.075548433630789805e+04 1.001056015040591163e+00
6.075548459636858752e+04 1.000528676208710888e+00
6.075548485642928426e+04 9.950201369659446016e-01
6.075548511648997373e+04 9.902768394529321005e-01
6.075548537655066320e+04 1.007972950942749524e+00
6.075548563661135267e+04 1.000769985336010581e+00
6.075548589667204942e+04 9.818066491168508936e-01
6.075548615673273162e+04 9.990854361184285937e-01
6.075548641679342836e+04 9.870597567700104547e-01
6.075548667685411783e+04 9.960803729905067794e-01
6.075548693691481458e+04 1.000448335581823667e+00
6.075548719697551132e+04 1.011355588082896828e+00
6.075548745703619352e+04 9.883785305785753872e-01
6.075548771709689026e+04 1.004392449949447874e+00
6.075548797715757973e+04 1.004554822770406863e+00
6.075548823721827648e+04 1.001338420773269178e+00
6.075548849727896595e+04 9.927729115416011885e-01
6.075548875733965542e+04 1.020165444431613722e+00
6.075548901740034489e+04 1.009309366711213851e+00
6.075548927746104164e+04 9.931797378225687423e-01
6.075548953752172383e+04 9.978310586709855379e-01
6.075548979758242058e+04 9.984721163589397319e-01
6.075549005764311732e+04 9.885221416568980013e-01
6.075549031770380680e+04 1.005038066971372324e+00
6.075549057776450354e+04 9.981115002209305365e-01
6.075549083782518574e+04 9.952753330951868982e-01
6.075549109788588248e+04 9.861192045034431475e-01
6.075549135794657195e+04 9.931243419839648201e-01
6.075549161800726870e+04 1.004685466706539687e+00
6.075549187806795817e+04 9.950788010826254748e-01
6.075549213812864764e+04 9.935908505291559667e-01
6.075549239818933711e+04 1.014793414316501163e+00
6.075549265825003386e+04 1.004172945880008383e+00
6.075549291831072333e+04 1.000332980631015056e+00
6.075549317837142007e+04 9.949622595412220827e-01
6.075549343843210954e+04 9.986592204475497336e-01
6.075549369849279901e+04 1.006597610631726036e+00
6.075549395855349576e+04 1.002335057926659667e+00
6.075549421861417795e+04 1.022135226975250388e+00
6.075549447867487470e+04 1.006908651193557658e+00
6.075549473873556417e+04 1.008558520801461578e+00
6.075549499879626092e+04 1.007064984953649489e+00
6.075549525885695766e+04 9.889131587502536513e-01
6.075549551891763986e+04 1.005143410011780869e+00
6.075549577897833660e+04 1.022629208129029355e+00
6.075549603903902607e+04 1.009216402913506894e+00
6.075549629909972282e+04 1.016663251504253740e+00
6.075549655916041229e+04 9.934704226116682912e-01
6.075549681922110176e+04 1.001971262049177414e+00
6.075549707928179851e+04 1.013499163422992622e+00
6.075549733934248798e+04 9.930248801100793887e-01
6.075549759940317745e+04 1.002071899971949120e+00
6.075549785946386692e+04 9.970807209800593984e-01
6.075549811952456366e+04 1.006055205460431257e+00
6.075549837958525313e+04 9.866841109417056055e-01
6.075549863964594988e+04 9.994728491735302978e-01
6.075549889970663935e+04 1.004728620661861305e+00
6.075549915976732882e+04 9.933401057620884211e-01
6.075549941982802557e+04 9.897766602446212980e-01
6.075549967988871504e+04 9.963325203084898440e-01
6.075549993994941178e+04 9.869089378139662694e-01
6.075550020001009398e+04 9.922091903369442134e-01
6.075550046007079072e+04 9.857729121725686827e-01
6.075550072013148747e+04 1.010347343110156171e+00
6.075550098019216966e+04 9.971490518188427243e-01
6.075550124025286641e+04 9.954157997809579550e-01
6.075550150031355588e+04 9.885835456522744646e-01
6.075550176037425263e+04 1.007785408020884566e+00
6.075550202043494210e+04 1.027332611012073960e+00
6.075550228049563157e+04 1.000284773770427238e+00
6.075550254055632831e+04 1.001217720607565420e+00
6.075550280061701778e+04 1.003664362239299335e+00
6.075550306067771453e+04 1.001128807362833273e+00
6.075550332073840400e+04 1.021027141010756978e+00
6.075550358079909347e+04 1.013375734820763707e+00
6.075550513883041276e+04 9.914283660422604783e-01
6.075550539889110951e+04 1.009222110087195423e+00
6.075550565895179898e+04 9.939784331869017109e-01
6.075550591901248845e+04 1.009001668232678117e+00
6.075550617907318519e+04 1.011276876406634662e+00
6.075550643913387466e+04 9.983921265803723522e-01
6.075550669919457141e+04 9.991584101582945410e-01
6.075550695925526088e+04 9.764658981557008399e-01
6.075550721931595035e+04 1.012265977125833327e+00
6.075550747937664710e+04 9.751350339536118961e-01
6.075550773943733657e+04 1.004744407640549175e+00
6.075550799949803331e+04 9.845619147544650840e-01
6.075550825955872278e+04 9.984255498806829943e-01
6.075550851961941225e+04 1.000469296894922477e+00
6.075550877968010900e+04 1.015000727222963084e+00
6.075550903974079847e+04 9.904475796496936546e-01
6.075550929980148794e+04 9.982930498847144563e-01
6.075550955986217741e+04 1.003064263402308809e+00
6.075550981992287416e+04 9.897877205042816540e-01
6.075551007998357090e+04 1.002043821320708572e+00
6.075551034004426037e+04 1.004379188612313678e+00
6.075551060010494984e+04 1.000045154223333288e+00
6.075551086016564659e+04 9.891963604761494500e-01
6.075551112022633606e+04 1.011938434558735000e+00
6.075551138028703281e+04 1.008563517998023018e+00
6.075551164034772228e+04 9.964171609400747087e-01
6.075551190040841175e+04 1.001926493406501306e+00
6.075551216046910849e+04 9.848132979427975942e-01
6.075551242052979796e+04 9.989233503214980381e-01
6.075551268059049471e+04 1.004006086724042568e+00
6.075551294065118418e+04 9.970390278297720510e-01
6.075551320071187365e+04 9.920325692853515509e-01
6.075551346077257040e+04 9.952285713077664298e-01
6.075551372083325987e+04 1.024958824174317495e+00
6.075551398089394934e+04 9.982725929390194874e-01
6.075551424095464608e+04 9.968772464071045114e-01
6.075551450101533555e+04 9.933194485064943402e-01
6.075551476107603230e+04 9.942354020504052814e-01
6.075551502113672177e+04 9.962417843286113239e-01
6.075551528119741124e+04 9.926796150861908474e-01
6.075551554125810799e+04 1.010509103451622703e+00
6.075551580131879746e+04 9.928060884725234958e-01
6.075551606137949420e+04 9.979105165475433692e-01
6.075551632144019095e+04 9.965686313491114445e-01
6.075551658150087314e+04 9.966198417055280867e-01
6.075551684156156989e+04 1.000086597767112950e+00
6.075551710162226664e+04 1.001357170782889883e+00
6.075551736168294883e+04 1.013369507035881245e+00
6.075551762174364558e+04 9.776573886761856791e-01
6.075551788180433505e+04 9.947002001212958966e-01
6.075551814186503179e+04 1.000832520524234770e+00
6.075551840192572854e+04 9.909831916198307278e-01
6.075551866198641073e+04 9.941115195231723378e-01
6.075551892204710748e+04 1.006165242409632787e+00
6.075551918210780423e+04 1.003730873457825634e+00
6.075551944216849370e+04 1.006817137054456524e+00
6.075551970222919044e+04 9.943473643413571761e-01
6.075551996228987991e+04 1.002126495698293152e+00
6.075552022235056938e+04 9.985106405280012032e-01
6.075552048241126613e+04 9.809899472190740655e-01
6.075552074247194832e+04 9.833845671160217350e-01
6.075552100253265235e+04 9.976767993219239905e-01
6.075552126259334182e+04 1.012411443779273501e+00
6.075552152265403129e+04 9.889196442050018909e-01
6.075552178271472803e+04 9.883987928468725981e-01
6.075552204277541750e+04 1.012678947916537675e+00
6.075552230283610697e+04 1.014580856870554548e+00
6.075552256289680372e+04 9.979328196778867177e-01
6.075552282295750047e+04 9.822253051001771373e-01
6.075552308301818994e+04 9.950643144316543287e-01
6.075552334307887941e+04 9.754718695965731712e-01
6.075552360313957615e+04 9.750305166968334936e-01
6.075552386320026562e+04 9.927952380114370978e-01
6.075552412326096237e+04 9.912924748522737861e-01
6.075552438332165912e+04 1.001135520850195304e+00
6.075552464338234131e+04 1.010482720000158263e+00
6.075552490344303806e+04 9.794689190892773567e-01
6.075552516350373480e+04 1.022657671505760035e+00
6.075552542356441700e+04 1.024242740502244065e+00
6.075552568362511374e+04 9.960512992936405574e-01
6.075552594368581049e+04 9.967028496153312878e-01
6.075552620374649996e+04 1.006428208718959105e+00
6.075552646380719671e+04 9.954806955106112465e-01
6.075552672386788618e+04 1.014414728675714139e+00
6.075552698392857565e+04 9.937352667016698948e-01
6.075552724398927239e+04 9.852974169040560337e-01
6.075552750404996914e+04 1.002587117296947605e+00
6.075552776411065861e+04 9.864999266784170162e-01
6.075552802417134808e+04 9.897628462203903466e-01
6.075552828423204483e+04 9.967956066294129114e-01
6.075552854429273430e+04 9.921016104497589749e-01
6.075552880435342377e+04 9.962547885472543552e-01
6.075552906441412051e+04 9.751477026862137576e-01
6.075552932447480998e+04 9.818311541790911701e-01
6.075552958453550673e+04 1.008566085932651291e+00
6.075552984459620347e+04 9.881038396604501228e-01
6.075553010465688567e+04 9.891171229283786115e-01
6.075553036471758242e+04 9.780468946224185611e-01
6.075553062477827916e+04 9.718007997220045047e-01
6.075553088483896863e+04 9.972785618822350706e-01
6.075553114489966538e+04 9.812126596675931900e-01
6.075553140496035485e+04 9.876483405582990871e-01
6.075553166502104432e+04 9.875292475233072853e-01
6.075553192508174106e+04 1.005060745084080054e+00
6.075553218514243054e+04 1.004226771322900946e+00
6.075553244520312728e+04 9.907328550981662207e-01
6.075553270526381675e+04 9.965711072241337787e-01
6.075553296532451350e+04 1.011806861346009390e+00
6.075553322538520297e+04 9.873269698376077042e-01
6.075553348544589244e+04 9.928033883742297672e-01
6.075553503087646095e+04 9.962339943698628186e-01
6.075553529093715770e+04 9.985466323844967018e-01
6.075553555099784717e+04 1.010295872980172538e+00
6.075553581105853664e+04 1.000060493691071972e+00
6.075553607111923338e+04 9.982289167628173310e-01
6.075553633117992285e+04 9.897960417894863250e-01
6.075553659124061960e+04 9.833251451464819493e-01
6.075553685130131635e+04 9.905089589756712609e-01
6.075553711136199854e+04 9.926874605592330703e-01
6.075553737142269529e+04 1.004988367346197675e+00
6.075553763148339203e+04 1.004339367461810184e+00
6.075553789154408878e+04 1.008805060242754514e+00
6.075553815160477825e+04 9.822283146917787366e-01
6.075553841166546772e+04 9.887522930182355285e-01
6.075553867172616447e+04 9.982075193731482221e-01
6.075553893178685394e+04 9.827720060197351337e-01
6.075553919184754341e+04 9.848541697879301671e-01
6.075553945190824015e+04 9.947338207076180661e-01
6.075553971196892962e+04 1.007726471931601697e+00
6.075553997202962637e+04 9.916034367383648185e-01
6.075554023209032312e+04 1.001263733471215334e+00
6.075554049215101259e+04 9.915863614452358199e-01
6.075554075221170206e+04 9.935944634268211173e-01
6.075554101227239880e+04 9.944459812621204708e-01
6.075554127233309555e+04 9.965230391527197806e-01
6.075554153239378502e+04 1.002235476606907483e+00
6.075554179245447449e+04 1.014944779663567109e+00
6.075554205251517124e+04 1.008449164329205505e+00
6.075554231257586798e+04 1.010770875790184986e+00
6.075554257263655018e+04 9.924388300492491544e-01
6.075554283269725420e+04 9.987281866736157365e-01
6.075554309275794367e+04 9.941548080395200548e-01
6.075554335281863314e+04 9.880916435366889905e-01
6.075554361287932988e+04 1.009776390944238766e+00
6.075554387294001936e+04 9.793823112780944973e-01
6.075554413300071610e+04 9.978116911854332249e-01
6.075554439306140557e+04 9.904427561756101728e-01
6.075554465312210232e+04 9.903441052516016585e-01
6.075554491318279906e+04 1.002438702570000340e+00
6.075554517324348853e+04 1.005266296208431109e+00
6.075554543330417800e+04 9.979660662690486017e-01
6.075554569336487475e+04 1.003047704335566781e+00
6.075554595342557150e+04 9.964796418541115308e-01
6.075554621348626097e+04 9.960644289999033285e-01
6.075554647354695044e+04 9.844339979315901434e-01
6.075554673360764718e+04 1.009766368951054982e+00
6.075554699366834393e+04 1.001405787309492812e+00
6.075554725372902612e+04 1.007107424616749292e+00
6.075554751378972287e+04 9.963495403672207873e-01
6.075554777385041962e+04 1.006752397092598006e+00
6.075554803391111636e+04 1.010079868648666501e+00
6.075554829397180583e+04 9.911263722551003630e-01
6.075554855403249530e+04 9.979211017429420183e-01
6.075554881409319205e+04 1.006082836065955277e+00
6.075554907415388152e+04 1.002049062080584862e+00
6.075554933421457827e+04 9.803384166611637252e-01
6.075554959427527501e+04 1.004399905360771950e+00
6.075554985433596448e+04 9.982384984181811305e-01
6.075555011439665395e+04 9.988474335278236804e-01
6.075555037445735070e+04 1.006483771960962281e+00
6.075555063451804017e+04 9.926053302927911881e-01
6.075555089457873692e+04 9.989504199645778959e-01
6.075555115463942639e+04 9.982335151729427869e-01
6.075555141470012313e+04 9.979949987951634016e-01
6.075555167476081988e+04 9.938923487338167106e-01
6.075555193482150935e+04 1.020904966352203846e+00
6.075555219488219882e+04 9.792987591115899226e-01
6.075555245494289557e+04 1.004784780376186015e+00
6.075555271500359231e+04 9.959303207576961636e-01
6.075555297506428906e+04 9.726879947412588878e-01
6.075555323512497125e+04 9.963074362055248656e-01
6.075555349518566800e+04 9.947056038415711399e-01
6.075555375524636474e+04 9.865386395811428510e-01
6.075555401530705421e+04 9.827074481185158472e-01
6.075555427536775096e+04 9.955860288535148817e-01
6.075555453542844043e+04 9.953627660815990152e-01
6.075555479548913718e+04 9.867545207180161704e-01
6.075555505554983392e+04 1.005358970138195529e+00
6.075555531561051612e+04 9.941396470690980758e-01
6.075555557567121286e+04 9.981121424421283139e-01
6.075555583573190961e+04 9.966533483483798195e-01
6.075555609579260636e+04 9.853279675562008899e-01
6.075555635585329583e+04 1.000154706602076615e+00
6.075555661591398530e+04 1.010789757403234956e+00
6.075555687597468204e+04 1.004571775244521348e+00
6.075555713603537879e+04 9.988574665108735928e-01
6.075555739609607554e+04 9.996659883177382300e-01
6.075555765615676501e+04 1.006365669703282339e+00
6.075555791621745448e+04 9.866062930334545955e-01
6.075555817627815122e+04 9.954391919832578095e-01
6.075555843633884797e+04 1.016751683119320404e+00
6.075555869639953016e+04 9.924818578516179102e-01
6.075555895646022691e+04 1.002598664912521143e+00
6.075555921652092366e+04 1.004733431406174882e+00
6.075555947658162040e+04 1.012657720370216508e+00
6.075555973664230987e+04 9.863904142456684232e-01
6.075555999670299934e+04 9.860168153907103994e-01
6.075556025676369609e+04 1.001773640711982605e+00
6.075556051682439283e+04 9.948121815683003133e-01
6.075556077688508958e+04 1.001322811620799724e+00
6.075556103694577905e+04 1.005932711651036593e+00
6.075556129700646852e+04 1.021221500182712516e+00
6.075556155706716527e+04 1.012160304106244135e+00
6.075556181712786201e+04 9.981979125463921187e-01
6.075556207718854421e+04 9.865008310499880917e-01
6.075556233724924095e+04 1.020730702591360117e+00
6.075556259730993770e+04 1.002828528481063186e+00
6.075556285737063445e+04 9.997735558849719650e-01
6.075556311743133119e+04 9.914401656636249172e-01
6.075556337749201339e+04 1.004601547613895640e+00
6.075556504896522529e+04 9.868478972294350005e-01
6.075556530902591476e+04 1.008203339056086945e+00
6.075556556908661150e+04 9.941366154735868932e-01
6.075556582914730097e+04 1.000294196921758028e+00
6.075556608920799772e+04 1.014630464436145241e+00
6.075556634926869447e+04 9.930020028118060615e-01
6.075556660932938394e+04 1.021359602637061270e+00
6.075556686939008068e+04 1.002653813689081019e+00
6.075556712945077015e+04 9.907581780355353418e-01
6.075556738951146690e+04 1.010307957130508916e+00
6.075556764957216365e+04 1.000607669081029494e+00
6.075556790963285312e+04 1.015334535351179790e+00
6.075556816969354986e+04 9.894080002132116247e-01
6.075556842975423933e+04 1.012971640569792386e+00
6.075556868981492880e+04 9.976758750441039325e-01
6.075556894987563282e+04 9.971310869590759296e-01
6.075556920993632230e+04 9.927056627849322190e-01
6.075556946999701904e+04 1.010720024678801066e+00
6.075556973005770851e+04 9.979814473855114221e-01
6.075556999011839798e+04 1.000523294072162228e+00
6.075557025017909473e+04 1.031285800962894905e+00
6.075557051023979147e+04 9.948921702354920349e-01
6.075557077030048822e+04 9.878700113939609118e-01
6.075557103036117769e+04 9.963333876732946015e-01
6.075557129042186716e+04 1.002898683192988250e+00
6.075557155048256391e+04 1.017692106766813209e+00
6.075557181054326065e+04 9.870645421611461412e-01
6.075557207060395740e+04 1.001646471941306071e+00
6.075557233066464687e+04 1.005371681839748454e+00
6.075557259072533634e+04 9.960685145205477875e-01
6.075557285078603309e+04 9.967777944585630712e-01
6.075557311084672983e+04 1.007480403394869217e+00
6.075557337090741930e+04 9.988179673094322863e-01
6.075557363096811605e+04 9.941740730437027551e-01
6.075557389102880552e+04 1.005473344321073492e+00
6.075557415108950227e+04 9.993487703481549467e-01
6.075557441115019901e+04 9.985149016447023573e-01
6.075557467121088848e+04 1.001033978000351432e+00
6.075557493127158523e+04 1.018392313396034421e+00
6.075557519133227470e+04 1.044805611244834731e+00
6.075557545139297144e+04 1.003219980879727524e+00
6.075557571145366819e+04 1.018319191769748056e+00
6.075557597151435766e+04 1.018628851966089321e+00
6.075557623157505441e+04 1.003984174346920222e+00
6.075557649163575115e+04 1.002862105823061345e+00
6.075557675169643335e+04 1.003079904325278937e+00
6.075557701175713009e+04 9.978746276699664852e-01
6.075557727181782684e+04 9.989135434517496526e-01
6.075557753187852359e+04 1.007267705776816680e+00
6.075557779193922033e+04 9.914046228610290390e-01
6.075557805199990980e+04 1.005093949340543080e+00
6.075557831206059927e+04 9.855467027532363034e-01
6.075557857212129602e+04 1.013428313430901451e+00
6.075557883218199277e+04 1.012613587870053955e+00
6.075557909224268951e+04 1.000671505520688065e+00
6.075557935230337898e+04 1.003826891994266113e+00
6.075557961236407573e+04 9.883259243143347472e-01
6.075557987242476520e+04 1.007931621805279176e+00
6.075558013248546195e+04 1.002687015815359350e+00
6.075558039254615869e+04 1.001961189269785502e+00
6.075558065260684816e+04 1.014624072536625121e+00
6.075558091266754491e+04 9.986746288391663562e-01
6.075558117272824165e+04 9.985461636676418173e-01
6.075558143278892385e+04 1.000825310109205279e+00
6.075558169284962059e+04 1.004326400921268903e+00
6.075558195291031734e+04 1.009543531914410597e+00
6.075558221297101409e+04 9.959161948570816048e-01
6.075558247303171083e+04 9.970549177357506121e-01
6.075558273309240030e+04 1.010862822844046383e+00
6.075558299315309705e+04 1.000345392592816962e+00
6.075558325321378652e+04 9.964662703035435110e-01
6.075558351327448327e+04 1.016576677711931387e+00
6.075558377333518001e+04 9.968985768267694114e-01
6.075558403339586948e+04 1.003841320156083183e+00
6.075558429345656623e+04 1.006792449707784698e+00
6.075558455351726298e+04 1.000310253248231307e+00
6.075558481357794517e+04 1.008552244516124130e+00
6.075558507363864192e+04 9.887246585448083991e-01
6.075558533369933866e+04 9.971714852429148790e-01
6.075558559376003541e+04 1.019371935662195305e+00
6.075558585382073215e+04 1.000825576374466230e+00
6.075558611388142162e+04 1.006953744564810016e+00
6.075558637394211837e+04 1.004408739881645696e+00
6.075558663400280784e+04 1.013784480003005806e+00
6.075558689406350459e+04 1.022161681151930068e+00
6.075558715412420133e+04 1.008067859677513001e+00
6.075558741418489080e+04 1.013178385007304616e+00
6.075558767424558755e+04 9.974166372470663067e-01
6.075558793430628430e+04 1.004785821027420978e+00
6.075558819436697377e+04 1.006066560740302984e+00
6.075558845442767051e+04 9.991681760321182715e-01
6.075558871448835998e+04 9.974138917758760270e-01
6.075558897454905673e+04 1.027401946556128376e+00
6.075558923460975348e+04 1.007345941184630167e+00
6.075558949467044295e+04 1.023657118817693723e+00
6.075558975473113969e+04 9.997380607537558195e-01
6.075559001479183644e+04 1.015328122672886524e+00
6.075559027485253318e+04 9.975742915892290563e-01
6.075559053491322265e+04 1.014913255667020842e+00
6.075559079497391212e+04 9.981896405114585313e-01
6.075559105503460887e+04 9.990504839484397603e-01
6.075559131509530562e+04 9.805475388511649681e-01
6.075559157515600236e+04 9.949367966283304554e-01
6.075559183521669911e+04 1.010749352417948499e+00
6.075559209527738858e+04 1.011345553406649334e+00
6.075559235533808533e+04 1.004119304728892992e+00
6.075559261539877480e+04 1.001747210836099855e+00
6.075559287545946427e+04 9.959024454212425104e-01
6.075559313552016101e+04 9.953140705521567044e-01
6.075559339558085776e+04 1.011923092828620474e+00
6.075559494101491873e+04 9.881484093710612981e-01
6.075559520107561548e+04 1.006009485703917017e+00
6.075559546113631222e+04 1.030511271924956951e+00
6.075559572119700897e+04 9.854058875719409194e-01
6.075559598125769844e+04 9.857205885936154433e-01
6.075559624131839519e+04 9.942248018141253141e-01
6.075559650137908466e+04 1.003036348124090926e+00
6.075559676143977413e+04 1.000789892552895299e+00
6.075559702150047087e+04 1.014988042917538635e+00
6.075559728156116762e+04 1.014137176369924065e+00
6.075559754162186437e+04 9.966581719990660337e-01
6.075559780168256111e+04 9.957587680249929685e-01
6.075559806174325058e+04 9.989550507750774022e-01
6.075559832180394733e+04 9.877342691500701211e-01
6.075559858186464407e+04 9.982266286365266694e-01
6.075559884192533355e+04 1.005544613077882454e+00
6.075559910198603029e+04 9.860314221176816885e-01
6.075559936204671976e+04 9.894095285682401597e-01
6.075559962210741651e+04 1.002114156295059733e+00
6.075559988216811325e+04 1.000819058456426269e+00
6.075560014222880272e+04 1.002980434864646497e+00
6.075560040228950675e+04 9.929917208346639157e-01
6.075560066235019622e+04 9.832896652047906638e-01
6.075560092241089296e+04 1.000407125601536773e+00
6.075560118247158971e+04 1.011745086449885811e+00
6.075560144253227918e+04 9.858577872509712847e-01
6.075560170259296865e+04 9.942599827610135721e-01
6.075560196265366540e+04 1.000805671658618445e+00
6.075560222271436214e+04 1.006762217676169691e+00
6.075560248277505889e+04 9.961426956616291628e-01
6.075560274283574836e+04 1.013281601749748351e+00
6.075560300289644510e+04 9.939554523803096897e-01
6.075560326295714185e+04 9.878166423798292461e-01
6.075560352301783860e+04 1.012762357480603503e+00
6.075560378307853534e+04 9.939739352602189326e-01
6.075560404313922481e+04 9.930983556591359562e-01
6.075560430319992156e+04 1.007243394631775368e+00
6.075560456326061831e+04 1.000927547486405000e+00
6.075560482332130050e+04 9.940517679390209471e-01
6.075560508338199725e+04 9.844290425820864110e-01
6.075560534344269399e+04 1.000765199939386729e+00
6.075560560350339074e+04 1.004449198983940805e+00
6.075560586356408749e+04 9.844872278009892952e-01
6.075560612362477696e+04 9.949218099462063813e-01
6.075560638368547370e+04 9.900365016462687739e-01
6.075560664374617045e+04 9.858305201648454030e-01
6.075560690380686719e+04 9.843455353981165334e-01
6.075560716386756394e+04 9.901451610620104482e-01
6.075560742392825341e+04 9.939523237349571216e-01
6.075560768398895016e+04 9.841576623536615331e-01
6.075560794404964690e+04 1.000454687545206722e+00
6.075560820411032910e+04 9.759469607576164440e-01
6.075560846417102584e+04 1.009932254447718947e+00
6.075560872423172259e+04 1.000319117429393501e+00
6.075560898429241934e+04 1.008600292189585801e+00
6.075560924435311608e+04 9.965980736420181341e-01
6.075560950441380555e+04 9.894943415989572166e-01
6.075560976447450230e+04 1.000439870540861254e+00
6.075561002453519905e+04 1.004031961395007277e+00
6.075561028459589579e+04 9.944096939094100307e-01
6.075561054465659254e+04 9.949647852178380436e-01
6.075561080471728201e+04 9.838691108665928997e-01
6.075561106477797875e+04 1.004488351463499241e+00
6.075561132483867550e+04 9.855427944420188657e-01
6.075561158489937225e+04 1.008067949794243523e+00
6.075561184496006899e+04 1.012360773593111718e+00
6.075561210502075846e+04 9.919319529271058977e-01
6.075561236508144793e+04 9.912517799145130759e-01
6.075561262514214468e+04 1.008862331964107684e+00
6.075561288520283415e+04 9.955989766965293031e-01
6.075561314526353090e+04 1.003231513127031738e+00
6.075561340532422764e+04 9.903865781888322450e-01
6.075561366538492439e+04 9.947255381371794547e-01
6.075561392544562113e+04 9.892841045971290104e-01
6.075561418550631060e+04 9.999107205343322757e-01
6.075561444556700735e+04 9.829912462662098172e-01
6.075561470562770410e+04 9.994857485182194745e-01
6.075561496568840084e+04 9.994080572156383013e-01
6.075561522574909759e+04 9.832930282213059314e-01
6.075561548580978706e+04 9.873447278708680219e-01
6.075561574587048381e+04 9.948613923618351285e-01
6.075561600593118055e+04 1.002312123536038824e+00
6.075561626599187002e+04 9.921704819597239045e-01
6.075561652605256677e+04 1.004472638701336962e+00
6.075561678611326352e+04 9.974963180289215803e-01
6.075561704617396026e+04 9.914848580448994975e-01
6.075561730623465701e+04 1.005063156494724774e+00
6.075561756629534648e+04 9.951433399601151697e-01
6.075561782635604322e+04 1.004422670617125535e+00
6.075561808641673269e+04 1.000035635857943195e+00
6.075561834647742944e+04 1.010569343857603331e+00
6.075561860653812619e+04 9.956829277488208341e-01
6.075561886659881566e+04 1.013111952495521439e+00
6.075561912665951240e+04 9.921393650935839137e-01
6.075561938672020915e+04 1.003557054816975214e+00
6.075561964678089862e+04 1.002264460773411914e+00
6.075561990684160264e+04 1.005995993616315420e+00
6.075562016690229211e+04 1.009973269634828696e+00
6.075562042696298886e+04 9.915139920656174111e-01
6.075562068702368560e+04 9.876179893068184334e-01
6.075562094708437508e+04 1.002472898929563039e+00
6.075562120714507182e+04 9.943475875378290363e-01
6.075562146720576857e+04 9.943434231553780478e-01
6.075562172726646531e+04 9.969305125359229081e-01
6.075562198732716206e+04 9.937236182423961894e-01
6.075562224738785153e+04 1.015956685343883059e+00
6.075562250744854828e+04 1.032474912902276110e+00
6.075562276750924502e+04 1.015753182511836439e+00
6.075562302756994177e+04 9.947422266380350209e-01
6.075562328763063852e+04 9.943047967333331627e-01
6.075562490904599690e+04 1.013685911975813481e+00
6.075562516909990518e+04 1.009568009625499085e+00
6.075562542915379890e+04 9.958453224009290450e-01
6.075562568920769263e+04 9.968887952093097304e-01
6.075562594926160091e+04 1.004728670083784969e+00
6.075562620931549463e+04 9.896230408818459390e-01
6.075562646936939564e+04 9.849049052012033290e-01
6.075562672942329664e+04 9.960024087682548544e-01
6.075562698947719036e+04 9.962289522406467812e-01
6.075562724953109864e+04 9.955383309222542998e-01
6.075562750958499237e+04 1.010473633030222418e+00
6.075562776963889337e+04 1.022286085047835691e+00
6.075562802969280165e+04 9.823161240627437119e-01
6.075562828974669537e+04 1.002570395037339246e+00
6.075562854980059637e+04 1.000652662295665074e+00
6.075562880985449738e+04 1.015908773615485705e+00
6.075562906990839110e+04 9.946865045814112793e-01
6.075562932996229938e+04 9.979814655150961444e-01
6.075562959001619311e+04 1.012850140972709090e+00
6.075562985007009411e+04 9.976867175243913088e-01
6.075563011012399511e+04 1.003271131453578047e+00
6.075563037017788884e+04 9.962348654889566779e-01
6.075563063023179711e+04 9.926727297765086666e-01
6.075563089028569084e+04 9.995994870271434074e-01
6.075563115033958456e+04 9.904378858292293142e-01
6.075563141039349284e+04 1.004907759990075755e+00
6.075563167044738657e+04 1.009797437673565890e+00
6.075563193050128757e+04 1.005895017033983763e+00
6.075563219055518857e+04 9.908375723336898533e-01
6.075563245060908230e+04 9.852343782459485055e-01
6.075563271066299058e+04 1.009403401917497778e+00
6.075563297071688430e+04 9.842090012255840792e-01
6.075563323077078530e+04 9.964610175726887897e-01
6.075563349082468631e+04 1.013522260824232912e+00
6.075563375087858003e+04 1.003403732532858417e+00
6.075563401093248831e+04 9.814904803775877928e-01
6.075563427098638203e+04 1.002494172397093264e+00
6.075563453104027576e+04 1.005950388118234562e+00
6.075563479109418404e+04 1.003692223416256413e+00
6.075563505114807776e+04 1.000399825301218959e+00
6.075563531120197877e+04 1.004385538753623797e+00
6.075563557125588704e+04 1.005094984990106299e+00
6.075563583130978077e+04 1.000183977365524335e+00
6.075563609136368905e+04 9.838881727108842457e-01
6.075563635141758277e+04 9.775477661712790312e-01
6.075563661147148377e+04 9.982633713234848605e-01
6.075563687152538478e+04 9.946314774318948393e-01
6.075563713157927850e+04 9.914773446944072921e-01
6.075563739163318678e+04 9.956467551864818244e-01
6.075563765168708051e+04 1.002025998237686455e+00
6.075563791174097423e+04 1.018192925535362559e+00
6.075563817179488251e+04 9.815911260645741043e-01
6.075563843184877624e+04 9.839910945029833877e-01
6.075563869190267724e+04 1.013094972803187499e+00
6.075563895195657824e+04 9.912371429655977284e-01
6.075563921201047197e+04 1.019043754465094542e+00
6.075563947206438024e+04 9.876876105643400683e-01
6.075563973211827397e+04 1.008284704887655980e+00
6.075563999217217497e+04 9.973449114759854739e-01
6.075564025222608325e+04 9.967047948800356050e-01
6.075564051227997697e+04 1.009721591245783756e+00
6.075564077233388525e+04 9.897290155764484343e-01
6.075564103238777898e+04 9.997465717360410897e-01
6.075564129244167270e+04 9.986854607124594496e-01
6.075564155249558098e+04 1.013451125396875208e+00
6.075564181254947471e+04 1.003512426790487355e+00
6.075564207260337571e+04 1.005246470891399735e+00
6.075564233265727671e+04 1.002965119806727756e+00
6.075564259271117044e+04 1.007834064787172634e+00
6.075564285276507871e+04 9.893683511098269046e-01
6.075564311281897244e+04 9.967839946379833949e-01
6.075564337287286617e+04 1.004724099807821514e+00
6.075564363292677444e+04 9.930842566567891216e-01
6.075564389298066817e+04 9.999800732556399785e-01
6.075564415303458372e+04 9.969243151258002644e-01
6.075564441308847745e+04 1.005896670998283060e+00
6.075564467314237118e+04 1.000262819540183701e+00
6.075564493319627945e+04 1.019175682982075504e+00
6.075564519325017318e+04 9.906592555230726571e-01
6.075564545330407418e+04 1.019195032694587777e+00
6.075564571335797518e+04 1.019143850946905516e+00
6.075564597341186891e+04 1.004277714671272248e+00
6.075564623346577719e+04 9.946751260788198046e-01
6.075564649351967091e+04 9.859063680552508924e-01
6.075564675357356464e+04 1.008418588207377509e+00
6.075564701362747292e+04 1.003576480209891209e+00
6.075564727368136664e+04 9.993521591116526492e-01
6.075564753373527492e+04 9.936717335559531739e-01
6.075564779378917592e+04 9.949347669266466188e-01
6.075564805384306965e+04 1.007491973429698540e+00
6.075564831389697792e+04 9.995944641353231574e-01
6.075564857395087165e+04 1.010414454320646138e+00
6.075564883400477265e+04 1.001867421305826067e+00
6.075564909405867365e+04 9.885464228161497946e-01
6.075564935411256738e+04 9.915489350790562817e-01
6.075564961416647566e+04 1.011567443195584781e+00
6.075564987422036938e+04 1.009191432406391753e+00
6.075565013427426311e+04 1.004676934031074387e+00
6.075565039432817866e+04 9.901873469487278978e-01
6.075565065438207239e+04 1.002817114509843233e+00
6.075565091443597339e+04 1.003839672097014857e+00
6.075565117448987439e+04 9.925685896000587816e-01
6.075565143454376812e+04 1.019798149401200504e+00
6.075565169459767640e+04 9.975293734843687643e-01
6.075565195465157012e+04 1.000937846373501028e+00
6.075565221470547112e+04 1.002239686886123637e+00
6.075565247475937213e+04 9.828768765532396312e-01
6.075565273481326585e+04 1.004950942130240721e+00
6.075565299486718141e+04 1.009840060339548540e+00
6.075565325492107513e+04 1.002659993861387822e+00
6.075565492676799477e+04 9.891386638956349842e-01
6.075565518682868424e+04 1.017789271506859494e+00
6.075565544688938098e+04 9.873352518025130253e-01
6.075565570695007773e+04 1.009089521608444118e+00
6.075565596701077448e+04 9.920118628539964512e-01
6.075565622707147122e+04 1.009565801024812082e+00
6.075565648713216069e+04 1.013837382155623690e+00
6.075565674719285744e+04 1.007536556208974643e+00
6.075565700725356146e+04 9.933606961863652440e-01
6.075565726731425821e+04 9.940883149682931963e-01
6.075565752737495495e+04 9.932700337235418342e-01
6.075565778743564442e+04 1.003304447873925920e+00
6.075565804749634117e+04 1.007001617030975238e+00
6.075565830755703792e+04 9.969310060988825217e-01
6.075565856761772739e+04 1.009874777961148329e+00
6.075565882767842413e+04 1.012408789994567071e+00
6.075565908773912088e+04 9.927722669114348308e-01
6.075565934779981762e+04 9.906154835557914318e-01
6.075565960786051437e+04 1.004954732574153464e+00
6.075565986792121112e+04 1.003839711288180281e+00
6.075566012798190786e+04 1.001690312390100868e+00
6.075566038804260461e+04 1.002026628569615774e+00
6.075566064810330136e+04 1.009460568557938309e+00
6.075566090816399810e+04 9.950608383991336181e-01
6.075566116822468757e+04 9.931165633845862040e-01
6.075566142828538432e+04 1.003044473901593348e+00
6.075566168834608106e+04 9.920537596965646188e-01
6.075566194840677781e+04 1.018879043238260618e+00
6.075566220846748183e+04 1.006669214580506955e+00
6.075566246852817130e+04 9.973089747285731610e-01
6.075566272858886805e+04 1.015873079987393179e+00
6.075566298864956480e+04 1.013042608692273472e+00
6.075566324871025427e+04 9.930430372859494481e-01
6.075566350877095101e+04 1.002746257495354731e+00
6.075566376883164776e+04 1.004618338678050504e+00
6.075566402889234450e+04 1.012743050859129745e+00
6.075566428895304125e+04 1.008707168822499112e+00
6.075566454901373800e+04 1.007676046732013386e+00
6.075566480907443474e+04 1.007792971935975501e+00
6.075566506913513149e+04 1.005191353642222563e+00
6.075566532919582824e+04 1.006288764865470364e+00
6.075566558925652498e+04 1.008085508031422828e+00
6.075566584931721445e+04 9.804292099368419056e-01
6.075566610937791120e+04 9.961113145862983131e-01
6.075566636943860794e+04 1.001518209850329022e+00
6.075566662949930469e+04 1.014273891396959781e+00
6.075566688956000144e+04 9.932479429380772773e-01
6.075566714962069818e+04 9.839885387518915172e-01
6.075566740968139493e+04 9.910648829367068036e-01
6.075566766974209168e+04 1.002464773444133428e+00
6.075566792980278115e+04 9.853825476359159286e-01
6.075566818986347789e+04 9.910990018209038244e-01
6.075566844992417464e+04 9.920897655070805010e-01
6.075566870998487866e+04 1.004033505756981581e+00
6.075566897004557541e+04 1.001196073000241160e+00
6.075566923010626488e+04 1.000358489286956809e+00
6.075566949016696162e+04 1.011760969753405348e+00
6.075566975022765837e+04 9.999712774697634421e-01
6.075567001028834784e+04 9.935421902808292405e-01
6.075567027034905186e+04 9.837816154424237070e-01
6.075567053040974133e+04 1.016924227661534230e+00
6.075567079047044535e+04 1.009640878576830936e+00
6.075567105053114210e+04 1.005014433792921213e+00
6.075567131059183157e+04 9.926084971979380889e-01
6.075567157065252832e+04 1.002499763563002633e+00
6.075567183071322506e+04 9.987339580282055262e-01
6.075567209077392181e+04 1.007763531242490629e+00
6.075567235083461856e+04 9.922613604857406511e-01
6.075567261089531530e+04 1.000638026961770510e+00
6.075567287095601205e+04 1.007676242898305041e+00
6.075567313101670879e+04 1.002956872577473568e+00
6.075567339107740554e+04 1.005226747703179990e+00
6.075567365113810229e+04 9.949360145498908903e-01
6.075567391119879176e+04 1.010194163987882421e+00
6.075567417125948850e+04 9.856855167369418247e-01
6.075567443132019253e+04 1.000667518546673129e+00
6.075567469138088200e+04 9.991313628876005160e-01
6.075567495144157874e+04 1.002992915364886883e+00
6.075567521150227549e+04 1.010382717860765389e+00
6.075567547156297223e+04 1.002515035794222964e+00
6.075567573162366898e+04 1.007624040728690717e+00
6.075567599168436573e+04 1.000074016226025986e+00
6.075567625174506247e+04 1.032367491978325891e+00
6.075567651180575922e+04 1.011507814102926117e+00
6.075567677186645597e+04 1.010380703819410808e+00
6.075567703192715271e+04 1.000315930480591753e+00
6.075567729198784218e+04 1.002618807930988343e+00
6.075567755204853893e+04 1.009808105580829229e+00
6.075567781210924295e+04 9.964791916189181809e-01
6.075567807216993242e+04 1.010748938357379112e+00
6.075567833223062917e+04 9.966585651312197536e-01
6.075567859229132591e+04 1.001612328590159251e+00
6.075567885235202266e+04 1.004127728335063141e+00
6.075567911241271941e+04 1.009477164003060645e+00
6.075567937247341615e+04 1.004379514578109589e+00
6.075567963253411290e+04 9.927119057117137491e-01
6.075567989259480964e+04 9.983273712126743415e-01
6.075568015265550639e+04 1.002639529880269942e+00
6.075568041271620314e+04 9.891299496673212621e-01
6.075568067277689261e+04 9.972394088943604684e-01
6.075568093283759663e+04 1.012354606778549160e+00
6.075568119289829338e+04 1.020715317830082514e+00
6.075568145295898285e+04 9.984820280228504652e-01
6.075568171301968687e+04 1.004271992944654857e+00
6.075568197308037634e+04 1.013137983228776795e+00
6.075568223314107308e+04 9.918751650705652789e-01
6.075568249320177711e+04 1.014405425272639105e+00
6.075568275326246658e+04 1.002175714209516899e+00
6.075568301332316332e+04 1.008667883053878667e+00
6.075568327338386007e+04 1.002213556756175850e+00
6.075568483179301256e+04 9.781098768551732547e-01
6.075568509184680443e+04 1.008457823703776013e+00
6.075568535190059629e+04 1.000767448268762072e+00
6.075568561195438815e+04 1.000132664775190916e+00
6.075568587200818729e+04 9.922514119520896569e-01
6.075568613206199370e+04 9.961125376620069138e-01
6.075568639211578557e+04 9.938021968795737182e-01
6.075568665216957743e+04 1.003831549817570723e+00
6.075568691222336929e+04 9.947274682397339030e-01
6.075568717227716115e+04 9.914188619377455325e-01
6.075568743233096029e+04 1.010287239339898058e+00
6.075568769238475215e+04 9.943490816893095774e-01
6.075568795243854402e+04 9.945433920698577568e-01
6.075568821249233588e+04 1.015198215720745978e+00
6.075568847254613502e+04 9.899560512072265173e-01
6.075568873259992688e+04 9.923630331529973425e-01
6.075568899265372602e+04 9.982300854968654269e-01
6.075568925270752516e+04 9.969544556934927249e-01
6.075568951276131702e+04 9.956899887976777830e-01
6.075568977281511616e+04 9.991865222884231956e-01
6.075569003286890802e+04 9.887205824109750463e-01
6.075569029292269988e+04 1.000749996173875056e+00
6.075569055297649174e+04 1.005262629339443325e+00
6.075569081303029088e+04 1.005831056678037072e+00
6.075569107308408275e+04 1.001607478838754117e+00
6.075569133313787461e+04 1.000866371110861852e+00
6.075569159319166647e+04 1.005073539788808867e+00
6.075569185324547288e+04 1.010328095895406619e+00
6.075569211329927202e+04 9.963817982686863362e-01
6.075569237335306389e+04 1.006478233434055625e+00
6.075569263340685575e+04 9.883424999291575697e-01
6.075569289346064761e+04 1.001669007848362103e+00
6.075569315351444675e+04 1.013788551431534790e+00
6.075569341356823861e+04 1.003029405449452183e+00
6.075569367362203047e+04 9.961863024568966551e-01
6.075569393367582234e+04 9.980662751783454523e-01
6.075569419372962147e+04 9.956898379215983752e-01
6.075569445378341334e+04 1.021900576821633155e+00
6.075569471383720520e+04 1.016488726553823607e+00
6.075569497389100434e+04 1.000269435082022484e+00
6.075569523394481075e+04 9.955083192968796624e-01
6.075569549399860261e+04 9.993222178697686031e-01
6.075569575405239448e+04 9.953983707123185143e-01
6.075569601410618634e+04 1.000863692937390859e+00
6.075569627415998548e+04 1.006134045157089041e+00
6.075569653421377734e+04 1.019368882415588873e+00
6.075569679426756920e+04 1.005223856430080165e+00
6.075569705432136107e+04 1.001998189317786503e+00
6.075569731437516020e+04 1.012474533012544420e+00
6.075569757442895207e+04 1.002628465376070643e+00
6.075569783448274393e+04 9.963690686017524500e-01
6.075569809453654307e+04 9.759507257246348155e-01
6.075569835459034948e+04 1.003788427304634023e+00
6.075569861464414134e+04 1.004699097874876434e+00
6.075569887469793321e+04 1.003605050530951948e+00
6.075569913475172507e+04 1.005471778930352000e+00
6.075569939480552421e+04 1.001827768442741906e+00
6.075569965485931607e+04 1.013955584074127891e+00
6.075569991491310793e+04 9.974846354776014667e-01
6.075570017496689979e+04 1.002083672479186838e+00
6.075570043502069893e+04 1.010701134949476332e+00
6.075570069507449080e+04 1.012249990828339774e+00
6.075570095512828993e+04 1.018606673119342165e+00
6.075570121518208907e+04 9.938626376705440579e-01
6.075570147523588821e+04 1.001445136351042153e+00
6.075570173528968007e+04 1.002961651058272619e+00
6.075570199534347194e+04 1.008296804532967217e+00
6.075570225539727107e+04 1.002086920006889592e+00
6.075570251545106294e+04 9.910688899259305629e-01
6.075570277550485480e+04 9.878852108021857203e-01
6.075570303555864666e+04 9.864401992117164397e-01
6.075570329561244580e+04 1.002804972275294526e+00
6.075570355566623766e+04 9.971796933731870149e-01
6.075570381572002952e+04 1.009607514365423286e+00
6.075570407577382866e+04 1.005392956972142038e+00
6.075570433582763508e+04 9.886181627194630117e-01
6.075570459588142694e+04 9.992696658472854931e-01
6.075570485593521880e+04 9.878953101303179496e-01
6.075570511598901066e+04 9.988567163082321398e-01
6.075570537604280980e+04 9.885482895342733167e-01
6.075570563609660167e+04 9.894299747709028869e-01
6.075570589615039353e+04 9.983101785596573130e-01
6.075570615620419267e+04 9.862171114035780395e-01
6.075570641625798453e+04 1.008331936482571356e+00
6.075570667631177639e+04 9.924178598753391478e-01
6.075570693636557553e+04 9.984640720131027214e-01
6.075570719641938194e+04 1.002821342855409359e+00
6.075570745647317381e+04 9.865597808752188946e-01
6.075570771652696567e+04 9.962462723321249269e-01
6.075570797658076481e+04 9.925044005848349116e-01
6.075570823663455667e+04 1.000578557675281699e+00
6.075570849668834853e+04 9.775767504170950195e-01
6.075570875674214039e+04 9.963479880465123673e-01
6.075570901679593953e+04 1.000124351741271678e+00
6.075570927684973140e+04 1.013165574762392662e+00
6.075570953690352326e+04 9.904388186870239918e-01
6.075570979695732240e+04 1.001972359737708596e+00
6.075571005701112153e+04 9.966143291100995061e-01
6.075571031706492067e+04 1.003029396227915315e+00
6.075571057711871254e+04 1.027176003144785188e+00
6.075571083717251167e+04 9.826400556334242697e-01
6.075571109722630354e+04 9.990207827255210837e-01
6.075571135728009540e+04 1.018225162672372841e+00
6.075571161733389454e+04 1.009248614740507977e+00
6.075571187738768640e+04 1.017269482841980821e+00
6.075571213744147826e+04 1.002667418582162906e+00
6.075571239749527740e+04 1.008562011051154617e+00
6.075571265754906926e+04 9.980950510731012582e-01
6.075571291760286840e+04 1.000248231396257070e+00
6.075571317765666754e+04 9.988686753651935257e-01
6.075571474868715450e+04 9.845015780143290263e-01
6.075571500874785124e+04 1.017516759363761514e+00
6.075571526880854799e+04 9.850298077116061979e-01
6.075571552886924474e+04 9.883191039729838367e-01
6.075571578892994148e+04 1.009880583913986385e+00
6.075571604899063823e+04 9.971480868191202607e-01
6.075571630905133497e+04 9.885936263183215944e-01
6.075571656911203172e+04 1.003279442127568588e+00
6.075571682917273574e+04 1.009744352409551960e+00
6.075571708923342521e+04 9.895527069137649567e-01
6.075571734929412196e+04 9.989038287627151069e-01
6.075571760935482598e+04 1.000001800615456959e+00
6.075571786941552273e+04 9.950077520930038499e-01
6.075571812947621947e+04 1.017378835107262347e+00
6.075571838953690894e+04 9.992149477944634040e-01
6.075571864959761297e+04 1.016137478493037039e+00
6.075571890965830971e+04 9.916059430050634393e-01
6.075571916971899918e+04 1.010229821821139629e+00
6.075571942977970320e+04 1.001472022097878334e+00
6.075571968984039995e+04 9.958031963621992722e-01
6.075571994990109670e+04 9.927641034965378752e-01
6.075572020996180072e+04 9.971622948936471609e-01
6.075572047002249019e+04 9.963473522774370927e-01
6.075572073008318694e+04 1.016612775385629330e+00
6.075572099014388368e+04 1.003859795999713533e+00
6.075572125020458770e+04 1.009801117945010152e+00
6.075572151026528445e+04 1.003030553598783570e+00
6.075572177032597392e+04 1.010314607135187837e+00
6.075572203038667794e+04 9.926761395779167829e-01
6.075572229044737469e+04 9.939568382169814420e-01
6.075572255050806416e+04 9.705551076139720124e-01
6.075572281056877546e+04 1.000358272250421843e+00
6.075572307062946493e+04 9.991998009004204873e-01
6.075572333069016167e+04 1.003708503997266410e+00
6.075572359075086570e+04 9.981546850240741175e-01
6.075572385081155517e+04 9.920588361985739345e-01
6.075572411087225191e+04 9.865892643773988002e-01
6.075572437093294866e+04 9.819016526237493991e-01
6.075572463099365268e+04 9.973165288010926721e-01
6.075572489105434943e+04 9.930646993180216597e-01
6.075572515111503890e+04 9.858412983145040664e-01
6.075572541117574292e+04 1.006537157122176396e+00
6.075572567123643967e+04 9.974105982810842486e-01
6.075572593129713641e+04 9.935462660356012554e-01
6.075572619135784043e+04 9.878836016304556322e-01
6.075572645141852990e+04 9.962063989693060728e-01
6.075572671147922665e+04 9.979990174274944170e-01
6.075572697153993067e+04 9.910579486727456588e-01
6.075572723160062014e+04 9.994196374485235790e-01
6.075572749166131689e+04 1.001942516865841126e+00
6.075572775172202091e+04 1.013826518932150256e+00
6.075572801178271766e+04 1.008191285736572684e+00
6.075572827184341440e+04 1.012180298312707727e+00
6.075572853190411115e+04 9.985689810562889956e-01
6.075572879196480790e+04 1.002490118099508276e+00
6.075572905202550464e+04 1.025302534837592594e+00
6.075572931208620867e+04 1.000358689709926141e+00
6.075572957214690541e+04 9.998386189672938684e-01
6.075572983220759488e+04 1.008683707432589838e+00
6.075573009226829890e+04 9.957000482183600010e-01
6.075573035232899565e+04 9.973055804269773672e-01
6.075573061238968512e+04 1.006854235779996998e+00
6.075573087245038914e+04 9.968351302717528561e-01
6.075573113251108589e+04 9.933489672944070259e-01
6.075573139257178264e+04 9.860421101289995605e-01
6.075573165263248666e+04 1.009980955411827974e+00
6.075573191269317613e+04 1.004876716137408144e+00
6.075573217275387287e+04 1.009568512864955192e+00
6.075573243281457690e+04 9.959854525494575839e-01
6.075573269287527364e+04 9.944648129278343962e-01
6.075573295293597039e+04 9.980104289867725020e-01
6.075573321299666713e+04 9.982066756159121423e-01
6.075573347305736388e+04 9.902750895639068629e-01
6.075573373311806063e+04 1.003800732349330538e+00
6.075573399317875737e+04 9.962207667809306333e-01
6.075573425323946140e+04 9.842236043722366601e-01
6.075573451330015087e+04 9.984787202493903280e-01
6.075573477336085489e+04 9.815307608148757801e-01
6.075573503342155163e+04 9.975337557202569316e-01
6.075573529348224110e+04 1.008213577912953074e+00
6.075573555354294513e+04 9.969211071737419383e-01
6.075573581360364187e+04 9.903336592607080435e-01
6.075573607366434589e+04 1.012438752872506287e+00
6.075573633372504264e+04 9.925916178690999958e-01
6.075573659378573211e+04 1.002735581162889522e+00
6.075573685384643613e+04 1.020338702274566689e+00
6.075573711390713288e+04 9.942102651830233562e-01
6.075573737396782963e+04 1.000011134476838315e+00
6.075573763402853365e+04 9.893553651858331133e-01
6.075573789408922312e+04 1.004333406207509771e+00
6.075573815414991986e+04 1.001912629585618220e+00
6.075573841421062389e+04 9.959093330136556954e-01
6.075573867427131336e+04 1.007558465512022439e+00
6.075573893433201010e+04 9.886073675209696709e-01
6.075573919439271413e+04 9.994467232055560535e-01
6.075573945445341087e+04 1.006495288626045204e+00
6.075573971451411489e+04 9.985732155896563933e-01
6.075573997457480436e+04 1.007970162777337197e+00
6.075574023463550111e+04 9.973807965170498058e-01
6.075574049469620513e+04 9.976286867380222967e-01
6.075574075475690188e+04 1.010941161943033961e+00
6.075574101481759863e+04 1.000494755863923446e+00
6.075574127487829537e+04 1.019712644497561271e+00
6.075574153493899212e+04 9.996124231025662610e-01
6.075574179499969614e+04 9.912113231038540695e-01
6.075574205506038561e+04 9.946972827609836809e-01
6.075574231512108236e+04 9.842721525102046121e-01
6.075574257518178638e+04 9.990275480876686931e-01
6.075574283524248312e+04 1.003295192333306440e+00
6.075574309530317987e+04 9.977158915642512227e-01
6.075574483016229351e+04 1.010351223276895416e+00
6.075574509021608537e+04 1.016312367636286185e+00
6.075574535026989179e+04 1.014679764842978393e+00
6.075574561032369093e+04 9.762047995117609789e-01
6.075574587037748279e+04 1.003714948372824489e+00
6.075574613043128193e+04 1.004669268864408993e+00
6.075574639048507379e+04 1.000811087300576885e+00
6.075574665053887293e+04 9.949705434273428128e-01
6.075574691059266479e+04 1.002526473327037149e+00
6.075574717064645665e+04 1.022261403344054687e+00
6.075574743070025579e+04 9.891026186789052543e-01
6.075574769075404765e+04 1.007926604867209974e+00
6.075574795080784679e+04 9.996710035148862472e-01
6.075574821086163865e+04 9.869857452076018500e-01
6.075574847091544507e+04 9.868013506764329312e-01
6.075574873096924421e+04 9.850648728652884323e-01
6.075574899102303607e+04 9.984440057369661226e-01
6.075574925107683521e+04 9.894002595681125056e-01
6.075574951113062707e+04 9.920454789952249941e-01
6.075574977118442621e+04 1.008962158620850591e+00
6.075575003123821807e+04 9.934174363050990442e-01
6.075575029129201721e+04 1.000178207877905123e+00
6.075575055134580907e+04 1.011498144988087988e+00
6.075575081139960093e+04 1.003756078578490918e+00
6.075575107145340007e+04 1.009845320086996789e+00
6.075575133150719921e+04 1.004117805021996768e+00
6.075575159156100563e+04 1.014699148768877679e+00
6.075575185161479749e+04 1.012188488632140171e+00
6.075575211166859663e+04 9.984196195397452289e-01
6.075575237172238849e+04 1.005369563477173322e+00
6.075575263177618035e+04 9.924739773216884053e-01
6.075575289182997949e+04 1.004437537543218406e+00
6.075575315188377135e+04 9.854593952526240486e-01
6.075575341193757049e+04 1.007802476427323679e+00
6.075575367199136235e+04 1.016166302523086484e+00
6.075575393204516149e+04 1.019502687850108336e+00
6.075575419209895335e+04 9.924298407183547166e-01
6.075575445215275249e+04 1.005266320207266473e+00
6.075575471220655891e+04 9.939179057130582695e-01
6.075575497226035077e+04 1.002390230204183164e+00
6.075575523231414991e+04 1.010395252454198811e+00
6.075575549236794177e+04 9.965487531941703558e-01
6.075575575242174091e+04 9.901094632199076706e-01
6.075575601247553277e+04 1.026054945302545818e+00
6.075575627252933191e+04 1.008283661478396098e+00
6.075575653258312377e+04 1.006687725297209957e+00
6.075575679263691563e+04 1.012850659430854172e+00
6.075575705269071477e+04 1.007701342439349501e+00
6.075575731274451391e+04 1.001350062362971638e+00
6.075575757279832033e+04 1.007174904717331732e+00
6.075575783285211219e+04 1.005480799349741439e+00
6.075575809290591133e+04 9.863120813736089287e-01
6.075575835295970319e+04 1.027930371603422932e+00
6.075575861301350233e+04 1.009015076522718823e+00
6.075575887306729419e+04 1.012752217056658965e+00
6.075575913312109333e+04 1.017228844082362249e+00
6.075575939317488519e+04 1.012201836087585072e+00
6.075575965322867705e+04 1.014393071151140635e+00
6.075575991328247619e+04 9.906626603282786547e-01
6.075576017333626805e+04 9.836731485023024746e-01
6.075576043339007447e+04 1.010963949884010171e+00
6.075576069344387361e+04 9.880351609219367726e-01
6.075576095349767274e+04 1.016180009264295858e+00
6.075576121355146461e+04 9.986129841679364239e-01
6.075576147360526375e+04 9.884471863922954515e-01
6.075576173365905561e+04 1.009418583040174733e+00
6.075576199371285475e+04 9.945591410354158723e-01
6.075576225376664661e+04 1.010297857631562213e+00
6.075576251382044575e+04 1.002384529202627883e+00
6.075576277387423761e+04 9.974944361546446148e-01
6.075576303392802947e+04 9.929444140965256738e-01
6.075576329398183589e+04 1.002694557252809426e+00
6.075576355403563502e+04 1.019897507386497093e+00
6.075576381408943416e+04 1.006793368615429562e+00
6.075576407414322603e+04 9.927994736456061675e-01
6.075576433419702516e+04 1.015326399152865822e+00
6.075576459425081703e+04 1.010643958676806564e+00
6.075576485430461616e+04 9.979614225656213700e-01
6.075576511435840803e+04 9.943361119682032623e-01
6.075576537441220717e+04 9.966628850942734763e-01
6.075576563446599903e+04 9.955787645331506397e-01
6.075576589451979817e+04 1.015738276082750691e+00
6.075576615457359003e+04 9.951049295857533616e-01
6.075576641462739644e+04 9.955187854816135440e-01
6.075576667468119558e+04 1.002676256443510994e+00
6.075576693473499472e+04 9.932375597007481183e-01
6.075576719478878658e+04 9.851160945182558804e-01
6.075576745484258572e+04 9.873108474744120011e-01
6.075576771489637758e+04 1.016258098892091066e+00
6.075576797495017672e+04 9.913137090746680924e-01
6.075576823500396858e+04 1.001495851984829377e+00
6.075576849505776045e+04 9.968766513297960818e-01
6.075576875511155959e+04 9.942856885820614554e-01
6.075576901516535145e+04 9.994155771193840021e-01
6.075576927521915786e+04 9.847780112447950263e-01
6.075576953527295700e+04 1.008047653165224267e+00
6.075576979532675614e+04 1.000169431433093559e+00
6.075577005538054800e+04 1.002118870870695178e+00
6.075577031543434714e+04 9.862898307856423630e-01
6.075577057548813900e+04 1.002021178887351871e+00
6.075577083554193814e+04 1.000675622707894785e+00
6.075577109559573000e+04 1.012272012266592247e+00
6.075577135564952914e+04 1.007639369254412109e+00
6.075577161570332100e+04 1.002246150028215821e+00
6.075577187575712014e+04 1.002173181371929012e+00
6.075577213581091200e+04 9.925224286754665837e-01
6.075577239586471842e+04 9.844983267021795159e-01
6.075577265591851756e+04 1.001247320734620416e+00
6.075577291597231670e+04 9.977876471981216300e-01
6.075577317602610856e+04 1.012633338509510761e+00
