6.075547523418369383e+04 9.955895832926994204e-01
6.075547549424438330e+04 9.859027937837370192e-01
6.075547575430508005e+04 9.929347878440620834e-01
6.075547601436576224e+04 9.953015754175799090e-01
6.075547627442645899e+04 9.873651098193825248e-01
6.075547653448714846e+04 9.879656876698110768e-01
6.075547679454784520e+04 9.933943534882726523e-01
6.075547705460853467e+04 1.006597143282893736e+00
6.075547731466922414e+04 1.006737680411168956e+00
6.075547757472991361e+04 9.999341674803570168e-01
6.075547783479061036e+04 1.002215810494266668e+00
6.075547809485129255e+04 9.920068874462399933e-01
6.075547835491198930e+04 9.908292942301979433e-01
6.075547861497267877e+04 9.875959117570286550e-01
6.075547887503337552e+04 1.001487113781047045e+00
6.075547913509406499e+04 9.856938530628400752e-01
6.075547939515475446e+04 9.960996126356103098e-01
6.075547965521544393e+04 1.007573350940395462e+00
6.075547991527614067e+04 1.016034743887579861e+00
6.075548017533683014e+04 1.002314605251507507e+00
6.075548043539752689e+04 1.000656753355578577e+00
6.075548069545820908e+04 9.973681930188936784e-01
6.075548095551890583e+04 1.005240653630784742e+00
6.075548121557959530e+04 1.004056386215151031e+00
6.075548147564028477e+04 9.880285833365402004e-01
6.075548173570098152e+04 1.000776967910332438e+00
6.075548199576167099e+04 1.003330889062555853e+00
6.075548225582236773e+04 9.985652672963540866e-01
6.075548251588305720e+04 1.003762400995623860e+00
6.075548277594374667e+04 9.937760835805129478e-01
6.075548303600443614e+04 1.011090500154617322e+00
6.075548329606513289e+04 1.000469332874103445e+00
6.075548355612582236e+04 1.004919922750942662e+00
6.075548381618651911e+04 1.009157453289327266e+00
6.075548407624720130e+04 9.938684325489695048e-01
6.075548433630789805e+04 1.001325909010774451e+00
6.075548459636858752e+04 1.000796595285830870e+00
6.075548485642928426e+04 9.952961715901896822e-01
6.075548511648997373e+04 9.905247762553623936e-01
6.075548537655066320e+04 1.008213451766776458e+00
6.075548563661135267e+04 1.001064803579696960e+00
6.075548589667204942e+04 9.821209384972697798e-01
6.075548615673273162e+04 9.993700053046846721e-01
6.075548641679342836e+04 9.873400320752511172e-01
6.075548667685411783e+04 9.963637407135116364e-01
6.075548693691481458e+04 1.000721611855555748e+00
6.075548719697551132e+04 1.011690604002114968e+00
6.075548745703619352e+04 9.888200923552200594e-01
6.075548771709689026e+04 1.004876027435003483e+00
6.075548797715757973e+04 1.004965179211155579e+00
6.075548823721827648e+04 1.001675826701827754e+00
6.075548849727896595e+04 9.931135838249268710e-01
6.075548875733965542e+04 1.020532695295930825e+00
6.075548901740034489e+04 1.009686909896749807e+00
6.075548927746104164e+04 9.935792229353772598e-01
6.075548953752172383e+04 9.982753816263698621e-01
6.075548979758242058e+04 9.989592866881042976e-01
6.075549005764311732e+04 9.890173092989222869e-01
6.075549031770380680e+04 1.005504948854573755e+00
6.075549057776450354e+04 9.985440417010977843e-01
6.075549083782518574e+04 9.957255176521088158e-01
6.075549109788588248e+04 9.865721868358503510e-01
6.075549135794657195e+04 9.935436536610877667e-01
6.075549161800726870e+04 1.005137960810912556e+00
6.075549187806795817e+04 9.955997958466006326e-01
6.075549213812864764e+04 9.941141879910104784e-01
6.075549239818933711e+04 1.015298747095868981e+00
6.075549265825003386e+04 1.004661505854900883e+00
6.075549291831072333e+04 1.000868936404390563e+00
6.075549317837142007e+04 9.955711651934986417e-01
6.075549343843210954e+04 9.992795072114718513e-01
6.075549369849279901e+04 1.007203577101654091e+00
6.075549395855349576e+04 1.002947833753545348e+00
6.075549421861417795e+04 1.022723940733487380e+00
6.075549447867487470e+04 1.007448555953767588e+00
6.075549473873556417e+04 1.009060623690962943e+00
6.075549499879626092e+04 1.007573213525003952e+00
6.075549525885695766e+04 9.894715623777634583e-01
6.075549551891763986e+04 1.005709398501653862e+00
6.075549577897833660e+04 1.023160844333676600e+00
6.075549603903902607e+04 1.009737001829864145e+00
6.075549629909972282e+04 1.017167629570143506e+00
6.075549655916041229e+04 9.939828272589548153e-01
6.075549681922110176e+04 1.002547218215195102e+00
6.075549707928179851e+04 1.014087513108667071e+00
6.075549733934248798e+04 9.935552130607101518e-01
6.075549759940317745e+04 1.002582447941340549e+00
6.075549785946386692e+04 9.976290398350315947e-01
6.075549811952456366e+04 1.006629134613365784e+00
6.075549837958525313e+04 9.872416139717713479e-01
6.075549863964594988e+04 1.000009505735636184e+00
6.075549889970663935e+04 1.005268716225197201e+00
6.075549915976732882e+04 9.939241351452123840e-01
6.075549941982802557e+04 9.903904895319822765e-01
6.075549967988871504e+04 9.969590814818088953e-01
6.075549993994941178e+04 9.875585809394563652e-01
6.075550020001009398e+04 9.929040581359692696e-01
6.075550046007079072e+04 9.865031707214868550e-01
6.075550072013148747e+04 1.011058792696940545e+00
6.075550098019216966e+04 9.978093584151168649e-01
6.075550124025286641e+04 9.960479208320812683e-01
6.075550150031355588e+04 9.892136464533364260e-01
6.075550176037425263e+04 1.008410889177184355e+00
6.075550202043494210e+04 1.027922418939167137e+00
6.075550228049563157e+04 1.000830619875704430e+00
6.075550254055632831e+04 1.001726817095617728e+00
6.075550280061701778e+04 1.004126359563450199e+00
6.075550306067771453e+04 1.001599817839808226e+00
6.075550332073840400e+04 1.021548674922488020e+00
6.075550358079909347e+04 1.013928636442191777e+00
6.075550513883041276e+04 9.919415685846338926e-01
6.075550539889110951e+04 1.009722504747212701e+00
6.075550565895179898e+04 9.944974793842452643e-01
6.075550591901248845e+04 1.009545444481169563e+00
6.075550617907318519e+04 1.011839995787282787e+00
6.075550643913387466e+04 9.989284750671845181e-01
6.075550669919457141e+04 9.996748281956813198e-01
6.075550695925526088e+04 9.770119586587827643e-01
6.075550721931595035e+04 1.012835855606605717e+00
6.075550747937664710e+04 9.756795496934939083e-01
6.075550773943733657e+04 1.005229866460326305e+00
6.075550799949803331e+04 9.849957202098631459e-01
6.075550825955872278e+04 9.988219904459815224e-01
6.075550851961941225e+04 1.000864936560048823e+00
6.075550877968010900e+04 1.015442020691739167e+00
6.075550903974079847e+04 9.909309363401737070e-01
6.075550929980148794e+04 9.987467562686721534e-01
6.075550955986217741e+04 1.003425400741098095e+00
6.075550981992287416e+04 9.900991261728084858e-01
6.075551007998357090e+04 1.002364105587927101e+00
6.075551034004426037e+04 1.004738368283224492e+00
6.075551060010494984e+04 1.000477761593443260e+00
6.075551086016564659e+04 9.896885020608965355e-01
6.075551112022633606e+04 1.012388224723015373e+00
6.075551138028703281e+04 1.008945855188188245e+00
6.075551164034772228e+04 9.967413636736106586e-01
6.075551190040841175e+04 1.002193196386759189e+00
6.075551216046910849e+04 9.850550780015431274e-01
6.075551242052979796e+04 9.991817302434592429e-01
6.075551268059049471e+04 1.004309476327742479e+00
6.075551294065118418e+04 9.973589684186118243e-01
6.075551320071187365e+04 9.923522973995672070e-01
6.075551346077257040e+04 9.955172422968808776e-01
6.075551372083325987e+04 1.025219541960856073e+00
6.075551398089394934e+04 9.985807585204885539e-01
6.075551424095464608e+04 9.972720619775802264e-01
6.075551450101533555e+04 9.937174028623692035e-01
6.075551476107603230e+04 9.945391172219006926e-01
6.075551502113672177e+04 9.964675213232692119e-01
6.075551528119741124e+04 9.929005866490857590e-01
6.075551554125810799e+04 1.010744781826251826e+00
6.075551580131879746e+04 9.930133591920291547e-01
6.075551606137949420e+04 9.980901903285861465e-01
6.075551632144019095e+04 9.967461669424978465e-01
6.075551658150087314e+04 9.967955539649334673e-01
6.075551684156156989e+04 1.000228206434390144e+00
6.075551710162226664e+04 1.001432374019978200e+00
6.075551736168294883e+04 1.013369334281339018e+00
6.075551762174364558e+04 9.776368417618318540e-01
6.075551788180433505e+04 9.947254472349124077e-01
6.075551814186503179e+04 1.000901865832155124e+00
6.075551840192572854e+04 9.910291834702696923e-01
6.075551866198641073e+04 9.941211956072988354e-01
6.075551892204710748e+04 1.006184422439706960e+00
6.075551918210780423e+04 1.003724825250119190e+00
6.075551944216849370e+04 1.006735206531778282e+00
6.075551970222919044e+04 9.942864322766501450e-01
6.075551996228987991e+04 1.002150696065629454e+00
6.075552022235056938e+04 9.985488752727320616e-01
6.075552048241126613e+04 9.809564170279819750e-01
6.075552074247194832e+04 9.832837007545131014e-01
6.075552100253265235e+04 9.975618993139351298e-01
6.075552126259334182e+04 1.012310077082497983e+00
6.075552152265403129e+04 9.888324518339812741e-01
6.075552178271472803e+04 9.883077752813850259e-01
6.075552204277541750e+04 1.012577941601448872e+00
6.075552230283610697e+04 1.014434936196590753e+00
6.075552256289680372e+04 9.977435125106540736e-01
6.075552282295750047e+04 9.820354650408343877e-01
6.075552308301818994e+04 9.948961685322763593e-01
6.075552334307887941e+04 9.753474026941004738e-01
6.075552360313957615e+04 9.749177240543643874e-01
6.075552386320026562e+04 9.926524515829586726e-01
6.075552412326096237e+04 9.911691521927552539e-01
6.075552438332165912e+04 1.001048868817050685e+00
6.075552464338234131e+04 1.010379265470989996e+00
6.075552490344303806e+04 9.793264990117068747e-01
6.075552516350373480e+04 1.022481717389436495e+00
6.075552542356441700e+04 1.024002970068346174e+00
6.075552568362511374e+04 9.957484829476349608e-01
6.075552594368581049e+04 9.963722245203859851e-01
6.075552620374649996e+04 1.006076088101679034e+00
6.075552646380719671e+04 9.951378909421596530e-01
6.075552672386788618e+04 1.014102162724948020e+00
6.075552698392857565e+04 9.934221259728166498e-01
6.075552724398927239e+04 9.849421732117451533e-01
6.075552750404996914e+04 1.002176779564549092e+00
6.075552776411065861e+04 9.860901297307116398e-01
6.075552802417134808e+04 9.893986828503918973e-01
6.075552828423204483e+04 9.964321779426918990e-01
6.075552854429273430e+04 9.916759693694964239e-01
6.075552880435342377e+04 9.957573318199910428e-01
6.075552906441412051e+04 9.746361362655834304e-01
6.075552932447480998e+04 9.813711663445010558e-01
6.075552958453550673e+04 1.008143066129817411e+00
6.075552984459620347e+04 9.876854074478080836e-01
6.075553010465688567e+04 9.886974001411016344e-01
6.075553036471758242e+04 9.776030590986630742e-01
6.075553062477827916e+04 9.713162135573844003e-01
6.075553088483896863e+04 9.967893468263956391e-01
6.075553114489966538e+04 9.807447826174849892e-01
6.075553140496035485e+04 9.872109199987418870e-01
6.075553166502104432e+04 9.871118237447357169e-01
6.075553192508174106e+04 1.004639793685539795e+00
6.075553218514243054e+04 1.003755329021446485e+00
6.075553244520312728e+04 9.902171883714226963e-01
6.075553270526381675e+04 9.960628982826466027e-01
6.075553296532451350e+04 1.011296885518957467e+00
6.075553322538520297e+04 9.868003036116221871e-01
6.075553348544589244e+04 9.922636192820825096e-01
6.075553503087646095e+04 9.956160142411056846e-01
6.075553529093715770e+04 9.978966239690997275e-01
6.075553555099784717e+04 1.009688041505625522e+00
6.075553581105853664e+04 9.994805756894008519e-01
6.075553607111923338e+04 9.976552309372184180e-01
6.075553633117992285e+04 9.892054863798862563e-01
6.075553659124061960e+04 9.826911886055393897e-01
6.075553685130131635e+04 9.898527128417081711e-01
6.075553711136199854e+04 9.920551047834643699e-01
6.075553737142269529e+04 1.004387777667267390e+00
6.075553763148339203e+04 1.003731656457394150e+00
6.075553789154408878e+04 1.008169705902598690e+00
6.075553815160477825e+04 9.815751318673020531e-01
6.075553841166546772e+04 9.880939844216776180e-01
6.075553867172616447e+04 9.975281959630798445e-01
6.075553893178685394e+04 9.821015688014718137e-01
6.075553919184754341e+04 9.842104522266079680e-01
6.075553945190824015e+04 9.941063644217670303e-01
6.075553971196892962e+04 1.007089236165240376e+00
6.075553997202962637e+04 9.909523419454984161e-01
6.075554023209032312e+04 1.000608078686024749e+00
6.075554049215101259e+04 9.909151844379020524e-01
6.075554075221170206e+04 9.929217323166975584e-01
6.075554101227239880e+04 9.938222030755863301e-01
6.075554127233309555e+04 9.959807123820556551e-01
6.075554153239378502e+04 1.001746640305660740e+00
6.075554179245447449e+04 1.014446947634493723e+00
6.075554205251517124e+04 1.007911863571646638e+00
6.075554231257586798e+04 1.010211377651335729e+00
6.075554257263655018e+04 9.918159510277834157e-01
6.075554283269725420e+04 9.980604366229917090e-01
6.075554309275794367e+04 9.935114647968542601e-01
6.075554335281863314e+04 9.875006900778402485e-01
6.075554361287932988e+04 1.009242117817417350e+00
6.075554387294001936e+04 9.788405952229024543e-01
6.075554413300071610e+04 9.972122268717957816e-01
6.075554439306140557e+04 9.897889916640638663e-01
6.075554465312210232e+04 9.896969545532640078e-01
6.075554491318279906e+04 1.001822591958432929e+00
6.075554517324348853e+04 1.004634313660691447e+00
6.075554543330417800e+04 9.973077521077908791e-01
6.075554569336487475e+04 1.002405445776567205e+00
6.075554595342557150e+04 9.958438725366747235e-01
6.075554621348626097e+04 9.954182835019756981e-01
6.075554647354695044e+04 9.837598231360449308e-01
6.075554673360764718e+04 1.009091842497488845e+00
6.075554699366834393e+04 1.000802931675245144e+00
6.075554725372902612e+04 1.006574658394532751e+00
6.075554751378972287e+04 9.958431084580194881e-01
6.075554777385041962e+04 1.006235875245431011e+00
6.075554803391111636e+04 1.009516318272837720e+00
6.075554829397180583e+04 9.905294396999766438e-01
6.075554855403249530e+04 9.973637641511532426e-01
6.075554881409319205e+04 1.005575416715292381e+00
6.075554907415388152e+04 1.001538703610481251e+00
6.075554933421457827e+04 9.798104110287357837e-01
6.075554959427527501e+04 1.003899057706942211e+00
6.075554985433596448e+04 9.977284348768599154e-01
6.075555011439665395e+04 9.983225497331604803e-01
6.075555037445735070e+04 1.005971968384482995e+00
6.075555063451804017e+04 9.920908304037052705e-01
6.075555089457873692e+04 9.984601527960658141e-01
6.075555115463942639e+04 9.977901385890139974e-01
6.075555141470012313e+04 9.975481701263163581e-01
6.075555167476081988e+04 9.934182039148805599e-01
6.075555193482150935e+04 1.020450653612873682e+00
6.075555219488219882e+04 9.789075583137571979e-01
6.075555245494289557e+04 1.004453625367901948e+00
6.075555271500359231e+04 9.955888946399956696e-01
6.075555297506428906e+04 9.723130025477433325e-01
6.075555323512497125e+04 9.959083857405406359e-01
6.075555349518566800e+04 9.942914867904435461e-01
6.075555375524636474e+04 9.861321636597931706e-01
6.075555401530705421e+04 9.823018927933662159e-01
6.075555427536775096e+04 9.951550256898404889e-01
6.075555453542844043e+04 9.948650300450314621e-01
6.075555479548913718e+04 9.862297482778369373e-01
6.075555505554983392e+04 1.004883079512473243e+00
6.075555531561051612e+04 9.936955578127077970e-01
6.075555557567121286e+04 9.976449279109791402e-01
6.075555583573190961e+04 9.961974620512249468e-01
6.075555609579260636e+04 9.849038202483769711e-01
6.075555635585329583e+04 9.997453205532567111e-01
6.075555661591398530e+04 1.010417974461632395e+00
6.075555687597468204e+04 1.004235912728897562e+00
6.075555713603537879e+04 9.985448143935748977e-01
6.075555739609607554e+04 9.993907445264648137e-01
6.075555765615676501e+04 1.006112845374471432e+00
6.075555791621745448e+04 9.863829721846757437e-01
6.075555817627815122e+04 9.952388195280434946e-01
6.075555843633884797e+04 1.016554518197061663e+00
6.075555869639953016e+04 9.922858887151635443e-01
6.075555895646022691e+04 1.002419276411455673e+00
6.075555921652092366e+04 1.004563534203135600e+00
6.075555947658162040e+04 1.012478147123269778e+00
6.075555973664230987e+04 9.862107439328939851e-01
6.075555999670299934e+04 9.858795139092070281e-01
6.075556025676369609e+04 1.001648769661439786e+00
6.075556051682439283e+04 9.946750507660073737e-01
6.075556077688508958e+04 1.001160324944302626e+00
6.075556103694577905e+04 1.005756819098980737e+00
6.075556129700646852e+04 1.021091677251805718e+00
6.075556155706716527e+04 1.012133968530364525e+00
6.075556181712786201e+04 9.982207401476328457e-01
6.075556207718854421e+04 9.865012036646122473e-01
6.075556233724924095e+04 1.020731363547727755e+00
6.075556259730993770e+04 1.002861326426713218e+00
6.075556285737063445e+04 9.998177575598971023e-01
6.075556311743133119e+04 9.915212259372817583e-01
6.075556337749201339e+04 1.004749244566964350e+00
6.075556504896522529e+04 9.870327930098837799e-01
6.075556530902591476e+04 1.008311884622035803e+00
6.075556556908661150e+04 9.942015233611056768e-01
6.075556582914730097e+04 1.000359391486453253e+00
6.075556608920799772e+04 1.014735503780389125e+00
6.075556634926869447e+04 9.931157240518273532e-01
6.075556660932938394e+04 1.021472561485083252e+00
6.075556686939008068e+04 1.002799300512891678e+00
6.075556712945077015e+04 9.909521932088991569e-01
6.075556738951146690e+04 1.010542730934843370e+00
6.075556764957216365e+04 1.000861587343947479e+00
6.075556790963285312e+04 1.015616227493646884e+00
6.075556816969354986e+04 9.896551578289569662e-01
6.075556842975423933e+04 1.013167751576033115e+00
6.075556868981492880e+04 9.978932525843992041e-01
6.075556894987563282e+04 9.973961171985530338e-01
6.075556920993632230e+04 9.929744823093110684e-01
6.075556946999701904e+04 1.010999277128368901e+00
6.075556973005770851e+04 9.983211479631854957e-01
6.075556999011839798e+04 1.000873164182826125e+00
6.075557025017909473e+04 1.031618666926760186e+00
6.075557051023979147e+04 9.952269641151917368e-01
6.075557077030048822e+04 9.882113009460324893e-01
6.075557103036117769e+04 9.966619300401370340e-01
6.075557129042186716e+04 1.003224417213566477e+00
6.075557155048256391e+04 1.018030820026442296e+00
6.075557181054326065e+04 9.873778420806240685e-01
6.075557207060395740e+04 1.001948901129730896e+00
6.075557233066464687e+04 1.005684895604905149e+00
6.075557259072533634e+04 9.963631805171833111e-01
6.075557285078603309e+04 9.970777257609257926e-01
6.075557311084672983e+04 1.007826838113516921e+00
6.075557337090741930e+04 9.991975223719945509e-01
6.075557363096811605e+04 9.945906592055611117e-01
6.075557389102880552e+04 1.005958771105355254e+00
6.075557415108950227e+04 9.998490608604696517e-01
6.075557441115019901e+04 9.989615822860172800e-01
6.075557467121088848e+04 1.001443230934655704e+00
6.075557493127158523e+04 1.018813213924762540e+00
6.075557519133227470e+04 1.045267586538904059e+00
6.075557545139297144e+04 1.003675275255562438e+00
6.075557571145366819e+04 1.018736026224048574e+00
6.075557597151435766e+04 1.019079286981519061e+00
6.075557623157505441e+04 1.004473608029307075e+00
6.075557649163575115e+04 1.003336673936834345e+00
6.075557675169643335e+04 1.003534119170714556e+00
6.075557701175713009e+04 9.983434622502695976e-01
6.075557727181782684e+04 9.994286904563826068e-01
6.075557753187852359e+04 1.007816961816728307e+00
6.075557779193922033e+04 9.919535091358867573e-01
6.075557805199990980e+04 1.005664304092125816e+00
6.075557831206059927e+04 9.861189523244937583e-01
6.075557857212129602e+04 1.013952830235506974e+00
6.075557883218199277e+04 1.013085940146352559e+00
6.075557909224268951e+04 1.001127718332228023e+00
6.075557935230337898e+04 1.004327475362460476e+00
6.075557961236407573e+04 9.888507077876097506e-01
6.075557987242476520e+04 1.008424795493778170e+00
6.075558013248546195e+04 1.003181957688931147e+00
6.075558039254615869e+04 1.002460036209126271e+00
6.075558065260684816e+04 1.015108817424756671e+00
6.075558091266754491e+04 9.991778135669746597e-01
6.075558117272824165e+04 9.990812729939311243e-01
6.075558143278892385e+04 1.001365597242965810e+00
6.075558169284962059e+04 1.004847847543541617e+00
6.075558195291031734e+04 1.010060144731011134e+00
6.075558221297101409e+04 9.964758491181623379e-01
6.075558247303171083e+04 9.976635791734926872e-01
6.075558273309240030e+04 1.011465889850390099e+00
6.075558299315309705e+04 1.000940495577186562e+00
6.075558325321378652e+04 9.970862226230137182e-01
6.075558351327448327e+04 1.017198349998774232e+00
6.075558377333518001e+04 9.974961547514723526e-01
6.075558403339586948e+04 1.004448628174203328e+00
6.075558429345656623e+04 1.007406241972804040e+00
6.075558455351726298e+04 1.000938447544766685e+00
6.075558481357794517e+04 1.009196758754004497e+00
6.075558507363864192e+04 9.893644771140576166e-01
6.075558533369933866e+04 9.977630702153794662e-01
6.075558559376003541e+04 1.019893958947419188e+00
6.075558585382073215e+04 1.001359387384838096e+00
6.075558611388142162e+04 1.007521721326098074e+00
6.075558637394211837e+04 1.004963618126353042e+00
6.075558663400280784e+04 1.014320742860239655e+00
6.075558689406350459e+04 1.022726088100129660e+00
6.075558715412420133e+04 1.008639943204522105e+00
6.075558741418489080e+04 1.013705378574003557e+00
6.075558767424558755e+04 9.979004241074335146e-01
6.075558793430628430e+04 1.005246858138005406e+00
6.075558819436697377e+04 1.006541807427997037e+00
6.075558845442767051e+04 9.996453723418662340e-01
6.075558871448835998e+04 9.978803086257280741e-01
6.075558897454905673e+04 1.027919688321042857e+00
6.075558923460975348e+04 1.007947472167721070e+00
6.075558949467044295e+04 1.024250598367938414e+00
6.075558975473113969e+04 1.000228588877465130e+00
6.075559001479183644e+04 1.015756729947132175e+00
6.075559027485253318e+04 9.979863047188293201e-01
6.075559053491322265e+04 1.015367019675622817e+00
6.075559079497391212e+04 9.987138680658992351e-01
6.075559105503460887e+04 9.995913469312481814e-01
6.075559131509530562e+04 9.810220530511829518e-01
6.075559157515600236e+04 9.953513092363381887e-01
6.075559183521669911e+04 1.011151492471882074e+00
6.075559209527738858e+04 1.011773377636107307e+00
6.075559235533808533e+04 1.004561646652337270e+00
6.075559261539877480e+04 1.002136859414446857e+00
6.075559287545946427e+04 9.962582577670484607e-01
6.075559313552016101e+04 9.956997272968659551e-01
6.075559339558085776e+04 1.012354189982539676e+00
6.075559494101491873e+04 9.885356724900098424e-01
6.075559520107561548e+04 1.006363007846066360e+00
6.075559546113631222e+04 1.030839749469126154e+00
6.075559572119700897e+04 9.857317915088750215e-01
6.075559598125769844e+04 9.860657009410320750e-01
6.075559624131839519e+04 9.945822704764298861e-01
6.075559650137908466e+04 1.003398287789301069e+00
6.075559676143977413e+04 1.001133533669900988e+00
6.075559702150047087e+04 1.015260043954709923e+00
6.075559728156116762e+04 1.014328693577108975e+00
6.075559754162186437e+04 9.968566547809359912e-01
6.075559780168256111e+04 9.959683856691025072e-01
6.075559806174325058e+04 9.991334953253789841e-01
6.075559832180394733e+04 9.879118966954647529e-01
6.075559858186464407e+04 9.984466973472118090e-01
6.075559884192533355e+04 1.005761163925224189e+00
6.075559910198603029e+04 9.862207240525119323e-01
6.075559936204671976e+04 9.895613004142076452e-01
6.075559962210741651e+04 1.002152369755579642e+00
6.075559988216811325e+04 1.000786318259742735e+00
6.075560014222880272e+04 1.002949609384119034e+00
6.075560040228950675e+04 9.929898218585405667e-01
6.075560066235019622e+04 9.833299817165760404e-01
6.075560092241089296e+04 1.000501384892332979e+00
6.075560118247158971e+04 1.011858267589618610e+00
6.075560144253227918e+04 9.859624596576861411e-01
6.075560170259296865e+04 9.943382645845484369e-01
6.075560196265366540e+04 1.000860692048451073e+00
6.075560222271436214e+04 1.006824346030555262e+00
6.075560248277505889e+04 9.961830659318506864e-01
6.075560274283574836e+04 1.013305656580067993e+00
6.075560300289644510e+04 9.939659188471020590e-01
6.075560326295714185e+04 9.877769087529398861e-01
6.075560352301783860e+04 1.012684535784639905e+00
6.075560378307853534e+04 9.939131775463846408e-01
6.075560404313922481e+04 9.930533233099904100e-01
6.075560430319992156e+04 1.007196900484913726e+00
6.075560456326061831e+04 1.000887784919017198e+00
6.075560482332130050e+04 9.940162708297243244e-01
6.075560508338199725e+04 9.843494112895231352e-01
6.075560534344269399e+04 1.000637490361975246e+00
6.075560560350339074e+04 1.004329469366098460e+00
6.075560586356408749e+04 9.843708985849876081e-01
6.075560612362477696e+04 9.947970785010489259e-01
6.075560638368547370e+04 9.898621061491198470e-01
6.075560664374617045e+04 9.856073508040108511e-01
6.075560690380686719e+04 9.841717028478736973e-01
6.075560716386756394e+04 9.900393643960085921e-01
6.075560742392825341e+04 9.938431506890292866e-01
6.075560768398895016e+04 9.840072904401829801e-01
6.075560794404964690e+04 1.000271269242500427e+00
6.075560820411032910e+04 9.757523296233032717e-01
6.075560846417102584e+04 1.009736337931585570e+00
6.075560872423172259e+04 1.000074549447337757e+00
6.075560898429241934e+04 1.008310765963818190e+00
6.075560924435311608e+04 9.962972911300308487e-01
6.075560950441380555e+04 9.891969472162305266e-01
6.075560976447450230e+04 1.000167125610896157e+00
6.075561002453519905e+04 1.003789268572902627e+00
6.075561028459589579e+04 9.941291173465613973e-01
6.075561054465659254e+04 9.945842113052110189e-01
6.075561080471728201e+04 9.834208172621403676e-01
6.075561106477797875e+04 1.004067397076967794e+00
6.075561132483867550e+04 9.851464132592886447e-01
6.075561158489937225e+04 1.007675766201630907e+00
6.075561184496006899e+04 1.012005289412622577e+00
6.075561210502075846e+04 9.916114323185859503e-01
6.075561236508144793e+04 9.909259880876365445e-01
6.075561262514214468e+04 1.008460244578838205e+00
6.075561288520283415e+04 9.951193626194262398e-01
6.075561314526353090e+04 1.002783816855419952e+00
6.075561340532422764e+04 9.899810387083178842e-01
6.075561366538492439e+04 9.942841566810930454e-01
6.075561392544562113e+04 9.888025674398782661e-01
6.075561418550631060e+04 9.994094042384101817e-01
6.075561444556700735e+04 9.824784540320486981e-01
6.075561470562770410e+04 9.989717836907155979e-01
6.075561496568840084e+04 9.988982119146244676e-01
6.075561522574909759e+04 9.827946571705701295e-01
6.075561548580978706e+04 9.868541769853668155e-01
6.075561574587048381e+04 9.943979749027683779e-01
6.075561600593118055e+04 1.001894612006688279e+00
6.075561626599187002e+04 9.917984124809027247e-01
6.075561652605256677e+04 1.004076056140037032e+00
6.075561678611326352e+04 9.970150643635984355e-01
6.075561704617396026e+04 9.909646515815179191e-01
6.075561730623465701e+04 1.004492936261719427e+00
6.075561756629534648e+04 9.945006533996901821e-01
6.075561782635604322e+04 1.003788756414702776e+00
6.075561808641673269e+04 9.994220831676851047e-01
6.075561834647742944e+04 1.009944091423729429e+00
6.075561860653812619e+04 9.950807525487607164e-01
6.075561886659881566e+04 1.012566836652712077e+00
6.075561912665951240e+04 9.916334660897675457e-01
6.075561938672020915e+04 1.003053750925954946e+00
6.075561964678089862e+04 1.001749649064618941e+00
6.075561990684160264e+04 1.005489587893182657e+00
6.075562016690229211e+04 1.009424151868523634e+00
6.075562042696298886e+04 9.908551905139026950e-01
6.075562068702368560e+04 9.869059024248230116e-01
6.075562094708437508e+04 1.001807712384490845e+00
6.075562120714507182e+04 9.937215369429961420e-01
6.075562146720576857e+04 9.936812233013978535e-01
6.075562172726646531e+04 9.962584932597776666e-01
6.075562198732716206e+04 9.930813240362289518e-01
6.075562224738785153e+04 1.015337210850928651e+00
6.075562250744854828e+04 1.031896797163239787e+00
6.075562276750924502e+04 1.015198066174856084e+00
6.075562302756994177e+04 9.941848850664752879e-01
6.075562328763063852e+04 9.937380500967247787e-01
6.075562490904599690e+04 1.013138075985765774e+00
6.075562516909990518e+04 1.009037023602114447e+00
6.075562542915379890e+04 9.952856321972906040e-01
6.075562568920769263e+04 9.963296144429953927e-01
6.075562594926160091e+04 1.004182080234417462e+00
6.075562620931549463e+04 9.890277158826596970e-01
6.075562646936939564e+04 9.842770522551658186e-01
6.075562672942329664e+04 9.953832732939459360e-01
6.075562698947719036e+04 9.956188042767183388e-01
6.075562724953109864e+04 9.949438851351598556e-01
6.075562750958499237e+04 1.009897858567945006e+00
6.075562776963889337e+04 1.021668394965268956e+00
6.075562802969280165e+04 9.816430532798582353e-01
6.075562828974669537e+04 1.001873620178539426e+00
6.075562854980059637e+04 9.999770507891501126e-01
6.075562880985449738e+04 1.015301310989422223e+00
6.075562906990839110e+04 9.941272826601026402e-01
6.075562932996229938e+04 9.974393470711270249e-01
6.075562959001619311e+04 1.012275439868234539e+00
6.075562985007009411e+04 9.970603202599965798e-01
6.075563011012399511e+04 1.002645380835519129e+00
6.075563037017788884e+04 9.956360768098204694e-01
6.075563063023179711e+04 9.920824714365951147e-01
6.075563089028569084e+04 9.989974921958826304e-01
6.075563115033958456e+04 9.898606317920171094e-01
6.075563141039349284e+04 1.004344266898976823e+00
6.075563167044738657e+04 1.009216536903846828e+00
6.075563193050128757e+04 1.005311136224393387e+00
6.075563219055518857e+04 9.902555636293509655e-01
6.075563245060908230e+04 9.846580133425572035e-01
6.075563271066299058e+04 1.008827174522455739e+00
6.075563297071688430e+04 9.836176066423396591e-01
6.075563323077078530e+04 9.958650296535116464e-01
6.075563349082468631e+04 1.012943254410523464e+00
6.075563375087858003e+04 1.002866532979595160e+00
6.075563401093248831e+04 9.809954555765836304e-01
6.075563427098638203e+04 1.002003114748107437e+00
6.075563453104027576e+04 1.005445399700354070e+00
6.075563479109418404e+04 1.003205994736132034e+00
6.075563505114807776e+04 9.999620445643572220e-01
6.075563531120197877e+04 1.003970613097142417e+00
6.075563557125588704e+04 1.004641445714724135e+00
6.075563583130978077e+04 9.997032403884686946e-01
6.075563609136368905e+04 9.834063656508049700e-01
6.075563635141758277e+04 9.770585862939752397e-01
6.075563661147148377e+04 9.977887840792450946e-01
6.075563687152538478e+04 9.942149854271885578e-01
6.075563713157927850e+04 9.911129933346769505e-01
6.075563739163318678e+04 9.952736976738258967e-01
6.075563765168708051e+04 1.001664126921858911e+00
6.075563791174097423e+04 1.017896279079867350e+00
6.075563817179488251e+04 9.812795625911842068e-01
6.075563843184877624e+04 9.836393661618891837e-01
6.075563869190267724e+04 1.012752822720498047e+00
6.075563895195657824e+04 9.909191182339485149e-01
6.075563921201047197e+04 1.018760325516916199e+00
6.075563947206438024e+04 9.874047091964750500e-01
6.075563973211827397e+04 1.007985703648530906e+00
6.075563999217217497e+04 9.970429275348108300e-01
6.075564025222608325e+04 9.964236169192917103e-01
6.075564051227997697e+04 1.009430914353792952e+00
6.075564077233388525e+04 9.894414752748698083e-01
6.075564103238777898e+04 9.994837565484133712e-01
6.075564129244167270e+04 9.983700527766022903e-01
6.075564155249558098e+04 1.013095977827237704e+00
6.075564181254947471e+04 1.003202177812750451e+00
6.075564207260337571e+04 1.005040313139151875e+00
6.075564233265727671e+04 1.002835541527017149e+00
6.075564259271117044e+04 1.007703669602640684e+00
6.075564285276507871e+04 9.891916796922541888e-01
6.075564311281897244e+04 9.966091349638070973e-01
6.075564337287286617e+04 1.004603578667384145e+00
6.075564363292677444e+04 9.929722461368621911e-01
6.075564389298066817e+04 9.998737680610449985e-01
6.075564415303458372e+04 9.968757009876555442e-01
6.075564441308847745e+04 1.005911085562976703e+00
6.075564467314237118e+04 1.000281810012754624e+00
6.075564493319627945e+04 1.019186057263435030e+00
6.075564519325017318e+04 9.906849616872374087e-01
6.075564545330407418e+04 1.019252246705947718e+00
6.075564571335797518e+04 1.019170578032982055e+00
6.075564597341186891e+04 1.004266717399086462e+00
6.075564623346577719e+04 9.946824758013289580e-01
6.075564649351967091e+04 9.859519666512854830e-01
6.075564675357356464e+04 1.008506697416738707e+00
6.075564701362747292e+04 1.003660238316629094e+00
6.075564727368136664e+04 9.993431929771469102e-01
6.075564753373527492e+04 9.936169872908846568e-01
6.075564779378917592e+04 9.949695583727835579e-01
6.075564805384306965e+04 1.007601204045380783e+00
6.075564831389697792e+04 9.996861703022464907e-01
6.075564857395087165e+04 1.010495300604928426e+00
6.075564883400477265e+04 1.001995504871567411e+00
6.075564909405867365e+04 9.887043413012700510e-01
6.075564935411256738e+04 9.917270205529729044e-01
6.075564961416647566e+04 1.011761393207678328e+00
6.075564987422036938e+04 1.009383846503483007e+00
6.075565013427426311e+04 1.004876502660222881e+00
6.075565039432817866e+04 9.903976853465635832e-01
6.075565065438207239e+04 1.003041585604232067e+00
6.075565091443597339e+04 1.004088831231727097e+00
6.075565117448987439e+04 9.928295561722766394e-01
6.075565143454376812e+04 1.020047907228754713e+00
6.075565169459767640e+04 9.977475515553633212e-01
6.075565195465157012e+04 1.001169055892105808e+00
6.075565221470547112e+04 1.002564503511765848e+00
6.075565247475937213e+04 9.832829234717765932e-01
6.075565273481326585e+04 1.005362082202032381e+00
6.075565299486718141e+04 1.010192413548002266e+00
6.075565325492107513e+04 1.002965716614620417e+00
6.075565492676799477e+04 9.894951508702035659e-01
6.075565518682868424e+04 1.018107177843077471e+00
6.075565544688938098e+04 9.876134224012337315e-01
6.075565570695007773e+04 1.009417068281279084e+00
6.075565596701077448e+04 9.924361145935082229e-01
6.075565622707147122e+04 1.010015652820891674e+00
6.075565648713216069e+04 1.014208556216165569e+00
6.075565674719285744e+04 1.007878996211402756e+00
6.075565700725356146e+04 9.937637119875403213e-01
6.075565726731425821e+04 9.945499216503412843e-01
6.075565752737495495e+04 9.937427507458999054e-01
6.075565778743564442e+04 1.003782128709581389e+00
6.075565804749634117e+04 1.007480833836037926e+00
6.075565830755703792e+04 9.973989978725265049e-01
6.075565856761772739e+04 1.010340318139171023e+00
6.075565882767842413e+04 1.012875093092694856e+00
6.075565908773912088e+04 9.932609909238535595e-01
6.075565934779981762e+04 9.910969325368079730e-01
6.075565960786051437e+04 1.005427204675390040e+00
6.075565986792121112e+04 1.004303841054047242e+00
6.075566012798190786e+04 1.002162981029020683e+00
6.075566038804260461e+04 1.002542818701292582e+00
6.075566064810330136e+04 1.009999927468585135e+00
6.075566090816399810e+04 9.956278598622640974e-01
6.075566116822468757e+04 9.936930875229210702e-01
6.075566142828538432e+04 1.003587364446149710e+00
6.075566168834608106e+04 9.925711311863781861e-01
6.075566194840677781e+04 1.019371060303465581e+00
6.075566220846748183e+04 1.007190647989400389e+00
6.075566246852817130e+04 9.978779622633904278e-01
6.075566272858886805e+04 1.016448381273172163e+00
6.075566298864956480e+04 1.013634885512651129e+00
6.075566324871025427e+04 9.936385102554330384e-01
6.075566350877095101e+04 1.003327734033546692e+00
6.075566376883164776e+04 1.005202075943169238e+00
6.075566402889234450e+04 1.013291833356782412e+00
6.075566428895304125e+04 1.009235899884581400e+00
6.075566454901373800e+04 1.008250084949074754e+00
6.075566480907443474e+04 1.008402321406312918e+00
6.075566506913513149e+04 1.005808401865481594e+00
6.075566532919582824e+04 1.006893469144276132e+00
6.075566558925652498e+04 1.008651970322902658e+00
6.075566584931721445e+04 9.809784966045334009e-01
6.075566610937791120e+04 9.966753152605721811e-01
6.075566636943860794e+04 1.002076230932803513e+00
6.075566662949930469e+04 1.014790924183153198e+00
6.075566688956000144e+04 9.937532543195406465e-01
6.075566714962069818e+04 9.845278905478884734e-01
6.075566740968139493e+04 9.916021581744476343e-01
6.075566766974209168e+04 1.002977460049824021e+00
6.075566792980278115e+04 9.859408408293514059e-01
6.075566818986347789e+04 9.917291909668368710e-01
6.075566844992417464e+04 9.927095521293611835e-01
6.075566870998487866e+04 1.004584796117082401e+00
6.075566897004557541e+04 1.001739956361908490e+00
6.075566923010626488e+04 1.000945950625610426e+00
6.075566949016696162e+04 1.012372199785173343e+00
6.075566975022765837e+04 1.000549681606491159e+00
6.075567001028834784e+04 9.940651018611402767e-01
6.075567027034905186e+04 9.842994387340578966e-01
6.075567053040974133e+04 1.017441610018845699e+00
6.075567079047044535e+04 1.010115698641464999e+00
6.075567105053114210e+04 1.005470239017871137e+00
6.075567131059183157e+04 9.931058510368571124e-01
6.075567157065252832e+04 1.003058446748440247e+00
6.075567183071322506e+04 9.993267214850526381e-01
6.075567209077392181e+04 1.008342197959930298e+00
6.075567235083461856e+04 9.927686262146362406e-01
6.075567261089531530e+04 1.001118545827259787e+00
6.075567287095601205e+04 1.008178970279224318e+00
6.075567313101670879e+04 1.003439276881321396e+00
6.075567339107740554e+04 1.005675200789106327e+00
6.075567365113810229e+04 9.953799565470019539e-01
6.075567391119879176e+04 1.010612051127477651e+00
6.075567417125948850e+04 9.860665117689387804e-01
6.075567443132019253e+04 1.001040417998300125e+00
6.075567469138088200e+04 9.995312567715352037e-01
6.075567495144157874e+04 1.003422942325177480e+00
6.075567521150227549e+04 1.010816659152035335e+00
6.075567547156297223e+04 1.002952130916312523e+00
6.075567573162366898e+04 1.008042970839094332e+00
6.075567599168436573e+04 1.000463696183524931e+00
6.075567625174506247e+04 1.032758712243229571e+00
6.075567651180575922e+04 1.011907725683082182e+00
6.075567677186645597e+04 1.010776219870839432e+00
6.075567703192715271e+04 1.000690912871359473e+00
6.075567729198784218e+04 1.002976307199305861e+00
6.075567755204853893e+04 1.010130753314820273e+00
6.075567781210924295e+04 9.967920401063791180e-01
6.075567807216993242e+04 1.011118941189984577e+00
6.075567833223062917e+04 9.970610406649638158e-01
6.075567859229132591e+04 1.001990131766720360e+00
6.075567885235202266e+04 1.004439492370254428e+00
6.075567911241271941e+04 1.009757425367911798e+00
6.075567937247341615e+04 1.004687509392602651e+00
6.075567963253411290e+04 9.930361713799557011e-01
6.075567989259480964e+04 9.986519057712550662e-01
6.075568015265550639e+04 1.002990261346950795e+00
6.075568041271620314e+04 9.894645726202655478e-01
6.075568067277689261e+04 9.974978650545954784e-01
6.075568093283759663e+04 1.012542010616269472e+00
6.075568119289829338e+04 1.020903485485320950e+00
6.075568145295898285e+04 9.986877919381901281e-01
6.075568171301968687e+04 1.004501032688322137e+00
6.075568197308037634e+04 1.013374649419921170e+00
6.075568223314107308e+04 9.920971568486848247e-01
6.075568249320177711e+04 1.014603096829817197e+00
6.075568275326246658e+04 1.002365702338831266e+00
6.075568301332316332e+04 1.008884705513509061e+00
6.075568327338386007e+04 1.002433121339620925e+00
6.075568483179301256e+04 9.782085958622060984e-01
6.075568509184680443e+04 1.008495314623839123e+00
6.075568535190059629e+04 1.000784990785305251e+00
6.075568561195438815e+04 1.000130194827761443e+00
6.075568587200818729e+04 9.922069563543873816e-01
6.075568613206199370e+04 9.960510047700030789e-01
6.075568639211578557e+04 9.937218315216961306e-01
6.075568665216957743e+04 1.003731771715509424e+00
6.075568691222336929e+04 9.946410903385084490e-01
6.075568717227716115e+04 9.913714554231202181e-01
6.075568743233096029e+04 1.010279952049779606e+00
6.075568769238475215e+04 9.943715200137470678e-01
6.075568795243854402e+04 9.945527964684105493e-01
6.075568821249233588e+04 1.015125491876425867e+00
6.075568847254613502e+04 9.898528772358416994e-01
6.075568873259992688e+04 9.923221646831583698e-01
6.075568899265372602e+04 9.982256610618661652e-01
6.075568925270752516e+04 9.969000772172702529e-01
6.075568951276131702e+04 9.955806460742240294e-01
6.075568977281511616e+04 9.990698415601553251e-01
6.075569003286890802e+04 9.885883907739638765e-01
6.075569029292269988e+04 1.000536341998728762e+00
6.075569055297649174e+04 1.004977951879283626e+00
6.075569081303029088e+04 1.005588597928072758e+00
6.075569107308408275e+04 1.001421773968589335e+00
6.075569133313787461e+04 1.000660053436836616e+00
6.075569159319166647e+04 1.004802560926147947e+00
6.075569185324547288e+04 1.010050267986011718e+00
6.075569211329927202e+04 9.961041573884134026e-01
6.075569237335306389e+04 1.006170226962223024e+00
6.075569263340685575e+04 9.880200205369531474e-01
6.075569289346064761e+04 1.001349601915551002e+00
6.075569315351444675e+04 1.013504631122083000e+00
6.075569341356823861e+04 1.002807100927330275e+00
6.075569367362203047e+04 9.959515858733988258e-01
6.075569393367582234e+04 9.977778598966664525e-01
6.075569419372962147e+04 9.953583827267634687e-01
6.075569445378341334e+04 1.021526772201060806e+00
6.075569471383720520e+04 1.016041356715561284e+00
6.075569497389100434e+04 9.997853873541259206e-01
6.075569523394481075e+04 9.950435120739943295e-01
6.075569549399860261e+04 9.988342391790929753e-01
6.075569575405239448e+04 9.948740985574073825e-01
6.075569601410618634e+04 1.000392697747924275e+00
6.075569627415998548e+04 1.005764995051871891e+00
6.075569653421377734e+04 1.019017397023187499e+00
6.075569679426756920e+04 1.004801989623863356e+00
6.075569705432136107e+04 1.001508606169931870e+00
6.075569731437516020e+04 1.011939264537064176e+00
6.075569757442895207e+04 1.002077038572534384e+00
6.075569783448274393e+04 9.958171514041206374e-01
6.075569809453654307e+04 9.753844100362335512e-01
6.075569835459034948e+04 1.003241848187087726e+00
6.075569861464414134e+04 1.004208316037854098e+00
6.075569887469793321e+04 1.003160522458469650e+00
6.075569913475172507e+04 1.005056523680436076e+00
6.075569939480552421e+04 1.001380838558009190e+00
6.075569965485931607e+04 1.013452016875504569e+00
6.075569991491310793e+04 9.969676049073081803e-01
6.075570017496689979e+04 1.001573217715638675e+00
6.075570043502069893e+04 1.010190130169514866e+00
6.075570069507449080e+04 1.011724864053848760e+00
6.075570095512828993e+04 1.018055268275007919e+00
6.075570121518208907e+04 9.933111688875334577e-01
6.075570147523588821e+04 1.000916543270327530e+00
6.075570173528968007e+04 1.002431988082734149e+00
6.075570199534347194e+04 1.007767258945732491e+00
6.075570225539727107e+04 1.001564179627176365e+00
6.075570251545106294e+04 9.905004379878528109e-01
6.075570277550485480e+04 9.872466536826879357e-01
6.075570303555864666e+04 9.857476933174398326e-01
6.075570329561244580e+04 1.002108677903112310e+00
6.075570355566623766e+04 9.964848602495373076e-01
6.075570381572002952e+04 1.008887792667677807e+00
6.075570407577382866e+04 1.004653680233862811e+00
6.075570433582763508e+04 9.879045162241878453e-01
6.075570459588142694e+04 9.985876282986327901e-01
6.075570485593521880e+04 9.872300814397655389e-01
6.075570511598901066e+04 9.982039943922119685e-01
6.075570537604280980e+04 9.879193336845464302e-01
6.075570563609660167e+04 9.888187870794662437e-01
6.075570589615039353e+04 9.977119662321892735e-01
6.075570615620419267e+04 9.856065366680422102e-01
6.075570641625798453e+04 1.007685190319665303e+00
6.075570667631177639e+04 9.916895149647283469e-01
6.075570693636557553e+04 9.976463584413394203e-01
6.075570719641938194e+04 1.001982634296325170e+00
6.075570745647317381e+04 9.857786796640427562e-01
6.075570771652696567e+04 9.955314645728139400e-01
6.075570797658076481e+04 9.918697508646541205e-01
6.075570823663455667e+04 1.000026591947767995e+00
6.075570849668834853e+04 9.770360267465063586e-01
6.075570875674214039e+04 9.957499368923619087e-01
6.075570901679593953e+04 9.994476347548448825e-01
6.075570927684973140e+04 1.012429071990337270e+00
6.075570953690352326e+04 9.896634417626765101e-01
6.075570979695732240e+04 1.001187842158130392e+00
6.075571005701112153e+04 9.958772004731707428e-01
6.075571031706492067e+04 1.002369129578363216e+00
6.075571057711871254e+04 1.026553036914189976e+00
6.075571083717251167e+04 9.820349170701250241e-01
6.075571109722630354e+04 9.984740144967023667e-01
6.075571135728009540e+04 1.017707076741440009e+00
6.075571161733389454e+04 1.008674387210063861e+00
6.075571187738768640e+04 1.016634369529950011e+00
6.075571213744147826e+04 1.002001503938464877e+00
6.075571239749527740e+04 1.007893279256567132e+00
6.075571265754906926e+04 9.974356541793917286e-01
6.075571291760286840e+04 9.995855267569182523e-01
6.075571317765666754e+04 9.982210175120312945e-01
6.075571474868715450e+04 9.838952714145702272e-01
6.075571500874785124e+04 1.016905816172120058e+00
6.075571526880854799e+04 9.844350889651205527e-01
6.075571552886924474e+04 9.877313837654312367e-01
6.075571578892994148e+04 1.009308797631945920e+00
6.075571604899063823e+04 9.966060659264955879e-01
6.075571630905133497e+04 9.880449267731029606e-01
6.075571656911203172e+04 1.002715499741625660e+00
6.075571682917273574e+04 1.009189146661605863e+00
6.075571708923342521e+04 9.890226146095572046e-01
6.075571734929412196e+04 9.983887777937082708e-01
6.075571760935482598e+04 9.995105331078545374e-01
6.075571786941552273e+04 9.945419767156424840e-01
6.075571812947621947e+04 1.016946016142665776e+00
6.075571838953690894e+04 9.988032196464555756e-01
6.075571864959761297e+04 1.015752119849280710e+00
6.075571890965830971e+04 9.912342380369135730e-01
6.075571916971899918e+04 1.009878321443408389e+00
6.075571942977970320e+04 1.001122604997822130e+00
6.075571968984039995e+04 9.954518774331689857e-01
6.075571994990109670e+04 9.923817985154496091e-01
6.075572020996180072e+04 9.967500557248533122e-01
6.075572047002249019e+04 9.959642852054215734e-01
6.075572073008318694e+04 1.016230594408714216e+00
6.075572099014388368e+04 1.003485082380338733e+00
6.075572125020458770e+04 1.009486616840245876e+00
6.075572151026528445e+04 1.002739323966462370e+00
6.075572177032597392e+04 1.010004925911251128e+00
6.075572203038667794e+04 9.923722687456547620e-01
6.075572229044737469e+04 9.936745470153559578e-01
6.075572255050806416e+04 9.702250734075817951e-01
6.075572281056877546e+04 9.999831963820781100e-01
6.075572307062946493e+04 9.988813220635960333e-01
6.075572333069016167e+04 1.003457255238144441e+00
6.075572359075086570e+04 9.979059972493455888e-01
6.075572385081155517e+04 9.917597742501694791e-01
6.075572411087225191e+04 9.862459902046529781e-01
6.075572437093294866e+04 9.815781654948171342e-01
6.075572463099365268e+04 9.970542599424998542e-01
6.075572489105434943e+04 9.928585247240935274e-01
6.075572515111503890e+04 9.856573883586002838e-01
6.075572541117574292e+04 1.006342330901120352e+00
6.075572567123643967e+04 9.972162626635270311e-01
6.075572593129713641e+04 9.933539813972310784e-01
6.075572619135784043e+04 9.876849200567547893e-01
6.075572645141852990e+04 9.960316096931988161e-01
6.075572671147922665e+04 9.978464724336409963e-01
6.075572697153993067e+04 9.909422493214736782e-01
6.075572723160062014e+04 9.993610365618983415e-01
6.075572749166131689e+04 1.001910089732500841e+00
6.075572775172202091e+04 1.013823267265268946e+00
6.075572801178271766e+04 1.008227783549809686e+00
6.075572827184341440e+04 1.012204725636499436e+00
6.075572853190411115e+04 9.985415844440104216e-01
6.075572879196480790e+04 1.002438684034930860e+00
6.075572905202550464e+04 1.025292201335663567e+00
6.075572931208620867e+04 1.000384361780809028e+00
6.075572957214690541e+04 9.998716326880864314e-01
6.075572983220759488e+04 1.008724444839321777e+00
6.075573009226829890e+04 9.957720238770901844e-01
6.075573035232899565e+04 9.974310114753811574e-01
6.075573061238968512e+04 1.006994253483673774e+00
6.075573087245038914e+04 9.969331948034466651e-01
6.075573113251108589e+04 9.933907682052016686e-01
6.075573139257178264e+04 9.860856868273458753e-01
6.075573165263248666e+04 1.010071268884050522e+00
6.075573191269317613e+04 1.004985430451608153e+00
6.075573217275387287e+04 1.009675673249318617e+00
6.075573243281457690e+04 9.961071657780069533e-01
6.075573269287527364e+04 9.946180520357970067e-01
6.075573295293597039e+04 9.981798888487601884e-01
6.075573321299666713e+04 9.983768391380514196e-01
6.075573347305736388e+04 9.904585323989725243e-01
6.075573373311806063e+04 1.003979360747000893e+00
6.075573399317875737e+04 9.963858743413414043e-01
6.075573425323946140e+04 9.843864443412558840e-01
6.075573451330015087e+04 9.986082610165443185e-01
6.075573477336085489e+04 9.816806017411899843e-01
6.075573503342155163e+04 9.977784131296902892e-01
6.075573529348224110e+04 1.008494943218092077e+00
6.075573555354294513e+04 9.971888160940496348e-01
6.075573581360364187e+04 9.906039449087619131e-01
6.075573607366434589e+04 1.012754043608520282e+00
6.075573633372504264e+04 9.929685884531080919e-01
6.075573659378573211e+04 1.003155385048986936e+00
6.075573685384643613e+04 1.020763486274868015e+00
6.075573711390713288e+04 9.946162400987668128e-01
6.075573737396782963e+04 1.000416423415162681e+00
6.075573763402853365e+04 9.897693218346704791e-01
6.075573789408922312e+04 1.004737218014758238e+00
6.075573815414991986e+04 1.002309888651960579e+00
6.075573841421062389e+04 9.963151510208210215e-01
6.075573867427131336e+04 1.008004607514165984e+00
6.075573893433201010e+04 9.890782026276452310e-01
6.075573919439271413e+04 9.999192040596723841e-01
6.075573945445341087e+04 1.006928995180486064e+00
6.075573971451411489e+04 9.989660659458146075e-01
6.075573997457480436e+04 1.008382224441283226e+00
6.075574023463550111e+04 9.978365860272212506e-01
6.075574049469620513e+04 9.980843392214139298e-01
6.075574075475690188e+04 1.011377149436341050e+00
6.075574101481759863e+04 1.000903265084371219e+00
6.075574127487829537e+04 1.020111091927491387e+00
6.075574153493899212e+04 1.000040856253969324e+00
6.075574179499969614e+04 9.917198522009231798e-01
6.075574205506038561e+04 9.952885864885459011e-01
6.075574231512108236e+04 9.848637077663712214e-01
6.075574257518178638e+04 9.995709564417607496e-01
6.075574283524248312e+04 1.003816381161414251e+00
6.075574309530317987e+04 9.982419514357862012e-01
6.075574483016229351e+04 1.010950981087428202e+00
6.075574509021608537e+04 1.016966379036977397e+00
6.075574535026989179e+04 1.015325917714511306e+00
6.075574561032369093e+04 9.767609426558546692e-01
6.075574587037748279e+04 1.004223608660411493e+00
6.075574613043128193e+04 1.005207270692234145e+00
6.075574639048507379e+04 1.001418750876396091e+00
6.075574665053887293e+04 9.956340873909025335e-01
6.075574691059266479e+04 1.003176179653694211e+00
6.075574717064645665e+04 1.022849168923608998e+00
6.075574743070025579e+04 9.896639845819660275e-01
6.075574769075404765e+04 1.008486551099653683e+00
6.075574795080784679e+04 1.000281997012794744e+00
6.075574821086163865e+04 9.876847497132336118e-01
6.075574847091544507e+04 9.875211228055348345e-01
6.075574873096924421e+04 9.857238155987968486e-01
6.075574899102303607e+04 9.990414807616978532e-01
6.075574925107683521e+04 9.899561854760626778e-01
6.075574951113062707e+04 9.926204828061175878e-01
6.075574977118442621e+04 1.009617356544485256e+00
6.075575003123821807e+04 9.941011543823106145e-01
6.075575029129201721e+04 1.000840642714541984e+00
6.075575055134580907e+04 1.012152665660459805e+00
6.075575081139960093e+04 1.004376731979116588e+00
6.075575107145340007e+04 1.010383207026648966e+00
6.075575133150719921e+04 1.004603956718276958e+00
6.075575159156100563e+04 1.015215277839706554e+00
6.075575185161479749e+04 1.012748433168818574e+00
6.075575211166859663e+04 9.990051759894448269e-01
6.075575237172238849e+04 1.005959067246832817e+00
6.075575263177618035e+04 9.930415483417261990e-01
6.075575289182997949e+04 1.005010711565567982e+00
6.075575315188377135e+04 9.860221329503285892e-01
6.075575341193757049e+04 1.008323655072769220e+00
6.075575367199136235e+04 1.016652384662654729e+00
6.075575393204516149e+04 1.019990183916839710e+00
6.075575419209895335e+04 9.929715134172268920e-01
6.075575445215275249e+04 1.005841247549457140e+00
6.075575471220655891e+04 9.944376728095625229e-01
6.075575497226035077e+04 1.002856643331330844e+00
6.075575523231414991e+04 1.010924512768185402e+00
6.075575549236794177e+04 9.971651029140076172e-01
6.075575575242174091e+04 9.906817914818382143e-01
6.075575601247553277e+04 1.026529128102408928e+00
6.075575627252933191e+04 1.008767633744550363e+00
6.075575653258312377e+04 1.007227980867445583e+00
6.075575679263691563e+04 1.013393031366510488e+00
6.075575705269071477e+04 1.008194917275281766e+00
6.075575731274451391e+04 1.001793110440207135e+00
6.075575757279832033e+04 1.007579603563563131e+00
6.075575783285211219e+04 1.005887848081722824e+00
6.075575809290591133e+04 9.867279059844890066e-01
6.075575835295970319e+04 1.028350433229840544e+00
6.075575861301350233e+04 1.009452333949794722e+00
6.075575887306729419e+04 1.013212085436380638e+00
6.075575913312109333e+04 1.017676960644326112e+00
6.075575939317488519e+04 1.012623267265255977e+00
6.075575965322867705e+04 1.014794963484329848e+00
6.075575991328247619e+04 9.910323906688949247e-01
6.075576017333626805e+04 9.840032822108025767e-01
6.075576043339007447e+04 1.011273351125863140e+00
6.075576069344387361e+04 9.883801828105035492e-01
6.075576095349767274e+04 1.016616334382628883e+00
6.075576121355146461e+04 9.990755409366357531e-01
6.075576147360526375e+04 9.888463443727513180e-01
6.075576173365905561e+04 1.009797860732428720e+00
6.075576199371285475e+04 9.949193436655437983e-01
6.075576225376664661e+04 1.010595654138228383e+00
6.075576251382044575e+04 1.002623048065349298e+00
6.075576277387423761e+04 9.977313358637360796e-01
6.075576303392802947e+04 9.932335590654794988e-01
6.075576329398183589e+04 1.002987874612699226e+00
6.075576355403563502e+04 1.020184556488320071e+00
6.075576381408943416e+04 1.007104401489057111e+00
6.075576407414322603e+04 9.931195893078351711e-01
6.075576433419702516e+04 1.015620469297472184e+00
6.075576459425081703e+04 1.010938743864667089e+00
6.075576485430461616e+04 9.982932404188858966e-01
6.075576511435840803e+04 9.946438260371381901e-01
6.075576537441220717e+04 9.969186090374705378e-01
6.075576563446599903e+04 9.957657313289167700e-01
6.075576589451979817e+04 1.015864450669151431e+00
6.075576615457359003e+04 9.952664633291300467e-01
6.075576641462739644e+04 9.957462945305064483e-01
6.075576667468119558e+04 1.002876964316649522e+00
6.075576693473499472e+04 9.933794340814049439e-01
6.075576719478878658e+04 9.852218221854656122e-01
6.075576745484258572e+04 9.873671918575189776e-01
6.075576771489637758e+04 1.016306762953799847e+00
6.075576797495017672e+04 9.913972741044810855e-01
6.075576823500396858e+04 1.001596661888225270e+00
6.075576849505776045e+04 9.969481215625708437e-01
6.075576875511155959e+04 9.943317691890242171e-01
6.075576901516535145e+04 9.994582205507162032e-01
6.075576927521915786e+04 9.847749904165844503e-01
6.075576953527295700e+04 1.008038119822772583e+00
6.075576979532675614e+04 1.000188212662514564e+00
6.075577005538054800e+04 1.002120035157572309e+00
6.075577031543434714e+04 9.862268250700952921e-01
6.075577057548813900e+04 1.001898680539983655e+00
6.075577083554193814e+04 1.000548502374078108e+00
6.075577109559573000e+04 1.012175960825809851e+00
6.075577135564952914e+04 1.007556582973855530e+00
6.075577161570332100e+04 1.002129224643461214e+00
6.075577187575712014e+04 1.001994015812104344e+00
6.075577213581091200e+04 9.923256673896799773e-01
6.075577239586471842e+04 9.843155278550540510e-01
6.075577265591851756e+04 1.001063674220068478e+00
6.075577291597231670e+04 9.975887257824662679e-01
6.075577317602610856e+04 1.012423869490636674e+00
