6.075585120116569306e+04 9.932103187367117281e-01
6.075585146121949219e+04 9.888109668676194897e-01
6.075585172127328406e+04 9.918664122242719650e-01
6.075585198132708319e+04 9.933879944829601127e-01
6.075585224138088233e+04 1.006015448883777141e+00
6.075585250143468147e+04 9.810825390528010725e-01
6.075585276148847333e+04 1.012994390656645649e+00
6.075585302154227247e+04 9.999098236200224532e-01
6.075585328159607161e+04 9.940619662130137923e-01
6.075585354164987803e+04 9.981588280260598189e-01
6.075585380170368444e+04 9.931667879205324789e-01
6.075585406175747630e+04 1.005104235468418761e+00
6.075585432181127544e+04 1.004389781819840621e+00
6.075585458186507458e+04 1.017435665241496645e+00
6.075585484191887372e+04 9.976152114040276464e-01
6.075585510197266558e+04 1.003208845779495206e+00
6.075585536202646472e+04 9.889528841108740087e-01
6.075585562208026386e+04 9.892501416798794578e-01
6.075585588213406299e+04 9.986596828674522142e-01
6.075585614218786213e+04 1.004896150725436588e+00
6.075585640224165400e+04 9.985122206323390204e-01
6.075585666229546041e+04 1.015203675958412877e+00
6.075585692234926682e+04 9.943973412213756857e-01
6.075585718240306596e+04 9.935595363092107890e-01
6.075585744245685783e+04 1.000476263899086948e+00
6.075585770251065696e+04 1.001359929708586005e+00
6.075585796256445610e+04 9.952904727843338017e-01
6.075585822261825524e+04 9.947327039607544164e-01
6.075585848267205438e+04 9.980214800735677239e-01
6.075585874272584624e+04 1.003596954002933472e+00
6.075585900277964538e+04 9.844195404645164071e-01
6.075585926283344452e+04 9.984096632231007629e-01
6.075585952288725093e+04 1.001559708655172187e+00
6.075585978294105735e+04 9.936511684875101169e-01
6.075586004299484921e+04 1.012795825189475307e+00
6.075586030304864835e+04 9.966318107627656353e-01
6.075586056310244749e+04 9.869175778095742313e-01
6.075586082315624662e+04 1.016852579322508721e+00
6.075586108321004576e+04 9.856034216833648998e-01
6.075586134326383763e+04 9.962081035906774629e-01
6.075586160331763676e+04 9.981204558511698188e-01
6.075586186337143590e+04 1.008945042466372621e+00
6.075586212342523504e+04 9.995615959416873642e-01
6.075586238347903418e+04 9.999555881434694093e-01
6.075586264353283332e+04 1.006705303850868205e+00
6.075586290358663973e+04 9.985958513529380465e-01
6.075586316364043887e+04 9.824949676324469250e-01
6.075586342369423801e+04 1.004535923247245277e+00
6.075586368374803715e+04 1.005054240243371311e+00
6.075586394380182901e+04 9.920531436608380771e-01
6.075586420385562815e+04 9.821881691965139716e-01
6.075586446390942729e+04 1.006701107790085814e+00
6.075586472396322642e+04 1.004051302473403018e+00
6.075586498401702556e+04 9.901946242907715412e-01
6.075586524407081743e+04 9.762654588845707249e-01
6.075586550412462384e+04 9.964541984854953238e-01
6.075586576417843025e+04 1.007956486439256949e+00
6.075586602423222939e+04 9.761889144181769007e-01
6.075586628428602853e+04 1.002148454231304608e+00
6.075586654433982039e+04 1.001957536280404959e+00
6.075586680439361953e+04 1.002376771430709468e+00
6.075586706444741867e+04 9.825129494886001291e-01
6.075586732450121781e+04 9.863151537812654412e-01
6.075586758455501695e+04 1.008510209061540319e+00
6.075586784460881609e+04 1.001254686849917253e+00
6.075586810466260795e+04 9.985604766199327464e-01
6.075586836471640709e+04 9.886521330300817034e-01
6.075586862477021350e+04 1.010057709275667959e+00
6.075586888482401991e+04 1.004411290168093718e+00
6.075586914487781905e+04 1.007276437374645006e+00
6.075586940493161092e+04 9.930264091662659443e-01
6.075586966498541005e+04 1.009165911175798458e+00
6.075586992503920919e+04 9.903597435756076317e-01
6.075587018509300833e+04 1.001186315716159569e+00
6.075587044514680747e+04 1.003434251036844582e+00
6.075587070520060661e+04 1.009421995011257067e+00
6.075587096525439847e+04 9.936073561957730060e-01
6.075587122530819761e+04 9.867521475916133378e-01
6.075587148536199675e+04 9.933334307885073322e-01
6.075587174541581044e+04 1.001984561124433348e+00
6.075587200546960958e+04 9.965039764246165221e-01
6.075587226552340871e+04 9.906136384527284289e-01
6.075587252557720058e+04 9.920114889375902800e-01
6.075587278563099972e+04 9.892635734260102343e-01
6.075587304568479885e+04 9.945282814358938905e-01
6.075587330573859799e+04 9.817726155011242684e-01
6.075587356579239713e+04 1.002483018560484274e+00
6.075587382584619627e+04 1.004418110069816850e+00
6.075587408589998813e+04 1.020200466695882602e+00
6.075587434595378727e+04 9.966732995268738904e-01
6.075587460600759368e+04 9.822726745153854688e-01
6.075587486606140010e+04 9.932031595021572068e-01
6.075587512611519924e+04 1.005987006213930002e+00
6.075587538616899838e+04 1.018680489965485325e+00
6.075587564622279751e+04 9.916026994929043603e-01
6.075587590627658938e+04 9.931469543900514063e-01
6.075587616633038851e+04 9.867050395444512123e-01
6.075587642638418765e+04 1.001628850866840503e+00
6.075587668643798679e+04 9.934666445590406569e-01
6.075587694649178593e+04 1.012157023585373183e+00
6.075587720654558507e+04 9.887394599289306418e-01
6.075587746659937693e+04 1.001023636724929222e+00
6.075587772665318334e+04 1.007971866439313802e+00
6.075587798670698976e+04 9.943491275071382196e-01
6.075587824676078890e+04 9.998624116956017494e-01
6.075587850681458804e+04 9.933861900755559526e-01
6.075587876686838717e+04 9.843859623289747951e-01
6.075587902692218631e+04 9.869589585752462924e-01
6.075587928697597818e+04 1.007789754514076153e+00
6.075587954702977731e+04 9.985721396612471379e-01
6.075588115586427011e+04 9.940663105689182544e-01
6.075588141592496686e+04 9.915347281219331066e-01
6.075588167598567088e+04 9.949508788761879385e-01
6.075588193604636763e+04 9.917767303329469986e-01
6.075588219610707165e+04 9.983533138845863686e-01
6.075588245616777567e+04 9.917031644560198034e-01
6.075588271622847242e+04 9.817409322826384788e-01
6.075588297628917644e+04 1.006874106166544935e+00
6.075588323634988046e+04 1.003118162329786678e+00
6.075588349641056993e+04 1.014720534369695670e+00
6.075588375647127395e+04 9.886968617457262409e-01
6.075588401653197798e+04 9.901021640653797640e-01
6.075588427659268200e+04 9.939979812769329515e-01
6.075588453665338602e+04 9.982629856612559305e-01
6.075588479671408277e+04 9.875541478324808553e-01
6.075588505677478679e+04 1.004637489164911024e+00
6.075588531683548354e+04 9.896489830891064265e-01
6.075588557689618756e+04 9.889589958899650535e-01
6.075588583695689158e+04 9.943557075480307095e-01
6.075588609701758833e+04 9.989167167666660463e-01
6.075588635707829235e+04 1.002540510891733128e+00
6.075588661713899637e+04 9.906448949363901857e-01
6.075588687719969312e+04 1.013309487798688791e+00
6.075588713726038986e+04 9.814650879820370211e-01
6.075588739732109389e+04 9.945316937727036732e-01
6.075588765738179791e+04 9.987027824492837880e-01
6.075588791744250193e+04 9.791840077048656887e-01
6.075588817750319868e+04 1.005525381708140209e+00
6.075588843756390270e+04 9.880879907267248186e-01
6.075588869762460672e+04 9.916233714763753593e-01
6.075588895768530347e+04 9.934292678273112243e-01
6.075588921774600749e+04 9.968811090481040083e-01
6.075588947780670424e+04 9.906566508060179466e-01
6.075588973786740826e+04 1.013574342226162273e+00
6.075588999792811228e+04 1.003109985738889431e+00
6.075589025798880903e+04 1.000907452419387944e+00
6.075589051804952032e+04 1.016494514599527443e+00
6.075589077811021707e+04 1.003577895186506419e+00
6.075589103817091382e+04 1.002299908353587510e+00
6.075589129823161784e+04 9.789442220485864432e-01
6.075589155829231458e+04 9.954598854453923229e-01
6.075589181835301861e+04 9.990422113223932365e-01
6.075589207841372263e+04 1.003186043747747780e+00
6.075589233847442665e+04 1.012343488647405199e+00
6.075589259853513067e+04 9.868711666319848197e-01
6.075589285859582742e+04 1.004365755367317981e+00
6.075589311865652417e+04 1.010640407259542517e+00
6.075589337871722819e+04 9.938834186465698162e-01
6.075589363877793221e+04 1.005116587410952889e+00
6.075589389883863623e+04 9.939299520212088179e-01
6.075589415889933298e+04 1.007779709741877028e+00
6.075589441896003700e+04 9.851635835050999157e-01
6.075589467902074102e+04 1.006597354048163417e+00
6.075589493908143777e+04 1.006472460628556886e+00
6.075589519914213452e+04 9.998557208229583715e-01
6.075589545920283854e+04 1.006772890769447981e+00
6.075589571926354256e+04 9.986671251754460910e-01
6.075589597932424658e+04 9.929864775837388136e-01
6.075589623938494333e+04 9.883151184442048320e-01
6.075589649944564735e+04 1.009630336788225780e+00
6.075589675950635137e+04 1.003539367115574565e+00
6.075589701956705539e+04 9.874902017552873446e-01
6.075589727962775942e+04 9.986688665345628824e-01
6.075589753968844889e+04 1.021735831537792905e+00
6.075589779974915291e+04 1.022310708344014163e+00
6.075589805980985693e+04 9.870932283446133271e-01
6.075589831987055368e+04 1.005507200034119641e+00
6.075589857993125770e+04 9.971936298123184050e-01
6.075589883999196172e+04 9.961528624643133378e-01
6.075589910005266574e+04 1.001136575618650104e+00
6.075589936011336977e+04 1.009523001694167199e+00
6.075589962017406651e+04 1.006691937322555130e+00
6.075589988023477054e+04 1.001078052302504906e+00
6.075590014029546728e+04 1.000399898491464601e+00
6.075590040035617130e+04 9.996019489013601156e-01
6.075590066041687533e+04 1.023105887341049014e+00
6.075590092047757207e+04 1.007940529314511169e+00
6.075590118053827609e+04 9.933682090126926267e-01
6.075590144059898012e+04 1.005707193049219406e+00
6.075590170065967686e+04 9.826698124301530557e-01
6.075590196072038816e+04 9.957644752496314089e-01
6.075590222078108491e+04 1.000582965588016293e+00
6.075590248084178893e+04 1.004049821517051022e+00
6.075590274090249295e+04 1.006668242715898387e+00
6.075590300096318242e+04 1.008565511702853579e+00
6.075590326102388644e+04 9.943243805164030391e-01
6.075590352108459047e+04 1.005402092722500695e+00
6.075590378114529449e+04 1.012056489035103368e+00
6.075590404120599851e+04 1.003548323854380531e+00
6.075590430126669526e+04 9.988236896753388550e-01
6.075590456132739928e+04 1.002454336986565497e+00
6.075590482138810330e+04 1.009853786134912168e+00
6.075590508144880732e+04 1.001294464888707880e+00
6.075590534150951135e+04 1.001675404456279006e+00
6.075590560157020809e+04 1.020059801863151261e+00
6.075590586163091211e+04 1.003934820593354260e+00
6.075590612169160886e+04 1.005888093733153799e+00
6.075590638175230561e+04 9.956649230322639488e-01
6.075590664181300963e+04 1.019700588255906926e+00
6.075590690187371365e+04 9.977363679085832215e-01
6.075590716193441767e+04 1.020452459053714511e+00
6.075590742199512169e+04 1.007526552047261381e+00
6.075590768205581844e+04 1.002968081238493125e+00
6.075590794211652246e+04 1.013776932622171945e+00
6.075590820217722649e+04 1.011466119213977777e+00
6.075590846223793051e+04 1.015327226327306098e+00
6.075590872229863453e+04 1.007549470122338420e+00
6.075590898235933128e+04 1.006489804942776400e+00
6.075590924242003530e+04 1.014582963784653513e+00
6.075590950248073932e+04 9.998839931950490589e-01
6.075591106051386305e+04 9.967419674828573717e-01
6.075591132057445793e+04 1.002536426542260051e+00
6.075591158063505281e+04 9.929837555670364413e-01
6.075591184069564770e+04 1.014292044254305747e+00
6.075591210075624258e+04 9.950770142085255676e-01
6.075591236081683746e+04 9.981007580055591966e-01
6.075591262087743235e+04 9.864773762057896800e-01
6.075591288093802723e+04 1.008845538095028305e+00
6.075591314099862211e+04 1.001263859133899814e+00
6.075591340105922427e+04 9.936533345378288917e-01
6.075591366111981915e+04 9.894198968191925125e-01
6.075591392118041404e+04 1.018732291924741240e+00
6.075591418124100892e+04 1.005490898772158470e+00
6.075591444130160380e+04 1.000952807580169690e+00
6.075591470136219868e+04 1.004246471153164011e+00
6.075591496142279357e+04 1.017122173086725256e+00
6.075591522148338845e+04 1.003410950656296485e+00
6.075591548154399061e+04 9.893281295539182452e-01
6.075591574160458549e+04 1.010219698763162866e+00
6.075591600166518037e+04 1.002214855070897581e+00
6.075591626172577526e+04 1.000264583190132228e+00
6.075591652178637742e+04 9.989029973144086805e-01
6.075591678184697230e+04 9.995580398017990253e-01
6.075591704190756718e+04 1.003275847282077082e+00
6.075591730196816206e+04 1.018406919429231117e+00
6.075591756202875695e+04 1.020245881177405112e+00
6.075591782208935183e+04 1.002829736309202469e+00
6.075591808214994671e+04 1.012768941946327717e+00
6.075591834221054160e+04 1.004795131936855990e+00
6.075591860227113648e+04 1.020203829515216709e+00
6.075591886233173136e+04 1.022283060109887565e+00
6.075591912239232624e+04 9.946355436615100798e-01
6.075591938245292840e+04 1.006509387215221540e+00
6.075591964251352329e+04 1.004754629928200638e+00
6.075591990257411817e+04 9.968726070545651519e-01
6.075592016263471305e+04 1.020198644885085271e+00
6.075592042269530793e+04 9.892418543403772579e-01
6.075592068275590282e+04 1.002281380338725603e+00
6.075592094281649770e+04 9.780697484299255562e-01
6.075592120287709986e+04 1.001410147749111745e+00
6.075592146293769474e+04 1.021105828839504293e+00
6.075592172299828962e+04 9.992539433880726074e-01
6.075592198305888451e+04 1.000072258303360107e+00
6.075592224311948667e+04 1.020343329306645952e+00
6.075592250318008155e+04 9.994675946673057254e-01
6.075592276324067643e+04 1.000732531205920317e+00
6.075592302330127131e+04 9.969183451327870982e-01
6.075592328336186620e+04 9.768271464064275378e-01
6.075592354342246108e+04 1.021844044945553476e+00
6.075592380348305596e+04 9.937470432304416068e-01
6.075592406354365812e+04 1.015518823116099201e+00
6.075592432360425300e+04 1.005504378018838407e+00
6.075592458366484789e+04 1.004739916446230508e+00
6.075592484372544277e+04 1.006726809817459767e+00
6.075592510378604493e+04 9.924375580296227461e-01
6.075592536384663981e+04 9.813478266963563401e-01
6.075592562390723469e+04 1.000121798254727912e+00
6.075592588396782958e+04 1.000556157003496649e+00
6.075592614402842446e+04 9.974336403738733869e-01
6.075592640408901934e+04 1.002841099980550155e+00
6.075592666414961423e+04 1.006929538709026017e+00
6.075592692421020911e+04 1.002211288085117058e+00
6.075592718427081127e+04 1.000200796850813534e+00
6.075592744433140615e+04 1.005202265908051285e+00
6.075592770439200103e+04 1.013154261657269295e+00
6.075592796445260319e+04 1.005199508962919097e+00
6.075592822451319807e+04 1.006452555866231169e+00
6.075592848457379296e+04 1.007160733611723424e+00
6.075592874463438784e+04 1.001215904179248994e+00
6.075592900469498272e+04 1.005374715557481924e+00
6.075592926475557761e+04 1.022802922924597846e+00
6.075592952481617249e+04 1.005024977048084800e+00
6.075592978487676737e+04 9.813088854219954582e-01
6.075593004493736953e+04 9.981895048695473838e-01
6.075593030499796441e+04 1.011533049347081326e+00
6.075593056505855930e+04 1.006171686161007939e+00
6.075593082511916145e+04 1.011629995620794586e+00
6.075593108517975634e+04 1.010891753105483071e+00
6.075593134524035122e+04 1.009503482924636542e+00
6.075593160530094610e+04 1.018775048464934496e+00
6.075593186536154099e+04 9.991417814649862228e-01
6.075593212542213587e+04 9.961259941717481858e-01
6.075593238548273075e+04 9.999159454675820013e-01
6.075593264554332563e+04 9.954736415916738412e-01
6.075593290560392779e+04 1.006160135413397549e+00
6.075593316566452268e+04 1.010663378701293302e+00
6.075593342572511756e+04 1.011529818888823762e+00
6.075593368578571244e+04 1.001160401558601976e+00
6.075593394584631460e+04 9.918609451127643473e-01
6.075593420590690948e+04 1.015705916658769636e+00
6.075593446596750437e+04 9.862924228522189640e-01
6.075593472602809925e+04 1.004109505101033584e+00
6.075593498608869413e+04 9.817840054813724571e-01
6.075593524614928901e+04 9.918281090839790037e-01
6.075593550620988390e+04 1.011515294201191129e+00
6.075593576627048606e+04 9.895736992907371299e-01
6.075593602633108094e+04 9.947470054963480912e-01
6.075593628639167582e+04 1.007392767159459801e+00
6.075593654645227070e+04 1.000735841626932743e+00
6.075593680651287286e+04 9.953277909305824345e-01
6.075593706657346775e+04 1.001679236081038038e+00
6.075593732663406263e+04 9.873216242878621873e-01
6.075593758669465751e+04 1.005598715075518568e+00
6.075593784675525239e+04 1.015819046041341212e+00
6.075593810681584728e+04 9.976597758115234305e-01
6.075593836687644216e+04 1.016578101971911341e+00
6.075593862693704432e+04 9.948013912245222690e-01
6.075593888699763920e+04 9.819501241919508239e-01
6.075593914705823408e+04 1.013888910153056377e+00
6.075593940711883624e+04 9.951635598274251038e-01
6.075594106598430517e+04 9.937566974091045502e-01
6.075594132604500919e+04 1.013254784664586960e+00
6.075594158610571321e+04 9.955349077147687131e-01
6.075594184616640996e+04 1.004792914999860676e+00
6.075594210622711398e+04 9.920929077509337279e-01
6.075594236628781800e+04 1.000648554302258963e+00
6.075594262634852203e+04 9.872287630038480977e-01
6.075594288640922605e+04 9.924989023607548866e-01
6.075594314646992279e+04 1.005656548106413695e+00
6.075594340653063409e+04 9.917131937636585182e-01
6.075594366659133811e+04 1.018490722211643495e+00
6.075594392665203486e+04 9.889597003625127947e-01
6.075594418671273888e+04 9.937178956219193671e-01
6.075594444677344291e+04 9.805452518112537375e-01
6.075594470683414693e+04 9.990584999132495758e-01
6.075594496689485095e+04 9.862859707888310679e-01
6.075594522695554770e+04 9.879699381429714045e-01
6.075594548701625172e+04 9.889305868752646944e-01
6.075594574707695574e+04 9.993219549072708263e-01
6.075594600713765976e+04 9.920767775868376548e-01
6.075594626719836378e+04 9.956141926203246895e-01
6.075594652725906053e+04 9.959072896302245681e-01
6.075594678731976455e+04 9.923589521377967904e-01
6.075594704738046858e+04 1.006818948068856301e+00
6.075594730744116532e+04 9.994555513787770629e-01
6.075594756750187662e+04 9.915652588214390883e-01
6.075594782756257337e+04 1.000002825399818773e+00
6.075594808762328466e+04 9.966538251807947058e-01
6.075594834768398869e+04 1.015941662186030880e+00
6.075594860774468543e+04 9.987070773430506421e-01
6.075594886780538945e+04 9.825428341845726665e-01
6.075594912786609348e+04 9.932232553346100890e-01
6.075594938792679750e+04 9.978222200983454249e-01
6.075594964798750152e+04 1.013440665241156946e+00
6.075594990804819827e+04 1.012244290363226940e+00
6.075595016810890229e+04 9.850569379531154413e-01
6.075595042816960631e+04 9.834218805725419843e-01
6.075595068823031033e+04 9.937319980167246269e-01
6.075595094829101436e+04 1.002946879941232439e+00
6.075595120835171110e+04 1.000128142987815272e+00
6.075595146841241512e+04 9.986330891900317974e-01
6.075595172847312642e+04 1.019676162169019573e+00
6.075595198853382317e+04 1.011431288637829384e+00
6.075595224859452719e+04 1.012645170092746572e+00
6.075595250865523121e+04 1.002901604933198243e+00
6.075595276871593524e+04 9.933018546459508880e-01
6.075595302877663926e+04 1.001368801001714992e+00
6.075595328883733600e+04 1.002338239532676090e+00
6.075595354889804003e+04 9.890900259029519193e-01
6.075595380895874405e+04 9.902682924592588476e-01
6.075595406901944807e+04 9.958957470124121247e-01
6.075595432908015209e+04 9.914256024700589531e-01
6.075595458914084884e+04 9.937751906225517073e-01
6.075595484920156014e+04 9.794622812666408107e-01
6.075595510926226416e+04 9.987037458734713269e-01
6.075595536932296091e+04 9.996622895874780479e-01
6.075595562938366493e+04 1.005901448135418708e+00
6.075595588944436895e+04 1.011892151522152394e+00
6.075595614950507297e+04 9.952038253752758523e-01
6.075595640956577699e+04 1.006605341472544435e+00
6.075595666962647374e+04 9.867758477645375281e-01
6.075595692968717776e+04 1.006399968617232465e+00
6.075595718974788178e+04 9.961122861841613663e-01
6.075595744980858581e+04 9.986692896864601821e-01
6.075595770986929710e+04 1.004190582601359294e+00
6.075595796992999385e+04 9.806798850866212947e-01
6.075595822999069787e+04 9.978709390292036518e-01
6.075595849005140190e+04 9.976976669404890030e-01
6.075595875011209864e+04 1.009608444620293755e+00
6.075595901017280994e+04 1.000867375073002163e+00
6.075595927023350669e+04 9.855155819558605312e-01
6.075595953029421071e+04 1.005488021199427040e+00
6.075595979035491473e+04 9.918531788003576155e-01
6.075596005041561148e+04 9.962269236695311392e-01
6.075596031047632277e+04 1.015169209405744510e+00
6.075596057053702680e+04 1.023690238101523153e+00
6.075596083059773082e+04 1.016944564176281762e+00
6.075596109065843484e+04 9.858343783092297086e-01
6.075596135071913159e+04 1.006687668379945499e+00
6.075596161077983561e+04 9.957543934118453510e-01
6.075596187084053963e+04 1.000292462425869999e+00
6.075596213090124365e+04 1.002001888866461243e+00
6.075596239096194768e+04 9.928217841566963076e-01
6.075596265102265170e+04 1.004192837686597173e+00
6.075596291108335572e+04 9.976436814098850192e-01
6.075596317114405974e+04 9.848243420501080481e-01
6.075596343120475649e+04 9.930983988775319293e-01
6.075596369126546051e+04 1.010413970370893422e+00
6.075596395132616453e+04 1.001307220829530609e+00
6.075596421138686856e+04 9.895830749035657847e-01
6.075596447144757258e+04 9.852905546100126921e-01
6.075596473150827660e+04 1.008253033270515298e+00
6.075596499156898062e+04 9.976563745157351892e-01
6.075596525162968464e+04 9.964594641167153766e-01
6.075596551169038867e+04 1.000398896046377217e+00
6.075596577175109269e+04 9.929307076935801613e-01
6.075596603181178943e+04 9.959651080146784130e-01
6.075596629187249346e+04 9.914631101943129909e-01
6.075596655193319748e+04 1.002402675940311738e+00
6.075596681199390150e+04 9.891851801609287120e-01
6.075596707205460552e+04 9.836540506752343704e-01
6.075596733211530955e+04 9.938271679457174601e-01
6.075596759217601357e+04 1.006556372252779719e+00
6.075596785223671759e+04 1.009293213600561456e+00
6.075596811229741434e+04 9.864271561001648481e-01
6.075596837235811836e+04 1.008490592523418661e+00
6.075596863241882238e+04 1.006129758265591478e+00
6.075596889247953368e+04 9.867164878253803506e-01
6.075596915254023770e+04 9.873769263120153461e-01
6.075596941260093445e+04 1.004631594551872675e+00
6.075597102105359954e+04 1.003911891019503511e+00
6.075597128111420170e+04 1.007244812878146600e+00
6.075597154117479658e+04 9.838003128252205132e-01
6.075597180123539147e+04 1.009550214253594591e+00
6.075597206129598635e+04 1.003836400292198672e+00
6.075597232135658123e+04 9.957258987984525245e-01
6.075597258141718339e+04 1.003280509586842673e+00
6.075597284147777827e+04 1.003126118357466012e+00
6.075597310153837316e+04 1.003404083358655718e+00
6.075597336159897532e+04 1.011178081539422680e+00
6.075597362165957020e+04 1.010326883710746637e+00
6.075597388172016508e+04 1.001526039109987609e+00
6.075597414178077452e+04 1.002356678052363614e+00
6.075597440184136940e+04 9.923231131906780078e-01
6.075597466190196428e+04 9.986663922149701111e-01
6.075597492196255916e+04 9.795128655642398874e-01
6.075597518202315405e+04 1.003510335548243759e+00
6.075597544208374893e+04 9.974813954808766647e-01
6.075597570214434381e+04 1.009542085721133020e+00
6.075597596220494597e+04 1.014100692939404968e+00
6.075597622226554813e+04 1.009243576141438226e+00
6.075597648232614301e+04 9.998481231107799738e-01
6.075597674238673790e+04 9.996369910013479521e-01
6.075597700244734006e+04 1.003531057259168024e+00
6.075597726250793494e+04 9.807095589848444650e-01
6.075597752256853710e+04 1.015613962654890567e+00
6.075597778262913198e+04 9.982787112065535373e-01
6.075597804268972686e+04 1.009147961116032999e+00
6.075597830275032175e+04 1.002625331720406576e+00
6.075597856281091663e+04 1.001600349080835839e+00
6.075597882287151151e+04 1.007221319280265703e+00
6.075597908293212095e+04 9.798711655235953222e-01
6.075597934299271583e+04 1.004097342966575379e+00
6.075597960305331071e+04 1.010374326683016299e+00
6.075597986311390559e+04 1.011254093039525737e+00
6.075598012317450775e+04 1.011553674045954976e+00
6.075598038323510264e+04 9.920325528642931490e-01
6.075598064329570479e+04 9.878241232819124917e-01
6.075598090335629968e+04 9.963453027471358414e-01
6.075598116341689456e+04 9.903837175792677971e-01
6.075598142347748944e+04 1.001480055218778586e+00
6.075598168353808433e+04 1.006478890673758508e+00
6.075598194359869376e+04 1.017570606419405665e+00
6.075598220365928864e+04 1.002199199301817556e+00
6.075598246371988353e+04 1.001219548049691266e+00
6.075598272378047841e+04 1.005126396107666631e+00
6.075598298384108057e+04 9.996481569224282548e-01
6.075598324390167545e+04 9.974849068890661030e-01
6.075598350396227761e+04 9.887437822810770660e-01
6.075598376402287249e+04 1.008534179989336810e+00
6.075598402408346738e+04 1.000874680381629966e+00
6.075598428414406226e+04 1.011702352581407949e+00
6.075598454420465714e+04 9.908420102893750192e-01
6.075598480426526658e+04 1.009056389193043968e+00
6.075598506432586146e+04 1.001260825160033674e+00
6.075598532438645634e+04 1.004563946207417180e+00
6.075598558444705122e+04 1.003624970930685478e+00
6.075598584450765338e+04 1.000297485884902970e+00
6.075598610456825554e+04 9.973579779413429547e-01
6.075598636462885042e+04 9.971966147066373409e-01
6.075598662468944531e+04 1.016172911965991021e+00
6.075598688475004019e+04 1.016439641850068742e+00
6.075598714481063507e+04 1.009414056531756421e+00
6.075598740487123723e+04 1.021194506320127759e+00
6.075598766493183211e+04 1.006422231187271477e+00
6.075598792499243427e+04 1.004835197028944416e+00
6.075598818505302916e+04 9.945812205063373490e-01
6.075598844511362404e+04 1.006941532749215718e+00
6.075598870517423347e+04 9.961404092824281964e-01
6.075598896523482836e+04 9.944440391648033950e-01
6.075598922529542324e+04 1.011266421844558394e+00
6.075598948535601812e+04 1.016853821193297369e+00
6.075598974541661300e+04 1.001734434052351963e+00
6.075599000547721516e+04 1.007076250702666931e+00
6.075599026553781005e+04 1.013034351316249859e+00
6.075599052559840493e+04 1.008641058845988203e+00
6.075599078565900709e+04 9.900153205856991878e-01
6.075599104571960197e+04 1.022959320439908559e+00
6.075599130578020413e+04 1.004599822341507354e+00
6.075599156584080629e+04 1.004682738362571381e+00
6.075599182590140117e+04 9.941257536290493135e-01
6.075599208596199605e+04 9.940294254361204951e-01
6.075599234602259094e+04 1.001031555033948361e+00
6.075599260608319310e+04 1.002522370805509544e+00
6.075599286614378798e+04 1.010560961310507100e+00
6.075599312620438286e+04 9.919797515211239425e-01
6.075599338626497774e+04 1.002733077604586631e+00
6.075599364632558718e+04 1.000949586482221099e+00
6.075599390638618206e+04 1.000915373545602893e+00
6.075599416644677694e+04 1.006612853628140014e+00
6.075599442650737910e+04 1.007566868341671196e+00
6.075599468656797399e+04 1.000941863690811617e+00
6.075599494662857614e+04 1.022943447527615124e+00
6.075599520668917103e+04 9.925468163267112676e-01
6.075599546674976591e+04 9.949222722842794298e-01
6.075599572681036079e+04 1.005865404307504374e+00
6.075599598687096295e+04 9.929205098691996634e-01
6.075599624693155783e+04 1.007746693941465432e+00
6.075599650699215999e+04 9.970681366727018879e-01
6.075599676705275488e+04 9.891882440444415003e-01
6.075599702711334976e+04 1.013859405984739226e+00
6.075599728717395192e+04 1.000018041306668160e+00
6.075599754723455408e+04 9.949674859521169257e-01
6.075599780729514896e+04 1.011024234159085600e+00
6.075599806735574384e+04 9.965769418943883906e-01
6.075599832741634600e+04 1.015110558871418656e+00
6.075599858747694088e+04 1.009207473174972725e+00
6.075599884753753577e+04 1.003367294374551522e+00
6.075599910759813065e+04 1.018911601504104869e+00
6.075599936765874008e+04 1.009912192972697520e+00
6.075600091310295102e+04 9.922999123479988581e-01
6.075600117316365504e+04 9.874733720305203244e-01
6.075600143322435179e+04 1.003442332226663458e+00
6.075600169328505581e+04 9.932622999084133042e-01
6.075600195334576711e+04 1.005897918006147140e+00
6.075600221340647113e+04 1.011916153696194476e+00
6.075600247346717515e+04 9.982548052273834127e-01
6.075600273352787190e+04 1.001492117572985174e+00
6.075600299358858319e+04 1.006823978377942908e+00
6.075600325364928722e+04 1.018696594684471712e+00
6.075600351370998396e+04 1.003624028817634573e+00
6.075600377377069526e+04 9.918531560746944864e-01
6.075600403383139928e+04 1.021497215830897254e+00
6.075600429389210331e+04 9.908271886272105311e-01
6.075600455395280733e+04 9.984858383243397917e-01
6.075600481401350407e+04 1.013070004210699482e+00
6.075600507407421537e+04 1.016554285309552608e+00
6.075600533413491939e+04 1.011166983904281835e+00
6.075600559419562342e+04 1.008681495371004821e+00
6.075600585425632744e+04 9.906545720324425597e-01
6.075600611431703146e+04 1.015167896753056187e+00
6.075600637437773548e+04 1.021888250640774931e+00
6.075600663443843951e+04 1.001485475652188040e+00
6.075600689449914353e+04 1.001864397578516863e+00
6.075600715455985483e+04 1.006654378474900025e+00
6.075600741462055157e+04 1.001574931867132756e+00
6.075600767468125559e+04 1.015239763578348331e+00
6.075600793474195962e+04 1.004077905005980931e+00
6.075600819480266364e+04 1.003865617064764404e+00
6.075600845486336766e+04 9.937157799157138038e-01
6.075600871492407168e+04 1.017317972931860881e+00
6.075600897498478298e+04 1.003876755489595318e+00
6.075600923504548700e+04 1.014185485099227790e+00
6.075600949510618375e+04 1.013332430759208869e+00
6.075600975516688777e+04 9.864457475881384108e-01
6.075601001522759907e+04 1.008858614899511341e+00
6.075601027528830309e+04 9.947129535455232485e-01
6.075601053534900711e+04 1.005141586782222429e+00
6.075601079540970386e+04 1.013548620087509011e+00
6.075601105547041516e+04 1.006336192571675170e+00
6.075601131553111918e+04 9.770925706831813384e-01
6.075601157559181593e+04 1.008761242598289254e+00
6.075601183565252722e+04 1.011152760239921067e+00
6.075601209571323125e+04 1.011882070575224946e+00
6.075601235577393527e+04 9.993038468957844422e-01
6.075601261583463929e+04 9.970720276292285300e-01
6.075601287589534331e+04 9.983938954646839337e-01
6.075601313595604734e+04 9.985722020600495963e-01
6.075601339601675136e+04 9.933807142948738456e-01
6.075601365607746266e+04 1.015709154194747832e+00
6.075601391613816668e+04 9.965999116645133382e-01
6.075601417619886342e+04 1.007782700383283325e+00
6.075601443625956745e+04 1.012204163113000988e+00
6.075601469632027874e+04 1.011886858597324190e+00
6.075601495638097549e+04 1.008679344527842803e+00
6.075601521644168679e+04 9.982021031590058158e-01
6.075601547650239081e+04 1.016290302011674029e+00
6.075601573656309483e+04 1.001073753525623777e+00
6.075601599662379886e+04 1.005058390140654678e+00
6.075601625668450288e+04 1.026867642011979997e+00
6.075601651674520690e+04 1.004585605402564141e+00
6.075601677680591092e+04 1.019536773695948195e+00
6.075601703686661494e+04 1.001393807964057858e+00
6.075601729692732624e+04 1.005812117907108894e+00
6.075601755698802299e+04 1.003206017194223421e+00
6.075601781704872701e+04 9.923419928923969957e-01
6.075601807710943831e+04 9.987988402317080627e-01
6.075601833717014233e+04 1.013399249682463754e+00
6.075601859723084635e+04 1.012213749977441957e+00
6.075601885729155038e+04 1.015298414473639665e+00
6.075601911735225440e+04 9.924749099844900613e-01
6.075601937741295842e+04 9.901541653320889980e-01
6.075601963747365517e+04 1.000572926520651107e+00
6.075601989753436646e+04 9.910409460812508176e-01
6.075602015759507049e+04 1.002806184090039521e+00
6.075602041765577451e+04 1.000045572165532581e+00
6.075602067771648581e+04 1.020855357870225966e+00
6.075602093777718255e+04 1.001148570977918650e+00
6.075602119783788658e+04 9.857288212926581528e-01
6.075602145789859787e+04 1.002248447597059888e+00
6.075602171795930190e+04 9.933282804939114197e-01
6.075602197802000592e+04 1.000717705242573530e+00
6.075602223808070994e+04 1.011902023367793557e+00
6.075602249814141396e+04 1.014160711826826766e+00
6.075602275820211798e+04 1.006980913103861175e+00
6.075602301826282201e+04 1.000383921853345459e+00
6.075602327832352603e+04 9.948925114977805739e-01
6.075602353838423005e+04 9.966085993268736232e-01
6.075602379844494135e+04 9.999910026354695836e-01
6.075602405850564537e+04 9.958386946849774324e-01
6.075602431856634212e+04 1.006870669778234140e+00
6.075602457862704614e+04 1.002122581901419007e+00
6.075602483868775744e+04 1.009201268968156207e+00
6.075602509874846146e+04 1.011841449188679576e+00
6.075602535880916548e+04 1.005127043400889431e+00
6.075602561886986950e+04 1.004811561392770392e+00
6.075602587893057353e+04 9.888301325436453793e-01
6.075602613899127755e+04 1.001331105675272504e+00
6.075602639905198885e+04 9.896096611050865244e-01
6.075602665911269287e+04 9.852545220790145386e-01
6.075602691917338962e+04 1.000895300323065173e+00
6.075602717923410091e+04 9.931717062797338347e-01
6.075602743929480494e+04 1.019990775784034520e+00
6.075602769935550168e+04 1.004482783197496731e+00
6.075602795941621298e+04 1.006436824261044416e+00
6.075602821947691700e+04 1.001209971414164679e+00
6.075602847953762102e+04 9.889064207525583017e-01
6.075602873959833232e+04 1.008602060352686847e+00
6.075602899965902907e+04 1.006568412379165389e+00
6.075602925971973309e+04 1.001143907828784707e+00
6.075603093119423283e+04 9.833736674183568560e-01
6.075603119125482772e+04 9.967236536049343121e-01
6.075603145131542988e+04 1.008995210046769175e+00
6.075603171137602476e+04 1.009222326470038844e+00
6.075603197143662692e+04 9.913943159067070132e-01
6.075603223149722908e+04 1.007931369971366786e+00
6.075603249155782396e+04 1.004450989188673482e+00
6.075603275161842612e+04 1.007506861632136763e+00
6.075603301167902100e+04 9.998815079393305050e-01
6.075603327173962316e+04 1.002586859786971152e+00
6.075603353180022532e+04 9.911656426336945547e-01
6.075603379186082020e+04 9.997208840007441033e-01
6.075603405192141508e+04 9.948709586038184671e-01
6.075603431198201724e+04 1.005616880718230188e+00
6.075603457204261213e+04 9.804092983143726237e-01
6.075603483210320701e+04 9.798255286370973760e-01
6.075603509216381644e+04 9.987345907377990217e-01
6.075603535222441133e+04 9.905859466470949837e-01
6.075603561228501349e+04 1.007745365301387475e+00
6.075603587234560837e+04 9.797064341946458699e-01
6.075603613240621053e+04 9.824703961184979573e-01
6.075603639246681269e+04 9.985541900482951538e-01
6.075603665252740757e+04 1.002605135435089112e+00
6.075603691258800245e+04 1.008106000032076288e+00
6.075603717264860461e+04 9.909300470612707468e-01
6.075603743270919949e+04 1.017050957446435477e+00
6.075603769276979438e+04 9.947127946600665682e-01
6.075603795283040381e+04 9.839406975243896181e-01
6.075603821289099869e+04 9.996985438987732175e-01
6.075603847295160085e+04 9.940706077211465264e-01
6.075603873301219573e+04 9.931275550992253454e-01
6.075603899307279789e+04 9.985674586651883677e-01
6.075603925313340005e+04 9.944825475537184545e-01
6.075603951319399494e+04 9.950047682020143336e-01
6.075603977325458982e+04 9.999221281792245453e-01
6.075604003331519198e+04 9.964578412386958517e-01
6.075604029337578686e+04 1.015227669304630931e+00
6.075604055343638902e+04 1.003515216497331330e+00
6.075604081349698390e+04 1.007045367789332513e+00
6.075604107355758606e+04 1.008756700889320568e+00
6.075604133361818822e+04 1.008727145695789140e+00
6.075604159367878310e+04 1.006142740512379730e+00
6.075604185373938526e+04 9.773848068774574349e-01
6.075604211379998742e+04 1.003348080102145490e+00
6.075604237386058230e+04 1.001814656510054302e+00
6.075604263392118446e+04 1.005576479880138541e+00
6.075604289398177934e+04 1.001033267708953289e+00
6.075604315404237423e+04 1.008275587566427767e+00
6.075604341410297639e+04 1.003867687483795290e+00
6.075604367416357127e+04 9.903551125962576362e-01
6.075604393422418070e+04 9.954251370270955634e-01
6.075604419428477559e+04 9.822410369045522227e-01
6.075604445434537047e+04 9.920166124649815176e-01
6.075604471440597990e+04 9.917344805800781815e-01
6.075604497446657479e+04 1.003031455471523392e+00
6.075604523452717694e+04 1.012626912651068967e+00
6.075604549458777183e+04 1.007927455880391010e+00
6.075604575464836671e+04 1.002634287853533257e+00
6.075604601470896887e+04 1.009416589021621347e+00
6.075604627476956375e+04 1.000274783044028615e+00
6.075604653483016591e+04 1.010676317500842636e+00
6.075604679489076807e+04 9.741294036505957488e-01
6.075604705495136295e+04 9.991312536622068974e-01
6.075604731501196511e+04 9.953510840829754569e-01
6.075604757507256727e+04 1.001867804972605525e+00
6.075604783513316943e+04 9.988581628969716020e-01
6.075604809519376431e+04 9.917743238767302572e-01
6.075604835525435919e+04 1.006356968072138258e+00
6.075604861531496135e+04 1.010798953198843719e+00
6.075604887537555624e+04 9.930414881273887939e-01
6.075604913543615839e+04 9.851566074513099514e-01
6.075604939549675328e+04 1.004261383076935799e+00
6.075604965555735544e+04 9.916532946525461467e-01
6.075604991561795759e+04 9.809723105838412671e-01
6.075605017567855248e+04 1.001892304658046129e+00
6.075605043573915464e+04 1.009855552903024423e+00
6.075605069579975680e+04 9.941813991079815338e-01
6.075605095586035168e+04 9.955279914131192065e-01
6.075605121592095384e+04 9.930788218643823440e-01
6.075605147598154872e+04 1.020987579804432777e+00
6.075605173604215088e+04 1.004444674577691377e+00
6.075605199610274576e+04 1.012540789448711731e+00
6.075605225616334792e+04 1.017222178294061363e+00
6.075605251622395008e+04 1.002498702551903653e+00
6.075605277628454496e+04 9.849955360033479934e-01
6.075605303634514712e+04 9.917656565993860918e-01
6.075605329640574200e+04 1.006307983691434593e+00
6.075605355646635144e+04 1.005456992038777697e+00
6.075605381652694632e+04 9.863281562523322776e-01
6.075605407658754848e+04 9.950911514625288001e-01
6.075605433664814336e+04 9.929889362381113527e-01
6.075605459670873825e+04 1.011614457957512370e+00
6.075605485676934040e+04 9.910220938654250578e-01
6.075605511682993529e+04 1.010659627572257913e+00
6.075605537689054472e+04 9.945455446685544931e-01
6.075605563695113960e+04 1.014530503831501784e+00
6.075605589701174176e+04 9.833554569419457048e-01
6.075605615707233665e+04 1.003029035380765155e+00
6.075605641713293880e+04 1.001365128989151643e+00
6.075605667719354096e+04 9.897482724189980985e-01
6.075605693725413585e+04 9.953675192207687150e-01
6.075605719731473800e+04 9.906034464660027350e-01
6.075605745737533289e+04 1.008102379201383458e+00
6.075605771743593505e+04 1.007724360386898610e+00
6.075605797749652993e+04 1.004275356802413421e+00
6.075605823755713209e+04 1.009922187291330653e+00
6.075605849761773425e+04 9.904831206819713074e-01
6.075605875767832913e+04 9.754965530735986157e-01
6.075605901773893129e+04 1.006361135771914883e+00
6.075605927779953345e+04 9.880405386154916814e-01
6.075606082322710427e+04 9.991439414371767747e-01
6.075606108328780829e+04 9.976017282697947630e-01
6.075606134334851231e+04 9.896046629587207377e-01
6.075606160340922361e+04 1.005355600938220073e+00
6.075606186346992035e+04 1.011383522674495827e+00
6.075606212353063165e+04 1.000914505779840091e+00
6.075606238359133567e+04 1.002218760109454321e+00
6.075606264365204697e+04 1.003049736611788090e+00
6.075606290371275099e+04 1.008234985021853936e+00
6.075606316377345502e+04 1.013260058439307443e+00
6.075606342383415904e+04 1.017126925497581658e+00
6.075606368389486306e+04 1.006668601994996415e+00
6.075606394395557436e+04 1.002696851755839003e+00
6.075606420401627838e+04 1.013080867473085345e+00
6.075606446407698240e+04 9.956108398173920682e-01
6.075606472413768643e+04 1.004323569482443723e+00
6.075606498419839772e+04 1.000466402285510092e+00
6.075606524425910175e+04 1.001015694147083135e+00
6.075606550431981304e+04 9.861886763047691407e-01
6.075606576438050979e+04 9.973211630250286008e-01
6.075606602444122109e+04 1.014084737870113662e+00
6.075606628450192511e+04 1.005298337376425710e+00
6.075606654456262913e+04 1.003908369611949070e+00
6.075606680462333316e+04 1.005085909610390349e+00
6.075606706468404445e+04 9.869222679659283015e-01
6.075606732474474848e+04 9.991421445108886745e-01
6.075606758480545250e+04 9.989285886254727354e-01
6.075606784486615652e+04 9.876717834370913884e-01
6.075606810492686054e+04 9.990578293408076682e-01
6.075606836498757184e+04 1.012018686140655932e+00
6.075606862504827586e+04 1.011474492718315465e+00
6.075606888510898716e+04 9.881260825981318385e-01
6.075606914516968391e+04 1.005849293252998100e+00
6.075606940523039520e+04 1.004973605724784891e+00
6.075606966529109923e+04 1.003889178820509764e+00
6.075606992535180325e+04 1.018177451511977250e+00
6.075607018541250727e+04 9.870607863461116072e-01
6.075607044547321857e+04 1.006697423633565069e+00
6.075607070553392259e+04 1.004445645133816400e+00
6.075607096559463389e+04 9.977262926816731214e-01
6.075607122565533064e+04 1.002600751662466205e+00
6.075607148571604193e+04 9.969171668818463949e-01
6.075607174577674596e+04 9.962589253574373194e-01
6.075607200583745725e+04 1.007052790188872615e+00
6.075607226589816128e+04 1.012717049421495208e+00
6.075607252595886530e+04 1.010309403983159271e+00
6.075607278601956932e+04 1.007388056191176773e+00
6.075607304608028062e+04 1.008681818407543007e+00
6.075607330614097737e+04 1.008660339052504407e+00
6.075607356620169594e+04 1.009740317317903591e+00
6.075607382626239269e+04 1.000927894095773762e+00
6.075607408632310398e+04 9.886232546941594590e-01
6.075607434638380801e+04 1.018705683412694629e+00
6.075607460644451203e+04 9.941699873884508598e-01
6.075607486650521605e+04 9.986579387187382029e-01
6.075607512656592735e+04 9.946813937098827330e-01
6.075607538662663137e+04 1.003679040291138636e+00
6.075607564668734267e+04 9.913555684105670451e-01
6.075607590674803942e+04 1.006076561901465105e+00
6.075607616680875071e+04 1.028302773279563542e+00
6.075607642686945474e+04 1.008363413745904547e+00
6.075607668693016603e+04 9.979732205861276961e-01
6.075607694699087006e+04 9.977569832472861222e-01
6.075607720705157408e+04 1.006926299274384595e+00
6.075607746711227810e+04 1.004954214491388331e+00
6.075607772717298940e+04 1.007371344909833377e+00
6.075607798723368614e+04 1.019240559523164169e+00
6.075607824729439744e+04 9.944535632840777462e-01
6.075607850735510146e+04 9.922654453423471743e-01
6.075607876741581276e+04 9.948539441056116761e-01
6.075607902747651679e+04 1.005382100353596986e+00
6.075607928753722081e+04 1.006109141795697104e+00
6.075607954759792483e+04 9.979330674754870456e-01
6.075607980765863613e+04 1.017208175216413935e+00
6.075608006771934015e+04 9.973871870200562428e-01
6.075608032778005145e+04 1.015280862721580357e+00
6.075608058784074819e+04 1.023576120751825025e+00
6.075608084790145949e+04 1.014167652848310119e+00
6.075608110796216351e+04 1.019912098629261799e+00
6.075608136802286754e+04 1.011804801095095518e+00
6.075608162808357156e+04 1.004007441383798049e+00
6.075608188814428286e+04 1.022724481018261633e+00
6.075608214820498688e+04 1.012323753688591177e+00
6.075608240826569818e+04 9.989509352936065678e-01
6.075608266832639492e+04 1.007947682369928044e+00
6.075608292838710622e+04 9.932666912729517517e-01
6.075608318844781024e+04 1.009321651479273774e+00
6.075608344850852154e+04 1.007951957430330170e+00
6.075608370856922556e+04 1.005221017198939970e+00
6.075608396862992959e+04 1.008564956043943805e+00
6.075608422869064088e+04 9.928120367265081958e-01
6.075608448875134491e+04 1.021504312170983475e+00
6.075608474881204893e+04 1.013983409875222730e+00
6.075608500887276023e+04 9.882076226489326931e-01
6.075608526893346425e+04 9.940535412535589366e-01
6.075608552899416827e+04 1.017004421847817142e+00
6.075608578905487957e+04 1.000327529226114009e+00
6.075608604911557632e+04 1.017412215408614706e+00
6.075608630917628761e+04 1.003000730456405476e+00
6.075608656923699164e+04 9.956004602110690715e-01
6.075608682929770293e+04 9.967484092942952012e-01
6.075608708935840696e+04 1.010675339634763858e+00
6.075608734941911098e+04 9.932254942510219120e-01
6.075608760947981500e+04 1.009060133819815075e+00
6.075608786954052630e+04 9.948937980974342787e-01
6.075608812960123760e+04 1.009360032569026622e+00
6.075608838966194162e+04 9.942961846430351525e-01
6.075608864972264564e+04 9.938954625845969337e-01
6.075608890978334966e+04 9.719421237085327236e-01
6.075608916984406096e+04 1.011281652453558388e+00
6.075609076569380704e+04 9.979341606069382919e-01
6.075609102575441648e+04 1.006979522852881281e+00
6.075609128581501136e+04 1.020200438882847171e+00
6.075609154587561352e+04 1.010091982427409496e+00
6.075609180593621568e+04 1.019406735098207228e+00
6.075609206599681784e+04 9.954447879174914693e-01
6.075609232605741272e+04 1.023049427588996529e+00
6.075609258611801488e+04 1.003818999930198075e+00
6.075609284617860976e+04 1.003208843455230648e+00
6.075609310623921192e+04 9.843804838348415576e-01
6.075609336629981408e+04 1.011246825067223076e+00
6.075609362636040896e+04 9.974503988329279647e-01
6.075609388642101840e+04 1.014837349348413298e+00
6.075609414648161328e+04 1.005914165254526704e+00
6.075609440654221544e+04 1.010529997721238749e+00
6.075609466660281760e+04 9.954696268136170589e-01
6.075609492666341976e+04 1.001006654259160022e+00
6.075609518672402191e+04 1.011260728904593176e+00
6.075609544678461680e+04 1.008273994124864181e+00
6.075609570684521896e+04 1.013710679642637391e+00
6.075609596690581384e+04 1.010012621465856242e+00
6.075609622696641600e+04 1.000495197948675363e+00
6.075609648702701088e+04 9.976019145477678096e-01
6.075609674708762032e+04 1.014024968963294304e+00
6.075609700714822247e+04 1.007143971804478344e+00
6.075609726720881736e+04 1.011763098405919825e+00
6.075609752726942679e+04 1.004742545872446824e+00
6.075609778733002167e+04 1.008823820909407365e+00
6.075609804739062383e+04 1.002785396153199171e+00
6.075609830745121872e+04 1.000237623844166590e+00
6.075609856751182087e+04 9.823795534194900148e-01
6.075609882757242303e+04 1.002608777908377213e+00
6.075609908763301792e+04 1.012859130985415579e+00
6.075609934769362008e+04 1.011145547178623927e+00
6.075609960775422223e+04 1.012614941738800178e+00
6.075609986781482439e+04 1.006025448097932040e+00
6.075610012787541928e+04 9.942939692838735910e-01
6.075610038793602143e+04 1.005484078351907229e+00
6.075610064799663087e+04 9.974553052488902560e-01
6.075610090805722575e+04 1.009986399678598268e+00
6.075610116811782791e+04 9.978544526982653373e-01
6.075610142817842279e+04 1.005099939835272016e+00
6.075610168823902495e+04 9.953689961945949571e-01
6.075610194829962711e+04 9.934359146530935547e-01
6.075610220836022199e+04 1.016087854921491784e+00
6.075610246842083143e+04 1.005269418221122812e+00
6.075610272848142631e+04 1.016022747268684912e+00
6.075610298854202847e+04 1.005853374258816268e+00
6.075610324860263063e+04 1.002137924709992634e+00
6.075610350866323279e+04 1.024143713388391275e+00
6.075610376872383495e+04 1.003553944705964929e+00
6.075610402878442983e+04 9.981914854848896734e-01
6.075610428884503199e+04 1.012438266202819070e+00
6.075610454890563415e+04 1.010352525271527080e+00
6.075610480896622903e+04 1.019302054690852888e+00
6.075610506902683119e+04 1.002235587905449865e+00
6.075610532908743335e+04 9.999717241376774313e-01
6.075610558914803551e+04 1.018692637440967053e+00
6.075610584920863766e+04 1.014836869067227587e+00
6.075610610926923255e+04 9.910112636695088684e-01
6.075610636932984198e+04 1.002727964422628126e+00
6.075610662939043686e+04 9.868910622880656680e-01
6.075610688945103902e+04 1.008082808946070497e+00
6.075610714951164118e+04 9.944723814983043031e-01
6.075610740957223607e+04 1.015125812203658606e+00
6.075610766963283822e+04 1.013124181124207990e+00
6.075610792969343311e+04 1.002942245321490677e+00
6.075610818975403527e+04 9.947583003626035980e-01
6.075610844981464470e+04 9.862200507475937794e-01
6.075610870987523958e+04 1.002840202741623665e+00
6.075610896993584174e+04 1.010188246856919658e+00
6.075610922999644390e+04 9.952496197278011270e-01
6.075610949005704606e+04 1.005601366668790630e+00
6.075610975011764822e+04 1.018653305392595465e+00
6.075611001017824310e+04 9.934100135145994548e-01
6.075611027023884526e+04 9.969643355409348873e-01
6.075611053029944742e+04 9.988541830014169287e-01
6.075611079036004230e+04 1.001515813487845907e+00
6.075611105042064446e+04 9.922314689512964359e-01
6.075611131048124662e+04 1.001074214373669502e+00
6.075611157054184878e+04 9.912738402248278957e-01
6.075611183060245094e+04 9.803387973028054869e-01
6.075611209066305310e+04 9.978260044031371789e-01
6.075611235072365525e+04 1.008760574910300356e+00
6.075611261078425741e+04 9.994822986609745996e-01
6.075611287084485230e+04 9.864669654280348032e-01
6.075611313090545445e+04 9.924602665258120959e-01
6.075611339096604934e+04 1.006005368078287665e+00
6.075611365102665150e+04 1.008508197465594503e+00
6.075611391108725365e+04 1.008828420894802402e+00
6.075611417114785581e+04 1.007745999824487093e+00
6.075611443120845797e+04 9.998548789425383276e-01
6.075611469126906013e+04 9.974107904020867998e-01
6.075611495132966229e+04 9.790312260435356517e-01
6.075611521139026445e+04 1.012982821498857655e+00
6.075611547145085933e+04 9.856447859200995198e-01
6.075611573151146149e+04 9.892140935560830295e-01
6.075611599157206365e+04 9.966796700302540390e-01
6.075611625163265853e+04 1.003760152141504935e+00
6.075611651169326069e+04 9.991199288009038337e-01
6.075611677175386285e+04 9.949428590738367273e-01
6.075611703181446501e+04 1.013716277928067289e+00
6.075611729187506717e+04 1.006079319869493727e+00
6.075611755193566933e+04 9.929420693243621310e-01
6.075611781199626421e+04 1.001645912472978406e+00
6.075611807205687364e+04 1.001591003470733154e+00
6.075611833211747580e+04 9.889743813353832902e-01
6.075611859217807068e+04 9.893862217358376787e-01
6.075611885223867284e+04 9.823780929082119862e-01
6.075611911229926773e+04 9.848977351111024570e-01
6.075612077117233275e+04 9.878416630173840751e-01
6.075612103123303677e+04 9.968414991709567685e-01
6.075612129129374080e+04 9.971618182431227773e-01
6.075612155135445209e+04 1.003379838225791909e+00
6.075612181141516339e+04 9.907977450784805074e-01
6.075612207147586741e+04 1.013167246561363255e+00
6.075612233153657144e+04 1.006136864022580513e+00
6.075612259159728274e+04 9.988934416789996273e-01
6.075612285165798676e+04 1.011737717460063246e+00
6.075612311171869806e+04 1.011493672174789582e+00
6.075612337177940935e+04 9.703595591497746753e-01
6.075612363184010610e+04 9.966979979996213324e-01
6.075612389190081740e+04 9.886510361868536823e-01
6.075612415196152870e+04 9.824808642089023492e-01
6.075612441202222544e+04 9.922690173427172189e-01
6.075612467208293674e+04 1.008830300026309468e+00
6.075612493214364804e+04 9.778849680054492177e-01
6.075612519220435206e+04 1.002655285131671681e+00
6.075612545226506336e+04 9.937880709822176639e-01
6.075612571232576738e+04 1.011449316120280661e+00
6.075612597238647140e+04 1.004576880796348659e+00
6.075612623244718270e+04 1.001189387201039338e+00
6.075612649250789400e+04 9.860921408619610640e-01
6.075612675256859802e+04 1.009586354912882289e+00
6.075612701262930204e+04 1.006486243953143234e+00
6.075612727269001334e+04 9.919863772874990548e-01
6.075612753275071736e+04 9.906016089595406360e-01
6.075612779281142139e+04 9.977690957173710462e-01
6.075612805287213268e+04 9.893353280018919449e-01
6.075612831293283671e+04 9.998806967765694331e-01
6.075612857299354800e+04 9.977209313494818099e-01
6.075612883305425930e+04 9.989807862241580905e-01
6.075612909311495605e+04 9.929228291682807850e-01
6.075612935317566735e+04 9.922419717926642679e-01
6.075612961323637865e+04 1.001540402872574731e+00
6.075612987329708267e+04 1.006631487239086464e+00
6.075613013335779397e+04 9.958697986063456131e-01
6.075613039341849799e+04 9.850406135464098156e-01
6.075613065347920201e+04 1.000797925522048271e+00
6.075613091353991331e+04 9.755934202188618620e-01
6.075613117360061733e+04 1.003929181533401271e+00
6.075613143366133590e+04 9.947084513054509358e-01
6.075613169372203265e+04 9.939738734383322116e-01
6.075613195378274395e+04 9.962524884352095267e-01
6.075613221384345525e+04 9.980572484672859401e-01
6.075613247390415199e+04 9.896251526802648524e-01
6.075613273396486329e+04 9.958416741100173386e-01
6.075613299402557459e+04 1.001474533816319346e+00
6.075613325408627861e+04 1.009432864126872609e+00
6.075613351414698991e+04 9.945192640368812897e-01
6.075613377420769393e+04 1.004736777712750495e+00
6.075613403426840523e+04 9.905036742795663152e-01
6.075613429432910925e+04 1.003170125008342239e+00
6.075613455438982055e+04 1.001632323854207973e+00
6.075613481445053185e+04 9.966545720290321819e-01
6.075613507451122859e+04 1.006874698622991282e+00
6.075613533457193989e+04 9.913977663707429500e-01
6.075613559463265119e+04 9.925148705202512245e-01
6.075613585469334794e+04 9.912981690252791189e-01
6.075613611475405924e+04 9.924374357304700522e-01
6.075613637481477053e+04 1.005461417979933714e+00
6.075613663487548183e+04 1.006064224926491502e+00
6.075613689493618585e+04 1.002937888497722918e+00
6.075613715499688988e+04 9.930643911430476756e-01
6.075613741505760117e+04 1.021857585329974061e+00
6.075613767511830520e+04 9.926349739451366672e-01
6.075613793517901649e+04 9.914457362048836320e-01
6.075613819523972779e+04 9.887759209596012067e-01
6.075613845530043181e+04 1.001490673687261967e+00
6.075613871536113584e+04 9.950304361757171812e-01
6.075613897542184714e+04 9.946802053267267407e-01
6.075613923548255116e+04 9.998011043338526083e-01
6.075613949554325518e+04 1.011816571608031179e+00
6.075613975560396648e+04 1.021415340234168578e+00
6.075614001566467778e+04 1.015459820593315632e+00
6.075614027572538907e+04 1.000577144019665132e+00
6.075614053578608582e+04 1.009145310712132426e+00
6.075614079584679712e+04 1.010184524712933740e+00
6.075614105590750842e+04 9.944618076683153785e-01
6.075614131596821244e+04 1.003699783390671341e+00
6.075614157602892374e+04 9.998091743353682004e-01
6.075614183608962776e+04 1.011830874262328095e+00
6.075614209615033906e+04 1.010652744217352295e+00
6.075614235621104308e+04 1.009156792721404461e+00
6.075614261627174710e+04 9.990235537480149919e-01
6.075614287633246568e+04 1.005912646040443503e+00
6.075614313639316970e+04 9.931730891466555855e-01
6.075614339645387372e+04 9.978757858326271490e-01
6.075614365651458502e+04 1.006495170520012250e+00
6.075614391657528904e+04 9.882834841332609477e-01
6.075614417663600034e+04 9.810158207855923518e-01
6.075614443669670436e+04 1.005352094862735024e+00
6.075614469675741566e+04 1.006417618113116585e+00
6.075614495681812696e+04 9.940512808304611259e-01
6.075614521687882370e+04 9.859719155476937003e-01
6.075614547693953500e+04 9.971705380857149859e-01
6.075614573700024630e+04 9.953792109309963498e-01
6.075614599706095760e+04 1.004961351758987487e+00
6.075614625712166162e+04 1.012288375506446458e+00
6.075614651718236564e+04 9.929422294027422380e-01
6.075614677724307694e+04 9.884585682855751010e-01
6.075614703730378824e+04 9.985990978122698536e-01
6.075614729736448498e+04 1.008366017395029068e+00
6.075614755742519628e+04 1.009456039929065740e+00
6.075614781748590758e+04 9.918472683249509592e-01
6.075614807754661888e+04 1.018964787674234040e+00
6.075614833760732290e+04 1.000951081516654462e+00
6.075614859766802692e+04 9.987540551034314040e-01
6.075614885772873822e+04 9.823638060449915166e-01
6.075614911778944952e+04 1.007306303030529815e+00
