6.075585120116569306e+04 9.943865882714435500e-01
6.075585146121949219e+04 9.923066410589798103e-01
6.075585172127328406e+04 9.939085834104061101e-01
6.075585198132708319e+04 9.948240374486818638e-01
6.075585224138088233e+04 1.001246503532246201e+00
6.075585250143468147e+04 9.887709638563323411e-01
6.075585276148847333e+04 1.005246646484740047e+00
6.075585302154227247e+04 9.992728848680776377e-01
6.075585328159607161e+04 9.959126355656744423e-01
6.075585354164987803e+04 9.973933842389951510e-01
6.075585380170368444e+04 9.947939181413749665e-01
6.075585406175747630e+04 1.000753589141939903e+00
6.075585432181127544e+04 1.000436536738454896e+00
6.075585458186507458e+04 1.007209160926627822e+00
6.075585484191887372e+04 9.974221597055608068e-01
6.075585510197266558e+04 1.000143146315473075e+00
6.075585536202646472e+04 9.929388735711633940e-01
6.075585562208026386e+04 9.929996981581764581e-01
6.075585588213406299e+04 9.976719958993209847e-01
6.075585614218786213e+04 1.000816861434556504e+00
6.075585640224165400e+04 9.976864360709846169e-01
6.075585666229546041e+04 1.006260282158888408e+00
6.075585692234926682e+04 9.959913037270411440e-01
6.075585718240306596e+04 9.956036312958245205e-01
6.075585744245685783e+04 9.991498589902693128e-01
6.075585770251065696e+04 9.996016894615106230e-01
6.075585796256445610e+04 9.964966466351585783e-01
6.075585822261825524e+04 9.961721460546429929e-01
6.075585848267205438e+04 9.979830774436670993e-01
6.075585874272584624e+04 1.000929525175026757e+00
6.075585900277964538e+04 9.915968835794821690e-01
6.075585926283344452e+04 9.989730035348866055e-01
6.075585952288725093e+04 1.000615962359036493e+00
6.075585978294105735e+04 9.963319112622974760e-01
6.075586004299484921e+04 1.005719523804035953e+00
6.075586030304864835e+04 9.976471219233506993e-01
6.075586056310244749e+04 9.928599380722861190e-01
6.075586082315624662e+04 1.007993329346460909e+00
6.075586108321004576e+04 9.924331403843459354e-01
6.075586134326383763e+04 9.976913161885904158e-01
6.075586160331763676e+04 9.985933005220005709e-01
6.075586186337143590e+04 1.003810437666958544e+00
6.075586212342523504e+04 9.991459097715176263e-01
6.075586238347903418e+04 9.996286501045730244e-01
6.075586264353283332e+04 1.003131238989893204e+00
6.075586290358663973e+04 9.990878982507989114e-01
6.075586316364043887e+04 9.911462836183353442e-01
6.075586342369423801e+04 1.002094508501001346e+00
6.075586368374803715e+04 1.002153571938014354e+00
6.075586394380182901e+04 9.956562500901964263e-01
6.075586420385562815e+04 9.907211170512306708e-01
6.075586446390942729e+04 1.002725170876362482e+00
6.075586472396322642e+04 1.001350379483495701e+00
6.075586498401702556e+04 9.947732315219841581e-01
6.075586524407081743e+04 9.880971723983615895e-01
6.075586550412462384e+04 9.983261643881818914e-01
6.075586576417843025e+04 1.004454837675936130e+00
6.075586602423222939e+04 9.888834480217554290e-01
6.075586628428602853e+04 1.001599955103147588e+00
6.075586654433982039e+04 1.001294958280456227e+00
6.075586680439361953e+04 1.001485654879978204e+00
6.075586706444741867e+04 9.915673059589769078e-01
6.075586732450121781e+04 9.935480834952450380e-01
6.075586758455501695e+04 1.004684491748615516e+00
6.075586784460881609e+04 1.001090874343460557e+00
6.075586810466260795e+04 9.998192353116079900e-01
6.075586836471640709e+04 9.948489711538958113e-01
6.075586862477021350e+04 1.005326673015416006e+00
6.075586888482401991e+04 1.002149845767935199e+00
6.075586914487781905e+04 1.003674657244921109e+00
6.075586940493161092e+04 9.969907700412874441e-01
6.075586966498541005e+04 1.005270998175626929e+00
6.075586992503920919e+04 9.957507684932106473e-01
6.075587018509300833e+04 1.000928257939400545e+00
6.075587044514680747e+04 1.002125079096236604e+00
6.075587070520060661e+04 1.005409157906855810e+00
6.075587096525439847e+04 9.976483001306196696e-01
6.075587122530819761e+04 9.940665755728329556e-01
6.075587148536199675e+04 9.971690892161098052e-01
6.075587174541581044e+04 1.001607193359046910e+00
6.075587200546960958e+04 9.992022317814798216e-01
6.075587226552340871e+04 9.965253065761819906e-01
6.075587252557720058e+04 9.972866439331309341e-01
6.075587278563099972e+04 9.958019487655304092e-01
6.075587304568479885e+04 9.984980224266070126e-01
6.075587330573859799e+04 9.923205287638900973e-01
6.075587356579239713e+04 1.002718473373706676e+00
6.075587382584619627e+04 1.003461071661733373e+00
6.075587408589998813e+04 1.011216994541576986e+00
6.075587434595378727e+04 9.995655704579399226e-01
6.075587460600759368e+04 9.924642132262689875e-01
6.075587486606140010e+04 9.979897408280132831e-01
6.075587512611519924e+04 1.004406679075862563e+00
6.075587538616899838e+04 1.010837016154226831e+00
6.075587564622279751e+04 9.975317813183437465e-01
6.075587590627658938e+04 9.983692800105723464e-01
6.075587616633038851e+04 9.948748116666670249e-01
6.075587642638418765e+04 1.002022080301131712e+00
6.075587668643798679e+04 9.979764010949531139e-01
6.075587694649178593e+04 1.007551067897066721e+00
6.075587720654558507e+04 9.959058054580439689e-01
6.075587746659937693e+04 1.002122844838707616e+00
6.075587772665318334e+04 1.005861623495770685e+00
6.075587798670698976e+04 9.992180049935347474e-01
6.075587824676078890e+04 1.001828567388896030e+00
6.075587850681458804e+04 9.983614860714983275e-01
6.075587876686838717e+04 9.938659824024183020e-01
6.075587902692218631e+04 9.954025858453280362e-01
6.075587928697597818e+04 1.006021087874583664e+00
6.075587954702977731e+04 1.001483947360721549e+00
6.075588115586427011e+04 9.992407408276350322e-01
6.075588141592496686e+04 9.978002394634669647e-01
6.075588167598567088e+04 9.994143707775886565e-01
6.075588193604636763e+04 9.977500424196983353e-01
6.075588219610707165e+04 1.000920236503290317e+00
6.075588245616777567e+04 9.975808235444588723e-01
6.075588271622847242e+04 9.927809223137269434e-01
6.075588297628917644e+04 1.005469327163988069e+00
6.075588323634988046e+04 1.003497225551074568e+00
6.075588349641056993e+04 1.009190749801410325e+00
6.075588375647127395e+04 9.961511652979031517e-01
6.075588401653197798e+04 9.967379554711979228e-01
6.075588427659268200e+04 9.985694542738705604e-01
6.075588453665338602e+04 1.000798946148726110e+00
6.075588479671408277e+04 9.958131239768424070e-01
6.075588505677478679e+04 1.004611687900134553e+00
6.075588531683548354e+04 9.968797516192979824e-01
6.075588557689618756e+04 9.962858095848221573e-01
6.075588583695689158e+04 9.990030726344664158e-01
6.075588609701758833e+04 1.001429706830078148e+00
6.075588635707829235e+04 1.003096501170086974e+00
6.075588661713899637e+04 9.968851639926403774e-01
6.075588687719969312e+04 1.008234713673834770e+00
6.075588713726038986e+04 9.923496782585059517e-01
6.075588739732109389e+04 9.988564174073540913e-01
6.075588765738179791e+04 1.000990615676921047e+00
6.075588791744250193e+04 9.912192251583231695e-01
6.075588817750319868e+04 1.004388934824646196e+00
6.075588843756390270e+04 9.958508123390629185e-01
6.075588869762460672e+04 9.977040469989977289e-01
6.075588895768530347e+04 9.985304221632209654e-01
6.075588921774600749e+04 1.000295145172621414e+00
6.075588947780670424e+04 9.970682984647709635e-01
6.075588973786740826e+04 1.008332524030376431e+00
6.075588999792811228e+04 1.003256182867011903e+00
6.075589025798880903e+04 1.002426697428390412e+00
6.075589051804952032e+04 1.010270092668359210e+00
6.075589077811021707e+04 1.003547964665869818e+00
6.075589103817091382e+04 1.002587140997776904e+00
6.075589129823161784e+04 9.908805820274958487e-01
6.075589155829231458e+04 9.990699539548830721e-01
6.075589181835301861e+04 1.000714257926361483e+00
6.075589207841372263e+04 1.002711767466078374e+00
6.075589233847442665e+04 1.007279481683184708e+00
6.075589259853513067e+04 9.946628251310106750e-01
6.075589285859582742e+04 1.003558044269603267e+00
6.075589311865652417e+04 1.006905231871487283e+00
6.075589337871722819e+04 9.988305230396264944e-01
6.075589363877793221e+04 1.004640580934246685e+00
6.075589389883863623e+04 9.990219699131253073e-01
6.075589415889933298e+04 1.005828220320281519e+00
6.075589441896003700e+04 9.943991547520248941e-01
6.075589467902074102e+04 1.004878383300626066e+00
6.075589493908143777e+04 1.004421302378469605e+00
6.075589519914213452e+04 1.000776139277926413e+00
6.075589545920283854e+04 1.004172762121079199e+00
6.075589571926354256e+04 1.000261396679233306e+00
6.075589597932424658e+04 9.976872088136200523e-01
6.075589623938494333e+04 9.955952181509599708e-01
6.075589649944564735e+04 1.006467724659948049e+00
6.075589675950635137e+04 1.003634316308857022e+00
6.075589701956705539e+04 9.956516020688325197e-01
6.075589727962775942e+04 1.001232586192942753e+00
6.075589753968844889e+04 1.012700673664042483e+00
6.075589779974915291e+04 1.012792238545183965e+00
6.075589805980985693e+04 9.949721439812984070e-01
6.075589831987055368e+04 1.003809227091633893e+00
6.075589857993125770e+04 9.994283802142278628e-01
6.075589883999196172e+04 9.989712106439100348e-01
6.075589910005266574e+04 1.001629725337790378e+00
6.075589936011336977e+04 1.005777615278985238e+00
6.075589962017406651e+04 1.004147748604396151e+00
6.075589988023477054e+04 1.001282170076833289e+00
6.075590014029546728e+04 1.000862915620631899e+00
6.075590040035617130e+04 1.000194589009648416e+00
6.075590066041687533e+04 1.011874774741921890e+00
6.075590092047757207e+04 1.004531953003676925e+00
6.075590118053827609e+04 9.973242198953160553e-01
6.075590144059898012e+04 1.003427389497949296e+00
6.075590170065967686e+04 9.919340181181115490e-01
6.075590196072038816e+04 9.984049527582307126e-01
6.075590222078108491e+04 1.000840955894734874e+00
6.075590248084178893e+04 1.002670518919010378e+00
6.075590274090249295e+04 1.003915451504900913e+00
6.075590300096318242e+04 1.004875064587290812e+00
6.075590326102388644e+04 9.977387887818499612e-01
6.075590352108459047e+04 1.003224304002923617e+00
6.075590378114529449e+04 1.006517176539284408e+00
6.075590404120599851e+04 1.002027562586496057e+00
6.075590430126669526e+04 9.995747291845118454e-01
6.075590456132739928e+04 1.001485770693532729e+00
6.075590482138810330e+04 1.004974176703355093e+00
6.075590508144880732e+04 1.000386502887285367e+00
6.075590534150951135e+04 1.000544158033018105e+00
6.075590560157020809e+04 1.009854095890266201e+00
6.075590586163091211e+04 1.001924401669972431e+00
6.075590612169160886e+04 1.002995884026571138e+00
6.075590638175230561e+04 9.978136494483175190e-01
6.075590664181300963e+04 1.009762089232017823e+00
6.075590690187371365e+04 9.986650049666432327e-01
6.075590716193441767e+04 1.009731293476969993e+00
6.075590742199512169e+04 1.003022519514174649e+00
6.075590768205581844e+04 1.000732691783640993e+00
6.075590794211652246e+04 1.006056730272583355e+00
6.075590820217722649e+04 1.004786346940083286e+00
6.075590846223793051e+04 1.006806110733672766e+00
6.075590872229863453e+04 1.002843426123795956e+00
6.075590898235933128e+04 1.002239033778613564e+00
6.075590924242003530e+04 1.006453759846530183e+00
6.075590950248073932e+04 9.993321458155991488e-01
6.075591106051386305e+04 9.977773742930683420e-01
6.075591132057445793e+04 1.000720298453702251e+00
6.075591158063505281e+04 9.957068733142715455e-01
6.075591184069564770e+04 1.006089413876045002e+00
6.075591210075624258e+04 9.963936803528634645e-01
6.075591236081683746e+04 9.979478364604904561e-01
6.075591262087743235e+04 9.922901586554946363e-01
6.075591288093802723e+04 1.003430225729651903e+00
6.075591314099862211e+04 9.993470510689387298e-01
6.075591340105922427e+04 9.954264542469727362e-01
6.075591366111981915e+04 9.933834418788374254e-01
6.075591392118041404e+04 1.008140931539010854e+00
6.075591418124100892e+04 1.001753506226927604e+00
6.075591444130160380e+04 9.994939791334226387e-01
6.075591470136219868e+04 1.001001355885126287e+00
6.075591496142279357e+04 1.007244108409228955e+00
6.075591522148338845e+04 1.000077904106275728e+00
6.075591548154399061e+04 9.931282588944694290e-01
6.075591574160458549e+04 1.003885381917722253e+00
6.075591600166518037e+04 9.998419080625903232e-01
6.075591626172577526e+04 9.986903491290474166e-01
6.075591652178637742e+04 9.978123444903655992e-01
6.075591678184697230e+04 9.979155841482439948e-01
6.075591704190756718e+04 9.996326713721142010e-01
6.075591730196816206e+04 1.007055174026255218e+00
6.075591756202875695e+04 1.008057236521128663e+00
6.075591782208935183e+04 9.995274815352374054e-01
6.075591808214994671e+04 1.004594133858523808e+00
6.075591834221054160e+04 1.000624081309365421e+00
6.075591860227113648e+04 1.008201412455633550e+00
6.075591886233173136e+04 1.009126069877972931e+00
6.075591912239232624e+04 9.953209046845146180e-01
6.075591938245292840e+04 1.001335714780282382e+00
6.075591964251352329e+04 1.000343213714467883e+00
6.075591990257411817e+04 9.961678080589682072e-01
6.075592016263471305e+04 1.007762899996383021e+00
6.075592042269530793e+04 9.922793217321814740e-01
6.075592068275590282e+04 9.987823700037925523e-01
6.075592094281649770e+04 9.866528856800839131e-01
6.075592120287709986e+04 9.982780981288998934e-01
6.075592146293769474e+04 1.008195158248389900e+00
6.075592172299828962e+04 9.972802511119794877e-01
6.075592198305888451e+04 9.975768909673836671e-01
6.075592224311948667e+04 1.007538532464959280e+00
6.075592250318008155e+04 9.971496440630384095e-01
6.075592276324067643e+04 9.982436077415562936e-01
6.075592302330127131e+04 9.967376778070267118e-01
6.075592328336186620e+04 9.865333496821795389e-01
6.075592354342246108e+04 1.008860499134646593e+00
6.075592380348305596e+04 9.947368355785680683e-01
6.075592406354365812e+04 1.005505311480621389e+00
6.075592432360425300e+04 1.000394004439641993e+00
6.075592458366484789e+04 9.998908443171191651e-01
6.075592484372544277e+04 1.000744933924460289e+00
6.075592510378604493e+04 9.935190874262362914e-01
6.075592536384663981e+04 9.880633303124609634e-01
6.075592562390723469e+04 9.974550085858404636e-01
6.075592588396782958e+04 9.975637936917903792e-01
6.075592614402842446e+04 9.959287276134758393e-01
6.075592640408901934e+04 9.986081680998519783e-01
6.075592666414961423e+04 1.000747611425502059e+00
6.075592692421020911e+04 9.985880572674871170e-01
6.075592718427081127e+04 9.978377454037642424e-01
6.075592744433140615e+04 1.000541989842040680e+00
6.075592770439200103e+04 1.004365230326950131e+00
6.075592796445260319e+04 1.000212787478782728e+00
6.075592822451319807e+04 1.000832578152105690e+00
6.075592848457379296e+04 1.001325359000421633e+00
6.075592874463438784e+04 9.985171453974207578e-01
6.075592900469498272e+04 1.000491711542714324e+00
6.075592926475557761e+04 1.009027757541218984e+00
6.075592952481617249e+04 1.000103873690648681e+00
6.075592978487676737e+04 9.883715457998824006e-01
6.075593004493736953e+04 9.968489743909469958e-01
6.075593030499796441e+04 1.003380915035607002e+00
6.075593056505855930e+04 1.000717342898716611e+00
6.075593082511916145e+04 1.003689306951623283e+00
6.075593108517975634e+04 1.003348877017108176e+00
6.075593134524035122e+04 1.002240504559303247e+00
6.075593160530094610e+04 1.006726955795822720e+00
6.075593186536154099e+04 9.973704238920445553e-01
6.075593212542213587e+04 9.962268530253559629e-01
6.075593238548273075e+04 9.980257984909972624e-01
6.075593264554332563e+04 9.955017293327637073e-01
6.075593290560392779e+04 1.000943251806332146e+00
6.075593316566452268e+04 1.003669418623900134e+00
6.075593342572511756e+04 1.004329520222287719e+00
6.075593368578571244e+04 9.989351837038519255e-01
6.075593394584631460e+04 9.938636241673967087e-01
6.075593420590690948e+04 1.005506377721846256e+00
6.075593446596750437e+04 9.908767833091350896e-01
6.075593472602809925e+04 9.999983793203215399e-01
6.075593498608869413e+04 9.888644563125420506e-01
6.075593524614928901e+04 9.937893435562566991e-01
6.075593550620988390e+04 1.003647844668084543e+00
6.075593576627048606e+04 9.928739887967474864e-01
6.075593602633108094e+04 9.957302341186131667e-01
6.075593628639167582e+04 1.002240929688275051e+00
6.075593654645227070e+04 9.988868738484227849e-01
6.075593680651287286e+04 9.961373990909174747e-01
6.075593706657346775e+04 9.992932565995752414e-01
6.075593732663406263e+04 9.920804420508404498e-01
6.075593758669465751e+04 1.001349144956213078e+00
6.075593784675525239e+04 1.006590987999000930e+00
6.075593810681584728e+04 9.973343889483625713e-01
6.075593836687644216e+04 1.006536432600126041e+00
6.075593862693704432e+04 9.957234150769129766e-01
6.075593888699763920e+04 9.895932213646467801e-01
6.075593914705823408e+04 1.005814324282616745e+00
6.075593940711883624e+04 9.965643132125487913e-01
6.075594106598430517e+04 9.959847262382228728e-01
6.075594132604500919e+04 1.005547466001250223e+00
6.075594158610571321e+04 9.965488023716837507e-01
6.075594184616640996e+04 1.001060039860975692e+00
6.075594210622711398e+04 9.947082206023462048e-01
6.075594236628781800e+04 9.994042531015802089e-01
6.075594262634852203e+04 9.930362050762429060e-01
6.075594288640922605e+04 9.956378903769141919e-01
6.075594314646992279e+04 1.002082065855233850e+00
6.075594340653063409e+04 9.949959659913989451e-01
6.075594366659133811e+04 1.008233749649649402e+00
6.075594392665203486e+04 9.934358673293101072e-01
6.075594418671273888e+04 9.958110769776297166e-01
6.075594444677344291e+04 9.891161435700086546e-01
6.075594470683414693e+04 9.984162286409252740e-01
6.075594496689485095e+04 9.923170935695407868e-01
6.075594522695554770e+04 9.932769817828164260e-01
6.075594548701625172e+04 9.936827097458628133e-01
6.075594574707695574e+04 9.989149175076545983e-01
6.075594600713765976e+04 9.955642840196745613e-01
6.075594626719836378e+04 9.975791689972489662e-01
6.075594652725906053e+04 9.976771436799004578e-01
6.075594678731976455e+04 9.958334123568868268e-01
6.075594704738046858e+04 1.003148809320898893e+00
6.075594730744116532e+04 9.995745039129739773e-01
6.075594756750187662e+04 9.956553612864533775e-01
6.075594782756257337e+04 9.998684313790557887e-01
6.075594808762328466e+04 9.981969511718582488e-01
6.075594834768398869e+04 1.007884391930650825e+00
6.075594860774468543e+04 9.993923020911066324e-01
6.075594886780538945e+04 9.913445323105183338e-01
6.075594912786609348e+04 9.966777539749284154e-01
6.075594938792679750e+04 9.990620653124167028e-01
6.075594964798750152e+04 1.007048370013688521e+00
6.075594990804819827e+04 1.006477804463659309e+00
6.075595016810890229e+04 9.929109393514757853e-01
6.075595042816960631e+04 9.922021700256062893e-01
6.075595068823031033e+04 9.973432573603817630e-01
6.075595094829101436e+04 1.001804675004539291e+00
6.075595120835171110e+04 1.000373875822106795e+00
6.075595146841241512e+04 9.998182690062181743e-01
6.075595172847312642e+04 1.010331549892828029e+00
6.075595198853382317e+04 1.005977812500806534e+00
6.075595224859452719e+04 1.006727737006489543e+00
6.075595250865523121e+04 1.002250246631754438e+00
6.075595276871593524e+04 9.976534102188734376e-01
6.075595302877663926e+04 1.001650815894687740e+00
6.075595328883733600e+04 1.002044739898672487e+00
6.075595354889804003e+04 9.951530176338676537e-01
6.075595380895874405e+04 9.954897587072165654e-01
6.075595406901944807e+04 9.982567790234134764e-01
6.075595432908015209e+04 9.961943452151292844e-01
6.075595458914084884e+04 9.977475483525477529e-01
6.075595484920156014e+04 9.907978697021532222e-01
6.075595510926226416e+04 1.000259808965400010e+00
6.075595536932296091e+04 1.000555575159822741e+00
6.075595562938366493e+04 1.003723423919554270e+00
6.075595588944436895e+04 1.006812974348690437e+00
6.075595614950507297e+04 9.985647343450918534e-01
6.075595640956577699e+04 1.004379705652312937e+00
6.075595666962647374e+04 9.947009049855778384e-01
6.075595692968717776e+04 1.004761325989121268e+00
6.075595718974788178e+04 9.996740639059471523e-01
6.075595744980858581e+04 1.000823314646021256e+00
6.075595770986929710e+04 1.003341490333709229e+00
6.075595796992999385e+04 9.915958508165333418e-01
6.075595822999069787e+04 1.000533807535787245e+00
6.075595849005140190e+04 1.000605246100620516e+00
6.075595875011209864e+04 1.006307517514487548e+00
6.075595901017280994e+04 1.001729834728912527e+00
6.075595927023350669e+04 9.941927152007913326e-01
6.075595953029421071e+04 1.004568764385833868e+00
6.075595979035491473e+04 9.982129402128814277e-01
6.075596005041561148e+04 1.000511150802293248e+00
6.075596031047632277e+04 1.009717309552601527e+00
6.075596057053702680e+04 1.013853763363746552e+00
6.075596083059773082e+04 1.010486817030195494e+00
6.075596109065843484e+04 9.947798712589995818e-01
6.075596135071913159e+04 1.004957618140654318e+00
6.075596161077983561e+04 9.993947935524573056e-01
6.075596187084053963e+04 1.001767554847831088e+00
6.075596213090124365e+04 1.002916202633922227e+00
6.075596239096194768e+04 9.984804469016244077e-01
6.075596265102265170e+04 1.003992504613546499e+00
6.075596291108335572e+04 1.000608156455731867e+00
6.075596317114405974e+04 9.944486313067640859e-01
6.075596343120475649e+04 9.989005650133309100e-01
6.075596369126546051e+04 1.007563758857055403e+00
6.075596395132616453e+04 1.002929966775361725e+00
6.075596421138686856e+04 9.971051952827024722e-01
6.075596447144757258e+04 9.948327426613732261e-01
6.075596473150827660e+04 1.006183877290700357e+00
6.075596499156898062e+04 1.000889483322004114e+00
6.075596525162968464e+04 1.000092882825645013e+00
6.075596551169038867e+04 1.001847254357961958e+00
6.075596577175109269e+04 9.982862933621371448e-01
6.075596603181178943e+04 1.000121596838424276e+00
6.075596629187249346e+04 9.977067361665559186e-01
6.075596655193319748e+04 1.002886557091663855e+00
6.075596681199390150e+04 9.965403739892769730e-01
6.075596707205460552e+04 9.940873163669506907e-01
6.075596733211530955e+04 9.991707781922630760e-01
6.075596759217601357e+04 1.005411720861344449e+00
6.075596785223671759e+04 1.006695789761038906e+00
6.075596811229741434e+04 9.951297381894006477e-01
6.075596837235811836e+04 1.006046849909282503e+00
6.075596863241882238e+04 1.004985865184024885e+00
6.075596889247953368e+04 9.956118826421238577e-01
6.075596915254023770e+04 9.962425532307949139e-01
6.075596941260093445e+04 1.004717166494747627e+00
6.075597102105359954e+04 1.003943513623510198e+00
6.075597128111420170e+04 1.005415599078727240e+00
6.075597154117479658e+04 9.935846454623159518e-01
6.075597180123539147e+04 1.006482973145432780e+00
6.075597206129598635e+04 1.003801778994220850e+00
6.075597232135658123e+04 9.996601799273087119e-01
6.075597258141718339e+04 1.003264762534517907e+00
6.075597284147777827e+04 1.003270376195534608e+00
6.075597310153837316e+04 1.003574079414672138e+00
6.075597336159897532e+04 1.007584796483939726e+00
6.075597362165957020e+04 1.007160827399725900e+00
6.075597388172016508e+04 1.002592463013236568e+00
6.075597414178077452e+04 1.002599503837294792e+00
6.075597440184136940e+04 9.973685364337797621e-01
6.075597466190196428e+04 1.000770825978856360e+00
6.075597492196255916e+04 9.914067402792595685e-01
6.075597518202315405e+04 1.003387253330099815e+00
6.075597544208374893e+04 1.000226094311855940e+00
6.075597570214434381e+04 1.006073328304311731e+00
6.075597596220494597e+04 1.008461043941909940e+00
6.075597622226554813e+04 1.006178134270682589e+00
6.075597648232614301e+04 1.001514130017571613e+00
6.075597674238673790e+04 1.001442401819712336e+00
6.075597700244734006e+04 1.003175108023369067e+00
6.075597726250793494e+04 9.915345809139959332e-01
6.075597752256853710e+04 1.008974757643612774e+00
6.075597778262913198e+04 1.000413842594410685e+00
6.075597804268972686e+04 1.005972710079814147e+00
6.075597830275032175e+04 1.002946722209835828e+00
6.075597856281091663e+04 1.002444622654859341e+00
6.075597882287151151e+04 1.005105914553886093e+00
6.075597908293212095e+04 9.912645863689696357e-01
6.075597934299271583e+04 1.002985294126577109e+00
6.075597960305331071e+04 1.005924431010873699e+00
6.075597986311390559e+04 1.006519109242213661e+00
6.075598012317450775e+04 1.006991983273438862e+00
6.075598038323510264e+04 9.974239528344098771e-01
6.075598064329570479e+04 9.951939288921551885e-01
6.075598090335629968e+04 9.992621542672596169e-01
6.075598116341689456e+04 9.962169170653982775e-01
6.075598142347748944e+04 1.001686086125770814e+00
6.075598168353808433e+04 1.004051302375552845e+00
6.075598194359869376e+04 1.009427299913742138e+00
6.075598220365928864e+04 1.001580039032303082e+00
6.075598246371988353e+04 1.000976165829427611e+00
6.075598272378047841e+04 1.002897358568339170e+00
6.075598298384108057e+04 1.000246075520828004e+00
6.075598324390167545e+04 9.992656023400103837e-01
6.075598350396227761e+04 9.949890523335334080e-01
6.075598376402287249e+04 1.004943847539117474e+00
6.075598402408346738e+04 1.001058845845887557e+00
6.075598428414406226e+04 1.006371249315600958e+00
6.075598454420465714e+04 9.959143997249126912e-01
6.075598480426526658e+04 1.004917344186150086e+00
6.075598506432586146e+04 1.000856813705399695e+00
6.075598532438645634e+04 1.002394120001389055e+00
6.075598558444705122e+04 1.001867438858418335e+00
6.075598584450765338e+04 1.000210123500704595e+00
6.075598610456825554e+04 9.989030716108862062e-01
6.075598636462885042e+04 9.989365824362645974e-01
6.075598662468944531e+04 1.008326281057929430e+00
6.075598688475004019e+04 1.008241954571309940e+00
6.075598714481063507e+04 1.004632138762720839e+00
6.075598740487123723e+04 1.010653047382351177e+00
6.075598766493183211e+04 1.003317825041871281e+00
6.075598792499243427e+04 1.002425614076809746e+00
6.075598818505302916e+04 9.971241011078292305e-01
6.075598844511362404e+04 1.003139701667761452e+00
6.075598870517423347e+04 9.978723647443100697e-01
6.075598896523482836e+04 9.971837434026449287e-01
6.075598922529542324e+04 1.005474671843636925e+00
6.075598948535601812e+04 1.008052988081810097e+00
6.075598974541661300e+04 1.000325875106100826e+00
6.075599000547721516e+04 1.002956058712300758e+00
6.075599026553781005e+04 1.006036780338463776e+00
6.075599052559840493e+04 1.004046808835540094e+00
6.075599078565900709e+04 9.948122119059248369e-01
6.075599104571960197e+04 1.011147655515956867e+00
6.075599130578020413e+04 1.001777955579966850e+00
6.075599156584080629e+04 1.001640483402448600e+00
6.075599182590140117e+04 9.962484323370480732e-01
6.075599208596199605e+04 9.961924308122407368e-01
6.075599234602259094e+04 9.996323281448357134e-01
6.075599260608319310e+04 1.000151219785766044e+00
6.075599286614378798e+04 1.003834907787769293e+00
6.075599312620438286e+04 9.944015905678394995e-01
6.075599338626497774e+04 1.000035650737554294e+00
6.075599364632558718e+04 9.995932430326747165e-01
6.075599390638618206e+04 9.997062411307637841e-01
6.075599416644677694e+04 1.002286823912894587e+00
6.075599442650737910e+04 1.002602125010805034e+00
6.075599468656797399e+04 9.992975675485540332e-01
6.075599494662857614e+04 1.010188657253152655e+00
6.075599520668917103e+04 9.949637985671404561e-01
6.075599546674976591e+04 9.961089100049206335e-01
6.075599572681036079e+04 1.001449338585094440e+00
6.075599598687096295e+04 9.950469239740150629e-01
6.075599624693155783e+04 1.002590343279530449e+00
6.075599650699215999e+04 9.971204460781786238e-01
6.075599676705275488e+04 9.930027149132720776e-01
6.075599702711334976e+04 1.005614533010670719e+00
6.075599728717395192e+04 9.989605438692846784e-01
6.075599754723455408e+04 9.962501161564898400e-01
6.075599780729514896e+04 1.003994982982414408e+00
6.075599806735574384e+04 9.966240724495418757e-01
6.075599832741634600e+04 1.005883257906937001e+00
6.075599858747694088e+04 1.002987579719910816e+00
6.075599884753753577e+04 9.999460085096163464e-01
6.075599910759813065e+04 1.007515494554291013e+00
6.075599936765874008e+04 1.003044332347588385e+00
6.075600091310295102e+04 9.944544094344361929e-01
6.075600117316365504e+04 9.922484005047691458e-01
6.075600143322435179e+04 1.000085398497156053e+00
6.075600169328505581e+04 9.948148741374295279e-01
6.075600195334576711e+04 1.001159343116688749e+00
6.075600221340647113e+04 1.004241708471412586e+00
6.075600247346717515e+04 9.972960995265932604e-01
6.075600273352787190e+04 9.988493453372616626e-01
6.075600299358858319e+04 1.001664140298921701e+00
6.075600325364928722e+04 1.007483367934689067e+00
6.075600351370998396e+04 9.996522889395186295e-01
6.075600377377069526e+04 9.937707772272508233e-01
6.075600403383139928e+04 1.008799893027174877e+00
6.075600429389210331e+04 9.934486122418363374e-01
6.075600455395280733e+04 9.970864772800663856e-01
6.075600481401350407e+04 1.004378665661509906e+00
6.075600507407421537e+04 1.006144616521821966e+00
6.075600533413491939e+04 1.003527091601276844e+00
6.075600559419562342e+04 1.002636127851956438e+00
6.075600585425632744e+04 9.936037440464299264e-01
6.075600611431703146e+04 1.005597554468760091e+00
6.075600637437773548e+04 1.008846073872011972e+00
6.075600663443843951e+04 9.986118451017524933e-01
6.075600689449914353e+04 9.987784216165026541e-01
6.075600715455985483e+04 1.001055904236461291e+00
6.075600741462055157e+04 9.982919190446718494e-01
6.075600767468125559e+04 1.005245757485176306e+00
6.075600793474195962e+04 9.999503371024014431e-01
6.075600819480266364e+04 9.997749708402067226e-01
6.075600845486336766e+04 9.947080706645888837e-01
6.075600871492407168e+04 1.006566175946966180e+00
6.075600897498478298e+04 9.997570693955104559e-01
6.075600923504548700e+04 1.004764923792950349e+00
6.075600949510618375e+04 1.004069026777056228e+00
6.075600975516688777e+04 9.903755791556865251e-01
6.075601001522759907e+04 1.001622640954190402e+00
6.075601027528830309e+04 9.947920063560978798e-01
6.075601053534900711e+04 1.000077241479453427e+00
6.075601079540970386e+04 1.004278662654138898e+00
6.075601105547041516e+04 1.000740493959385136e+00
6.075601131553111918e+04 9.861653880698146857e-01
6.075601157559181593e+04 1.001939114158834077e+00
6.075601183565252722e+04 1.003210312986185349e+00
6.075601209571323125e+04 1.003629264333192106e+00
6.075601235577393527e+04 9.969656824280089813e-01
6.075601261583463929e+04 9.954862770167764996e-01
6.075601287589534331e+04 9.967037156686282540e-01
6.075601313595604734e+04 9.971904856686996110e-01
6.075601339601675136e+04 9.945242521076190778e-01
6.075601365607746266e+04 1.005715527089350969e+00
6.075601391613816668e+04 9.962373130053797654e-01
6.075601417619886342e+04 1.001801927382109936e+00
6.075601443625956745e+04 1.003906205293720211e+00
6.075601469632027874e+04 1.003830725000234736e+00
6.075601495638097549e+04 1.002301139522302931e+00
6.075601521644168679e+04 9.968774830457727276e-01
6.075601547650239081e+04 1.005693928780354796e+00
6.075601573656309483e+04 9.979938804063660518e-01
6.075601599662379886e+04 1.000138396805332786e+00
6.075601625668450288e+04 1.011334857834136791e+00
6.075601651674520690e+04 1.000367128613464329e+00
6.075601677680591092e+04 1.007706197454305563e+00
6.075601703686661494e+04 9.982675581128438447e-01
6.075601729692732624e+04 1.000157792141944224e+00
6.075601755698802299e+04 9.990700132852006199e-01
6.075601781704872701e+04 9.941361133872006484e-01
6.075601807710943831e+04 9.976758265126363101e-01
6.075601833717014233e+04 1.005041642185674933e+00
6.075601859723084635e+04 1.004513827369139412e+00
6.075601885729155038e+04 1.006026296751758586e+00
6.075601911735225440e+04 9.944588814697311596e-01
6.075601937741295842e+04 9.934255346064103653e-01
6.075601963747365517e+04 9.988951075798716550e-01
6.075601989753436646e+04 9.942358279399947651e-01
6.075602015759507049e+04 1.000021130304366457e+00
6.075602041765577451e+04 9.983670235525143877e-01
6.075602067771648581e+04 1.008632616892268796e+00
6.075602093777718255e+04 9.989823994041960864e-01
6.075602119783788658e+04 9.914621938619564423e-01
6.075602145789859787e+04 9.997702977608284858e-01
6.075602171795930190e+04 9.952412677205320080e-01
6.075602197802000592e+04 9.987450807624123073e-01
6.075602223808070994e+04 1.004198120013267914e+00
6.075602249814141396e+04 1.005335936579147660e+00
6.075602275820211798e+04 1.001740634108807759e+00
6.075602301826282201e+04 9.985109148072511820e-01
6.075602327832352603e+04 9.958172320004402556e-01
6.075602353838423005e+04 9.966232047779388648e-01
6.075602379844494135e+04 9.983895236595953238e-01
6.075602405850564537e+04 9.964742330888171074e-01
6.075602431856634212e+04 1.002209188099154158e+00
6.075602457862704614e+04 9.999240396715582957e-01
6.075602483868775744e+04 1.003226537996965817e+00
6.075602509874846146e+04 1.004518979635650178e+00
6.075602535880916548e+04 1.001636063806970567e+00
6.075602561886986950e+04 1.001733734265940257e+00
6.075602587893057353e+04 9.936274231295341153e-01
6.075602613899127755e+04 9.998357683607101976e-01
6.075602639905198885e+04 9.940731541314046238e-01
6.075602665911269287e+04 9.920233592978811021e-01
6.075602691917338962e+04 9.999452263145208741e-01
6.075602717923410091e+04 9.961685962820571172e-01
6.075602743929480494e+04 1.009604437561230084e+00
6.075602769935550168e+04 1.001734653989049484e+00
6.075602795941621298e+04 1.002794947181415708e+00
6.075602821947691700e+04 1.000342448691193376e+00
6.075602847953762102e+04 9.942053325930330088e-01
6.075602873959833232e+04 1.003983872427435031e+00
6.075602899965902907e+04 1.002830801132090555e+00
6.075602925971973309e+04 1.000040751254907656e+00
6.075603093119423283e+04 9.914446714369330449e-01
6.075603119125482772e+04 9.980763653719321171e-01
6.075603145131542988e+04 1.004056421577341096e+00
6.075603171137602476e+04 1.004143419860021869e+00
6.075603197143662692e+04 9.952828153374064790e-01
6.075603223149722908e+04 1.003758124888867842e+00
6.075603249155782396e+04 1.002279409953841238e+00
6.075603275161842612e+04 1.003759941840050240e+00
6.075603301167902100e+04 1.000024558771045902e+00
6.075603327173962316e+04 1.001493951309379238e+00
6.075603353180022532e+04 9.955655298204382220e-01
6.075603379186082020e+04 9.997943971211349368e-01
6.075603405192141508e+04 9.975843245385622726e-01
6.075603431198201724e+04 1.003075404679598881e+00
6.075603457204261213e+04 9.904024026338884568e-01
6.075603483210320701e+04 9.898835060827388954e-01
6.075603509216381644e+04 9.993938573539726811e-01
6.075603535222441133e+04 9.956943590859325122e-01
6.075603561228501349e+04 1.004547851275455983e+00
6.075603587234560837e+04 9.905390451159553633e-01
6.075603613240621053e+04 9.919655737710492138e-01
6.075603639246681269e+04 1.000047596197200850e+00
6.075603665252740757e+04 1.001875931014884147e+00
6.075603691258800245e+04 1.004452324578419375e+00
6.075603717264860461e+04 9.960300162258127754e-01
6.075603743270919949e+04 1.009457777640915932e+00
6.075603769276979438e+04 9.984023314580928732e-01
6.075603795283040381e+04 9.930304232595715819e-01
6.075603821289099869e+04 1.000915823569040741e+00
6.075603847295160085e+04 9.982545824017726721e-01
6.075603873301219573e+04 9.978785401441736536e-01
6.075603899307279789e+04 1.000446007183027897e+00
6.075603925313340005e+04 9.983255453603467888e-01
6.075603951319399494e+04 9.986133009956060791e-01
6.075603977325458982e+04 1.001058042632792411e+00
6.075604003331519198e+04 9.992765257000281176e-01
6.075604029337578686e+04 1.008653829355343978e+00
6.075604055343638902e+04 1.002908307188199455e+00
6.075604081349698390e+04 1.004838229004814343e+00
6.075604107355758606e+04 1.005819915807490750e+00
6.075604133361818822e+04 1.005817383914900720e+00
6.075604159367878310e+04 1.004519894627167842e+00
6.075604185373938526e+04 9.900608011785471119e-01
6.075604211379998742e+04 1.002933976500077096e+00
6.075604237386058230e+04 1.002169164890531539e+00
6.075604263392118446e+04 1.004060796145476830e+00
6.075604289398177934e+04 1.001886157776989306e+00
6.075604315404237423e+04 1.005665587641908720e+00
6.075604341410297639e+04 1.003406404194793433e+00
6.075604367416357127e+04 9.966564123447092527e-01
6.075604393422418070e+04 9.993112905443500837e-01
6.075604419428477559e+04 9.927916439427760809e-01
6.075604445434537047e+04 9.975601312765692841e-01
6.075604471440597990e+04 9.972166302167483343e-01
6.075604497446657479e+04 1.002855804002198647e+00
6.075604523452717694e+04 1.007706315822066934e+00
6.075604549458777183e+04 1.005338249342928814e+00
6.075604575464836671e+04 1.002675079744267395e+00
6.075604601470896887e+04 1.006207597633999029e+00
6.075604627476956375e+04 1.001894679078521921e+00
6.075604653483016591e+04 1.007307570460876933e+00
6.075604679489076807e+04 9.891219282130230273e-01
6.075604705495136295e+04 1.001780277726485036e+00
6.075604731501196511e+04 9.999621164250888095e-01
6.075604757507256727e+04 1.003059808940470976e+00
6.075604783513316943e+04 1.001488943401343201e+00
6.075604809519376431e+04 9.979943453457920111e-01
6.075604835525435919e+04 1.005318031884459229e+00
6.075604861531496135e+04 1.007417981937476004e+00
6.075604887537555624e+04 9.983664789767564551e-01
6.075604913543615839e+04 9.943202906291176424e-01
6.075604939549675328e+04 1.003825083112606098e+00
6.075604965555735544e+04 9.974191586933912612e-01
6.075604991561795759e+04 9.918950113092210863e-01
6.075605017567855248e+04 1.002286343035288851e+00
6.075605043573915464e+04 1.006401899032705272e+00
6.075605069579975680e+04 9.988645503200215270e-01
6.075605095586035168e+04 9.999444880557833981e-01
6.075605121592095384e+04 9.988475688605829017e-01
6.075605147598154872e+04 1.012685671180811209e+00
6.075605173604215088e+04 1.004442696221725217e+00
6.075605199610274576e+04 1.008439219935844733e+00
6.075605225616334792e+04 1.010671807855019422e+00
6.075605251622395008e+04 1.003165675744288166e+00
6.075605277628454496e+04 9.940522774863723710e-01
6.075605303634514712e+04 9.971973496378477853e-01
6.075605329640574200e+04 1.004475706327014439e+00
6.075605355646635144e+04 1.004188559298407446e+00
6.075605381652694632e+04 9.948968598171120670e-01
6.075605407658754848e+04 9.993873308449905402e-01
6.075605433664814336e+04 9.982290840028603673e-01
6.075605459670873825e+04 1.007494747843511895e+00
6.075605485676934040e+04 9.971430504637237568e-01
6.075605511682993529e+04 1.006883861191780971e+00
6.075605537689054472e+04 9.990009889985700386e-01
6.075605563695113960e+04 1.009097349041500058e+00
6.075605589701174176e+04 9.934507953439528638e-01
6.075605615707233665e+04 1.003321080853983194e+00
6.075605641713293880e+04 1.002565043882930551e+00
6.075605667719354096e+04 9.967180038812111231e-01
6.075605693725413585e+04 9.995616831518905343e-01
6.075605719731473800e+04 9.972867011424899619e-01
6.075605745737533289e+04 1.005975862346293326e+00
6.075605771743593505e+04 1.005691054818702135e+00
6.075605797749652993e+04 1.003859132415767519e+00
6.075605823755713209e+04 1.006595822583128186e+00
6.075605849761773425e+04 9.969267546899384103e-01
6.075605875767832913e+04 9.893133572456698221e-01
6.075605901773893129e+04 1.004648136541683501e+00
6.075605927779953345e+04 9.958208618017500013e-01
6.075606082322710427e+04 1.001553136139903266e+00
6.075606108328780829e+04 1.000727077188242164e+00
6.075606134334851231e+04 9.964815616258796416e-01
6.075606160340922361e+04 1.004055277781067179e+00
6.075606186346992035e+04 1.006913168611482057e+00
6.075606212353063165e+04 1.001662139377230032e+00
6.075606238359133567e+04 1.002454435445447434e+00
6.075606264365204697e+04 1.003095830259441712e+00
6.075606290371275099e+04 1.005828513588526540e+00
6.075606316377345502e+04 1.008314903503322979e+00
6.075606342383415904e+04 1.010133995610132951e+00
6.075606368389486306e+04 1.004902603744730172e+00
6.075606394395557436e+04 1.002940495835829449e+00
6.075606420401627838e+04 1.007908493248963699e+00
6.075606446407698240e+04 9.989595103341883942e-01
6.075606472413768643e+04 1.003306577085590900e+00
6.075606498419839772e+04 1.001298666962459949e+00
6.075606524425910175e+04 1.001537381668084148e+00
6.075606550431981304e+04 9.942374261257946877e-01
6.075606576438050979e+04 9.998849053750810123e-01
6.075606602444122109e+04 1.008152846838314964e+00
6.075606628450192511e+04 1.003481121002672616e+00
6.075606654456262913e+04 1.002705396883831979e+00
6.075606680462333316e+04 1.003348651455023166e+00
6.075606706468404445e+04 9.942506154084548298e-01
6.075606732474474848e+04 1.000320830671397765e+00
6.075606758480545250e+04 1.000195632210966634e+00
6.075606784486615652e+04 9.944234831186667956e-01
6.075606810492686054e+04 9.999956069954630822e-01
6.075606836498757184e+04 1.006460331320710999e+00
6.075606862504827586e+04 1.006292680336987377e+00
6.075606888510898716e+04 9.946381380673129380e-01
6.075606914516968391e+04 1.003471564318833442e+00
6.075606940523039520e+04 1.003090279437515386e+00
6.075606966529109923e+04 1.002538787754505778e+00
6.075606992535180325e+04 1.009502061086759550e+00
6.075607018541250727e+04 9.938646519896363607e-01
6.075607044547321857e+04 1.003726941531413175e+00
6.075607070553392259e+04 1.002588787586958352e+00
6.075607096559463389e+04 9.991610974601997652e-01
6.075607122565533064e+04 1.001587916613514873e+00
6.075607148571604193e+04 9.986731931773892290e-01
6.075607174577674596e+04 9.982012716789587792e-01
6.075607200583745725e+04 1.003468335612133666e+00
6.075607226589816128e+04 1.006455722302102007e+00
6.075607252595886530e+04 1.005357623004995649e+00
6.075607278601956932e+04 1.003872854124024938e+00
6.075607304608028062e+04 1.004435712720613161e+00
6.075607330614097737e+04 1.004146951222537387e+00
6.075607356620169594e+04 1.004455133381215948e+00
6.075607382626239269e+04 1.000032764950706143e+00
6.075607408632310398e+04 9.939927686682050734e-01
6.075607434638380801e+04 1.009174796472423807e+00
6.075607460644451203e+04 9.970337389593495470e-01
6.075607486650521605e+04 9.992306365046178529e-01
6.075607512656592735e+04 9.969908304487244965e-01
6.075607538662663137e+04 1.001191886083620419e+00
6.075607564668734267e+04 9.949822309678625354e-01
6.075607590674803942e+04 1.002388943301153468e+00
6.075607616680875071e+04 1.013560893470250246e+00
6.075607642686945474e+04 1.003641291733099905e+00
6.075607668693016603e+04 9.984623939156188621e-01
6.075607694699087006e+04 9.983231822743254824e-01
6.075607720705157408e+04 1.002892561474028721e+00
6.075607746711227810e+04 1.001994059870453313e+00
6.075607772717298940e+04 1.003219895983261889e+00
6.075607798723368614e+04 1.008925250998977230e+00
6.075607824729439744e+04 9.962686018930304588e-01
6.075607850735510146e+04 9.952475101625192222e-01
6.075607876741581276e+04 9.967438284852335739e-01
6.075607902747651679e+04 1.001923182411389224e+00
6.075607928753722081e+04 1.001877707998672040e+00
6.075607954759792483e+04 9.974924119568495673e-01
6.075607980765863613e+04 1.007120921220667320e+00
6.075608006771934015e+04 9.971207353479160096e-01
6.075608032778005145e+04 1.006040872897708160e+00
6.075608058784074819e+04 1.010319021650266436e+00
6.075608084790145949e+04 1.005731398357194273e+00
6.075608110796216351e+04 1.008704703671673641e+00
6.075608136802286754e+04 1.004562366646266636e+00
6.075608162808357156e+04 1.000481788109196746e+00
6.075608188814428286e+04 1.009851464347782946e+00
6.075608214820498688e+04 1.004730499865234439e+00
6.075608240826569818e+04 9.980761791681588280e-01
6.075608266832639492e+04 1.002642928921249066e+00
6.075608292838710622e+04 9.952940971810569915e-01
6.075608318844781024e+04 1.003092552748689359e+00
6.075608344850852154e+04 1.002103681630557963e+00
6.075608370856922556e+04 1.000676122953070069e+00
6.075608396862992959e+04 1.002502538454957293e+00
6.075608422869064088e+04 9.947663508333352000e-01
6.075608448875134491e+04 1.009104742332373794e+00
6.075608474881204893e+04 1.005297233527752576e+00
6.075608500887276023e+04 9.923352711971316076e-01
6.075608526893346425e+04 9.952282243556790364e-01
6.075608552899416827e+04 1.006695656759041713e+00
6.075608578905487957e+04 9.982871899511999159e-01
6.075608604911557632e+04 1.006836865463002662e+00
6.075608630917628761e+04 9.997178287366560445e-01
6.075608656923699164e+04 9.960345697128535347e-01
6.075608682929770293e+04 9.966120204663759807e-01
6.075608708935840696e+04 1.003618920850758434e+00
6.075608734941911098e+04 9.948395236367326699e-01
6.075608760947981500e+04 1.002580265402512438e+00
6.075608786954052630e+04 9.953702049944496144e-01
6.075608812960123760e+04 1.002566491702597151e+00
6.075608838966194162e+04 9.949006169818722656e-01
6.075608864972264564e+04 9.945123875356832732e-01
6.075608890978334966e+04 9.834965940718459754e-01
6.075608916984406096e+04 1.003243840795923880e+00
6.075609076569380704e+04 9.967911438100180987e-01
6.075609102575441648e+04 1.001590833650150669e+00
6.075609128581501136e+04 1.008303604688123301e+00
6.075609154587561352e+04 1.003289149755290488e+00
6.075609180593621568e+04 1.007784505036543932e+00
6.075609206599681784e+04 9.956063833956454445e-01
6.075609232605741272e+04 1.009626123248197782e+00
6.075609258611801488e+04 1.000156029062184260e+00
6.075609284617860976e+04 9.997235273686954082e-01
6.075609310623921192e+04 9.902719558408583644e-01
6.075609336629981408e+04 1.003617451262827753e+00
6.075609362636040896e+04 9.965560680674782068e-01
6.075609388642101840e+04 1.005242637763758884e+00
6.075609414648161328e+04 1.000854035346889992e+00
6.075609440654221544e+04 1.003328137427754507e+00
6.075609466660281760e+04 9.959563499121520946e-01
6.075609492666341976e+04 9.987570109868560975e-01
6.075609518672402191e+04 1.003791874886751589e+00
6.075609544678461680e+04 1.002116636462972332e+00
6.075609570684521896e+04 1.004557154423530108e+00
6.075609596690581384e+04 1.002526561628656943e+00
6.075609622696641600e+04 9.978766782943511160e-01
6.075609648702701088e+04 9.965229596689889613e-01
6.075609674708762032e+04 1.004636112320033581e+00
6.075609700714822247e+04 1.001204994566104345e+00
6.075609726720881736e+04 1.003742873883401110e+00
6.075609752726942679e+04 1.000402025588200683e+00
6.075609778733002167e+04 1.002440807346482110e+00
6.075609804739062383e+04 9.991971382410614888e-01
6.075609830745121872e+04 9.977248294186602529e-01
6.075609856751182087e+04 9.889237925888546554e-01
6.075609882757242303e+04 9.993877377004662943e-01
6.075609908763301792e+04 1.004781087263657557e+00
6.075609934769362008e+04 1.003946059211711983e+00
6.075609960775422223e+04 1.004492762612237966e+00
6.075609986781482439e+04 1.000939401695653430e+00
6.075610012787541928e+04 9.950619827428905939e-01
6.075610038793602143e+04 1.000868667646844123e+00
6.075610064799663087e+04 9.968509602264626901e-01
6.075610090805722575e+04 1.002997379536708644e+00
6.075610116811782791e+04 9.969326816169014061e-01
6.075610142817842279e+04 1.000522949238253023e+00
6.075610168823902495e+04 9.956662822220356812e-01
6.075610194829962711e+04 9.947695600564945284e-01
6.075610220836022199e+04 1.006101762281646828e+00
6.075610246842083143e+04 1.000712518258249251e+00
6.075610272848142631e+04 1.006016191784027791e+00
6.075610298854202847e+04 1.000763039447203351e+00
6.075610324860263063e+04 9.989862974171225263e-01
6.075610350866323279e+04 1.010408850073641673e+00
6.075610376872383495e+04 1.000268716869360031e+00
6.075610402878442983e+04 9.974447917762383486e-01
6.075610428884503199e+04 1.004870374663781485e+00
6.075610454890563415e+04 1.004177917677356202e+00
6.075610480896622903e+04 1.008592064977665848e+00
6.075610506902683119e+04 9.999199307190596020e-01
6.075610532908743335e+04 9.987422699313504015e-01
6.075610558914803551e+04 1.008084903575742208e+00
6.075610584920863766e+04 1.006191464290391746e+00
6.075610610926923255e+04 9.943703470869224015e-01
6.075610636932984198e+04 1.000225963571122589e+00
6.075610662939043686e+04 9.922906956361502440e-01
6.075610688945103902e+04 1.003014118340557426e+00
6.075610714951164118e+04 9.964127499115535969e-01
6.075610740957223607e+04 1.006686038532356831e+00
6.075610766963283822e+04 1.005400192475541132e+00
6.075610792969343311e+04 1.000304622184667869e+00
6.075610818975403527e+04 9.963739310181248809e-01
6.075610844981464470e+04 9.921882035096891705e-01
6.075610870987523958e+04 1.000476748815338768e+00
6.075610896993584174e+04 1.004264756949600823e+00
6.075610922999644390e+04 9.969473882613266724e-01
6.075610949005704606e+04 1.002195493675246185e+00
6.075610975011764822e+04 1.008796335817295331e+00
6.075611001017824310e+04 9.961943922245778404e-01
6.075611027023884526e+04 9.979908604754228474e-01
6.075611053029944742e+04 9.989153633263021526e-01
6.075611079036004230e+04 1.000100390182168786e+00
6.075611105042064446e+04 9.952180145463106475e-01
6.075611131048124662e+04 9.996304046979604951e-01
6.075611157054184878e+04 9.950714497010358928e-01
6.075611183060245094e+04 9.899089859470524555e-01
6.075611209066305310e+04 9.985936858311718067e-01
6.075611235072365525e+04 1.003980433818662643e+00
6.075611261078425741e+04 9.996003690152295285e-01
6.075611287084485230e+04 9.933268839662107164e-01
6.075611313090545445e+04 9.962883031819593782e-01
6.075611339096604934e+04 1.002860788017564841e+00
6.075611365102665150e+04 1.003966881857535576e+00
6.075611391108725365e+04 1.004130321870085218e+00
6.075611417114785581e+04 1.003806391759120675e+00
6.075611443120845797e+04 1.000069105969497940e+00
6.075611469126906013e+04 9.989386768585349907e-01
6.075611495132966229e+04 9.897245165674433132e-01
6.075611521139026445e+04 1.006690203534083894e+00
6.075611547145085933e+04 9.930479547534339924e-01
6.075611573151146149e+04 9.948613370268438727e-01
6.075611599157206365e+04 9.985123382416483118e-01
6.075611625163265853e+04 1.001987421894446006e+00
6.075611651169326069e+04 9.997077520578914189e-01
6.075611677175386285e+04 9.977557829270946588e-01
6.075611703181446501e+04 1.007239926219484660e+00
6.075611729187506717e+04 1.003332421455662926e+00
6.075611755193566933e+04 9.966799644364686683e-01
6.075611781199626421e+04 1.001023674889778059e+00
6.075611807205687364e+04 1.001084340153631347e+00
6.075611833211747580e+04 9.949726028742793549e-01
6.075611859217807068e+04 9.955246957612650105e-01
6.075611885223867284e+04 9.922466458986424209e-01
6.075611911229926773e+04 9.934338216224640750e-01
6.075612077117233275e+04 9.948134977720314298e-01
6.075612103123303677e+04 9.989428471631943696e-01
6.075612129129374080e+04 9.992003169072519730e-01
6.075612155135445209e+04 1.002664891921795531e+00
6.075612181141516339e+04 9.964532590243365684e-01
6.075612207147586741e+04 1.007443807064897445e+00
6.075612233153657144e+04 1.004001046842309064e+00
6.075612259159728274e+04 1.000646854912629946e+00
6.075612285165798676e+04 1.007117584206003613e+00
6.075612311171869806e+04 1.006817907086554609e+00
6.075612337177940935e+04 9.861449251770560975e-01
6.075612363184010610e+04 9.992544512912479027e-01
6.075612389190081740e+04 9.953940924278225078e-01
6.075612415196152870e+04 9.926431677991256475e-01
6.075612441202222544e+04 9.977547614759691985e-01
6.075612467208293674e+04 1.006196618226769646e+00
6.075612493214364804e+04 9.907092867172745398e-01
6.075612519220435206e+04 1.002751891416026941e+00
6.075612545226506336e+04 9.981739122124121399e-01
6.075612571232576738e+04 1.007164570093598055e+00
6.075612597238647140e+04 1.003790386977992721e+00
6.075612623244718270e+04 1.002062709910839899e+00
6.075612649250789400e+04 9.944872522609440324e-01
6.075612675256859802e+04 1.006078879650780467e+00
6.075612701262930204e+04 1.004532849836023312e+00
6.075612727269001334e+04 9.973947962131117784e-01
6.075612753275071736e+04 9.966122018540516381e-01
6.075612779281142139e+04 1.000042823315263174e+00
6.075612805287213268e+04 9.960085733512420436e-01
6.075612831293283671e+04 1.001561123339570036e+00
6.075612857299354800e+04 1.000701149074873619e+00
6.075612883305425930e+04 1.001545869167560499e+00
6.075612909311495605e+04 9.986605407343932539e-01
6.075612935317566735e+04 9.983440574934834277e-01
6.075612961323637865e+04 1.002768198494286001e+00
6.075612987329708267e+04 1.004981114592272684e+00
6.075613013335779397e+04 9.994891739699958144e-01
6.075613039341849799e+04 9.940728519281565312e-01
6.075613065347920201e+04 1.002000645833852399e+00
6.075613091353991331e+04 9.894583661215210491e-01
6.075613117360061733e+04 1.003612020327409704e+00
6.075613143366133590e+04 9.990736412518589349e-01
6.075613169372203265e+04 9.989479497119754248e-01
6.075613195378274395e+04 1.000258819380993147e+00
6.075613221384345525e+04 1.001126304811764456e+00
6.075613247390415199e+04 9.969110583142377635e-01
6.075613273396486329e+04 1.000000411375983500e+00
6.075613299402557459e+04 1.002786851264181101e+00
6.075613325408627861e+04 1.006743906418119394e+00
6.075613351414698991e+04 9.993567428009308973e-01
6.075613377420769393e+04 1.004535871465427110e+00
6.075613403426840523e+04 9.971605075281855246e-01
6.075613429432910925e+04 1.003194778226987882e+00
6.075613455438982055e+04 1.002622124083339727e+00
6.075613481445053185e+04 1.000491994678081031e+00
6.075613507451122859e+04 1.005752366756500704e+00
6.075613533457193989e+04 9.979859110274788003e-01
6.075613559463265119e+04 9.984601536354044127e-01
6.075613585469334794e+04 9.976810476275749240e-01
6.075613611475405924e+04 9.981093096001798504e-01
6.075613637481477053e+04 1.004651496332840566e+00
6.075613663487548183e+04 1.004945301856839723e+00
6.075613689493618585e+04 1.003362411437690893e+00
6.075613715499688988e+04 9.985991522636872286e-01
6.075613741505760117e+04 1.013032237099061206e+00
6.075613767511830520e+04 9.983771990919571016e-01
6.075613793517901649e+04 9.980064596836036861e-01
6.075613819523972779e+04 9.968921775535247720e-01
6.075613845530043181e+04 1.002986178168707276e+00
6.075613871536113584e+04 9.992351799661892686e-01
6.075613897542184714e+04 9.989575424210953569e-01
6.075613923548255116e+04 1.001831960090101115e+00
6.075613949554325518e+04 1.008042499677353154e+00
6.075613975560396648e+04 1.012943745862920908e+00
6.075614001566467778e+04 1.010001799064638828e+00
6.075614027572538907e+04 1.002390439746037476e+00
6.075614053578608582e+04 1.006393686153021605e+00
6.075614079584679712e+04 1.006770710631180066e+00
6.075614105590750842e+04 9.988415707925991649e-01
6.075614131596821244e+04 1.003361398301484408e+00
6.075614157602892374e+04 1.001269979634278773e+00
6.075614183608962776e+04 1.007358628054333627e+00
6.075614209615033906e+04 1.007047958966778234e+00
6.075614235621104308e+04 1.006411120051657448e+00
6.075614261627174710e+04 1.001201657125991407e+00
6.075614287633246568e+04 1.004557560979484787e+00
6.075614313639316970e+04 9.982687920981923035e-01
6.075614339645387372e+04 1.000582377981472204e+00
6.075614365651458502e+04 1.004813574922414299e+00
6.075614391657528904e+04 9.957077402368952335e-01
6.075614417663600034e+04 9.919924481576137820e-01
6.075614443669670436e+04 1.004074859424681332e+00
6.075614469675741566e+04 1.004687228973016877e+00
6.075614495681812696e+04 9.986418310781302043e-01
6.075614521687882370e+04 9.946608790909745590e-01
6.075614547693953500e+04 1.000067683640744498e+00
6.075614573700024630e+04 9.989176923508331640e-01
6.075614599706095760e+04 1.003502626311302715e+00
6.075614625712166162e+04 1.007220226254188944e+00
6.075614651718236564e+04 9.976286841516234238e-01
6.075614677724307694e+04 9.953801899072231008e-01
6.075614703730378824e+04 1.000446164046680186e+00
6.075614729736448498e+04 1.005308538089903170e+00
6.075614755742519628e+04 1.005832480161665377e+00
6.075614781748590758e+04 9.968435771126303857e-01
6.075614807754661888e+04 1.010225936273439817e+00
6.075614833760732290e+04 1.001294881021218774e+00
6.075614859766802692e+04 1.000456984429878293e+00
6.075614885772873822e+04 9.923245216714904338e-01
6.075614911778944952e+04 1.004714500826680235e+00
