6.075547523418369383e+04 1.000542925928462612e+00
6.075547549424438330e+04 9.952501642508884139e-01
6.075547575430508005e+04 9.982653076840922735e-01
6.075547601436576224e+04 9.993358123335953636e-01
6.075547627442645899e+04 9.956319257310470849e-01
6.075547653448714846e+04 9.962251486343188800e-01
6.075547679454784520e+04 9.990191658653569950e-01
6.075547705460853467e+04 1.005345822277802448e+00
6.075547731466922414e+04 1.005223084443035431e+00
6.075547757472991361e+04 1.001843849296916389e+00
6.075547783479061036e+04 1.002902439166329263e+00
6.075547809485129255e+04 9.976299220206422680e-01
6.075547835491198930e+04 9.972914755505470907e-01
6.075547861497267877e+04 9.960777408643414210e-01
6.075547887503337552e+04 1.002940621750727512e+00
6.075547913509406499e+04 9.946732988181510304e-01
6.075547939515475446e+04 9.995672925292911071e-01
6.075547965521544393e+04 1.005018672303173100e+00
6.075547991527614067e+04 1.009231436042726804e+00
6.075548017533683014e+04 1.002728365642437502e+00
6.075548043539752689e+04 1.002129432645058493e+00
6.075548069545820908e+04 1.000372003526898590e+00
6.075548095551890583e+04 1.004051743524295937e+00
6.075548121557959530e+04 1.003339461823383738e+00
6.075548147564028477e+04 9.955107674950898211e-01
6.075548173570098152e+04 1.002080574387905765e+00
6.075548199576167099e+04 1.003298130883341965e+00
6.075548225582236773e+04 1.000600094081613101e+00
6.075548251588305720e+04 1.002956253587646396e+00
6.075548277594374667e+04 9.979151054239868701e-01
6.075548303600443614e+04 1.006582014504019185e+00
6.075548329606513289e+04 1.001371140529784931e+00
6.075548355612582236e+04 1.003813132323086776e+00
6.075548381618651911e+04 1.005744561313095087e+00
6.075548407624720130e+04 9.977038912516710267e-01
6.075548433630789805e+04 1.001382709494065271e+00
6.075548459636858752e+04 1.001113186546288114e+00
6.075548485642928426e+04 9.983243824025234137e-01
6.075548511648997373e+04 9.960784417706830540e-01
6.075548537655066320e+04 1.004991140121487492e+00
6.075548563661135267e+04 1.001152189010211080e+00
6.075548589667204942e+04 9.915769801968591368e-01
6.075548615673273162e+04 1.000397840187525089e+00
6.075548641679342836e+04 9.944232295605712757e-01
6.075548667685411783e+04 9.989274708022356508e-01
6.075548693691481458e+04 1.001176454013166239e+00
6.075548719697551132e+04 1.006393667188684837e+00
6.075548745703619352e+04 9.944339943460402953e-01
6.075548771709689026e+04 1.002243840387811336e+00
6.075548797715757973e+04 1.002622612241671485e+00
6.075548823721827648e+04 1.001321080983644363e+00
6.075548849727896595e+04 9.970420763092731065e-01
6.075548875733965542e+04 1.010660672562227136e+00
6.075548901740034489e+04 1.005184072017326402e+00
6.075548927746104164e+04 9.969933193718948372e-01
6.075548953752172383e+04 9.990701490408026020e-01
6.075548979758242058e+04 9.991884500810224168e-01
6.075549005764311732e+04 9.942030955764838973e-01
6.075549031770380680e+04 1.002608407643683641e+00
6.075549057776450354e+04 9.992813735511543172e-01
6.075549083782518574e+04 9.977853035143983140e-01
6.075549109788588248e+04 9.932041166557880052e-01
6.075549135794657195e+04 9.968489987617492609e-01
6.075549161800726870e+04 1.002464432646570369e+00
6.075549187806795817e+04 9.973416324262145416e-01
6.075549213812864764e+04 9.965947336061445894e-01
6.075549239818933711e+04 1.007297122879093010e+00
6.075549265825003386e+04 1.002068045624061376e+00
6.075549291831072333e+04 9.999480118155237296e-01
6.075549317837142007e+04 9.969373373856623699e-01
6.075549343843210954e+04 9.987077929037135871e-01
6.075549369849279901e+04 1.002686955630486043e+00
6.075549395855349576e+04 1.000506997402695664e+00
6.075549421861417795e+04 1.010507328080366474e+00
6.075549447867487470e+04 1.003068092026738523e+00
6.075549473873556417e+04 1.004030560475659639e+00
6.075549499879626092e+04 1.003221984496518893e+00
6.075549525885695766e+04 9.938731469012306308e-01
6.075549551891763986e+04 1.001971746051743217e+00
6.075549577897833660e+04 1.010883036423467107e+00
6.075549603903902607e+04 1.004157212267023480e+00
6.075549629909972282e+04 1.007898633318063286e+00
6.075549655916041229e+04 9.962513614325813061e-01
6.075549681922110176e+04 1.000231319521714513e+00
6.075549707928179851e+04 1.005939977730980317e+00
6.075549733934248798e+04 9.959573113539093026e-01
6.075549759940317745e+04 1.000545451261070751e+00
6.075549785946386692e+04 9.978172540909971966e-01
6.075549811952456366e+04 1.002163763118982587e+00
6.075549837958525313e+04 9.925116476564389556e-01
6.075549863964594988e+04 9.989385742069540886e-01
6.075549889970663935e+04 1.001496098436061910e+00
6.075549915976732882e+04 9.955871448398208035e-01
6.075549941982802557e+04 9.936647489137466760e-01
6.075549967988871504e+04 9.968753298564162479e-01
6.075549993994941178e+04 9.920311368303996735e-01
6.075550020001009398e+04 9.944613379039991541e-01
6.075550046007079072e+04 9.910576199889634674e-01
6.075550072013148747e+04 1.003409204118203446e+00
6.075550098019216966e+04 9.969891643822477167e-01
6.075550124025286641e+04 9.961824351020169832e-01
6.075550150031355588e+04 9.927019176244934462e-01
6.075550176037425263e+04 1.002315066364990459e+00
6.075550202043494210e+04 1.012280213678192098e+00
6.075550228049563157e+04 9.989562340591945366e-01
6.075550254055632831e+04 9.995732789508995353e-01
6.075550280061701778e+04 1.000981737596952525e+00
6.075550306067771453e+04 9.996043069883151500e-01
6.075550332073840400e+04 1.009264774232539796e+00
6.075550358079909347e+04 1.005268029493576076e+00
6.075550513883041276e+04 9.942273900337184056e-01
6.075550539889110951e+04 1.003152465249465441e+00
6.075550565895179898e+04 9.954151261562438346e-01
6.075550591901248845e+04 1.002751683760726653e+00
6.075550617907318519e+04 1.003714432193485884e+00
6.075550643913387466e+04 9.973245805350501314e-01
6.075550669919457141e+04 9.977782247297161122e-01
6.075550695925526088e+04 9.862766886065037486e-01
6.075550721931595035e+04 1.004060889817562252e+00
6.075550747937664710e+04 9.855552750527857286e-01
6.075550773943733657e+04 1.000596774144501211e+00
6.075550799949803331e+04 9.906697791344551973e-01
6.075550825955872278e+04 9.977203635279476845e-01
6.075550851961941225e+04 9.986882325242325553e-01
6.075550877968010900e+04 1.005726903306177755e+00
6.075550903974079847e+04 9.932623684106319795e-01
6.075550929980148794e+04 9.972593509822389457e-01
6.075550955986217741e+04 9.999681602022532090e-01
6.075550981992287416e+04 9.935034156578310682e-01
6.075551007998357090e+04 9.995568596133510564e-01
6.075551034004426037e+04 1.000489652526003415e+00
6.075551060010494984e+04 9.979703925985711210e-01
6.075551086016564659e+04 9.922923901216209597e-01
6.075551112022633606e+04 1.003816788771497936e+00
6.075551138028703281e+04 1.002354391445359427e+00
6.075551164034772228e+04 9.964687519008850192e-01
6.075551190040841175e+04 9.994447436084137326e-01
6.075551216046910849e+04 9.909714266696559859e-01
6.075551242052979796e+04 9.979106811693640999e-01
6.075551268059049471e+04 1.000177620458786443e+00
6.075551294065118418e+04 9.965133566024682032e-01
6.075551320071187365e+04 9.939863429904943759e-01
6.075551346077257040e+04 9.957883550793390492e-01
6.075551372083325987e+04 1.010793070677185712e+00
6.075551398089394934e+04 9.971529109186672013e-01
6.075551424095464608e+04 9.959966279377487908e-01
6.075551450101533555e+04 9.941592675568938775e-01
6.075551476107603230e+04 9.950115328330589870e-01
6.075551502113672177e+04 9.963275258993884442e-01
6.075551528119741124e+04 9.945120456017347843e-01
6.075551554125810799e+04 1.003314977359051507e+00
6.075551580131879746e+04 9.945017339609593110e-01
6.075551606137949420e+04 9.971107398747039996e-01
6.075551632144019095e+04 9.964509212355662227e-01
6.075551658150087314e+04 9.964921772469328420e-01
6.075551684156156989e+04 9.983349172068053390e-01
6.075551710162226664e+04 9.992338780028777734e-01
6.075551736168294883e+04 1.005539899053818020e+00
6.075551762174364558e+04 9.877016486794195638e-01
6.075551788180433505e+04 9.960026118388186633e-01
6.075551814186503179e+04 9.988445557933823826e-01
6.075551840192572854e+04 9.940052467905861056e-01
6.075551866198641073e+04 9.956993072405364575e-01
6.075551892204710748e+04 1.001586156401512939e+00
6.075551918210780423e+04 1.000360401924689890e+00
6.075551944216849370e+04 1.002178792875510593e+00
6.075551970222919044e+04 9.958508091156663689e-01
6.075551996228987991e+04 9.994007947233087830e-01
6.075552022235056938e+04 9.975228619606425484e-01
6.075552048241126613e+04 9.890062457418390407e-01
6.075552074247194832e+04 9.904172427340767193e-01
6.075552100253265235e+04 9.975711660262236435e-01
6.075552126259334182e+04 1.004872741789949675e+00
6.075552152265403129e+04 9.930852017475926274e-01
6.075552178271472803e+04 9.928504704350888943e-01
6.075552204277541750e+04 1.005014587124582581e+00
6.075552230283610697e+04 1.006122610983236632e+00
6.075552256289680372e+04 9.979415180594912727e-01
6.075552282295750047e+04 9.900556557991304629e-01
6.075552308301818994e+04 9.963662438216757122e-01
6.075552334307887941e+04 9.863347754666593747e-01
6.075552360313957615e+04 9.860231557160632487e-01
6.075552386320026562e+04 9.950088954680678111e-01
6.075552412326096237e+04 9.941618560480617317e-01
6.075552438332165912e+04 9.989546115538664450e-01
6.075552464338234131e+04 1.003733463268541737e+00
6.075552490344303806e+04 9.883690121713624155e-01
6.075552516350373480e+04 1.010088480098290997e+00
6.075552542356441700e+04 1.011148290892930568e+00
6.075552568362511374e+04 9.972944720909536764e-01
6.075552594368581049e+04 9.977258600657317178e-01
6.075552620374649996e+04 1.002656996109167364e+00
6.075552646380719671e+04 9.970693083951556179e-01
6.075552672386788618e+04 1.006385846390587480e+00
6.075552698392857565e+04 9.960988558120003056e-01
6.075552724398927239e+04 9.921238930661335775e-01
6.075552750404996914e+04 1.001007746332523762e+00
6.075552776411065861e+04 9.929009904271213216e-01
6.075552802417134808e+04 9.943174099782410291e-01
6.075552828423204483e+04 9.978294507784393197e-01
6.075552854429273430e+04 9.957190098058006367e-01
6.075552880435342377e+04 9.980544594566757022e-01
6.075552906441412051e+04 9.875073184907384727e-01
6.075552932447480998e+04 9.906389191682024586e-01
6.075552958453550673e+04 1.003907403986248337e+00
6.075552984459620347e+04 9.936646923979365331e-01
6.075553010465688567e+04 9.941613108756776063e-01
6.075553036471758242e+04 9.887562075147403595e-01
6.075553062477827916e+04 9.858279464278411064e-01
6.075553088483896863e+04 9.985189365834163944e-01
6.075553114489966538e+04 9.903344150770702070e-01
6.075553140496035485e+04 9.934617367039512148e-01
6.075553166502104432e+04 9.933555784458809601e-01
6.075553192508174106e+04 1.002148447777519769e+00
6.075553218514243054e+04 1.001982990076990543e+00
6.075553244520312728e+04 9.954367987616490332e-01
6.075553270526381675e+04 9.983149091671614794e-01
6.075553296532451350e+04 1.005933234050933267e+00
6.075553322538520297e+04 9.937437760905821760e-01
6.075553348544589244e+04 9.965745746052687704e-01
6.075553503087646095e+04 9.986935831388940032e-01
6.075553529093715770e+04 9.999616214784591284e-01
6.075553555099784717e+04 1.005656152190184782e+00
6.075553581105853664e+04 1.000420236223034998e+00
6.075553607111923338e+04 9.994706681180064445e-01
6.075553633117992285e+04 9.953407215395037033e-01
6.075553659124061960e+04 9.923533781940293563e-01
6.075553685130131635e+04 9.961058452510888062e-01
6.075553711136199854e+04 9.971179077215494013e-01
6.075553737142269529e+04 1.003137592314421900e+00
6.075553763148339203e+04 1.002865869921957032e+00
6.075553789154408878e+04 1.005234825425565193e+00
6.075553815160477825e+04 9.920231917124754384e-01
6.075553841166546772e+04 9.953303224162224350e-01
6.075553867172616447e+04 1.000168048864310766e+00
6.075553893178685394e+04 9.924103278459234234e-01
6.075553919184754341e+04 9.933488728535013745e-01
6.075553945190824015e+04 9.982590714470173099e-01
6.075553971196892962e+04 1.004839460647540594e+00
6.075553997202962637e+04 9.968511484628418406e-01
6.075554023209032312e+04 1.001732571981044817e+00
6.075554049215101259e+04 9.969909179790734655e-01
6.075554075221170206e+04 9.980281438828331186e-01
6.075554101227239880e+04 9.982455867838548880e-01
6.075554127233309555e+04 9.989610945744872295e-01
6.075554153239378502e+04 1.001650554306608543e+00
6.075554179245447449e+04 1.008119186393845679e+00
6.075554205251517124e+04 1.005102103940961999e+00
6.075554231257586798e+04 1.006401580894343173e+00
6.075554257263655018e+04 9.975447615816903646e-01
6.075554283269725420e+04 1.000888221615851448e+00
6.075554309275794367e+04 9.984909402826160907e-01
6.075554335281863314e+04 9.952807893077099122e-01
6.075554361287932988e+04 1.005909494450179187e+00
6.075554387294001936e+04 9.906952193756757286e-01
6.075554413300071610e+04 1.000140379257142387e+00
6.075554439306140557e+04 9.967600700438946637e-01
6.075554465312210232e+04 9.968230249066181159e-01
6.075554491318279906e+04 1.002823205066481815e+00
6.075554517324348853e+04 1.004336970113275385e+00
6.075554543330417800e+04 1.000833056267547150e+00
6.075554569336487475e+04 1.003328414015148828e+00
6.075554595342557150e+04 9.999978077465702109e-01
6.075554621348626097e+04 9.998539577809880674e-01
6.075554647354695044e+04 9.942180278264062254e-01
6.075554673360764718e+04 1.006955707194321592e+00
6.075554699366834393e+04 1.002493405155655326e+00
6.075554725372902612e+04 1.005069247677820465e+00
6.075554751378972287e+04 9.995989702716225889e-01
6.075554777385041962e+04 1.004875260383778057e+00
6.075554803391111636e+04 1.006797641771215002e+00
6.075554829397180583e+04 9.975124686730949541e-01
6.075554855403249530e+04 1.000777801959183089e+00
6.075554881409319205e+04 1.004713293832689702e+00
6.075554907415388152e+04 1.002819084086199908e+00
6.075554933421457827e+04 9.921002868010774245e-01
6.075554959427527501e+04 1.004008113361446686e+00
6.075554985433596448e+04 1.000950070570758577e+00
6.075555011439665395e+04 1.001368610609369547e+00
6.075555037445735070e+04 1.005196440222968057e+00
6.075555063451804017e+04 9.983103782282342076e-01
6.075555089457873692e+04 1.001412625503108167e+00
6.075555115463942639e+04 1.000879125874114095e+00
6.075555141470012313e+04 1.000830266045186212e+00
6.075555167476081988e+04 9.989528311868399735e-01
6.075555193482150935e+04 1.012425092814798644e+00
6.075555219488219882e+04 9.913866259222162691e-01
6.075555245494289557e+04 1.003894562667202228e+00
6.075555271500359231e+04 9.994702207020772500e-01
6.075555297506428906e+04 9.879985837311765495e-01
6.075555323512497125e+04 1.000004351368417588e+00
6.075555349518566800e+04 9.993597104816787091e-01
6.075555375524636474e+04 9.953081679962957340e-01
6.075555401530705421e+04 9.933846026927228845e-01
6.075555427536775096e+04 9.999322255863877240e-01
6.075555453542844043e+04 1.000155722246239165e+00
6.075555479548913718e+04 9.960176780153375820e-01
6.075555505554983392e+04 1.005182742884680014e+00
6.075555531561051612e+04 9.994989428137920351e-01
6.075555557567121286e+04 1.001637770355139123e+00
6.075555583573190961e+04 1.000913327446800061e+00
6.075555609579260636e+04 9.951685665143660264e-01
6.075555635585329583e+04 1.002564188658968458e+00
6.075555661591398530e+04 1.007745752532670513e+00
6.075555687597468204e+04 1.004515958207952586e+00
6.075555713603537879e+04 1.001598848906107841e+00
6.075555739609607554e+04 1.001862014443272164e+00
6.075555765615676501e+04 1.005128953540568304e+00
6.075555791621745448e+04 9.951439594506187314e-01
6.075555817627815122e+04 9.995048337301680741e-01
6.075555843633884797e+04 1.010195176048947374e+00
6.075555869639953016e+04 9.981034113615593339e-01
6.075555895646022691e+04 1.003171251504151762e+00
6.075555921652092366e+04 1.004239477763393618e+00
6.075555947658162040e+04 1.008286899450189011e+00
6.075555973664230987e+04 9.952114741168703871e-01
6.075555999670299934e+04 9.948877102379396486e-01
6.075556025676369609e+04 1.002703400677690482e+00
6.075556051682439283e+04 9.992600274540166527e-01
6.075556077688508958e+04 1.002650864959718113e+00
6.075556103694577905e+04 1.005044970443138341e+00
6.075556129700646852e+04 1.012523361475344830e+00
6.075556155706716527e+04 1.007570431510400155e+00
6.075556181712786201e+04 1.000395201438579962e+00
6.075556207718854421e+04 9.946868587697501596e-01
6.075556233724924095e+04 1.011887528880351272e+00
6.075556259730993770e+04 1.002823677560108706e+00
6.075556285737063445e+04 1.001266584589825648e+00
6.075556311743133119e+04 9.969524287508640947e-01
6.075556337749201339e+04 1.003289832336259124e+00
6.075556504896522529e+04 9.944461800386547035e-01
6.075556530902591476e+04 1.005497690770679631e+00
6.075556556908661150e+04 9.986119111901743395e-01
6.075556582914730097e+04 1.001639845341076418e+00
6.075556608920799772e+04 1.008665863537288931e+00
6.075556634926869447e+04 9.978771554322701798e-01
6.075556660932938394e+04 1.012097415934206213e+00
6.075556686939008068e+04 1.002585827357853621e+00
6.075556712945077015e+04 9.964683179604563179e-01
6.075556738951146690e+04 1.006121359046649344e+00
6.075556764957216365e+04 1.001156566187156427e+00
6.075556790963285312e+04 1.008380459596288414e+00
6.075556816969354986e+04 9.955644280895442622e-01
6.075556842975423933e+04 1.007607604905459420e+00
6.075556868981492880e+04 9.999033662459690941e-01
6.075556894987563282e+04 9.994598188750419832e-01
6.075556920993632230e+04 9.972667473268281846e-01
6.075556946999701904e+04 1.006270068713136068e+00
6.075556973005770851e+04 9.996021706440086918e-01
6.075556999011839798e+04 1.000787665099545309e+00
6.075557025017909473e+04 1.016255384793357752e+00
6.075557051023979147e+04 9.980592578645496316e-01
6.075557077030048822e+04 9.945691427774813187e-01
6.075557103036117769e+04 9.988635832264330938e-01
6.075557129042186716e+04 1.002128504947915388e+00
6.075557155048256391e+04 1.009448688008084849e+00
6.075557181054326065e+04 9.942478729921482294e-01
6.075557207060395740e+04 1.001673561621736264e+00
6.075557233066464687e+04 1.003537536181008605e+00
6.075557259072533634e+04 9.989224549917259388e-01
6.075557285078603309e+04 9.992004131869639538e-01
6.075557311084672983e+04 1.004319302069243802e+00
6.075557337090741930e+04 9.998239061950630058e-01
6.075557363096811605e+04 9.973328548946072125e-01
6.075557389102880552e+04 1.002689776275144107e+00
6.075557415108950227e+04 9.996047390582645242e-01
6.075557441115019901e+04 9.994350841016184095e-01
6.075557467121088848e+04 1.000844428317101409e+00
6.075557493127158523e+04 1.009463827083398657e+00
6.075557519133227470e+04 1.022454809543011045e+00
6.075557545139297144e+04 1.001605563738314109e+00
6.075557571145366819e+04 1.009295658790630767e+00
6.075557597151435766e+04 1.009304777611642168e+00
6.075557623157505441e+04 1.001817432093770055e+00
6.075557649163575115e+04 1.001319450666066757e+00
6.075557675169643335e+04 1.001520335685659457e+00
6.075557701175713009e+04 9.988627839560567656e-01
6.075557727181782684e+04 9.991902374992500668e-01
6.075557753187852359e+04 1.003234897035308215e+00
6.075557779193922033e+04 9.952961383134154572e-01
6.075557805199990980e+04 1.002011737733221830e+00
6.075557831206059927e+04 9.921812485507349733e-01
6.075557857212129602e+04 1.006307403735831496e+00
6.075557883218199277e+04 1.006093148421921768e+00
6.075557909224268951e+04 1.000228679133979171e+00
6.075557935230337898e+04 1.001663866420297921e+00
6.075557961236407573e+04 9.937798606759370434e-01
6.075557987242476520e+04 1.003683521781694177e+00
6.075558013248546195e+04 1.000989627659780057e+00
6.075558039254615869e+04 1.000553967994023186e+00
6.075558065260684816e+04 1.006920846397789893e+00
6.075558091266754491e+04 9.988118582260041567e-01
6.075558117272824165e+04 9.985611974009994674e-01
6.075558143278892385e+04 9.996368237111815658e-01
6.075558169284962059e+04 1.001466586295992611e+00
6.075558195291031734e+04 1.004099328705030825e+00
6.075558221297101409e+04 9.970724967930997273e-01
6.075558247303171083e+04 9.973979982305977154e-01
6.075558273309240030e+04 1.004302671513231937e+00
6.075558299315309705e+04 9.990493198527982122e-01
6.075558325321378652e+04 9.969663733567570851e-01
6.075558351327448327e+04 1.006946036715669290e+00
6.075558377333518001e+04 9.971271969906093657e-01
6.075558403339586948e+04 1.000564151873175822e+00
6.075558429345656623e+04 1.002029997953716833e+00
6.075558455351726298e+04 9.987177002069856924e-01
6.075558481357794517e+04 1.002763755802968726e+00
6.075558507363864192e+04 9.928296152892426285e-01
6.075558533369933866e+04 9.971805548655849893e-01
6.075558559376003541e+04 1.008536821910660519e+00
6.075558585382073215e+04 9.991919687052861487e-01
6.075558611388142162e+04 1.002106837466828715e+00
6.075558637394211837e+04 1.000881355853519894e+00
6.075558663400280784e+04 1.005618841030900823e+00
6.075558689406350459e+04 1.009633432079033666e+00
6.075558715412420133e+04 1.002502531674088093e+00
6.075558741418489080e+04 1.005242671132396959e+00
6.075558767424558755e+04 9.975436711304004334e-01
6.075558793430628430e+04 1.001269215738607610e+00
6.075558819436697377e+04 1.001743608414951581e+00
6.075558845442767051e+04 9.982095955708080171e-01
6.075558871448835998e+04 9.973380624601395628e-01
6.075558897454905673e+04 1.012084870757351540e+00
6.075558923460975348e+04 1.001630946865037286e+00
6.075558949467044295e+04 1.009805731941431528e+00
6.075558975473113969e+04 9.982847071577098941e-01
6.075559001479183644e+04 1.006350308394152737e+00
6.075559027485253318e+04 9.974890232187465511e-01
6.075559053491322265e+04 1.005905843809033584e+00
6.075559079497391212e+04 9.971682996971543700e-01
6.075559105503460887e+04 9.974731691089783192e-01
6.075559131509530562e+04 9.884445674878108434e-01
6.075559157515600236e+04 9.958665405183364516e-01
6.075559183521669911e+04 1.003794862770708063e+00
6.075559209527738858e+04 1.003936479347742550e+00
6.075559235533808533e+04 1.000218652596841284e+00
6.075559261539877480e+04 9.992256046993602814e-01
6.075559287545946427e+04 9.964149965607131954e-01
6.075559313552016101e+04 9.959365019432971922e-01
6.075559339558085776e+04 1.003984358169397684e+00
6.075559494101491873e+04 9.920276825788569841e-01
6.075559520107561548e+04 1.001117472964146771e+00
6.075559546113631222e+04 1.013487889647278761e+00
6.075559572119700897e+04 9.908802150133699804e-01
6.075559598125769844e+04 9.908898226312730095e-01
6.075559624131839519e+04 9.950745592855740895e-01
6.075559650137908466e+04 9.994516141148669375e-01
6.075559676143977413e+04 9.983647202434495771e-01
6.075559702150047087e+04 1.005732972187667773e+00
6.075559728156116762e+04 1.005617441991693450e+00
6.075559754162186437e+04 9.967686791438506999e-01
6.075559780168256111e+04 9.961656180999620691e-01
6.075559806174325058e+04 9.978555807623805674e-01
6.075559832180394733e+04 9.922526304397765173e-01
6.075559858186464407e+04 9.973330666524439225e-01
6.075559884192533355e+04 1.001001114511397283e+00
6.075559910198603029e+04 9.912707887601802659e-01
6.075559936204671976e+04 9.929850434698828110e-01
6.075559962210741651e+04 9.997342796361945449e-01
6.075559988216811325e+04 9.993625370597856161e-01
6.075560014222880272e+04 1.000466815102613038e+00
6.075560040228950675e+04 9.953735215737706810e-01
6.075560066235019622e+04 9.903150763136161494e-01
6.075560092241089296e+04 9.985860996972079073e-01
6.075560118247158971e+04 1.004113471535400981e+00
6.075560144253227918e+04 9.911378781551755113e-01
6.075560170259296865e+04 9.954026208120579922e-01
6.075560196265366540e+04 9.987133052223847729e-01
6.075560222271436214e+04 1.001603454741041732e+00
6.075560248277505889e+04 9.963572984740510785e-01
6.075560274283574836e+04 1.005003517469186258e+00
6.075560300289644510e+04 9.954123580541911487e-01
6.075560326295714185e+04 9.925799375667355706e-01
6.075560352301783860e+04 1.005211094889524537e+00
6.075560378307853534e+04 9.956867840156072846e-01
6.075560404313922481e+04 9.951371239585470319e-01
6.075560430319992156e+04 1.002193729029863922e+00
6.075560456326061831e+04 9.989746103727709103e-01
6.075560482332130050e+04 9.954839827009412945e-01
6.075560508338199725e+04 9.908360019823129194e-01
6.075560534344269399e+04 9.992224283321711198e-01
6.075560560350339074e+04 1.001009084602393129e+00
6.075560586356408749e+04 9.909337454755885455e-01
6.075560612362477696e+04 9.961424366641992156e-01
6.075560638368547370e+04 9.939062663255358032e-01
6.075560664374617045e+04 9.920107372574057392e-01
6.075560690380686719e+04 9.910499419563620904e-01
6.075560716386756394e+04 9.936367116683771927e-01
6.075560742392825341e+04 9.954920797856602332e-01
6.075560768398895016e+04 9.907052336121499048e-01
6.075560794404964690e+04 9.990112933913279925e-01
6.075560820411032910e+04 9.868384265854929227e-01
6.075560846417102584e+04 1.003878584809419827e+00
6.075560872423172259e+04 9.992636453451236855e-01
6.075560898429241934e+04 1.003533685990678714e+00
6.075560924435311608e+04 9.975526151633803407e-01
6.075560950441380555e+04 9.939927911349121237e-01
6.075560976447450230e+04 9.993043496564602002e-01
6.075561002453519905e+04 1.000927972901072716e+00
6.075561028459589579e+04 9.963020217513349763e-01
6.075561054465659254e+04 9.970140551181013722e-01
6.075561080471728201e+04 9.917168615570134405e-01
6.075561106477797875e+04 1.001876643850796000e+00
6.075561132483867550e+04 9.922763327372251529e-01
6.075561158489937225e+04 1.003564717696562303e+00
6.075561184496006899e+04 1.005550101366392779e+00
6.075561210502075846e+04 9.951458108321669105e-01
6.075561236508144793e+04 9.948030448095549483e-01
6.075561262514214468e+04 1.003941451785136829e+00
6.075561288520283415e+04 9.976489341848338022e-01
6.075561314526353090e+04 1.001324147134959874e+00
6.075561340532422764e+04 9.946984654578101548e-01
6.075561366538492439e+04 9.970196070730015236e-01
6.075561392544562113e+04 9.944803303881101231e-01
6.075561418550631060e+04 9.998811628835534426e-01
6.075561444556700735e+04 9.914295670379795755e-01
6.075561470562770410e+04 9.996618287496730204e-01
6.075561496568840084e+04 9.996211472473466308e-01
6.075561522574909759e+04 9.915273013802681223e-01
6.075561548580978706e+04 9.934995478589154771e-01
6.075561574587048381e+04 9.971281249463003205e-01
6.075561600593118055e+04 1.000701521919664438e+00
6.075561626599187002e+04 9.954926338296998800e-01
6.075561652605256677e+04 1.001782686891266927e+00
6.075561678611326352e+04 9.986237008891603040e-01
6.075561704617396026e+04 9.957652119148375780e-01
6.075561730623465701e+04 1.002775596071508568e+00
6.075561756629534648e+04 9.981363726998001562e-01
6.075561782635604322e+04 1.002762169450416518e+00
6.075561808641673269e+04 1.000504238654948086e+00
6.075561834647742944e+04 1.005875088574520015e+00
6.075561860653812619e+04 9.983704390329346534e-01
6.075561886659881566e+04 1.006857201405371383e+00
6.075561912665951240e+04 9.961941945806251919e-01
6.075561938672020915e+04 1.001908797641794191e+00
6.075561964678089862e+04 1.001288191844409647e+00
6.075561990684160264e+04 1.003110874544090647e+00
6.075562016690229211e+04 1.005362167491341108e+00
6.075562042696298886e+04 9.966247464428465985e-01
6.075562068702368560e+04 9.948684704178366589e-01
6.075562094708437508e+04 1.002131489584975554e+00
6.075562120714507182e+04 9.979651631779290488e-01
6.075562146720576857e+04 9.981495396386741437e-01
6.075562172726646531e+04 9.995005702189702079e-01
6.075562198732716206e+04 9.978044971631002680e-01
6.075562224738785153e+04 1.008849934605278387e+00
6.075562250744854828e+04 1.016914330395081612e+00
6.075562276750924502e+04 1.008436443294509210e+00
6.075562302756994177e+04 9.979599811338882853e-01
6.075562328763063852e+04 9.978469897650811271e-01
6.075562490904599690e+04 1.007695402026158371e+00
6.075562516909990518e+04 1.005622545849568672e+00
6.075562542915379890e+04 9.988833905285812165e-01
6.075562568920769263e+04 9.994145517370017773e-01
6.075562594926160091e+04 1.003322421444592383e+00
6.075562620931549463e+04 9.960101328983730351e-01
6.075562646936939564e+04 9.938349965314715595e-01
6.075562672942329664e+04 9.994022671558550064e-01
6.075562698947719036e+04 9.995313964677858820e-01
6.075562724953109864e+04 9.991627406570902092e-01
6.075562750958499237e+04 1.006549218329065409e+00
6.075562776963889337e+04 1.012600780860115623e+00
6.075562802969280165e+04 9.928340593631691524e-01
6.075562828974669537e+04 1.003127109239717818e+00
6.075562854980059637e+04 1.002146720237674593e+00
6.075562880985449738e+04 1.009522015933901118e+00
6.075562906990839110e+04 9.986872473961334595e-01
6.075562932996229938e+04 1.000294242267741440e+00
6.075562959001619311e+04 1.007959659523345319e+00
6.075562985007009411e+04 1.000654711367931604e+00
6.075563011012399511e+04 1.003499188803966380e+00
6.075563037017788884e+04 9.999178325898930852e-01
6.075563063023179711e+04 9.980839225672691883e-01
6.075563089028569084e+04 1.001600839595252701e+00
6.075563115033958456e+04 9.970143590664607425e-01
6.075563141039349284e+04 1.004296940683786943e+00
6.075563167044738657e+04 1.006859334040570708e+00
6.075563193050128757e+04 1.004955097351988735e+00
6.075563219055518857e+04 9.974598300706988274e-01
6.075563245060908230e+04 9.946991984524097274e-01
6.075563271066299058e+04 1.006829608539823395e+00
6.075563297071688430e+04 9.942547658623100970e-01
6.075563323077078530e+04 1.000438656336462229e+00
6.075563349082468631e+04 1.009006759400309372e+00
6.075563375087858003e+04 1.003805646946696273e+00
6.075563401093248831e+04 9.926780055081225740e-01
6.075563427098638203e+04 1.003215497216972674e+00
6.075563453104027576e+04 1.005030356550101311e+00
6.075563479109418404e+04 1.003809018429991706e+00
6.075563505114807776e+04 1.001979529302049921e+00
6.075563531120197877e+04 1.003972827189994588e+00
6.075563557125588704e+04 1.004581154815148425e+00
6.075563583130978077e+04 1.002276277716343866e+00
6.075563609136368905e+04 9.941653842501966265e-01
6.075563635141758277e+04 9.910889897171498708e-01
6.075563661147148377e+04 1.001478617722994180e+00
6.075563687152538478e+04 9.994485556670220650e-01
6.075563713157927850e+04 9.976402469252672045e-01
6.075563739163318678e+04 9.997857594239460965e-01
6.075563765168708051e+04 1.002963142027251120e+00
6.075563791174097423e+04 1.010794519401896796e+00
6.075563817179488251e+04 9.925679225862423793e-01
6.075563843184877624e+04 9.939848570818141660e-01
6.075563869190267724e+04 1.008559023942964705e+00
6.075563895195657824e+04 9.975709587226917474e-01
6.075563921201047197e+04 1.011369660672628790e+00
6.075563947206438024e+04 9.956950975034538631e-01
6.075563973211827397e+04 1.006096242098598381e+00
6.075563999217217497e+04 1.000675837347681174e+00
6.075564025222608325e+04 1.000336754804137307e+00
6.075564051227997697e+04 1.006938079189523050e+00
6.075564077233388525e+04 9.969022174554905691e-01
6.075564103238777898e+04 1.001809437036108807e+00
6.075564129244167270e+04 1.001578844944980284e+00
6.075564155249558098e+04 1.009205831966377476e+00
6.075564181254947471e+04 1.004033187651290904e+00
6.075564207260337571e+04 1.004468197074372959e+00
6.075564233265727671e+04 1.003052911472005038e+00
6.075564259271117044e+04 1.005535226236279778e+00
6.075564285276507871e+04 9.965082255341412010e-01
6.075564311281897244e+04 1.000235878733196193e+00
6.075564337287286617e+04 1.004037365184627939e+00
6.075564363292677444e+04 9.982769165817149126e-01
6.075564389298066817e+04 1.001771421050481115e+00
6.075564415303458372e+04 1.000005629946834729e+00
6.075564441308847745e+04 1.004235438198650909e+00
6.075564467314237118e+04 1.001407663248315538e+00
6.075564493319627945e+04 1.010927358693270550e+00
6.075564519325017318e+04 9.966570828476642996e-01
6.075564545330407418e+04 1.010848330679609441e+00
6.075564571335797518e+04 1.010955644802313591e+00
6.075564597341186891e+04 1.003705360750098752e+00
6.075564623346577719e+04 9.989095172570938708e-01
6.075564649351967091e+04 9.944371909728613179e-01
6.075564675357356464e+04 1.005535987229728923e+00
6.075564701362747292e+04 1.003122402706276617e+00
6.075564727368136664e+04 1.001441145799425225e+00
6.075564753373527492e+04 9.988512846502392017e-01
6.075564779378917592e+04 9.991252255365308255e-01
6.075564805384306965e+04 1.005108995708992481e+00
6.075564831389697792e+04 1.001263904394298354e+00
6.075564857395087165e+04 1.006705447401335940e+00
6.075564883400477265e+04 1.002208168865743154e+00
6.075564909405867365e+04 9.954267030792373072e-01
6.075564935411256738e+04 9.967857690866007703e-01
6.075564961416647566e+04 1.006671878671765219e+00
6.075564987422036938e+04 1.005534034770469765e+00
6.075565013427426311e+04 1.003309835101501069e+00
6.075565039432817866e+04 9.960674886001106287e-01
6.075565065438207239e+04 1.002387100742832882e+00
6.075565091443597339e+04 1.002826535719852918e+00
6.075565117448987439e+04 9.971179022824766536e-01
6.075565143454376812e+04 1.010774362761309275e+00
6.075565169459767640e+04 9.997655444913553513e-01
6.075565195465157012e+04 1.001437333189699075e+00
6.075565221470547112e+04 1.001708071804590983e+00
6.075565247475937213e+04 9.916911601237058393e-01
6.075565273481326585e+04 1.002727648559742724e+00
6.075565299486718141e+04 1.005428593263559378e+00
6.075565325492107513e+04 1.002060780887055857e+00
6.075565492676799477e+04 9.951071460624358878e-01
6.075565518682868424e+04 1.009623876215276495e+00
6.075565544688938098e+04 9.945855550339917084e-01
6.075565570695007773e+04 1.005284920211729549e+00
6.075565596701077448e+04 9.963144441821446540e-01
6.075565622707147122e+04 1.005003137160851212e+00
6.075565648713216069e+04 1.007525355888281293e+00
6.075565674719285744e+04 1.004512965708431294e+00
6.075565700725356146e+04 9.970944178344375297e-01
6.075565726731425821e+04 9.971139445556528313e-01
6.075565752737495495e+04 9.966423613271563342e-01
6.075565778743564442e+04 1.001655423014872204e+00
6.075565804749634117e+04 1.003474042882600337e+00
6.075565830755703792e+04 9.984995004348447001e-01
6.075565856761772739e+04 1.005023314961883907e+00
6.075565882767842413e+04 1.006279564872889276e+00
6.075565908773912088e+04 9.963055150966090290e-01
6.075565934779981762e+04 9.951862846541466023e-01
6.075565960786051437e+04 1.002378452777555218e+00
6.075565986792121112e+04 1.001876031213312368e+00
6.075566012798190786e+04 1.000764477995487844e+00
6.075566038804260461e+04 1.000740890072021827e+00
6.075566064810330136e+04 1.004359057121165133e+00
6.075566090816399810e+04 9.970126689072461579e-01
6.075566116822468757e+04 9.959925557707622890e-01
6.075566142828538432e+04 1.001083550422366297e+00
6.075566168834608106e+04 9.956310804350941845e-01
6.075566194840677781e+04 1.009137190266631956e+00
6.075566220846748183e+04 1.002885783878359138e+00
6.075566246852817130e+04 9.979835979478486330e-01
6.075566272858886805e+04 1.007246757077511212e+00
6.075566298864956480e+04 1.005738023773190104e+00
6.075566324871025427e+04 9.957162951064163492e-01
6.075566350877095101e+04 1.000657909357841602e+00
6.075566376883164776e+04 1.001579363021756874e+00
6.075566402889234450e+04 1.005745270875515018e+00
6.075566428895304125e+04 1.003771501741913319e+00
6.075566454901373800e+04 1.003032581469031292e+00
6.075566480907443474e+04 1.002914326822957669e+00
6.075566506913513149e+04 1.001523926428353306e+00
6.075566532919582824e+04 1.002092846398562997e+00
6.075566558925652498e+04 1.003166715772891404e+00
6.075566584931721445e+04 9.894068963130120409e-01
6.075566610937791120e+04 9.971724827848950090e-01
6.075566636943860794e+04 9.998707591941152772e-01
6.075566662949930469e+04 1.006375442047868107e+00
6.075566688956000144e+04 9.958579494956633082e-01
6.075566714962069818e+04 9.910689975614029867e-01
6.075566740968139493e+04 9.946221496057664480e-01
6.075566766974209168e+04 1.000379238994338893e+00
6.075566792980278115e+04 9.915513365285032465e-01
6.075566818986347789e+04 9.940449998791831554e-01
6.075566844992417464e+04 9.945271936308940353e-01
6.075566870998487866e+04 1.000730728405085479e+00
6.075566897004557541e+04 9.993156187915566147e-01
6.075566923010626488e+04 9.987189047805637987e-01
6.075566949016696162e+04 1.004283409977714481e+00
6.075566975022765837e+04 9.984763789386763566e-01
6.075567001028834784e+04 9.954863307833097252e-01
6.075567027034905186e+04 9.906197363439299686e-01
6.075567053040974133e+04 1.007183351869054055e+00
6.075567079047044535e+04 1.003668766375347854e+00
6.075567105053114210e+04 1.001379734799324961e+00
6.075567131059183157e+04 9.949793915664929544e-01
6.075567157065252832e+04 9.996488356606463288e-01
6.075567183071322506e+04 9.975646920232612569e-01
6.075567209077392181e+04 1.002061268132835359e+00
6.075567235083461856e+04 9.945462103796330888e-01
6.075567261089531530e+04 9.988563155381517955e-01
6.075567287095601205e+04 1.002284781905342426e+00
6.075567313101670879e+04 9.999580667002272438e-01
6.075567339107740554e+04 1.001159531330149122e+00
6.075567365113810229e+04 9.959730558377594134e-01
6.075567391119879176e+04 1.003701003913524348e+00
6.075567417125948850e+04 9.915704051191508439e-01
6.075567443132019253e+04 9.990526823509064958e-01
6.075567469138088200e+04 9.981026889008702829e-01
6.075567495144157874e+04 9.998572978783455412e-01
6.075567521150227549e+04 1.003480443514747078e+00
6.075567547156297223e+04 9.994787587085357528e-01
6.075567573162366898e+04 1.002075026720691930e+00
6.075567599168436573e+04 9.983744406515782099e-01
6.075567625174506247e+04 1.014478416715065778e+00
6.075567651180575922e+04 1.003968189581210924e+00
6.075567677186645597e+04 1.003397353419682503e+00
6.075567703192715271e+04 9.984136423547599337e-01
6.075567729198784218e+04 9.996015972938030458e-01
6.075567755204853893e+04 1.003315595126877957e+00
6.075567781210924295e+04 9.966571810055722125e-01
6.075567807216993242e+04 1.003510627130431931e+00
6.075567833223062917e+04 9.962388150093333117e-01
6.075567859229132591e+04 9.987581907530294067e-01
6.075567885235202266e+04 1.000300414137616833e+00
6.075567911241271941e+04 1.003109614612167189e+00
6.075567937247341615e+04 1.000394754698235023e+00
6.075567963253411290e+04 9.944379573585649945e-01
6.075567989259480964e+04 9.972015973916851239e-01
6.075568015265550639e+04 9.992051680840954297e-01
6.075568041271620314e+04 9.924938387094563996e-01
6.075568067277689261e+04 9.968680286766502530e-01
6.075568093283759663e+04 1.004717472713133830e+00
6.075568119289829338e+04 1.008837390063445305e+00
6.075568145295898285e+04 9.975783448100700168e-01
6.075568171301968687e+04 1.000319667710477312e+00
6.075568197308037634e+04 1.004655383481241948e+00
6.075568223314107308e+04 9.940285067779230932e-01
6.075568249320177711e+04 1.005337548414455773e+00
6.075568275326246658e+04 9.991554710624596103e-01
6.075568301332316332e+04 1.002269882025540459e+00
6.075568327338386007e+04 9.990669311987070422e-01
6.075568483179301256e+04 9.873492317660474971e-01
6.075568509184680443e+04 1.002745778503950858e+00
6.075568535190059629e+04 9.989113371896182203e-01
6.075568561195438815e+04 9.986474369582321042e-01
6.075568587200818729e+04 9.949038822871523191e-01
6.075568613206199370e+04 9.969047628280636175e-01
6.075568639211578557e+04 9.957882981821258861e-01
6.075568665216957743e+04 1.000840861371767865e+00
6.075568691222336929e+04 9.961582481393446153e-01
6.075568717227716115e+04 9.942931269467634170e-01
6.075568743233096029e+04 1.003572603028615617e+00
6.075568769238475215e+04 9.954747875018997716e-01
6.075568795243854402e+04 9.955852700767238161e-01
6.075568821249233588e+04 1.006205839115081657e+00
6.075568847254613502e+04 9.936458658904230301e-01
6.075568873259992688e+04 9.945504080987570550e-01
6.075568899265372602e+04 9.973102546683004777e-01
6.075568925270752516e+04 9.968795974676484262e-01
6.075568951276131702e+04 9.964979943071048396e-01
6.075568977281511616e+04 9.982934861858770992e-01
6.075569003286890802e+04 9.930967293470261970e-01
6.075569029292269988e+04 9.994169766007797717e-01
6.075569055297649174e+04 1.001977528199664791e+00
6.075569081303029088e+04 1.002090862178830255e+00
6.075569107308408275e+04 9.996682033406411039e-01
6.075569133313787461e+04 9.992942659913990333e-01
6.075569159319166647e+04 1.001647080105420473e+00
6.075569185324547288e+04 1.004306618854518662e+00
6.075569211329927202e+04 9.972754423567841142e-01
6.075569237335306389e+04 1.002406520415363822e+00
6.075569263340685575e+04 9.934061206661848331e-01
6.075569289346064761e+04 1.000091270510122365e+00
6.075569315351444675e+04 1.005977344188292877e+00
6.075569341356823861e+04 1.000217448955378341e+00
6.075569367362203047e+04 9.967339517282903794e-01
6.075569393367582234e+04 9.979902102377166129e-01
6.075569419372962147e+04 9.971390999842462133e-01
6.075569445378341334e+04 1.010487882979359098e+00
6.075569471383720520e+04 1.008079437522952038e+00
6.075569497389100434e+04 1.000069501360612678e+00
6.075569523394481075e+04 9.975687686810673638e-01
6.075569549399860261e+04 9.995542626291978872e-01
6.075569575405239448e+04 9.977457428777181114e-01
6.075569601410618634e+04 1.000280927276646858e+00
6.075569627415998548e+04 1.002507407299699116e+00
6.075569653421377734e+04 1.009030878638075723e+00
6.075569679426756920e+04 1.002218344506305536e+00
6.075569705432136107e+04 1.000882305972559783e+00
6.075569731437516020e+04 1.006310648140372521e+00
6.075569757442895207e+04 1.001443087556447731e+00
6.075569783448274393e+04 9.983135476461891811e-01
6.075569809453654307e+04 9.881548863809813676e-01
6.075569835459034948e+04 1.002002365997303412e+00
6.075569861464414134e+04 1.002211206089713258e+00
6.075569887469793321e+04 1.001467616010804917e+00
6.075569913475172507e+04 1.002298979628007958e+00
6.075569939480552421e+04 1.000646045057202560e+00
6.075569965485931607e+04 1.006975416852419869e+00
6.075569991491310793e+04 9.987963816828875352e-01
6.075570017496689979e+04 1.001056632097355958e+00
6.075570043502069893e+04 1.005326859486134428e+00
6.075570069507449080e+04 1.006149314579026344e+00
6.075570095512828993e+04 1.009468828620625702e+00
6.075570121518208907e+04 9.971398399179800531e-01
6.075570147523588821e+04 1.000894250930659979e+00
6.075570173528968007e+04 1.001662272647334984e+00
6.075570199534347194e+04 1.004314996967167639e+00
6.075570225539727107e+04 1.001197675573584078e+00
6.075570251545106294e+04 9.958898842897233594e-01
6.075570277550485480e+04 9.945606183391453303e-01
6.075570303555864666e+04 9.940605703399123527e-01
6.075570329561244580e+04 1.002320540583280017e+00
6.075570355566623766e+04 9.995376088237895029e-01
6.075570381572002952e+04 1.005842395269642253e+00
6.075570407577382866e+04 1.003805231465967340e+00
6.075570433582763508e+04 9.953073080311238829e-01
6.075570459588142694e+04 1.000522442928407640e+00
6.075570485593521880e+04 9.947992855655661826e-01
6.075570511598901066e+04 1.000293345596354966e+00
6.075570537604280980e+04 9.951089609509917722e-01
6.075570563609660167e+04 9.955127673913380937e-01
6.075570589615039353e+04 9.998635630477057390e-01
6.075570615620419267e+04 9.938163889549178620e-01
6.075570641625798453e+04 1.005077083849408304e+00
6.075570667631177639e+04 9.975259981736435133e-01
6.075570693636557553e+04 1.001016396267312203e+00
6.075570719641938194e+04 1.003366556502720996e+00
6.075570745647317381e+04 9.950149577651247190e-01
6.075570771652696567e+04 9.995806669009617007e-01
6.075570797658076481e+04 9.973388411803602027e-01
6.075570823663455667e+04 1.001025072088869372e+00
6.075570849668834853e+04 9.895268491508536490e-01
6.075570875674214039e+04 9.992669545584974555e-01
6.075570901679593953e+04 1.001585331242360599e+00
6.075570927684973140e+04 1.008391395735423801e+00
6.075570953690352326e+04 9.971735456305751422e-01
6.075570979695732240e+04 1.003049609908560846e+00
6.075571005701112153e+04 1.000236916186118874e+00
6.075571031706492067e+04 1.003106260603610078e+00
6.075571057711871254e+04 1.014991519168467971e+00
6.075571083717251167e+04 9.926294381435529779e-01
6.075571109722630354e+04 1.000633089663293784e+00
6.075571135728009540e+04 1.010174023850647584e+00
6.075571161733389454e+04 1.005976560454306501e+00
6.075571187738768640e+04 1.010312206232143684e+00
6.075571213744147826e+04 1.003186958302365372e+00
6.075571239749527740e+04 1.006176756028192676e+00
6.075571265754906926e+04 1.000867395676842131e+00
6.075571291760286840e+04 1.001945484569844780e+00
6.075571317765666754e+04 1.001288038029438665e+00
6.075571474868715450e+04 9.942424007952176401e-01
6.075571500874785124e+04 1.010832482771445218e+00
6.075571526880854799e+04 9.945700053290142950e-01
6.075571552886924474e+04 9.962735044913768601e-01
6.075571578892994148e+04 1.007038146908956433e+00
6.075571604899063823e+04 1.000549701770012678e+00
6.075571630905133497e+04 9.963156292478084763e-01
6.075571656911203172e+04 1.003764730542053174e+00
6.075571682917273574e+04 1.006986318879934839e+00
6.075571708923342521e+04 9.968002570612819468e-01
6.075571734929412196e+04 1.001480615384660933e+00
6.075571760935482598e+04 1.001948324342575525e+00
6.075571786941552273e+04 9.992986943367450081e-01
6.075571812947621947e+04 1.010343031632334299e+00
6.075571838953690894e+04 1.001214938356519868e+00
6.075571864959761297e+04 1.009668964131728464e+00
6.075571890965830971e+04 9.974258139323881611e-01
6.075571916971899918e+04 1.006722868376994651e+00
6.075571942977970320e+04 1.002353149201981708e+00
6.075571968984039995e+04 9.995549720519694148e-01
6.075571994990109670e+04 9.982226201620993944e-01
6.075572020996180072e+04 1.000638317127554799e+00
6.075572047002249019e+04 1.000167782600654531e+00
6.075572073008318694e+04 1.010306377821859058e+00
6.075572099014388368e+04 1.003916946702914981e+00
6.075572125020458770e+04 1.006643858686202542e+00
6.075572151026528445e+04 1.003166341227556213e+00
6.075572177032597392e+04 1.006959838929654572e+00
6.075572203038667794e+04 9.981665172194147395e-01
6.075572229044737469e+04 9.987214912880059137e-01
6.075572255050806416e+04 9.872168327363197715e-01
6.075572281056877546e+04 1.002392531865158753e+00
6.075572307062946493e+04 1.001636999069689615e+00
6.075572333069016167e+04 1.003640525124123162e+00
6.075572359075086570e+04 1.000895349589790095e+00
6.075572385081155517e+04 9.981258114417467242e-01
6.075572411087225191e+04 9.956252663685835058e-01
6.075572437093294866e+04 9.932241514958577433e-01
6.075572463099365268e+04 1.000722281303179528e+00
6.075572489105434943e+04 9.984017306387011903e-01
6.075572515111503890e+04 9.947397882001264291e-01
6.075572541117574292e+04 1.005187174665693073e+00
6.075572567123643967e+04 1.000655123509384570e+00
6.075572593129713641e+04 9.987436158247209317e-01
6.075572619135784043e+04 9.959429422778706131e-01
6.075572645141852990e+04 1.000032244992506092e+00
6.075572671147922665e+04 1.000898447060871721e+00
6.075572697153993067e+04 9.973154766086790302e-01
6.075572723160062014e+04 1.001280275906538675e+00
6.075572749166131689e+04 1.002472434688369329e+00
6.075572775172202091e+04 1.008369183162387994e+00
6.075572801178271766e+04 1.005435786115017827e+00
6.075572827184341440e+04 1.007459785533809438e+00
6.075572853190411115e+04 1.000838517670865846e+00
6.075572879196480790e+04 1.002909116057336902e+00
6.075572905202550464e+04 1.014176354809889213e+00
6.075572931208620867e+04 1.001576440149666514e+00
6.075572957214690541e+04 1.001359657280394000e+00
6.075572983220759488e+04 1.005831519824129883e+00
6.075573009226829890e+04 9.992170853155530885e-01
6.075573035232899565e+04 9.997602699363872247e-01
6.075573061238968512e+04 1.004473574061184094e+00
6.075573087245038914e+04 9.996729735078498935e-01
6.075573113251108589e+04 9.981978921324288212e-01
6.075573139257178264e+04 9.945629751908117155e-01
6.075573165263248666e+04 1.006398120241585481e+00
6.075573191269317613e+04 1.003829150987073593e+00
6.075573217275387287e+04 1.006202033828871967e+00
6.075573243281457690e+04 9.993214520708346704e-01
6.075573269287527364e+04 9.984072601808721137e-01
6.075573295293597039e+04 1.000125357907086121e+00
6.075573321299666713e+04 1.000222244693299345e+00
6.075573347305736388e+04 9.962181664297582451e-01
6.075573373311806063e+04 1.003061110506754838e+00
6.075573399317875737e+04 9.993636651975401630e-01
6.075573425323946140e+04 9.933898609530223967e-01
6.075573451330015087e+04 1.000675553748406665e+00
6.075573477336085489e+04 9.921092569201123146e-01
6.075573503342155163e+04 9.997103128545995476e-01
6.075573529348224110e+04 1.004909821416121174e+00
6.075573555354294513e+04 9.993412842981707067e-01
6.075573581360364187e+04 9.960548972473398655e-01
6.075573607366434589e+04 1.006943380830441548e+00
6.075573633372504264e+04 9.967386505499938876e-01
6.075573659378573211e+04 1.001596746800767601e+00
6.075573685384643613e+04 1.010356700240756300e+00
6.075573711390713288e+04 9.973888003580121397e-01
6.075573737396782963e+04 1.000360179684018247e+00
6.075573763402853365e+04 9.950144622168579644e-01
6.075573789408922312e+04 1.002536608911707594e+00
6.075573815414991986e+04 1.001350081838209283e+00
6.075573841421062389e+04 9.983118471373003677e-01
6.075573867427131336e+04 1.003967945254949479e+00
6.075573893433201010e+04 9.943907603837105480e-01
6.075573919439271413e+04 9.997768285088018958e-01
6.075573945445341087e+04 1.003448787744906978e+00
6.075573971451411489e+04 9.996931480474587906e-01
6.075573997457480436e+04 1.004332410085826188e+00
6.075574023463550111e+04 9.988323512543740845e-01
6.075574049469620513e+04 9.989477733701317419e-01
6.075574075475690188e+04 1.005676603417518189e+00
6.075574101481759863e+04 1.000544986671523917e+00
6.075574127487829537e+04 1.010205071269997035e+00
6.075574153493899212e+04 1.000043365117433858e+00
6.075574179499969614e+04 9.955049418288751673e-01
6.075574205506038561e+04 9.968579714033103389e-01
6.075574231512108236e+04 9.915918323426146097e-01
6.075574257518178638e+04 9.991543059705688679e-01
6.075574283524248312e+04 1.001367699301465075e+00
6.075574309530317987e+04 9.985518063532934363e-01
6.075574483016229351e+04 1.004478354394002571e+00
6.075574509021608537e+04 1.007248543585739453e+00
6.075574535026989179e+04 1.006479495804161406e+00
6.075574561032369093e+04 9.875967399468256191e-01
6.075574587037748279e+04 1.001557518484842646e+00
6.075574613043128193e+04 1.001892976872563068e+00
6.075574639048507379e+04 9.995848239839180138e-01
6.075574665053887293e+04 9.963593929229710433e-01
6.075574691059266479e+04 1.000203187951530959e+00
6.075574717064645665e+04 1.010342122072063420e+00
6.075574743070025579e+04 9.938306910974639141e-01
6.075574769075404765e+04 1.003242569071531864e+00
6.075574795080784679e+04 9.988688894775381577e-01
6.075574821086163865e+04 9.920956656082301484e-01
6.075574847091544507e+04 9.918862001361337111e-01
6.075574873096924421e+04 9.912631697472321646e-01
6.075574899102303607e+04 9.981737544237830884e-01
6.075574925107683521e+04 9.938202338043586881e-01
6.075574951113062707e+04 9.950950272992639123e-01
6.075574977118442621e+04 1.003195209657755882e+00
6.075575003123821807e+04 9.952380287251494373e-01
6.075575029129201721e+04 9.986988178400135752e-01
6.075575055134580907e+04 1.004401797376160754e+00
6.075575081139960093e+04 1.000617645202588113e+00
6.075575107145340007e+04 1.003954456970489462e+00
6.075575133150719921e+04 1.001267886547408503e+00
6.075575159156100563e+04 1.006364301665726435e+00
6.075575185161479749e+04 1.004911515295964897e+00
6.075575211166859663e+04 9.979612432363713648e-01
6.075575237172238849e+04 1.001415455283861000e+00
6.075575263177618035e+04 9.950026230504330771e-01
6.075575289182997949e+04 1.000896343628546070e+00
6.075575315188377135e+04 9.913752958832817708e-01
6.075575341193757049e+04 1.002672287292797337e+00
6.075575367199136235e+04 1.006965718510886898e+00
6.075575393204516149e+04 1.008589973974882481e+00
6.075575419209895335e+04 9.947606489462941237e-01
6.075575445215275249e+04 1.001014576935187028e+00
6.075575471220655891e+04 9.955541348414551628e-01
6.075575497226035077e+04 9.999698570172123047e-01
6.075575523231414991e+04 1.003618592691256639e+00
6.075575549236794177e+04 9.963020457314242240e-01
6.075575575242174091e+04 9.932993927268568557e-01
6.075575601247553277e+04 1.011672117086725775e+00
6.075575627252933191e+04 1.002635380299439216e+00
6.075575653258312377e+04 1.001490621590211738e+00
6.075575679263691563e+04 1.004504822563883959e+00
6.075575705269071477e+04 1.002109391972888508e+00
6.075575731274451391e+04 9.991344122414999029e-01
6.075575757279832033e+04 1.002170655281934053e+00
6.075575783285211219e+04 1.001246049215552159e+00
6.075575809290591133e+04 9.915464286367507984e-01
6.075575835295970319e+04 1.012336033036369987e+00
6.075575861301350233e+04 1.002807049013140883e+00
6.075575887306729419e+04 1.004581391448382544e+00
6.075575913312109333e+04 1.006857215755436297e+00
6.075575939317488519e+04 1.004410013461961793e+00
6.075575965322867705e+04 1.005508930440940363e+00
6.075575991328247619e+04 9.936982795419604386e-01
6.075576017333626805e+04 9.903212050233344277e-01
6.075576043339007447e+04 1.004038066100540583e+00
6.075576069344387361e+04 9.923948871747939604e-01
6.075576095349767274e+04 1.006053067109471622e+00
6.075576121355146461e+04 9.970859899424987516e-01
6.075576147360526375e+04 9.922186704018640668e-01
6.075576173365905561e+04 1.002769791053487181e+00
6.075576199371285475e+04 9.954047547881047509e-01
6.075576225376664661e+04 1.003500750573733225e+00
6.075576251382044575e+04 9.997120715135060509e-01
6.075576277387423761e+04 9.972207559258425835e-01
6.075576303392802947e+04 9.946780766450762368e-01
6.075576329398183589e+04 9.994816952440395141e-01
6.075576355403563502e+04 1.008073685750280113e+00
6.075576381408943416e+04 1.001382134191662443e+00
6.075576407414322603e+04 9.943240832312152389e-01
6.075576433419702516e+04 1.005678794135952181e+00
6.075576459425081703e+04 1.003282219127358044e+00
6.075576485430461616e+04 9.967286191201161216e-01
6.075576511435840803e+04 9.950081616254213834e-01
6.075576537441220717e+04 9.963831894347392470e-01
6.075576563446599903e+04 9.960923118670145238e-01
6.075576589451979817e+04 1.006391385491625323e+00
6.075576615457359003e+04 9.958274752836154819e-01
6.075576641462739644e+04 9.956596315077793635e-01
6.075576667468119558e+04 9.993169863444057999e-01
6.075576693473499472e+04 9.948237358775411376e-01
6.075576719478878658e+04 9.908846535233500896e-01
6.075576745484258572e+04 9.921936396037334127e-01
6.075576771489637758e+04 1.006709878594505225e+00
6.075576797495017672e+04 9.940423179023895051e-01
6.075576823500396858e+04 9.990004934635521305e-01
6.075576849505776045e+04 9.967361632404072580e-01
6.075576875511155959e+04 9.955319286678134816e-01
6.075576901516535145e+04 9.981401582519501270e-01
6.075576927521915786e+04 9.910003070631047128e-01
6.075576953527295700e+04 1.002627506962766812e+00
6.075576979532675614e+04 9.984881660496489619e-01
6.075577005538054800e+04 9.994684452602895508e-01
6.075577031543434714e+04 9.917652045453613230e-01
6.075577057548813900e+04 9.998593624773010058e-01
6.075577083554193814e+04 9.991712625227416877e-01
6.075577109559573000e+04 1.004834691708645700e+00
6.075577135564952914e+04 1.002483961052861305e+00
6.075577161570332100e+04 9.999296784210504052e-01
6.075577187575712014e+04 1.000149610245268716e+00
6.075577213581091200e+04 9.953943034526770983e-01
6.075577239586471842e+04 9.912976155690829128e-01
6.075577265591851756e+04 9.996730435634730849e-01
6.075577291597231670e+04 9.980008988429858174e-01
6.075577317602610856e+04 1.005418948137318580e+00
